1.000E+04 -4.50E+00 0.9999999388506053
1.000E+04 -3.50E+00 0.9999978923584549
1.000E+04 0.500E+00 0.2696549445736948
1.000E+04 -0.50E+00 0.9205691470917571
1.000E+04 -1.50E+00 0.9975027199385188
1.000E+04 -2.50E+00 0.999927362197057
1.000E+04 0.000E+00 0.6637193382177801
1.000E+04 -1.00E+00 0.9855158405696374
1.000E+04 -2.00E+00 0.9995737207646992
1.000E+04 -3.00E+00 0.999987626474694
5.000E+04 -4.50E+00 0.999999696313038
5.000E+04 -3.50E+00 0.9999895332606329
5.000E+04 -0.50E+00 0.7001386503479301
5.000E+04 -1.50E+00 0.9877253787595858
5.000E+04 -2.50E+00 0.9996394460792578
5.000E+04 0.000E+00 0.2845245645166685
5.000E+04 -1.00E+00 0.932007818158347
5.000E+04 -2.00E+00 0.9978873773435963
5.000E+04 -3.00E+00 0.9999385585271956
1.000E+05 -4.50E+00 0.9999993931491499
1.000E+05 -3.50E+00 0.999979086510819
1.000E+05 -0.50E+00 0.5389982965818081
1.000E+05 -1.50E+00 0.9757824887528161
1.000E+05 -2.50E+00 0.9992800612006527
1.000E+05 0.000E+00 0.16607698344719615
1.000E+05 -1.00E+00 0.8728351224511229
1.000E+05 -2.00E+00 0.9957895274939113
1.000E+05 -3.00E+00 0.9998772564118857
5.000E+05 -4.50E+00 0.9999969709420002
5.000E+05 -3.50E+00 0.999895731526457
5.000E+05 -0.50E+00 0.1904905106563341
5.000E+05 -1.50E+00 0.890141588727249
5.000E+05 -2.50E+00 0.9964262240813718
5.000E+05 -1.00E+00 0.5801010420559176
5.000E+05 -2.00E+00 0.9793928386769933
5.000E+05 -3.00E+00 0.9993888132245258
1.000E+06 -4.50E+00 0.999993965845137
1.000E+06 -3.50E+00 0.999792268548328
1.000E+06 -1.50E+00 0.803482276605489
1.000E+06 -2.50E+00 0.9929099521744431
1.000E+06 -1.00E+00 0.4110210005409436
1.000E+06 -2.00E+00 0.9598458664535912
1.000E+06 -3.00E+00 0.9987832541646925
