0.11D+08                                              +-  H  He C  O  S  G    
 JSPACE =            1
   1 H           0  1  0  0  0  0  0  0  0  0  0  0  0  0  0.31495407D-04
   2 C           0  0  0  1  0  0  0  0  0  0  0  0  0  0  0.48662559D-07
   3 Fe          0  0  0  0  0  0  0  0  1  0  0  0  0  0  0.78200870D-09
   4 Mg          0  0  0  0  0  0  0  0  0  0  1  0  0  0  0.40456179D-08
   5 S           0  0  0  0  0  0  0  1  0  0  0  0  0  0  0.70647996D-07
   6 Si          0  0  0  0  0  0  1  0  0  0  0  0  0  0  0.11786272D-08
   7 O           0  0  0  0  0  1  0  0  0  0  0  0  0  0  0.21750050D-04
   8 N           0  0  0  0  1  0  0  0  0  0  0  0  0  0  0.13189114D-05
   9 He          0  0  1  0  0  0  0  0  0  0  0  0  0  0  0.90000000D-01
  10 Cl          0  0  0  0  0  0  0  0  0  0  0  1  0  0  0.15493558D-10
  11 Na          0  0  0  0  0  0  0  0  0  1  0  0  0  0  0.81722365D-09
  12 P           0  0  0  0  0  0  0  0  0  0  0  0  1  0  0.90713580D-10
  13 F           0  0  0  0  0  0  0  0  0  0  0  0  0  1  0.11287200D-13
  14 OH          0  1  0  0  0  1  0  0  0  0  0  0  0  0  0.11254743D-06
  15 CO          0  0  0  1  0  1  0  0  0  0  0  0  0  0  0.16929403D-03
  16 CS          0  0  0  1  0  0  0  1  0  0  0  0  0  0  0.26812485D-10
  17 HS          0  1  0  0  0  0  0  1  0  0  0  0  0  0  0.68450874D-12
  18 N2          0  0  0  0  2  0  0  0  0  0  0  0  0  0  0.30257852D-04
  19 NH          0  1  0  0  1  0  0  0  0  0  0  0  0  0  0.74534435D-10
  20 SiH         0  1  0  0  0  0  1  0  0  0  0  0  0  0  0.11558436D-13
  21 SiO         0  0  0  0  0  1  1  0  0  0  0  0  0  0  0.66662366D-08
  22 SO          0  0  0  0  0  1  0  1  0  0  0  0  0  0  0.74232882D-08
  23 CH          0  1  0  1  0  0  0  0  0  0  0  0  0  0  0.72475980D-12
  24 O2          0  0  0  0  0  2  0  0  0  0  0  0  0  0  0.20468035D-05
  25 H2          0  2  0  0  0  0  0  0  0  0  0  0  0  0  0.49994067D+00
  26 C2          0  0  0  2  0  0  0  0  0  0  0  0  0  0  0.42960435D-15
  27 CN          0  0  0  1  1  0  0  0  0  0  0  0  0  0  0.17618678D-09
  28 MgH         0  1  0  0  0  0  0  0  0  0  1  0  0  0  0.42934306D-15
  29 NaH         0  1  0  0  0  0  0  0  0  1  0  0  0  0  0.10912925D-14
  30 NO          0  0  0  0  1  1  0  0  0  0  0  0  0  0  0.91113654D-07
  31 NS          0  0  0  0  1  0  0  1  0  0  0  0  0  0  0.37040895D-13
  32 PH          0  1  0  0  0  0  0  0  0  0  0  0  1  0  0.56192042D-12
  33 PN          0  0  0  0  1  0  0  0  0  0  0  0  1  0  0.76038197D-10
  34 PO          0  0  0  0  0  1  0  0  0  0  0  0  1  0  0.32145539D-10
  35 S2          0  0  0  0  0  0  0  2  0  0  0  0  0  0  0.46140769D-14
  36 SiC         0  0  0  1  0  0  1  0  0  0  0  0  0  0  0.12578587D-13
  37 SiN         0  0  0  0  1  0  1  0  0  0  0  0  0  0  0.48828890D-14
  38 SiS         0  0  0  0  0  0  1  1  0  0  0  0  0  0  0.82946371D-13
  39 CCl         0  0  0  1  0  0  0  0  0  0  0  1  0  0  0.11058358D-14
  40 ClO         0  0  0  0  0  1  0  0  0  0  0  1  0  0  0.26044098D-37
  41 CP          0  0  0  1  0  0  0  0  0  0  0  0  1  0  0.24587677D-14
  42 HCl         0  1  0  0  0  0  0  0  0  0  0  1  0  0  0.98449399D-09
  43 HF          0  1  0  0  0  0  0  0  0  0  0  0  0  1  0.66795637D-08
  44 CCH         0  1  0  2  0  0  0  0  0  0  0  0  0  0  0.13687271D-12
  45 C3          0  0  0  3  0  0  0  0  0  0  0  0  0  0  0.15918744D-13
  46 CH2         0  2  0  1  0  0  0  0  0  0  0  0  0  0  0.76810735D-10
  47 SO2         0  0  0  0  0  2  0  1  0  0  0  0  0  0  0.13495631D-08
  48 H2O         0  2  0  0  0  1  0  0  0  0  0  0  0  0  0.43462666D-04
  49 HCN         0  1  0  1  1  0  0  0  0  0  0  0  0  0  0.58520907D-07
  50 HCSi        0  1  0  1  0  0  1  0  0  0  0  0  0  0  0.15910526D-13
  51 CCN         0  0  0  2  1  0  0  0  0  0  0  0  0  0  0.44962168D-14
  52 CCS         0  0  0  2  0  0  0  1  0  0  0  0  0  0  0.97304338D-14
  53 CCO         0  0  0  2  0  1  0  0  0  0  0  0  0  0  0.79004455D-14
  54 CCP         0  0  0  2  0  0  0  0  0  0  0  0  1  0  0.16498327D-18
  55 CO2         0  0  0  1  0  2  0  0  0  0  0  0  0  0  0.58429427D-06
  56 H2S         0  2  0  0  0  0  0  1  0  0  0  0  0  0  0.51905727D-12
  57 HCO         0  1  0  1  0  1  0  0  0  0  0  0  0  0  0.44870827D-11
  58 HCP         0  1  0  1  0  0  0  0  0  0  0  0  1  0  0.17419329D-14
  59 HCS         0  1  0  1  0  0  0  1  0  0  0  0  0  0  0.77130442D-13
  60 HNC         0  1  0  1  1  0  0  0  0  0  0  0  0  0  0.12530683D-07
  61 HNO         0  1  0  0  1  1  0  0  0  0  0  0  0  0  0.59041825D-10
  62 HNSi        0  1  0  0  1  0  1  0  0  0  0  0  0  0  0.82131483D-13
  63 HPO         0  1  0  0  0  1  0  0  0  0  0  0  1  0  0.38594672D-14
  64 HSS         0  1  0  0  0  0  0  2  0  0  0  0  0  0  0.43644794D-15
  65 N2O         0  0  0  0  2  1  0  0  0  0  0  0  0  0  0.43007888D-12
  66 NaOH        0  1  0  0  0  1  0  0  0  1  0  0  0  0  0.80560689D-12
  67 NH2         0  2  0  0  1  0  0  0  0  0  0  0  0  0  0.96686029D-10
  68 NO2         0  0  0  0  1  2  0  0  0  0  0  0  0  0  0.16906965D-32
  69 O2H         0  1  0  0  0  2  0  0  0  0  0  0  0  0  0.42407432D-13
  70 OCN         0  0  0  1  1  1  0  0  0  0  0  0  0  0  0.42061799D-11
  71 OCS         0  0  0  1  0  1  0  1  0  0  0  0  0  0  0.29070459D-11
  72 PH2         0  2  0  0  0  0  0  0  0  0  0  0  1  0  0.50548589D-18
  73 c-SiC2      0  0  0  2  0  0  1  0  0  0  0  0  0  0  0.30524286D-13
  74 SiH2        0  2  0  0  0  0  1  0  0  0  0  0  0  0  0.40684759D-16
  75 SiNC        0  0  0  1  1  0  1  0  0  0  0  0  0  0  0.57856288D-17
  76 SiO2        0  0  0  0  0  2  1  0  0  0  0  0  0  0  0.75339602D-10
  77 C4          0  0  0  4  0  0  0  0  0  0  0  0  0  0  0.10351876D-18
  78 c-C3H       0  1  0  3  0  0  0  0  0  0  0  0  0  0  0.31170473D-14
  79 l-C3H       0  1  0  3  0  0  0  0  0  0  0  0  0  0  0.26800888D-14
  80 CH3         0  3  0  1  0  0  0  0  0  0  0  0  0  0  0.96260760D-13
  81 C2H2        0  2  0  2  0  0  0  0  0  0  0  0  0  0  0.85828040D-10
  82 NH3         0  3  0  0  1  0  0  0  0  0  0  0  0  0  0.20739116D-08
  83 SiCH2       0  2  0  1  0  0  1  0  0  0  0  0  0  0  0.46960662D-16
  84 C3N         0  0  0  3  1  0  0  0  0  0  0  0  0  0  0.61062731D-15
  85 C3O         0  0  0  3  0  1  0  0  0  0  0  0  0  0  0.16031539D-14
  86 C3P         0  0  0  3  0  0  0  0  0  0  0  0  1  0  0.55701499D-20
  87 C3S         0  0  0  3  0  0  0  1  0  0  0  0  0  0  0.17044380D-14
  88 H2CO        0  2  0  1  0  1  0  0  0  0  0  0  0  0  0.13249318D-10
  89 H2CS        0  2  0  1  0  0  0  1  0  0  0  0  0  0  0.94640628D-14
  90 HOOH        0  2  0  0  0  2  0  0  0  0  0  0  0  0  0.13460037D-15
  91 HSSH        0  2  0  0  0  0  0  2  0  0  0  0  0  0  0.43323299D-15
  92 H2SiO       0  2  0  0  0  1  1  0  0  0  0  0  0  0  0.12195420D-17
  93 HCCP        0  1  0  2  0  0  0  0  0  0  0  0  1  0  0.21144452D-19
  94 HCCSi       0  1  0  2  0  0  1  0  0  0  0  0  0  0  0.17827198D-12
  95 l-SiC3      0  0  0  3  0  0  1  0  0  0  0  0  0  0  0.42943149D-17
  96 SiH3        0  3  0  0  0  0  1  0  0  0  0  0  0  0  0.24151693D-20
  97 H2CN        0  2  0  1  1  0  0  0  0  0  0  0  0  0  0.32985803D-14
  98 C5          0  0  0  5  0  0  0  0  0  0  0  0  0  0  0.16322283D-20
  99 c-C3H2      0  2  0  3  0  0  0  0  0  0  0  0  0  0  0.16924150D-12
 100 l-C3H2      0  2  0  3  0  0  0  0  0  0  0  0  0  0  0.14045262D-12
 101 C4H         0  1  0  4  0  0  0  0  0  0  0  0  0  0  0.17353468D-16
 102 CH4         0  4  0  1  0  0  0  0  0  0  0  0  0  0  0.11205702D-10
 103 HC3N        0  1  0  3  1  0  0  0  0  0  0  0  0  0  0.92674307D-13
 104 H2CCN       0  2  0  2  1  0  0  0  0  0  0  0  0  0  0.50044662D-13
 105 H2CCO       0  2  0  2  0  1  0  0  0  0  0  0  0  0  0.98612274D-12
 106 C2H3        0  3  0  2  0  0  0  0  0  0  0  0  0  0  0.55150764D-13
 107 C4N         0  0  0  4  1  0  0  0  0  0  0  0  0  0  0.26276517D-15
 108 C4P         0  0  0  4  0  0  0  0  0  0  0  0  1  0  0.41349067D-22
 109 C4S         0  0  0  4  0  0  0  1  0  0  0  0  0  0  0.42147881D-16
 110 HCOOH       0  2  0  1  0  2  0  0  0  0  0  0  0  0  0.54311566D-09
 111 CH2PH       0  3  0  1  0  0  0  0  0  0  0  0  1  0  0.40907892D-22
 112 CH2NH       0  3  0  1  1  0  0  0  0  0  0  0  0  0  0.51326491D-14
 113 c-HCCHSi    0  2  0  2  0  0  1  0  0  0  0  0  0  0  0.36221051D-14
 114 SiC3H       0  1  0  3  0  0  1  0  0  0  0  0  0  0  0.84771095D-16
 115 SiC4        0  0  0  4  0  0  1  0  0  0  0  0  0  0  0.11463995D-20
 116 SiCH3       0  3  0  1  0  0  1  0  0  0  0  0  0  0  0.58629686D-17
 117 SiH4        0  4  0  0  0  0  1  0  0  0  0  0  0  0  0.10619309D-17
 118 HCNCC       0  1  0  3  1  0  0  0  0  0  0  0  0  0  0.42177595D-15
 119 HCCNC       0  1  0  3  1  0  0  0  0  0  0  0  0  0  0.25353898D-14
 120 HNCCC       0  1  0  3  1  0  0  0  0  0  0  0  0  0  0.16805671D-14
 121 NH2CN       0  2  0  1  2  0  0  0  0  0  0  0  0  0  0.00000000D+00
 122 C6          0  0  0  6  0  0  0  0  0  0  0  0  0  0  0.84359983D-23
 123 CH3CN       0  3  0  2  1  0  0  0  0  0  0  0  0  0  0.83908510D-12
 124 CH2CCH      0  3  0  3  0  0  0  0  0  0  0  0  0  0  0.19324509D-12
 125 C2H4        0  4  0  2  0  0  0  0  0  0  0  0  0  0  0.98182527D-16
 126 NC4N        0  0  0  4  2  0  0  0  0  0  0  0  0  0  0.18146189D-14
 127 H2CSiCH     0  3  0  2  0  0  1  0  0  0  0  0  0  0  0.80670091D-17
 128 SiC4H       0  1  0  4  0  0  1  0  0  0  0  0  0  0  0.73149060D-15
 129 HC4N        0  1  0  4  1  0  0  0  0  0  0  0  0  0  0.44537051D-17
 130 C4H2        0  2  0  4  0  0  0  0  0  0  0  0  0  0  0.79136692D-14
 131 C5H         0  1  0  5  0  0  0  0  0  0  0  0  0  0  0.48187676D-18
 132 C5N         0  0  0  5  1  0  0  0  0  0  0  0  0  0  0.17131958D-18
 133 CH3OH       0  4  0  1  0  1  0  0  0  0  0  0  0  0  0.27298675D-13
 134 NH2CHO      0  3  0  1  1  1  0  0  0  0  0  0  0  0  0.34887462D-14
 135 C5O         0  0  0  5  0  1  0  0  0  0  0  0  0  0  0.62462060D-17
 136 C7          0  0  0  7  0  0  0  0  0  0  0  0  0  0  0.73975962D-25
 137 HC5N        0  1  0  5  1  0  0  0  0  0  0  0  0  0  0.37359742D-17
 138 SiC2CH3     0  3  0  3  0  0  1  0  0  0  0  0  0  0  0.73702380D-20
 139 CH3CHO      0  4  0  2  0  1  0  0  0  0  0  0  0  0  0.13376373D-15
 140 C2H5        0  5  0  2  0  0  0  0  0  0  0  0  0  0  0.79329028D-22
 141 CH2CHCN     0  3  0  3  1  0  0  0  0  0  0  0  0  0  0.14176411D-16
 142 CH3CCH      0  4  0  3  0  0  0  0  0  0  0  0  0  0  0.79735303D-19
 143 C5H2        0  2  0  5  0  0  0  0  0  0  0  0  0  0  0.26879298D-16
 144 C6H         0  1  0  6  0  0  0  0  0  0  0  0  0  0  0.20172139D-20
 145 CH3NH2      0  5  0  1  1  0  0  0  0  0  0  0  0  0  0.52162258D-14
 146 C4H3        0  3  0  4  0  0  0  0  0  0  0  0  0  0  0.90541488D-20
 147 C6N         0  0  0  6  1  0  0  0  0  0  0  0  0  0  0.11148654D-19
 148 C8          0  0  0  8  0  0  0  0  0  0  0  0  0  0  0.68482017D-27
 149 HC6N        0  1  0  6  1  0  0  0  0  0  0  0  0  0  0.18105693D-21
 150 NC6N        0  0  0  6  2  0  0  0  0  0  0  0  0  0  0.53403115D-19
 151 SiC6H       0  1  0  6  0  0  1  0  0  0  0  0  0  0  0.57324024D-19
 152 CH2CHC2H    0  4  0  4  0  0  0  0  0  0  0  0  0  0  0.11608638D-20
 153 C6H2        0  2  0  6  0  0  0  0  0  0  0  0  0  0  0.62016293D-18
 154 C7H         0  1  0  7  0  0  0  0  0  0  0  0  0  0  0.38483131D-22
 155 C7N         0  0  0  7  1  0  0  0  0  0  0  0  0  0  0.39547797D-23
 156 CH3C3N      0  3  0  4  1  0  0  0  0  0  0  0  0  0  0.50579521D-16
 157 HCOOCH3     0  4  0  2  0  2  0  0  0  0  0  0  0  0  0.93606579D-18
 158 C2H6        0  6  0  2  0  0  0  0  0  0  0  0  0  0  0.18803017D-24
 159 C7O         0  0  0  7  0  1  0  0  0  0  0  0  0  0  0.49882788D-21
 160 C9          0  0  0  9  0  0  0  0  0  0  0  0  0  0  0.61086115D-29
 161 HC7N        0  1  0  7  1  0  0  0  0  0  0  0  0  0  0.18543784D-21
 162 SiC3H5      0  5  0  3  0  0  1  0  0  0  0  0  0  0  0.00000000D+00
 163 CH3CH2OH    0  6  0  2  0  1  0  0  0  0  0  0  0  0  0.14185175D-20
 164 C7H2        0  2  0  7  0  0  0  0  0  0  0  0  0  0  0.20904395D-20
 165 C8H         0  1  0  8  0  0  0  0  0  0  0  0  0  0  0.16008217D-24
 166 CH3C4H      0  4  0  5  0  0  0  0  0  0  0  0  0  0  0.23563687D-19
 167 CH3OCH3     0  6  0  2  0  1  0  0  0  0  0  0  0  0  0.43762620D-21
 168 CH3CHCH2    0  6  0  3  0  0  0  0  0  0  0  0  0  0  0.00000000D+00
 169 C8N         0  0  0  8  1  0  0  0  0  0  0  0  0  0  0.55544579D-24
 170 C10         0  0  0 10  0  0  0  0  0  0  0  0  0  0  0.70521818D-31
 171 CH3COCH3    0  6  0  3  0  1  0  0  0  0  0  0  0  0  0.29137989D-22
 172 C8H2        0  2  0  8  0  0  0  0  0  0  0  0  0  0  0.52296597D-22
 173 C9H         0  1  0  9  0  0  0  0  0  0  0  0  0  0  0.32373454D-26
 174 C9N         0  0  0  9  1  0  0  0  0  0  0  0  0  0  0.36166785D-27
 175 CH3C5N      0  3  0  6  1  0  0  0  0  0  0  0  0  0  0.14270786D-23
 176 HC8N        0  1  0  8  1  0  0  0  0  0  0  0  0  0  0.89868945D-26
 177 NC8N        0  0  0  8  2  0  0  0  0  0  0  0  0  0  0.26507030D-23
 178 SiC8H       0  1  0  8  0  0  1  0  0  0  0  0  0  0  0.48339738D-23
 179 CH2CHCHCH2  0  6  0  4  0  0  0  0  0  0  0  0  0  0  0.00000000D+00
 180 C9O         0  0  0  9  0  1  0  0  0  0  0  0  0  0  0.41963274D-25
 181 HC9N        0  1  0  9  1  0  0  0  0  0  0  0  0  0  0.15408784D-25
 182 C10H        0  1  0 10  0  0  0  0  0  0  0  0  0  0  0.11201098D-28
 183 C9H2        0  2  0  9  0  0  0  0  0  0  0  0  0  0  0.17554520D-24
 184 CH3C6H      0  4  0  7  0  0  0  0  0  0  0  0  0  0  0.78836701D-22
 185 C11         0  0  0 11  0  0  0  0  0  0  0  0  0  0  0.11803797D-30
 186 C10N        0  0  0 10  1  0  0  0  0  0  0  0  0  0  0.45990609D-28
 187 CH3C7N      0  3  0  8  1  0  0  0  0  0  0  0  0  0  0.67417098D-28
 188 C10H2       0  2  0 10  0  0  0  0  0  0  0  0  0  0  0.36721444D-25
 189 C6H6        0  6  0  6  0  0  0  0  0  0  0  0  0  0  0.19543994D-18
 190 Si+         1  0  0  0  0  0  1  0  0  0  0  0  0  0  0.11822244D-11
 191 C+          1  0  0  1  0  0  0  0  0  0  0  0  0  0  0.21811456D-10
 192 C-         -1  0  0  1  0  0  0  0  0  0  0  0  0  0  0.69036904D-17
 193 H-         -1  1  0  0  0  0  0  0  0  0  0  0  0  0  0.36545958D-13
 194 O-         -1  0  0  0  0  1  0  0  0  0  0  0  0  0  0.14995197D-17
 195 S-         -1  0  0  0  0  0  0  1  0  0  0  0  0  0  0.19056065D-16
 196 He+         1  0  1  0  0  0  0  0  0  0  0  0  0  0  0.10334509D-10
 197 H+          1  1  0  0  0  0  0  0  0  0  0  0  0  0  0.58685169D-11
 198 Fe+         1  0  0  0  0  0  0  0  1  0  0  0  0  0  0.22179914D-08
 199 Mg+         1  0  0  0  0  0  0  0  0  0  1  0  0  0  0.29543817D-08
 200 N+          1  0  0  0  1  0  0  0  0  0  0  0  0  0  0.68782395D-15
 201 Na+         1  0  0  0  0  0  0  0  0  1  0  0  0  0  0.11819207D-08
 202 O+          1  0  0  0  0  1  0  0  0  0  0  0  0  0  0.12184980D-15
 203 S+          1  0  0  0  0  0  0  1  0  0  0  0  0  0  0.49943071D-09
 204 Cl+         1  0  0  0  0  0  0  0  0  0  0  1  0  0  0.86069087D-19
 205 F+          1  0  0  0  0  0  0  0  0  0  0  0  0  1  0.62755075D-18
 206 P+          1  0  0  0  0  0  0  0  0  0  0  0  1  0  0.24709538D-15
 207 e-         -1  0  0  0  0  0  0  0  0  0  0  0  0  0  0.16791691D-07
 208 CH+         1  1  0  1  0  0  0  0  0  0  0  0  0  0  0.46093732D-16
 209 H2+         1  2  0  0  0  0  0  0  0  0  0  0  0  0  0.57594282D-13
 210 OH+         1  1  0  0  0  1  0  0  0  0  0  0  0  0  0.43644312D-14
 211 SiH+        1  1  0  0  0  0  1  0  0  0  0  0  0  0  0.17512864D-12
 212 C2+         1  0  0  2  0  0  0  0  0  0  0  0  0  0  0.25834788D-20
 213 CN-        -1  0  0  1  1  0  0  0  0  0  0  0  0  0  0.36291073D-16
 214 OH-        -1  1  0  0  0  1  0  0  0  0  0  0  0  0  0.25653840D-13
 215 CF+         1  0  0  1  0  0  0  0  0  0  0  0  0  1  0.13098833D-12
 216 HS+         1  1  0  0  0  0  0  1  0  0  0  0  0  0  0.18924146D-12
 217 SO+         1  0  0  0  0  1  0  1  0  0  0  0  0  0  0.45609986D-10
 218 CCl+        1  0  0  1  0  0  0  0  0  0  0  1  0  0  0.91732543D-14
 219 ClO+        1  0  0  0  0  1  0  0  0  0  0  1  0  0  0.40251336D-42
 220 CN+         1  0  0  1  1  0  0  0  0  0  0  0  0  0  0.32720483D-17
 221 CO+         1  0  0  1  0  1  0  0  0  0  0  0  0  0  0.15057720D-15
 222 CP+         1  0  0  1  0  0  0  0  0  0  0  0  1  0  0.46000087D-24
 223 CS+         1  0  0  1  0  0  0  1  0  0  0  0  0  0  0.52603215D-18
 224 HCl+        1  1  0  0  0  0  0  0  0  0  0  1  0  0  0.12667409D-18
 225 HF+         1  1  0  0  0  0  0  0  0  0  0  0  0  1  0.48272885D-18
 226 HeH+        1  1  1  0  0  0  0  0  0  0  0  0  0  0  0.79444792D-22
 227 N2+         1  0  0  0  2  0  0  0  0  0  0  0  0  0  0.14714710D-15
 228 NH+         1  1  0  0  1  0  0  0  0  0  0  0  0  0  0.41508027D-15
 229 NO+         1  0  0  0  1  1  0  0  0  0  0  0  0  0  0.31655799D-10
 230 NS+         1  0  0  0  1  0  0  1  0  0  0  0  0  0  0.19888092D-12
 231 O2+         1  0  0  0  0  2  0  0  0  0  0  0  0  0  0.39191752D-10
 232 PH+         1  1  0  0  0  0  0  0  0  0  0  0  1  0  0.26081726D-15
 233 PN+         1  0  0  0  1  0  0  0  0  0  0  0  1  0  0.20277342D-14
 234 PO+         1  0  0  0  0  1  0  0  0  0  0  0  1  0  0.81918190D-14
 235 S2+         1  0  0  0  0  0  0  2  0  0  0  0  0  0  0.69733771D-15
 236 SiC+        1  0  0  1  0  0  1  0  0  0  0  0  0  0  0.23026510D-20
 237 SiN+        1  0  0  0  1  0  1  0  0  0  0  0  0  0  0.97614541D-14
 238 SiO+        1  0  0  0  0  1  1  0  0  0  0  0  0  0  0.21577165D-16
 239 SiS+        1  0  0  0  0  0  1  1  0  0  0  0  0  0  0.15001594D-21
 240 SiF+        1  0  0  0  0  0  1  0  0  0  0  0  0  1  0.56873053D-14
 241 CH2+        1  2  0  1  0  0  0  0  0  0  0  0  0  0  0.53888075D-16
 242 C2N+        1  0  0  2  1  0  0  0  0  0  0  0  0  0  0.67271743D-22
 243 CNC+        1  0  0  2  1  0  0  0  0  0  0  0  0  0  0.78714398D-12
 244 HSiO+       1  1  0  0  0  1  1  0  0  0  0  0  0  0  0.77892671D-10
 245 N2H+        1  1  0  0  2  0  0  0  0  0  0  0  0  0  0.17645893D-10
 246 C2H+        1  1  0  2  0  0  0  0  0  0  0  0  0  0  0.13858524D-18
 247 H3+         1  3  0  0  0  0  0  0  0  0  0  0  0  0  0.90259873D-10
 248 C3-        -1  0  0  3  0  0  0  0  0  0  0  0  0  0  0.46905002D-22
 249 HCO+        1  1  0  1  0  1  0  0  0  0  0  0  0  0  0.30727878D-09
 250 HSO+        1  1  0  0  0  1  0  1  0  0  0  0  0  0  0.24354737D-11
 251 H2S+        1  2  0  0  0  0  0  1  0  0  0  0  0  0  0.23848063D-13
 252 HCS+        1  1  0  1  0  0  0  1  0  0  0  0  0  0  0.26715938D-13
 253 HPO+        1  1  0  0  0  1  0  0  0  0  0  0  1  0  0.76506617D-14
 254 C2O+        1  0  0  2  0  1  0  0  0  0  0  0  0  0  0.33027227D-18
 255 C2S+        1  0  0  2  0  0  0  1  0  0  0  0  0  0  0.23576645D-16
 256 C3+         1  0  0  3  0  0  0  0  0  0  0  0  0  0  0.24972375D-21
 257 CCP+        1  0  0  2  0  0  0  0  0  0  0  0  1  0  0.72692464D-20
 258 CHSi+       1  1  0  1  0  0  1  0  0  0  0  0  0  0  0.40000504D-20
 259 CO2+        1  0  0  1  0  2  0  0  0  0  0  0  0  0  0.18168211D-17
 260 H2Cl+       1  2  0  0  0  0  0  0  0  0  0  1  0  0  0.16515672D-14
 261 H2F+        1  2  0  0  0  0  0  0  0  0  0  0  0  1  0.28819146D-12
 262 H2O+        1  2  0  0  0  1  0  0  0  0  0  0  0  0  0.23001727D-13
 263 HCN+        1  1  0  1  1  0  0  0  0  0  0  0  0  0  0.31052407D-17
 264 HCP+        1  1  0  1  0  0  0  0  0  0  0  0  1  0  0.89347824D-22
 265 HNC+        1  1  0  1  1  0  0  0  0  0  0  0  0  0  0.20548329D-16
 266 HNO+        1  1  0  0  1  1  0  0  0  0  0  0  0  0  0.62022962D-13
 267 HNS+        1  1  0  0  1  0  0  1  0  0  0  0  0  0  0.30577449D-16
 268 HNSi+       1  1  0  0  1  0  1  0  0  0  0  0  0  0  0.25895985D-20
 269 HOC+        1  1  0  1  0  1  0  0  0  0  0  0  0  0  0.74542218D-12
 270 HPN+        1  1  0  0  1  0  0  0  0  0  0  0  1  0  0.51224140D-12
 271 HSiS+       1  1  0  0  0  0  1  1  0  0  0  0  0  0  0.19331033D-15
 272 NaH2+       1  2  0  0  0  0  0  0  0  1  0  0  0  0  0.19031767D-14
 273 NCO+        1  0  0  1  1  1  0  0  0  0  0  0  0  0  0.38029215D-14
 274 NH2+        1  2  0  0  1  0  0  0  0  0  0  0  0  0  0.34585833D-14
 275 NO2+        1  0  0  0  1  2  0  0  0  0  0  0  0  0  0.64674049D-19
 276 HO2+        1  1  0  0  0  2  0  0  0  0  0  0  0  0  0.73906245D-15
 277 OCS+        1  0  0  1  0  1  0  1  0  0  0  0  0  0  0.50496622D-13
 278 PH2+        1  2  0  0  0  0  0  0  0  0  0  0  1  0  0.78807127D-16
 279 HS2+        1  1  0  0  0  0  0  2  0  0  0  0  0  0  0.17706367D-16
 280 SiC2+       1  0  0  2  0  0  1  0  0  0  0  0  0  0  0.20252655D-22
 281 SiH2+       1  2  0  0  0  0  1  0  0  0  0  0  0  0  0.97112867D-14
 282 SiNC+       1  0  0  1  1  0  1  0  0  0  0  0  0  0  0.91346088D-13
 283 SO2+        1  0  0  0  0  2  0  1  0  0  0  0  0  0  0.63141802D-17
 284 HCNH+       1  2  0  1  1  0  0  0  0  0  0  0  0  0  0.57705836D-09
 285 HC2N+       1  1  0  2  1  0  0  0  0  0  0  0  0  0  0.82833271D-21
 286 C3H+        1  1  0  3  0  0  0  0  0  0  0  0  0  0  0.67015869D-18
 287 C4+         1  0  0  4  0  0  0  0  0  0  0  0  0  0  0.31409012D-21
 288 H2CO+       1  2  0  1  0  1  0  0  0  0  0  0  0  0  0.32453699D-14
 289 CH3+        1  3  0  1  0  0  0  0  0  0  0  0  0  0  0.12231018D-11
 290 C3N-       -1  0  0  3  1  0  0  0  0  0  0  0  0  0  0.14092153D-16
 291 C4-        -1  0  0  4  0  0  0  0  0  0  0  0  0  0  0.60579351D-21
 292 H3O+        1  3  0  0  0  1  0  0  0  0  0  0  0  0  0.86832260D-08
 293 H2NO+       1  2  0  0  1  1  0  0  0  0  0  0  0  0  0.38433229D-13
 294 H3S+        1  3  0  0  0  0  0  1  0  0  0  0  0  0  0.14188676D-13
 295 HC2S+       1  1  0  2  0  0  0  1  0  0  0  0  0  0  0.82116099D-14
 296 HOCS+       1  1  0  1  0  1  0  1  0  0  0  0  0  0  0.38338346D-14
 297 PCH2+       1  2  0  1  0  0  0  0  0  0  0  0  1  0  0.36046847D-16
 298 H2S2+       1  2  0  0  0  0  0  2  0  0  0  0  0  0  0.19204149D-17
 299 C2H2+       1  2  0  2  0  0  0  0  0  0  0  0  0  0  0.27498383D-15
 300 C2HO+       1  1  0  2  0  1  0  0  0  0  0  0  0  0  0.99837977D-16
 301 C2N2+       1  0  0  2  2  0  0  0  0  0  0  0  0  0  0.34780289D-20
 302 C3N+        1  0  0  3  1  0  0  0  0  0  0  0  0  0  0.22294068D-23
 303 C3O+        1  0  0  3  0  1  0  0  0  0  0  0  0  0  0.34564662D-19
 304 C3S+        1  0  0  3  0  0  0  1  0  0  0  0  0  0  0.21495592D-17
 305 CH2Si+      1  2  0  1  0  0  1  0  0  0  0  0  0  0  0.15525548D-15
 306 H2CCl+      1  2  0  1  0  0  0  0  0  0  0  1  0  0  0.47706433D-15
 307 H2CS+       1  2  0  1  0  0  0  1  0  0  0  0  0  0  0.31658589D-17
 308 H2NC+       1  2  0  1  1  0  0  0  0  0  0  0  0  0  0.31296077D-13
 309 H2PO+       1  2  0  0  0  1  0  0  0  0  0  0  1  0  0.19643843D-14
 310 H2SiO+      1  2  0  0  0  1  1  0  0  0  0  0  0  0  0.62960221D-16
 311 HOCO+       1  1  0  1  0  2  0  0  0  0  0  0  0  0  0.54893058D-12
 312 HNCO+       1  1  0  1  1  1  0  0  0  0  0  0  0  0  0.17101312D-16
 313 HSiO2+      1  1  0  0  0  2  1  0  0  0  0  0  0  0  0.35517520D-14
 314 HSO2+       1  1  0  0  0  2  0  1  0  0  0  0  0  0  0.62383954D-14
 315 NaH2O+      1  2  0  0  0  1  0  0  0  1  0  0  0  0  0.47101002D-13
 316 NH3+        1  3  0  0  1  0  0  0  0  0  0  0  0  0  0.54186366D-12
 317 PC2H+       1  1  0  2  0  0  0  0  0  0  0  0  1  0  0.10903353D-19
 318 PH3+        1  3  0  0  0  0  0  0  0  0  0  0  1  0  0.62129647D-18
 319 PNH2+       1  2  0  0  1  0  0  0  0  0  0  0  1  0  0.20850854D-18
 320 SiC2H+      1  1  0  2  0  0  1  0  0  0  0  0  0  0  0.19878890D-15
 321 l-SiC3+     1  0  0  3  0  0  1  0  0  0  0  0  0  0  0.16348693D-17
 322 SiH3+       1  3  0  0  0  0  1  0  0  0  0  0  0  0  0.72910720D-16
 323 SiNCH+      1  1  0  1  1  0  1  0  0  0  0  0  0  0  0.94084050D-18
 324 HSiNH+      1  2  0  0  1  0  1  0  0  0  0  0  0  0  0.16882673D-14
 325 HN2O+       1  1  0  0  2  1  0  0  0  0  0  0  0  0  0.70880933D-17
 326 C2H3+       1  3  0  2  0  0  0  0  0  0  0  0  0  0  0.19531116D-14
 327 c-C3H2+     1  2  0  3  0  0  0  0  0  0  0  0  0  0  0.17182508D-15
 328 l-C3H2+     1  2  0  3  0  0  0  0  0  0  0  0  0  0  0.38403582D-17
 329 C4H+        1  1  0  4  0  0  0  0  0  0  0  0  0  0  0.14050749D-20
 330 C5+         1  0  0  5  0  0  0  0  0  0  0  0  0  0  0.11799195D-23
 331 HC3O+       1  1  0  3  0  1  0  0  0  0  0  0  0  0  0.11804857D-16
 332 C4H-       -1  1  0  4  0  0  0  0  0  0  0  0  0  0  0.83191372D-19
 333 C5-        -1  0  0  5  0  0  0  0  0  0  0  0  0  0  0.25716090D-22
 334 NH4+        1  4  0  0  1  0  0  0  0  0  0  0  0  0  0.10432295D-10
 335 H3CS+       1  3  0  1  0  0  0  1  0  0  0  0  0  0  0.79831071D-16
 336 H2COH+      1  3  0  1  0  1  0  0  0  0  0  0  0  0  0.45160903D-13
 337 H3S2+       1  3  0  0  0  0  0  2  0  0  0  0  0  0  0.19236167D-16
 338 HC3S+       1  1  0  3  0  0  0  1  0  0  0  0  0  0  0.16766275D-15
 339 PC3H+       1  1  0  3  0  0  0  0  0  0  0  0  1  0  0.32153084D-20
 340 PCH3+       1  3  0  1  0  0  0  0  0  0  0  0  1  0  0.31909693D-21
 341 PNH3+       1  3  0  0  1  0  0  0  0  0  0  0  1  0  0.86071427D-19
 342 SiC2H2+     1  2  0  2  0  0  1  0  0  0  0  0  0  0  0.73216611D-15
 343 SiC3H+      1  1  0  3  0  0  1  0  0  0  0  0  0  0  0.12368005D-17
 344 SiC4+       1  0  0  4  0  0  1  0  0  0  0  0  0  0  0.34566277D-20
 345 SiCH3+      1  3  0  1  0  0  1  0  0  0  0  0  0  0  0.18007991D-20
 346 SiH4+       1  4  0  0  0  0  1  0  0  0  0  0  0  0  0.20079401D-28
 347 CH2CN+      1  2  0  2  1  0  0  0  0  0  0  0  0  0  0.13525631D-15
 348 H2CCO+      1  2  0  2  0  1  0  0  0  0  0  0  0  0  0.46391721D-14
 349 HC3N+       1  1  0  3  1  0  0  0  0  0  0  0  0  0  0.26127855D-19
 350 C4N+        1  0  0  4  1  0  0  0  0  0  0  0  0  0  0.13474189D-22
 351 C4P+        1  0  0  4  0  0  0  0  0  0  0  0  1  0  0.93450171D-28
 352 C4S+        1  0  0  4  0  0  0  1  0  0  0  0  0  0  0.48176393D-20
 353 HCOOH+      1  2  0  1  0  2  0  0  0  0  0  0  0  0  0.44386501D-12
 354 CH4+        1  4  0  1  0  0  0  0  0  0  0  0  0  0  0.46980730D-19
 355 H3SiO+      1  3  0  0  0  1  1  0  0  0  0  0  0  0  0.96717278D-19
 356 PC2H2+      1  2  0  2  0  0  0  0  0  0  0  0  1  0  0.79948063D-20
 357 C6+         1  0  0  6  0  0  0  0  0  0  0  0  0  0  0.12598809D-24
 358 HC4N+       1  1  0  4  1  0  0  0  0  0  0  0  0  0  0.58936814D-24
 359 C5H-       -1  1  0  5  0  0  0  0  0  0  0  0  0  0  0.93605054D-20
 360 C6-        -1  0  0  6  0  0  0  0  0  0  0  0  0  0  0.79114469D-24
 361 CH3CO+      1  3  0  2  0  1  0  0  0  0  0  0  0  0  0.54858430D-13
 362 C2H4+       1  4  0  2  0  0  0  0  0  0  0  0  0  0  0.12651922D-14
 363 HC3NH+      1  2  0  3  1  0  0  0  0  0  0  0  0  0  0.96754991D-15
 364 HC4S+       1  1  0  4  0  0  0  1  0  0  0  0  0  0  0.15497507D-17
 365 CH5+        1  5  0  1  0  0  0  0  0  0  0  0  0  0  0.70136056D-15
 366 C4H2+       1  2  0  4  0  0  0  0  0  0  0  0  0  0  0.64356826D-18
 367 C5H+        1  1  0  5  0  0  0  0  0  0  0  0  0  0  0.48945218D-19
 368 CH3CN+      1  3  0  2  1  0  0  0  0  0  0  0  0  0  0.20123137D-16
 369 c-C3H3+     1  3  0  3  0  0  0  0  0  0  0  0  0  0  0.58032112D-15
 370 l-C3H3+     1  3  0  3  0  0  0  0  0  0  0  0  0  0  0.72626422D-15
 371 C5N+        1  0  0  5  1  0  0  0  0  0  0  0  0  0  0.17216436D-25
 372 CH3O2+      1  3  0  1  0  2  0  0  0  0  0  0  0  0  0.10956483D-10
 373 CH2NH2+     1  4  0  1  1  0  0  0  0  0  0  0  0  0  0.61381630D-15
 374 CH3OH+      1  4  0  1  0  1  0  0  0  0  0  0  0  0  0.31504814D-16
 375 H2C3O+      1  2  0  3  0  1  0  0  0  0  0  0  0  0  0.14638221D-18
 376 HC2NCH+     1  2  0  3  1  0  0  0  0  0  0  0  0  0  0.18332413D-16
 377 HC4O+       1  1  0  4  0  1  0  0  0  0  0  0  0  0  0.25602733D-18
 378 NH2CNH+     1  3  0  1  2  0  0  0  0  0  0  0  0  0  0.00000000D+00
 379 PC2H3+      1  3  0  2  0  0  0  0  0  0  0  0  1  0  0.61438743D-23
 380 PC4H+       1  1  0  4  0  0  0  0  0  0  0  0  1  0  0.93010620D-23
 381 PCH4+       1  4  0  1  0  0  0  0  0  0  0  0  1  0  0.16029043D-22
 382 SiC2H3+     1  3  0  2  0  0  1  0  0  0  0  0  0  0  0.68292775D-17
 383 SiC3H2+     1  2  0  3  0  0  1  0  0  0  0  0  0  0  0.15562037D-18
 384 SiC4H+      1  1  0  4  0  0  1  0  0  0  0  0  0  0  0.39935526D-21
 385 SiCH4+      1  4  0  1  0  0  1  0  0  0  0  0  0  0  0.57200445D-19
 386 SiH5+       1  5  0  0  0  0  1  0  0  0  0  0  0  0  0.30787262D-21
 387 C7+         1  0  0  7  0  0  0  0  0  0  0  0  0  0  0.18435832D-27
 388 H2C4N+      1  2  0  4  1  0  0  0  0  0  0  0  0  0  0.87814982D-24
 389 C6H-       -1  1  0  6  0  0  0  0  0  0  0  0  0  0  0.71459817D-22
 390 C7-        -1  0  0  7  0  0  0  0  0  0  0  0  0  0  0.17716353D-25
 391 C4H3+       1  3  0  4  0  0  0  0  0  0  0  0  0  0  0.50558551D-16
 392 C5H2+       1  2  0  5  0  0  0  0  0  0  0  0  0  0  0.18531561D-20
 393 CH3CNH+     1  4  0  2  1  0  0  0  0  0  0  0  0  0  0.34500430D-13
 394 C2H4O+      1  4  0  2  0  1  0  0  0  0  0  0  0  0  0.27915217D-18
 395 C2H5+       1  5  0  2  0  0  0  0  0  0  0  0  0  0  0.10192756D-18
 396 C3H3N+      1  3  0  3  1  0  0  0  0  0  0  0  0  0  0.11079517D-17
 397 C3H4+       1  4  0  3  0  0  0  0  0  0  0  0  0  0  0.41885795D-16
 398 HC5N+       1  1  0  5  1  0  0  0  0  0  0  0  0  0  0.58375039D-23
 399 C6H+        1  1  0  6  0  0  0  0  0  0  0  0  0  0  0.69603927D-23
 400 CH3NH2+     1  5  0  1  1  0  0  0  0  0  0  0  0  0  0.16133442D-16
 401 CH3OH2+     1  5  0  1  0  1  0  0  0  0  0  0  0  0  0.74488840D-14
 402 H3C3O+      1  3  0  3  0  1  0  0  0  0  0  0  0  0  0.77173798D-17
 403 NH2CH2O+    1  4  0  1  1  1  0  0  0  0  0  0  0  0  0.12462622D-16
 404 PC2H4+      1  4  0  2  0  0  0  0  0  0  0  0  1  0  0.16895720D-26
 405 PC4H2+      1  2  0  4  0  0  0  0  0  0  0  0  1  0  0.16904992D-24
 406 HC5O+       1  1  0  5  0  1  0  0  0  0  0  0  0  0  0.40560310D-20
 407 C6N+        1  0  0  6  1  0  0  0  0  0  0  0  0  0  0.62485694D-27
 408 H2C5N+      1  2  0  5  1  0  0  0  0  0  0  0  0  0  0.11018762D-20
 409 C8+         1  0  0  8  0  0  0  0  0  0  0  0  0  0  0.52988859D-28
 410 C7H-       -1  1  0  7  0  0  0  0  0  0  0  0  0  0  0.47556720D-23
 411 C8-        -1  0  0  8  0  0  0  0  0  0  0  0  0  0  0.55725730D-28
 412 C5H3+       1  3  0  5  0  0  0  0  0  0  0  0  0  0  0.17701859D-19
 413 C3H5+       1  5  0  3  0  0  0  0  0  0  0  0  0  0  0.81631980D-21
 414 C6H2+       1  2  0  6  0  0  0  0  0  0  0  0  0  0  0.11238278D-22
 415 C7H+        1  1  0  7  0  0  0  0  0  0  0  0  0  0  0.95028116D-24
 416 CH3CHOH+    1  5  0  2  0  1  0  0  0  0  0  0  0  0  0.28368481D-16
 417 C2H6+       1  6  0  2  0  0  0  0  0  0  0  0  0  0  0.50846277D-26
 418 C3H3NH+     1  4  0  3  1  0  0  0  0  0  0  0  0  0  0.17035684D-19
 419 C4H4+       1  4  0  4  0  0  0  0  0  0  0  0  0  0  0.45925503D-20
 420 C7N+        1  0  0  7  1  0  0  0  0  0  0  0  0  0  0.35462153D-30
 421 CH3NH3+     1  6  0  1  1  0  0  0  0  0  0  0  0  0  0.47403445D-15
 422 COOCH4+     1  4  0  2  0  2  0  0  0  0  0  0  0  0  0.16319319D-22
 423 H3C4N+      1  3  0  4  1  0  0  0  0  0  0  0  0  0  0.87814097D-24
 424 HC6N+       1  1  0  6  1  0  0  0  0  0  0  0  0  0  0.33126384D-28
 425 C9+         1  0  0  9  0  0  0  0  0  0  0  0  0  0  0.69975443D-31
 426 C8H-       -1  1  0  8  0  0  0  0  0  0  0  0  0  0  0.46601323D-26
 427 C9-        -1  0  0  9  0  0  0  0  0  0  0  0  0  0  0.14618510D-29
 428 C4H5+       1  5  0  4  0  0  0  0  0  0  0  0  0  0  0.55032221D-19
 429 C6H3+       1  3  0  6  0  0  0  0  0  0  0  0  0  0  0.84409827D-22
 430 C7H2+       1  2  0  7  0  0  0  0  0  0  0  0  0  0  0.16756159D-25
 431 C2H5OH+     1  6  0  2  0  1  0  0  0  0  0  0  0  0  0.40097072D-23
 432 H3C4NH+     1  4  0  4  1  0  0  0  0  0  0  0  0  0  0.16924564D-19
 433 C5H3N+      1  3  0  5  1  0  0  0  0  0  0  0  0  0  0.24957727D-22
 434 C5H4+       1  4  0  5  0  0  0  0  0  0  0  0  0  0  0.27318715D-22
 435 HC7N+       1  1  0  7  1  0  0  0  0  0  0  0  0  0  0.41265880D-27
 436 C8H+        1  1  0  8  0  0  0  0  0  0  0  0  0  0  0.40363014D-30
 437 CH3OCH3+    1  6  0  2  0  1  0  0  0  0  0  0  0  0  0.67703217D-24
 438 H5C2O2+     1  5  0  2  0  2  0  0  0  0  0  0  0  0  0.74142201D-19
 439 HC7O+       1  1  0  7  0  1  0  0  0  0  0  0  0  0  0.32391845D-24
 440 C8N+        1  0  0  8  1  0  0  0  0  0  0  0  0  0  0.35196702D-31
 441 H2C6N+      1  2  0  6  1  0  0  0  0  0  0  0  0  0  0.48984996D-23
 442 C2H7+       1  7  0  2  0  0  0  0  0  0  0  0  0  0  0.13443421D-29
 443 C10+        1  0  0 10  0  0  0  0  0  0  0  0  0  0  0.87978622D-33
 444 CH3OCH4+    1  7  0  2  0  1  0  0  0  0  0  0  0  0  0.66386500D-22
 445 C9H-       -1  1  0  9  0  0  0  0  0  0  0  0  0  0  0.31246324D-27
 446 C10-       -1  0  0 10  0  0  0  0  0  0  0  0  0  0  0.55934321D-32
 447 C7H2N+      1  2  0  7  1  0  0  0  0  0  0  0  0  0  0.30177741D-24
 448 C7H3+       1  3  0  7  0  0  0  0  0  0  0  0  0  0  0.26667717D-24
 449 C5H5+       1  5  0  5  0  0  0  0  0  0  0  0  0  0  0.82782390D-22
 450 C8H2+       1  2  0  8  0  0  0  0  0  0  0  0  0  0  0.63705432D-27
 451 C9H+        1  1  0  9  0  0  0  0  0  0  0  0  0  0  0.77491031D-28
 452 C2H5OH2+    1  7  0  2  0  1  0  0  0  0  0  0  0  0  0.34429108D-21
 453 C2H6CO+     1  6  0  3  0  1  0  0  0  0  0  0  0  0  0.23136290D-25
 454 C5H4N+      1  4  0  5  1  0  0  0  0  0  0  0  0  0  0.18133413D-19
 455 C6H4+       1  4  0  6  0  0  0  0  0  0  0  0  0  0  0.15243831D-22
 456 C9N+        1  0  0  9  1  0  0  0  0  0  0  0  0  0  0.29119429D-34
 457 HC8N+       1  1  0  8  1  0  0  0  0  0  0  0  0  0  0.23382787D-32
 458 C10H+       1  1  0 10  0  0  0  0  0  0  0  0  0  0  0.37641451D-30
 459 C10H-      -1  1  0 10  0  0  0  0  0  0  0  0  0  0  0.17033762D-30
 460 C8H3+       1  3  0  8  0  0  0  0  0  0  0  0  0  0  0.48995794D-26
 461 C9H2+       1  2  0  9  0  0  0  0  0  0  0  0  0  0  0.13820000D-29
 462 C3H6OH+     1  7  0  3  0  1  0  0  0  0  0  0  0  0  0.20031130D-23
 463 C4H7+       1  7  0  4  0  0  0  0  0  0  0  0  0  0  0.17754462D-26
 464 H3C6NH+     1  4  0  6  1  0  0  0  0  0  0  0  0  0  0.12374792D-25
 465 C6H5+       1  5  0  6  0  0  0  0  0  0  0  0  0  0  0.14996142D-24
 466 H3C7N+      1  3  0  7  1  0  0  0  0  0  0  0  0  0  0.77148922D-26
 467 C7H4+       1  4  0  7  0  0  0  0  0  0  0  0  0  0  0.14626089D-23
 468 C9HN+       1  1  0  9  1  0  0  0  0  0  0  0  0  0  0.34334290D-31
 469 C11+        1  0  0 11  0  0  0  0  0  0  0  0  0  0  0.57865727D-31
 470 HC9O+       1  1  0  9  0  1  0  0  0  0  0  0  0  0  0.27249236D-28
 471 C10N+       1  0  0 10  1  0  0  0  0  0  0  0  0  0  0.29246286D-35
 472 H2C8N+      1  2  0  8  1  0  0  0  0  0  0  0  0  0  0.34576842D-27
 473 C9H2N+      1  2  0  9  1  0  0  0  0  0  0  0  0  0  0.38920324D-29
 474 C9H3+       1  3  0  9  0  0  0  0  0  0  0  0  0  0  0.34245836D-28
 475 C10H2+      1  2  0 10  0  0  0  0  0  0  0  0  0  0  0.11359220D-30
 476 C7H5+       1  5  0  7  0  0  0  0  0  0  0  0  0  0  0.49634487D-24
 477 C8H4+       1  4  0  8  0  0  0  0  0  0  0  0  0  0  0.52874399D-26
 478 HC10N+      1  1  0 10  1  0  0  0  0  0  0  0  0  0  0.19360820D-36
 479 C6H7+       1  7  0  6  0  0  0  0  0  0  0  0  0  0  0.45995360D-21
 480 C9H4+       1  4  0  9  0  0  0  0  0  0  0  0  0  0  0.27867409D-28
 481 C8H4N+      1  4  0  8  1  0  0  0  0  0  0  0  0  0  0.58493688D-30
 482 C8H5+       1  5  0  8  0  0  0  0  0  0  0  0  0  0  0.79424925D-29
 483 C9H3N+      1  3  0  9  1  0  0  0  0  0  0  0  0  0  0.11043675D-30
 484 C10H3+      1  3  0 10  0  0  0  0  0  0  0  0  0  0  0.10447058D-29
 485 H2C10N+     1  2  0 10  1  0  0  0  0  0  0  0  0  0  0.42944155D-31
 486 C9H5+       1  5  0  9  0  0  0  0  0  0  0  0  0  0  0.27808725D-32
 487 GRAIN0      0  0  0  0  0  0  0  0  0  0  0  0  0  0  0.24886475D-14
 488 GRAIN-     -1  0  0  0  0  0  0  0  0  0  0  0  0  0  0.13190113D-11
 489 XH          0  1  0  0  0  0  0  0  0  0  0  0  0  0  0.62344764D-17
