0.11D+08                                              +-  H  He C  O  S  G    
 JSPACE =            1
   1 H           0  1  0  0  0  0  0  0  0  0  0  0  0  0  0.70806236D+00
   2 C           0  0  0  1  0  0  0  0  0  0  0  0  0  0  0.10972642D-07
   3 Fe          0  0  0  0  0  0  0  0  1  0  0  0  0  0  0.17338326D-11
   4 Mg          0  0  0  0  0  0  0  0  0  0  1  0  0  0  0.10698686D-10
   5 S           0  0  0  0  0  0  0  1  0  0  0  0  0  0  0.40959509D-11
   6 Si          0  0  0  0  0  0  1  0  0  0  0  0  0  0  0.75121980D-12
   7 O           0  0  0  0  0  1  0  0  0  0  0  0  0  0  0.23980528D-03
   8 N           0  0  0  0  1  0  0  0  0  0  0  0  0  0  0.61999997D-04
   9 He          0  0  1  0  0  0  0  0  0  0  0  0  0  0  0.89999999D-01
  10 Cl          0  0  0  0  0  0  0  0  0  0  0  1  0  0  0.93821899D-09
  11 Na          0  0  0  0  0  0  0  0  0  1  0  0  0  0  0.49915448D-11
  12 P           0  0  0  0  0  0  0  0  0  0  0  0  1  0  0.57228252D-14
  13 F           0  0  0  0  0  0  0  0  0  0  0  0  0  1  0.32008213D-08
  14 OH          0  1  0  0  0  1  0  0  0  0  0  0  0  0  0.41345841D-09
  15 CO          0  0  0  1  0  1  0  0  0  0  0  0  0  0  0.19429321D-06
  16 CS          0  0  0  1  0  0  0  1  0  0  0  0  0  0  0.22041852D-15
  17 HS          0  1  0  0  0  0  0  1  0  0  0  0  0  0  0.10499113D-14
  18 N2          0  0  0  0  2  0  0  0  0  0  0  0  0  0  0.16750575D-15
  19 NH          0  1  0  0  1  0  0  0  0  0  0  0  0  0  0.13026357D-11
  20 SiH         0  1  0  0  0  0  1  0  0  0  0  0  0  0  0.22716743D-13
  21 SiO         0  0  0  0  0  1  1  0  0  0  0  0  0  0  0.55558446D-15
  22 SO          0  0  0  0  0  1  0  1  0  0  0  0  0  0  0.25019725D-17
  23 CH          0  1  0  1  0  0  0  0  0  0  0  0  0  0  0.24531888D-10
  24 O2          0  0  0  0  0  2  0  0  0  0  0  0  0  0  0.24847699D-12
  25 H2          0  2  0  0  0  0  0  0  0  0  0  0  0  0  0.14596881D+00
  26 C2          0  0  0  2  0  0  0  0  0  0  0  0  0  0  0.25922373D-12
  27 CN          0  0  0  1  1  0  0  0  0  0  0  0  0  0  0.68215846D-13
  28 MgH         0  1  0  0  0  0  0  0  0  0  1  0  0  0  0.16690056D-20
  29 NaH         0  1  0  0  0  0  0  0  0  1  0  0  0  0  0.11725838D-16
  30 NO          0  0  0  0  1  1  0  0  0  0  0  0  0  0  0.24792595D-12
  31 NS          0  0  0  0  1  0  0  1  0  0  0  0  0  0  0.11020453D-16
  32 PH          0  1  0  0  0  0  0  0  0  0  0  0  1  0  0.21979611D-15
  33 PN          0  0  0  0  1  0  0  0  0  0  0  0  1  0  0.76491293D-17
  34 PO          0  0  0  0  0  1  0  0  0  0  0  0  1  0  0.59002382D-17
  35 S2          0  0  0  0  0  0  0  2  0  0  0  0  0  0  0.33771415D-22
  36 SiC         0  0  0  1  0  0  1  0  0  0  0  0  0  0  0.49128830D-14
  37 SiN         0  0  0  0  1  0  1  0  0  0  0  0  0  0  0.21756787D-16
  38 SiS         0  0  0  0  0  0  1  1  0  0  0  0  0  0  0.10407127D-18
  39 CCl         0  0  0  1  0  0  0  0  0  0  0  1  0  0  0.26710281D-17
  40 ClO         0  0  0  0  0  1  0  0  0  0  0  1  0  0  0.10820845D-41
  41 CP          0  0  0  1  0  0  0  0  0  0  0  0  1  0  0.51131357D-22
  42 HCl         0  1  0  0  0  0  0  0  0  0  0  1  0  0  0.42452428D-10
  43 HF          0  1  0  0  0  0  0  0  0  0  0  0  0  1  0.34274645D-08
  44 CCH         0  1  0  2  0  0  0  0  0  0  0  0  0  0  0.13793628D-11
  45 C3          0  0  0  3  0  0  0  0  0  0  0  0  0  0  0.16674541D-13
  46 CH2         0  2  0  1  0  0  0  0  0  0  0  0  0  0  0.84512561D-11
  47 SO2         0  0  0  0  0  2  0  1  0  0  0  0  0  0  0.36076334D-25
  48 H2O         0  2  0  0  0  1  0  0  0  0  0  0  0  0  0.59389633D-11
  49 HCN         0  1  0  1  1  0  0  0  0  0  0  0  0  0  0.15360313D-13
  50 HCSi        0  1  0  1  0  0  1  0  0  0  0  0  0  0  0.16891075D-14
  51 CCN         0  0  0  2  1  0  0  0  0  0  0  0  0  0  0.93503740D-16
  52 CCS         0  0  0  2  0  0  0  1  0  0  0  0  0  0  0.31567426D-18
  53 CCO         0  0  0  2  0  1  0  0  0  0  0  0  0  0  0.51773292D-15
  54 CCP         0  0  0  2  0  0  0  0  0  0  0  0  1  0  0.12199469D-21
  55 CO2         0  0  0  1  0  2  0  0  0  0  0  0  0  0  0.17909765D-17
  56 H2S         0  2  0  0  0  0  0  1  0  0  0  0  0  0  0.58710936D-18
  57 HCO         0  1  0  1  0  1  0  0  0  0  0  0  0  0  0.49340031D-16
  58 HCP         0  1  0  1  0  0  0  0  0  0  0  0  1  0  0.69373743D-22
  59 HCS         0  1  0  1  0  0  0  1  0  0  0  0  0  0  0.91663297D-21
  60 HNC         0  1  0  1  1  0  0  0  0  0  0  0  0  0  0.13364230D-13
  61 HNO         0  1  0  0  1  1  0  0  0  0  0  0  0  0  0.46545398D-16
  62 HNSi        0  1  0  0  1  0  1  0  0  0  0  0  0  0  0.25039483D-17
  63 HPO         0  1  0  0  0  1  0  0  0  0  0  0  1  0  0.29824879D-24
  64 HSS         0  1  0  0  0  0  0  2  0  0  0  0  0  0  0.96066694D-27
  65 N2O         0  0  0  0  2  1  0  0  0  0  0  0  0  0  0.42778225D-22
  66 NaOH        0  1  0  0  0  1  0  0  0  1  0  0  0  0  0.36534085D-24
  67 NH2         0  2  0  0  1  0  0  0  0  0  0  0  0  0  0.67058700D-13
  68 NO2         0  0  0  0  1  2  0  0  0  0  0  0  0  0  0.73531621D-45
  69 O2H         0  1  0  0  0  2  0  0  0  0  0  0  0  0  0.22516957D-21
  70 OCN         0  0  0  1  1  1  0  0  0  0  0  0  0  0  0.18807948D-19
  71 OCS         0  0  0  1  0  1  0  1  0  0  0  0  0  0  0.76296194D-24
  72 PH2         0  2  0  0  0  0  0  0  0  0  0  0  1  0  0.54412854D-23
  73 c-SiC2      0  0  0  2  0  0  1  0  0  0  0  0  0  0  0.19554454D-15
  74 SiH2        0  2  0  0  0  0  1  0  0  0  0  0  0  0  0.47315694D-22
  75 SiNC        0  0  0  1  1  0  1  0  0  0  0  0  0  0  0.55506998D-24
  76 SiO2        0  0  0  0  0  2  1  0  0  0  0  0  0  0  0.68518338D-24
  77 C4          0  0  0  4  0  0  0  0  0  0  0  0  0  0  0.45108430D-17
  78 c-C3H       0  1  0  3  0  0  0  0  0  0  0  0  0  0  0.11678499D-14
  79 l-C3H       0  1  0  3  0  0  0  0  0  0  0  0  0  0  0.67106143D-15
  80 CH3         0  3  0  1  0  0  0  0  0  0  0  0  0  0  0.23699836D-12
  81 C2H2        0  2  0  2  0  0  0  0  0  0  0  0  0  0  0.12055593D-14
  82 NH3         0  3  0  0  1  0  0  0  0  0  0  0  0  0  0.38986956D-16
  83 SiCH2       0  2  0  1  0  0  1  0  0  0  0  0  0  0  0.53488289D-23
  84 C3N         0  0  0  3  1  0  0  0  0  0  0  0  0  0  0.24702588D-16
  85 C3O         0  0  0  3  0  1  0  0  0  0  0  0  0  0  0.20311493D-17
  86 C3P         0  0  0  3  0  0  0  0  0  0  0  0  1  0  0.35386784D-28
  87 C3S         0  0  0  3  0  0  0  1  0  0  0  0  0  0  0.75687863D-19
  88 H2CO        0  2  0  1  0  1  0  0  0  0  0  0  0  0  0.29724210D-14
  89 H2CS        0  2  0  1  0  0  0  1  0  0  0  0  0  0  0.16286986D-21
  90 HOOH        0  2  0  0  0  2  0  0  0  0  0  0  0  0  0.21903537D-24
  91 HSSH        0  2  0  0  0  0  0  2  0  0  0  0  0  0  0.32564041D-27
  92 H2SiO       0  2  0  0  0  1  1  0  0  0  0  0  0  0  0.22777932D-31
  93 HCCP        0  1  0  2  0  0  0  0  0  0  0  0  1  0  0.10444250D-22
  94 HCCSi       0  1  0  2  0  0  1  0  0  0  0  0  0  0  0.35216178D-21
  95 l-SiC3      0  0  0  3  0  0  1  0  0  0  0  0  0  0  0.27020568D-20
  96 SiH3        0  3  0  0  0  0  1  0  0  0  0  0  0  0  0.97587486D-30
  97 H2CN        0  2  0  1  1  0  0  0  0  0  0  0  0  0  0.16135979D-16
  98 C5          0  0  0  5  0  0  0  0  0  0  0  0  0  0  0.14061536D-17
  99 c-C3H2      0  2  0  3  0  0  0  0  0  0  0  0  0  0  0.37069434D-15
 100 l-C3H2      0  2  0  3  0  0  0  0  0  0  0  0  0  0  0.16689824D-15
 101 C4H         0  1  0  4  0  0  0  0  0  0  0  0  0  0  0.27332929D-16
 102 CH4         0  4  0  1  0  0  0  0  0  0  0  0  0  0  0.55118018D-17
 103 HC3N        0  1  0  3  1  0  0  0  0  0  0  0  0  0  0.69634789D-19
 104 H2CCN       0  2  0  2  1  0  0  0  0  0  0  0  0  0  0.81971044D-20
 105 H2CCO       0  2  0  2  0  1  0  0  0  0  0  0  0  0  0.12497766D-17
 106 C2H3        0  3  0  2  0  0  0  0  0  0  0  0  0  0  0.99193645D-17
 107 C4N         0  0  0  4  1  0  0  0  0  0  0  0  0  0  0.16524044D-18
 108 C4P         0  0  0  4  0  0  0  0  0  0  0  0  1  0  0.46506285D-29
 109 C4S         0  0  0  4  0  0  0  1  0  0  0  0  0  0  0.14916422D-21
 110 HCOOH       0  2  0  1  0  2  0  0  0  0  0  0  0  0  0.62396807D-23
 111 CH2PH       0  3  0  1  0  0  0  0  0  0  0  0  1  0  0.21975376D-33
 112 CH2NH       0  3  0  1  1  0  0  0  0  0  0  0  0  0  0.38811728D-21
 113 c-HCCHSi    0  2  0  2  0  0  1  0  0  0  0  0  0  0  0.29976751D-21
 114 SiC3H       0  1  0  3  0  0  1  0  0  0  0  0  0  0  0.12191315D-24
 115 SiC4        0  0  0  4  0  0  1  0  0  0  0  0  0  0  0.42903701D-27
 116 SiCH3       0  3  0  1  0  0  1  0  0  0  0  0  0  0  0.15056337D-26
 117 SiH4        0  4  0  0  0  0  1  0  0  0  0  0  0  0  0.20917494D-30
 118 HCNCC       0  1  0  3  1  0  0  0  0  0  0  0  0  0  0.13752552D-22
 119 HCCNC       0  1  0  3  1  0  0  0  0  0  0  0  0  0  0.13251633D-21
 120 HNCCC       0  1  0  3  1  0  0  0  0  0  0  0  0  0  0.73754606D-22
 121 NH2CN       0  2  0  1  2  0  0  0  0  0  0  0  0  0  0.00000000D+00
 122 C6          0  0  0  6  0  0  0  0  0  0  0  0  0  0  0.10141347D-18
 123 CH3CN       0  3  0  2  1  0  0  0  0  0  0  0  0  0  0.30490285D-22
 124 CH2CCH      0  3  0  3  0  0  0  0  0  0  0  0  0  0  0.16791929D-19
 125 C2H4        0  4  0  2  0  0  0  0  0  0  0  0  0  0  0.99109904D-26
 126 NC4N        0  0  0  4  2  0  0  0  0  0  0  0  0  0  0.47943622D-26
 127 H2CSiCH     0  3  0  2  0  0  1  0  0  0  0  0  0  0  0.56872418D-35
 128 SiC4H       0  1  0  4  0  0  1  0  0  0  0  0  0  0  0.10357580D-25
 129 HC4N        0  1  0  4  1  0  0  0  0  0  0  0  0  0  0.36321093D-25
 130 C4H2        0  2  0  4  0  0  0  0  0  0  0  0  0  0  0.16044314D-16
 131 C5H         0  1  0  5  0  0  0  0  0  0  0  0  0  0  0.12268623D-17
 132 C5N         0  0  0  5  1  0  0  0  0  0  0  0  0  0  0.14462438D-19
 133 CH3OH       0  4  0  1  0  1  0  0  0  0  0  0  0  0  0.60347620D-24
 134 NH2CHO      0  3  0  1  1  1  0  0  0  0  0  0  0  0  0.20015870D-25
 135 C5O         0  0  0  5  0  1  0  0  0  0  0  0  0  0  0.89302657D-15
 136 C7          0  0  0  7  0  0  0  0  0  0  0  0  0  0  0.48547668D-20
 137 HC5N        0  1  0  5  1  0  0  0  0  0  0  0  0  0  0.84875837D-21
 138 SiC2CH3     0  3  0  3  0  0  1  0  0  0  0  0  0  0  0.23630196D-37
 139 CH3CHO      0  4  0  2  0  1  0  0  0  0  0  0  0  0  0.65688037D-28
 140 C2H5        0  5  0  2  0  0  0  0  0  0  0  0  0  0  0.32764512D-33
 141 CH2CHCN     0  3  0  3  1  0  0  0  0  0  0  0  0  0  0.31627177D-31
 142 CH3CCH      0  4  0  3  0  0  0  0  0  0  0  0  0  0  0.36604135D-28
 143 C5H2        0  2  0  5  0  0  0  0  0  0  0  0  0  0  0.14578515D-16
 144 C6H         0  1  0  6  0  0  0  0  0  0  0  0  0  0  0.46279267D-18
 145 CH3NH2      0  5  0  1  1  0  0  0  0  0  0  0  0  0  0.12774733D-24
 146 C4H3        0  3  0  4  0  0  0  0  0  0  0  0  0  0  0.14836027D-21
 147 C6N         0  0  0  6  1  0  0  0  0  0  0  0  0  0  0.58183403D-20
 148 C8          0  0  0  8  0  0  0  0  0  0  0  0  0  0  0.18787959D-20
 149 HC6N        0  1  0  6  1  0  0  0  0  0  0  0  0  0  0.44285948D-27
 150 NC6N        0  0  0  6  2  0  0  0  0  0  0  0  0  0  0.10463938D-29
 151 SiC6H       0  1  0  6  0  0  1  0  0  0  0  0  0  0  0.13716464D-26
 152 CH2CHC2H    0  4  0  4  0  0  0  0  0  0  0  0  0  0  0.88762033D-32
 153 C6H2        0  2  0  6  0  0  0  0  0  0  0  0  0  0  0.21247361D-17
 154 C7H         0  1  0  7  0  0  0  0  0  0  0  0  0  0  0.20972827D-19
 155 C7N         0  0  0  7  1  0  0  0  0  0  0  0  0  0  0.15558132D-21
 156 CH3C3N      0  3  0  4  1  0  0  0  0  0  0  0  0  0  0.18585105D-27
 157 HCOOCH3     0  4  0  2  0  2  0  0  0  0  0  0  0  0  0.50014537D-35
 158 C2H6        0  6  0  2  0  0  0  0  0  0  0  0  0  0  0.58792897D-42
 159 C7O         0  0  0  7  0  1  0  0  0  0  0  0  0  0  0.15266010D-16
 160 C9          0  0  0  9  0  0  0  0  0  0  0  0  0  0  0.62633259D-22
 161 HC7N        0  1  0  7  1  0  0  0  0  0  0  0  0  0  0.12806568D-22
 162 SiC3H5      0  5  0  3  0  0  1  0  0  0  0  0  0  0  0.00000000D+00
 163 CH3CH2OH    0  6  0  2  0  1  0  0  0  0  0  0  0  0  0.22401350D-38
 164 C7H2        0  2  0  7  0  0  0  0  0  0  0  0  0  0  0.30325171D-18
 165 C8H         0  1  0  8  0  0  0  0  0  0  0  0  0  0  0.74267387D-20
 166 CH3C4H      0  4  0  5  0  0  0  0  0  0  0  0  0  0  0.84202941D-29
 167 CH3OCH3     0  6  0  2  0  1  0  0  0  0  0  0  0  0  0.19017306D-34
 168 CH3CHCH2    0  6  0  3  0  0  0  0  0  0  0  0  0  0  0.00000000D+00
 169 C8N         0  0  0  8  1  0  0  0  0  0  0  0  0  0  0.59009241D-22
 170 C10         0  0  0 10  0  0  0  0  0  0  0  0  0  0  0.68509738D-23
 171 CH3COCH3    0  6  0  3  0  1  0  0  0  0  0  0  0  0  0.15989596D-37
 172 C8H2        0  2  0  8  0  0  0  0  0  0  0  0  0  0  0.34789078D-19
 173 C9H         0  1  0  9  0  0  0  0  0  0  0  0  0  0  0.24108266D-21
 174 C9N         0  0  0  9  1  0  0  0  0  0  0  0  0  0  0.15102789D-23
 175 CH3C5N      0  3  0  6  1  0  0  0  0  0  0  0  0  0  0.41095456D-30
 176 HC8N        0  1  0  8  1  0  0  0  0  0  0  0  0  0  0.66821258D-29
 177 NC8N        0  0  0  8  2  0  0  0  0  0  0  0  0  0  0.15788608D-31
 178 SiC8H       0  1  0  8  0  0  1  0  0  0  0  0  0  0  0.22458465D-28
 179 CH2CHCHCH2  0  6  0  4  0  0  0  0  0  0  0  0  0  0  0.00000000D+00
 180 C9O         0  0  0  9  0  1  0  0  0  0  0  0  0  0  0.17548279D-18
 181 HC9N        0  1  0  9  1  0  0  0  0  0  0  0  0  0  0.62596266D-26
 182 C10H        0  1  0 10  0  0  0  0  0  0  0  0  0  0  0.28996976D-23
 183 C9H2        0  2  0  9  0  0  0  0  0  0  0  0  0  0  0.33878996D-20
 184 CH3C6H      0  4  0  7  0  0  0  0  0  0  0  0  0  0  0.11449570D-32
 185 C11         0  0  0 11  0  0  0  0  0  0  0  0  0  0  0.23826171D-30
 186 C10N        0  0  0 10  1  0  0  0  0  0  0  0  0  0  0.23018476D-25
 187 CH3C7N      0  3  0  8  1  0  0  0  0  0  0  0  0  0  0.60833002D-32
 188 C10H2       0  2  0 10  0  0  0  0  0  0  0  0  0  0  0.36215626D-24
 189 C6H6        0  6  0  6  0  0  0  0  0  0  0  0  0  0  0.86101196D-30
 190 Si+         1  0  0  0  0  0  1  0  0  0  0  0  0  0  0.79992143D-08
 191 C+          1  0  0  1  0  0  0  0  0  0  0  0  0  0  0.16979460D-03
 192 C-         -1  0  0  1  0  0  0  0  0  0  0  0  0  0  0.13442989D-16
 193 H-         -1  1  0  0  0  0  0  0  0  0  0  0  0  0  0.36728673D-10
 194 O-         -1  0  0  0  0  1  0  0  0  0  0  0  0  0  0.12642180D-12
 195 S-         -1  0  0  0  0  0  0  1  0  0  0  0  0  0  0.26224669D-19
 196 He+         1  0  1  0  0  0  0  0  0  0  0  0  0  0  0.13233687D-08
 197 H+          1  1  0  0  0  0  0  0  0  0  0  0  0  0  0.73516152D-08
 198 Fe+         1  0  0  0  0  0  0  0  1  0  0  0  0  0  0.29982662D-08
 199 Mg+         1  0  0  0  0  0  0  0  0  0  1  0  0  0  0.69893013D-08
 200 N+          1  0  0  0  1  0  0  0  0  0  0  0  0  0  0.58984679D-13
 201 Na+         1  0  0  0  0  0  0  0  0  1  0  0  0  0  0.19950085D-08
 202 O+          1  0  0  0  0  1  0  0  0  0  0  0  0  0  0.78115026D-12
 203 S+          1  0  0  0  0  0  0  1  0  0  0  0  0  0  0.79995898D-07
 204 Cl+         1  0  0  0  0  0  0  0  0  0  0  1  0  0  0.49236087D-11
 205 F+          1  0  0  0  0  0  0  0  0  0  0  0  0  1  0.14122876D-15
 206 P+          1  0  0  0  0  0  0  0  0  0  0  0  1  0  0.19999403D-09
 207 e-         -1  0  0  0  0  0  0  0  0  0  0  0  0  0  0.16990354D-03
 208 CH+         1  1  0  1  0  0  0  0  0  0  0  0  0  0  0.47989152D-11
 209 H2+         1  2  0  0  0  0  0  0  0  0  0  0  0  0  0.27912470D-13
 210 OH+         1  1  0  0  0  1  0  0  0  0  0  0  0  0  0.12172041D-11
 211 SiH+        1  1  0  0  0  0  1  0  0  0  0  0  0  0  0.80318699D-15
 212 C2+         1  0  0  2  0  0  0  0  0  0  0  0  0  0  0.11163024D-12
 213 CN-        -1  0  0  1  1  0  0  0  0  0  0  0  0  0  0.50499744D-23
 214 OH-        -1  1  0  0  0  1  0  0  0  0  0  0  0  0  0.54593114D-15
 215 CF+         1  0  0  1  0  0  0  0  0  0  0  0  0  1  0.51711758D-10
 216 HS+         1  1  0  0  0  0  0  1  0  0  0  0  0  0  0.10246139D-14
 217 SO+         1  0  0  0  0  1  0  1  0  0  0  0  0  0  0.23008411D-14
 218 CCl+        1  0  0  1  0  0  0  0  0  0  0  1  0  0  0.30432916D-12
 219 ClO+        1  0  0  0  0  1  0  0  0  0  0  1  0  0  0.12866588D-43
 220 CN+         1  0  0  1  1  0  0  0  0  0  0  0  0  0  0.97549672D-15
 221 CO+         1  0  0  1  0  1  0  0  0  0  0  0  0  0  0.38031474D-12
 222 CP+         1  0  0  1  0  0  0  0  0  0  0  0  1  0  0.32463420D-24
 223 CS+         1  0  0  1  0  0  0  1  0  0  0  0  0  0  0.50147613D-16
 224 HCl+        1  1  0  0  0  0  0  0  0  0  0  1  0  0  0.29854768D-11
 225 HF+         1  1  0  0  0  0  0  0  0  0  0  0  0  1  0.92138105D-16
 226 HeH+        1  1  1  0  0  0  0  0  0  0  0  0  0  0  0.11122478D-24
 227 N2+         1  0  0  0  2  0  0  0  0  0  0  0  0  0  0.21387737D-17
 228 NH+         1  1  0  0  1  0  0  0  0  0  0  0  0  0  0.96519094D-14
 229 NO+         1  0  0  0  1  1  0  0  0  0  0  0  0  0  0.15715939D-13
 230 NS+         1  0  0  0  1  0  0  1  0  0  0  0  0  0  0.10156489D-16
 231 O2+         1  0  0  0  0  2  0  0  0  0  0  0  0  0  0.97339370D-13
 232 PH+         1  1  0  0  0  0  0  0  0  0  0  0  1  0  0.38837181D-17
 233 PN+         1  0  0  0  1  0  0  0  0  0  0  0  1  0  0.25254435D-22
 234 PO+         1  0  0  0  0  1  0  0  0  0  0  0  1  0  0.66013355D-17
 235 S2+         1  0  0  0  0  0  0  2  0  0  0  0  0  0  0.17451403D-23
 236 SiC+        1  0  0  1  0  0  1  0  0  0  0  0  0  0  0.36677131D-16
 237 SiN+        1  0  0  0  1  0  1  0  0  0  0  0  0  0  0.12673633D-17
 238 SiO+        1  0  0  0  0  1  1  0  0  0  0  0  0  0  0.10066581D-15
 239 SiS+        1  0  0  0  0  0  1  1  0  0  0  0  0  0  0.83367521D-21
 240 SiF+        1  0  0  0  0  0  1  0  0  0  0  0  0  1  0.19515104D-14
 241 CH2+        1  2  0  1  0  0  0  0  0  0  0  0  0  0  0.19402660D-10
 242 C2N+        1  0  0  2  1  0  0  0  0  0  0  0  0  0  0.65205887D-17
 243 CNC+        1  0  0  2  1  0  0  0  0  0  0  0  0  0  0.34653510D-15
 244 HSiO+       1  1  0  0  0  1  1  0  0  0  0  0  0  0  0.98414926D-16
 245 N2H+        1  1  0  0  2  0  0  0  0  0  0  0  0  0  0.14781021D-16
 246 C2H+        1  1  0  2  0  0  0  0  0  0  0  0  0  0  0.93321947D-13
 247 H3+         1  3  0  0  0  0  0  0  0  0  0  0  0  0  0.16286765D-12
 248 C3-        -1  0  0  3  0  0  0  0  0  0  0  0  0  0  0.92785424D-23
 249 HCO+        1  1  0  1  0  1  0  0  0  0  0  0  0  0  0.10312469D-11
 250 HSO+        1  1  0  0  0  1  0  1  0  0  0  0  0  0  0.72585455D-22
 251 H2S+        1  2  0  0  0  0  0  1  0  0  0  0  0  0  0.81031239D-15
 252 HCS+        1  1  0  1  0  0  0  1  0  0  0  0  0  0  0.27207913D-16
 253 HPO+        1  1  0  0  0  1  0  0  0  0  0  0  1  0  0.30637659D-19
 254 C2O+        1  0  0  2  0  1  0  0  0  0  0  0  0  0  0.67788486D-17
 255 C2S+        1  0  0  2  0  0  0  1  0  0  0  0  0  0  0.37179596D-17
 256 C3+         1  0  0  3  0  0  0  0  0  0  0  0  0  0  0.58803496D-14
 257 CCP+        1  0  0  2  0  0  0  0  0  0  0  0  1  0  0.86243987D-24
 258 CHSi+       1  1  0  1  0  0  1  0  0  0  0  0  0  0  0.30223058D-16
 259 CO2+        1  0  0  1  0  2  0  0  0  0  0  0  0  0  0.60632876D-27
 260 H2Cl+       1  2  0  0  0  0  0  0  0  0  0  1  0  0  0.11114554D-10
 261 H2F+        1  2  0  0  0  0  0  0  0  0  0  0  0  1  0.14703446D-15
 262 H2O+        1  2  0  0  0  1  0  0  0  0  0  0  0  0  0.14004176D-11
 263 HCN+        1  1  0  1  1  0  0  0  0  0  0  0  0  0  0.27219371D-14
 264 HCP+        1  1  0  1  0  0  0  0  0  0  0  0  1  0  0.29817879D-24
 265 HNC+        1  1  0  1  1  0  0  0  0  0  0  0  0  0  0.78436394D-15
 266 HNO+        1  1  0  0  1  1  0  0  0  0  0  0  0  0  0.33132673D-15
 267 HNS+        1  1  0  0  1  0  0  1  0  0  0  0  0  0  0.76668810D-24
 268 HNSi+       1  1  0  0  1  0  1  0  0  0  0  0  0  0  0.38969779D-19
 269 HOC+        1  1  0  1  0  1  0  0  0  0  0  0  0  0  0.12650721D-11
 270 HPN+        1  1  0  0  1  0  0  0  0  0  0  0  1  0  0.16355436D-26
 271 HSiS+       1  1  0  0  0  0  1  1  0  0  0  0  0  0  0.35812762D-20
 272 NaH2+       1  2  0  0  0  0  0  0  0  1  0  0  0  0  0.22852890D-17
 273 NCO+        1  0  0  1  1  1  0  0  0  0  0  0  0  0  0.10029578D-19
 274 NH2+        1  2  0  0  1  0  0  0  0  0  0  0  0  0  0.21663060D-13
 275 NO2+        1  0  0  0  1  2  0  0  0  0  0  0  0  0  0.38383092D-21
 276 HO2+        1  1  0  0  0  2  0  0  0  0  0  0  0  0  0.40342221D-24
 277 OCS+        1  0  0  1  0  1  0  1  0  0  0  0  0  0  0.55096222D-19
 278 PH2+        1  2  0  0  0  0  0  0  0  0  0  0  1  0  0.42955096D-17
 279 HS2+        1  1  0  0  0  0  0  2  0  0  0  0  0  0  0.33338789D-24
 280 SiC2+       1  0  0  2  0  0  1  0  0  0  0  0  0  0  0.26738072D-17
 281 SiH2+       1  2  0  0  0  0  1  0  0  0  0  0  0  0  0.12378477D-14
 282 SiNC+       1  0  0  1  1  0  1  0  0  0  0  0  0  0  0.33115527D-19
 283 SO2+        1  0  0  0  0  2  0  1  0  0  0  0  0  0  0.16797224D-33
 284 HCNH+       1  2  0  1  1  0  0  0  0  0  0  0  0  0  0.91217924D-14
 285 HC2N+       1  1  0  2  1  0  0  0  0  0  0  0  0  0  0.56293651D-17
 286 C3H+        1  1  0  3  0  0  0  0  0  0  0  0  0  0  0.39457193D-14
 287 C4+         1  0  0  4  0  0  0  0  0  0  0  0  0  0  0.11406805D-16
 288 H2CO+       1  2  0  1  0  1  0  0  0  0  0  0  0  0  0.38572832D-16
 289 CH3+        1  3  0  1  0  0  0  0  0  0  0  0  0  0  0.19825781D-10
 290 C3N-       -1  0  0  3  1  0  0  0  0  0  0  0  0  0  0.21080560D-20
 291 C4-        -1  0  0  4  0  0  0  0  0  0  0  0  0  0  0.18576422D-19
 292 H3O+        1  3  0  0  0  1  0  0  0  0  0  0  0  0  0.16848338D-11
 293 H2NO+       1  2  0  0  1  1  0  0  0  0  0  0  0  0  0.33868655D-18
 294 H3S+        1  3  0  0  0  0  0  1  0  0  0  0  0  0  0.75749573D-20
 295 HC2S+       1  1  0  2  0  0  0  1  0  0  0  0  0  0  0.18211314D-20
 296 HOCS+       1  1  0  1  0  1  0  1  0  0  0  0  0  0  0.18841192D-26
 297 PCH2+       1  2  0  1  0  0  0  0  0  0  0  0  1  0  0.31006322D-23
 298 H2S2+       1  2  0  0  0  0  0  2  0  0  0  0  0  0  0.38516131D-33
 299 C2H2+       1  2  0  2  0  0  0  0  0  0  0  0  0  0  0.15362904D-12
 300 C2HO+       1  1  0  2  0  1  0  0  0  0  0  0  0  0  0.43367037D-16
 301 C2N2+       1  0  0  2  2  0  0  0  0  0  0  0  0  0  0.13644884D-28
 302 C3N+        1  0  0  3  1  0  0  0  0  0  0  0  0  0  0.64353536D-24
 303 C3O+        1  0  0  3  0  1  0  0  0  0  0  0  0  0  0.94912581D-20
 304 C3S+        1  0  0  3  0  0  0  1  0  0  0  0  0  0  0.11004744D-19
 305 CH2Si+      1  2  0  1  0  0  1  0  0  0  0  0  0  0  0.70636578D-16
 306 H2CCl+      1  2  0  1  0  0  0  0  0  0  0  1  0  0  0.32955365D-19
 307 H2CS+       1  2  0  1  0  0  0  1  0  0  0  0  0  0  0.18597900D-20
 308 H2NC+       1  2  0  1  1  0  0  0  0  0  0  0  0  0  0.22401813D-14
 309 H2PO+       1  2  0  0  0  1  0  0  0  0  0  0  1  0  0.39479339D-27
 310 H2SiO+      1  2  0  0  0  1  1  0  0  0  0  0  0  0  0.61978039D-26
 311 HOCO+       1  1  0  1  0  2  0  0  0  0  0  0  0  0  0.25445635D-20
 312 HNCO+       1  1  0  1  1  1  0  0  0  0  0  0  0  0  0.68852836D-25
 313 HSiO2+      1  1  0  0  0  2  1  0  0  0  0  0  0  0  0.85677091D-35
 314 HSO2+       1  1  0  0  0  2  0  1  0  0  0  0  0  0  0.22779756D-35
 315 NaH2O+      1  2  0  0  0  1  0  0  0  1  0  0  0  0  0.34153831D-25
 316 NH3+        1  3  0  0  1  0  0  0  0  0  0  0  0  0  0.71984616D-14
 317 PC2H+       1  1  0  2  0  0  0  0  0  0  0  0  1  0  0.58827424D-23
 318 PH3+        1  3  0  0  0  0  0  0  0  0  0  0  1  0  0.26692874D-24
 319 PNH2+       1  2  0  0  1  0  0  0  0  0  0  0  1  0  0.18411390D-24
 320 SiC2H+      1  1  0  2  0  0  1  0  0  0  0  0  0  0  0.11485748D-16
 321 l-SiC3+     1  0  0  3  0  0  1  0  0  0  0  0  0  0  0.11244785D-20
 322 SiH3+       1  3  0  0  0  0  1  0  0  0  0  0  0  0  0.65867737D-23
 323 SiNCH+      1  1  0  1  1  0  1  0  0  0  0  0  0  0  0.16850457D-25
 324 HSiNH+      1  2  0  0  1  0  1  0  0  0  0  0  0  0  0.11161505D-18
 325 HN2O+       1  1  0  0  2  1  0  0  0  0  0  0  0  0  0.16062849D-33
 326 C2H3+       1  3  0  2  0  0  0  0  0  0  0  0  0  0  0.24372709D-15
 327 c-C3H2+     1  2  0  3  0  0  0  0  0  0  0  0  0  0  0.16021928D-16
 328 l-C3H2+     1  2  0  3  0  0  0  0  0  0  0  0  0  0  0.10939815D-16
 329 C4H+        1  1  0  4  0  0  0  0  0  0  0  0  0  0  0.63731029D-17
 330 C5+         1  0  0  5  0  0  0  0  0  0  0  0  0  0  0.12008009D-18
 331 HC3O+       1  1  0  3  0  1  0  0  0  0  0  0  0  0  0.29352690D-24
 332 C4H-       -1  1  0  4  0  0  0  0  0  0  0  0  0  0  0.84681027D-19
 333 C5-        -1  0  0  5  0  0  0  0  0  0  0  0  0  0  0.17398090D-19
 334 NH4+        1  4  0  0  1  0  0  0  0  0  0  0  0  0  0.21309080D-17
 335 H3CS+       1  3  0  1  0  0  0  1  0  0  0  0  0  0  0.60589871D-24
 336 H2COH+      1  3  0  1  0  1  0  0  0  0  0  0  0  0  0.37367010D-20
 337 H3S2+       1  3  0  0  0  0  0  2  0  0  0  0  0  0  0.95474237D-29
 338 HC3S+       1  1  0  3  0  0  0  1  0  0  0  0  0  0  0.35072591D-20
 339 PC3H+       1  1  0  3  0  0  0  0  0  0  0  0  1  0  0.30271558D-29
 340 PCH3+       1  3  0  1  0  0  0  0  0  0  0  0  1  0  0.23098327D-33
 341 PNH3+       1  3  0  0  1  0  0  0  0  0  0  0  1  0  0.23811759D-32
 342 SiC2H2+     1  2  0  2  0  0  1  0  0  0  0  0  0  0  0.24639318D-23
 343 SiC3H+      1  1  0  3  0  0  1  0  0  0  0  0  0  0  0.24527097D-21
 344 SiC4+       1  0  0  4  0  0  1  0  0  0  0  0  0  0  0.78135009D-23
 345 SiCH3+      1  3  0  1  0  0  1  0  0  0  0  0  0  0  0.50010618D-28
 346 SiH4+       1  4  0  0  0  0  1  0  0  0  0  0  0  0  0.73480408D-38
 347 CH2CN+      1  2  0  2  1  0  0  0  0  0  0  0  0  0  0.12172678D-16
 348 H2CCO+      1  2  0  2  0  1  0  0  0  0  0  0  0  0  0.68380485D-19
 349 HC3N+       1  1  0  3  1  0  0  0  0  0  0  0  0  0  0.40606921D-20
 350 C4N+        1  0  0  4  1  0  0  0  0  0  0  0  0  0  0.20714090D-21
 351 C4P+        1  0  0  4  0  0  0  0  0  0  0  0  1  0  0.13012851D-35
 352 C4S+        1  0  0  4  0  0  0  1  0  0  0  0  0  0  0.76757355D-22
 353 HCOOH+      1  2  0  1  0  2  0  0  0  0  0  0  0  0  0.20647941D-24
 354 CH4+        1  4  0  1  0  0  0  0  0  0  0  0  0  0  0.29445214D-17
 355 H3SiO+      1  3  0  0  0  1  1  0  0  0  0  0  0  0  0.89634651D-35
 356 PC2H2+      1  2  0  2  0  0  0  0  0  0  0  0  1  0  0.28381385D-24
 357 C6+         1  0  0  6  0  0  0  0  0  0  0  0  0  0  0.15640275D-19
 358 HC4N+       1  1  0  4  1  0  0  0  0  0  0  0  0  0  0.18878326D-29
 359 C5H-       -1  1  0  5  0  0  0  0  0  0  0  0  0  0  0.11832498D-19
 360 C6-        -1  0  0  6  0  0  0  0  0  0  0  0  0  0  0.65573015D-20
 361 CH3CO+      1  3  0  2  0  1  0  0  0  0  0  0  0  0  0.93141684D-19
 362 C2H4+       1  4  0  2  0  0  0  0  0  0  0  0  0  0  0.15348099D-16
 363 HC3NH+      1  2  0  3  1  0  0  0  0  0  0  0  0  0  0.65465987D-22
 364 HC4S+       1  1  0  4  0  0  0  1  0  0  0  0  0  0  0.12086875D-22
 365 CH5+        1  5  0  1  0  0  0  0  0  0  0  0  0  0  0.15425086D-16
 366 C4H2+       1  2  0  4  0  0  0  0  0  0  0  0  0  0  0.18487148D-17
 367 C5H+        1  1  0  5  0  0  0  0  0  0  0  0  0  0  0.44003765D-19
 368 CH3CN+      1  3  0  2  1  0  0  0  0  0  0  0  0  0  0.28049109D-20
 369 c-C3H3+     1  3  0  3  0  0  0  0  0  0  0  0  0  0  0.17229487D-16
 370 l-C3H3+     1  3  0  3  0  0  0  0  0  0  0  0  0  0  0.17240122D-16
 371 C5N+        1  0  0  5  1  0  0  0  0  0  0  0  0  0  0.20214805D-23
 372 CH3O2+      1  3  0  1  0  2  0  0  0  0  0  0  0  0  0.49363537D-24
 373 CH2NH2+     1  4  0  1  1  0  0  0  0  0  0  0  0  0  0.39157766D-22
 374 CH3OH+      1  4  0  1  0  1  0  0  0  0  0  0  0  0  0.26717979D-25
 375 H2C3O+      1  2  0  3  0  1  0  0  0  0  0  0  0  0  0.92760365D-23
 376 HC2NCH+     1  2  0  3  1  0  0  0  0  0  0  0  0  0  0.15262533D-24
 377 HC4O+       1  1  0  4  0  1  0  0  0  0  0  0  0  0  0.78676467D-21
 378 NH2CNH+     1  3  0  1  2  0  0  0  0  0  0  0  0  0  0.00000000D+00
 379 PC2H3+      1  3  0  2  0  0  0  0  0  0  0  0  1  0  0.36623805D-38
 380 PC4H+       1  1  0  4  0  0  0  0  0  0  0  0  1  0  0.16605299D-30
 381 PCH4+       1  4  0  1  0  0  0  0  0  0  0  0  1  0  0.11549158D-34
 382 SiC2H3+     1  3  0  2  0  0  1  0  0  0  0  0  0  0  0.98677671D-23
 383 SiC3H2+     1  2  0  3  0  0  1  0  0  0  0  0  0  0  0.37816034D-26
 384 SiC4H+      1  1  0  4  0  0  1  0  0  0  0  0  0  0  0.54549280D-29
 385 SiCH4+      1  4  0  1  0  0  1  0  0  0  0  0  0  0  0.45813487D-28
 386 SiH5+       1  5  0  0  0  0  1  0  0  0  0  0  0  0  0.18854076D-31
 387 C7+         1  0  0  7  0  0  0  0  0  0  0  0  0  0  0.42490548D-20
 388 H2C4N+      1  2  0  4  1  0  0  0  0  0  0  0  0  0  0.23342971D-29
 389 C6H-       -1  1  0  6  0  0  0  0  0  0  0  0  0  0  0.12780370D-19
 390 C7-        -1  0  0  7  0  0  0  0  0  0  0  0  0  0  0.82077341D-21
 391 C4H3+       1  3  0  4  0  0  0  0  0  0  0  0  0  0  0.79233552D-18
 392 C5H2+       1  2  0  5  0  0  0  0  0  0  0  0  0  0  0.11826590D-23
 393 CH3CNH+     1  4  0  2  1  0  0  0  0  0  0  0  0  0  0.43616778D-22
 394 C2H4O+      1  4  0  2  0  1  0  0  0  0  0  0  0  0  0.14626228D-29
 395 C2H5+       1  5  0  2  0  0  0  0  0  0  0  0  0  0  0.10661009D-26
 396 C3H3N+      1  3  0  3  1  0  0  0  0  0  0  0  0  0  0.38455382D-31
 397 C3H4+       1  4  0  3  0  0  0  0  0  0  0  0  0  0  0.29342401D-27
 398 HC5N+       1  1  0  5  1  0  0  0  0  0  0  0  0  0  0.57377178D-23
 399 C6H+        1  1  0  6  0  0  0  0  0  0  0  0  0  0  0.11500497D-19
 400 CH3NH2+     1  5  0  1  1  0  0  0  0  0  0  0  0  0  0.39137522D-26
 401 CH3OH2+     1  5  0  1  0  1  0  0  0  0  0  0  0  0  0.16206933D-23
 402 H3C3O+      1  3  0  3  0  1  0  0  0  0  0  0  0  0  0.10923319D-24
 403 NH2CH2O+    1  4  0  1  1  1  0  0  0  0  0  0  0  0  0.22705931D-35
 404 PC2H4+      1  4  0  2  0  0  0  0  0  0  0  0  1  0  0.91875721D-42
 405 PC4H2+      1  2  0  4  0  0  0  0  0  0  0  0  1  0  0.12661528D-36
 406 HC5O+       1  1  0  5  0  1  0  0  0  0  0  0  0  0  0.71287634D-25
 407 C6N+        1  0  0  6  1  0  0  0  0  0  0  0  0  0  0.66433873D-23
 408 H2C5N+      1  2  0  5  1  0  0  0  0  0  0  0  0  0  0.12323711D-25
 409 C8+         1  0  0  8  0  0  0  0  0  0  0  0  0  0  0.36542750D-21
 410 C7H-       -1  1  0  7  0  0  0  0  0  0  0  0  0  0  0.13246085D-20
 411 C8-        -1  0  0  8  0  0  0  0  0  0  0  0  0  0  0.10211514D-21
 412 C5H3+       1  3  0  5  0  0  0  0  0  0  0  0  0  0  0.27584672D-26
 413 C3H5+       1  5  0  3  0  0  0  0  0  0  0  0  0  0  0.13280319D-28
 414 C6H2+       1  2  0  6  0  0  0  0  0  0  0  0  0  0  0.58258146D-20
 415 C7H+        1  1  0  7  0  0  0  0  0  0  0  0  0  0  0.16845571D-20
 416 CH3CHOH+    1  5  0  2  0  1  0  0  0  0  0  0  0  0  0.75664002D-29
 417 C2H6+       1  6  0  2  0  0  0  0  0  0  0  0  0  0  0.38554774D-44
 418 C3H3NH+     1  4  0  3  1  0  0  0  0  0  0  0  0  0  0.35763855D-33
 419 C4H4+       1  4  0  4  0  0  0  0  0  0  0  0  0  0  0.15977462D-21
 420 C7N+        1  0  0  7  1  0  0  0  0  0  0  0  0  0  0.67454007D-24
 421 CH3NH3+     1  6  0  1  1  0  0  0  0  0  0  0  0  0  0.14254560D-25
 422 COOCH4+     1  4  0  2  0  2  0  0  0  0  0  0  0  0  0.36158963D-37
 423 H3C4N+      1  3  0  4  1  0  0  0  0  0  0  0  0  0  0.17301452D-29
 424 HC6N+       1  1  0  6  1  0  0  0  0  0  0  0  0  0  0.77350083D-31
 425 C9+         1  0  0  9  0  0  0  0  0  0  0  0  0  0  0.71733674D-22
 426 C8H-       -1  1  0  8  0  0  0  0  0  0  0  0  0  0  0.10474766D-21
 427 C9-        -1  0  0  9  0  0  0  0  0  0  0  0  0  0  0.10132322D-22
 428 C4H5+       1  5  0  4  0  0  0  0  0  0  0  0  0  0  0.75282222D-29
 429 C6H3+       1  3  0  6  0  0  0  0  0  0  0  0  0  0  0.23322604D-23
 430 C7H2+       1  2  0  7  0  0  0  0  0  0  0  0  0  0  0.69301831D-21
 431 C2H5OH+     1  6  0  2  0  1  0  0  0  0  0  0  0  0  0.80873386D-40
 432 H3C4NH+     1  4  0  4  1  0  0  0  0  0  0  0  0  0  0.10927448D-29
 433 C5H3N+      1  3  0  5  1  0  0  0  0  0  0  0  0  0  0.72278132D-34
 434 C5H4+       1  4  0  5  0  0  0  0  0  0  0  0  0  0  0.48222730D-30
 435 HC7N+       1  1  0  7  1  0  0  0  0  0  0  0  0  0  0.49791394D-24
 436 C8H+        1  1  0  8  0  0  0  0  0  0  0  0  0  0  0.17535363D-21
 437 CH3OCH3+    1  6  0  2  0  1  0  0  0  0  0  0  0  0  0.30715089D-36
 438 H5C2O2+     1  5  0  2  0  2  0  0  0  0  0  0  0  0  0.27696584D-36
 439 HC7O+       1  1  0  7  0  1  0  0  0  0  0  0  0  0  0.12186398D-26
 440 C8N+        1  0  0  8  1  0  0  0  0  0  0  0  0  0  0.96182519D-25
 441 H2C6N+      1  2  0  6  1  0  0  0  0  0  0  0  0  0  0.33005282D-30
 442 C2H7+       1  7  0  2  0  0  0  0  0  0  0  0  0  0  0.14276115D-53
 443 C10+        1  0  0 10  0  0  0  0  0  0  0  0  0  0  0.64783400D-23
 444 CH3OCH4+    1  7  0  2  0  1  0  0  0  0  0  0  0  0  0.23189965D-35
 445 C9H-       -1  1  0  9  0  0  0  0  0  0  0  0  0  0  0.11318030D-22
 446 C10-       -1  0  0 10  0  0  0  0  0  0  0  0  0  0  0.36279668D-24
 447 C7H2N+      1  2  0  7  1  0  0  0  0  0  0  0  0  0  0.53940430D-26
 448 C7H3+       1  3  0  7  0  0  0  0  0  0  0  0  0  0  0.25702460D-24
 449 C5H5+       1  5  0  5  0  0  0  0  0  0  0  0  0  0  0.26285362D-31
 450 C8H2+       1  2  0  8  0  0  0  0  0  0  0  0  0  0  0.13596391D-21
 451 C9H+        1  1  0  9  0  0  0  0  0  0  0  0  0  0  0.22855337D-22
 452 C2H5OH2+    1  7  0  2  0  1  0  0  0  0  0  0  0  0  0.62888059D-39
 453 C2H6CO+     1  6  0  3  0  1  0  0  0  0  0  0  0  0  0.50825567D-39
 454 C5H4N+      1  4  0  5  1  0  0  0  0  0  0  0  0  0  0.17032300D-35
 455 C6H4+       1  4  0  6  0  0  0  0  0  0  0  0  0  0  0.48702317D-31
 456 C9N+        1  0  0  9  1  0  0  0  0  0  0  0  0  0  0.68467124D-26
 457 HC8N+       1  1  0  8  1  0  0  0  0  0  0  0  0  0  0.11132926D-32
 458 C10H+       1  1  0 10  0  0  0  0  0  0  0  0  0  0  0.72056860D-24
 459 C10H-      -1  1  0 10  0  0  0  0  0  0  0  0  0  0  0.20657166D-25
 460 C8H3+       1  3  0  8  0  0  0  0  0  0  0  0  0  0  0.50422192D-25
 461 C9H2+       1  2  0  9  0  0  0  0  0  0  0  0  0  0  0.77423359D-23
 462 C3H6OH+     1  7  0  3  0  1  0  0  0  0  0  0  0  0  0.14563568D-38
 463 C4H7+       1  7  0  4  0  0  0  0  0  0  0  0  0  0  0.21487232D-42
 464 H3C6NH+     1  4  0  6  1  0  0  0  0  0  0  0  0  0  0.42587832D-32
 465 C6H5+       1  5  0  6  0  0  0  0  0  0  0  0  0  0  0.27572677D-32
 466 H3C7N+      1  3  0  7  1  0  0  0  0  0  0  0  0  0  0.95856404D-36
 467 C7H4+       1  4  0  7  0  0  0  0  0  0  0  0  0  0  0.93857699D-32
 468 C9HN+       1  1  0  9  1  0  0  0  0  0  0  0  0  0  0.47031666D-26
 469 C11+        1  0  0 11  0  0  0  0  0  0  0  0  0  0  0.10812962D-25
 470 HC9O+       1  1  0  9  0  1  0  0  0  0  0  0  0  0  0.14008265D-28
 471 C10N+       1  0  0 10  1  0  0  0  0  0  0  0  0  0  0.41731491D-28
 472 H2C8N+      1  2  0  8  1  0  0  0  0  0  0  0  0  0  0.47504198D-32
 473 C9H2N+      1  2  0  9  1  0  0  0  0  0  0  0  0  0  0.76537818D-29
 474 C9H3+       1  3  0  9  0  0  0  0  0  0  0  0  0  0  0.28710355D-26
 475 C10H2+      1  2  0 10  0  0  0  0  0  0  0  0  0  0  0.52365429D-26
 476 C7H5+       1  5  0  7  0  0  0  0  0  0  0  0  0  0  0.10391935D-32
 477 C8H4+       1  4  0  8  0  0  0  0  0  0  0  0  0  0  0.15474038D-32
 478 HC10N+      1  1  0 10  1  0  0  0  0  0  0  0  0  0  0.43427604D-36
 479 C6H7+       1  7  0  6  0  0  0  0  0  0  0  0  0  0  0.14213071D-33
 480 C9H4+       1  4  0  9  0  0  0  0  0  0  0  0  0  0  0.14114547D-33
 481 C8H4N+      1  4  0  8  1  0  0  0  0  0  0  0  0  0  0.64258281D-34
 482 C8H5+       1  5  0  8  0  0  0  0  0  0  0  0  0  0  0.24940583D-37
 483 C9H3N+      1  3  0  9  1  0  0  0  0  0  0  0  0  0  0.14166470D-37
 484 C10H3+      1  3  0 10  0  0  0  0  0  0  0  0  0  0  0.25212775D-29
 485 H2C10N+     1  2  0 10  1  0  0  0  0  0  0  0  0  0  0.27795839D-35
 486 C9H5+       1  5  0  9  0  0  0  0  0  0  0  0  0  0  0.86829100D-46
 487 GRAIN0      0  0  0  0  0  0  0  0  0  0  0  0  0  0  0.88784613D-14
 488 GRAIN-     -1  0  0  0  0  0  0  0  0  0  0  0  0  0  0.13126215D-11
 489 XH          0  1  0  0  0  0  0  0  0  0  0  0  0  0  0.93478585D-15
