0.11D+08                                              +-  H  He C  O  S  G    
 JSPACE =            1
   1 H           0  1  0  0  0  0  0  0  0  0  0  0  0  0  0.47860838D-06
   2 C           0  0  0  1  0  0  0  0  0  0  0  0  0  0  0.25768609D-10
   3 Fe          0  0  0  0  0  0  0  0  1  0  0  0  0  0  0.15706314D-08
   4 Mg          0  0  0  0  0  0  0  0  0  0  1  0  0  0  0.48139680D-08
   5 S           0  0  0  0  0  0  0  1  0  0  0  0  0  0  0.40111991D-09
   6 Si          0  0  0  0  0  0  1  0  0  0  0  0  0  0  0.16530644D-10
   7 O           0  0  0  0  0  1  0  0  0  0  0  0  0  0  0.28407605D-04
   8 N           0  0  0  0  1  0  0  0  0  0  0  0  0  0  0.29989484D-06
   9 He          0  0  1  0  0  0  0  0  0  0  0  0  0  0  0.90000000D-01
  10 Cl          0  0  0  0  0  0  0  0  0  0  0  1  0  0  0.71342283D-12
  11 Na          0  0  0  0  0  0  0  0  0  1  0  0  0  0  0.12660297D-08
  12 P           0  0  0  0  0  0  0  0  0  0  0  0  1  0  0.25991185D-10
  13 F           0  0  0  0  0  0  0  0  0  0  0  0  0  1  0.61368864D-15
  14 OH          0  1  0  0  0  1  0  0  0  0  0  0  0  0  0.13550638D-08
  15 CO          0  0  0  1  0  1  0  0  0  0  0  0  0  0  0.16941146D-03
  16 CS          0  0  0  1  0  0  0  1  0  0  0  0  0  0  0.18311213D-11
  17 HS          0  1  0  0  0  0  0  1  0  0  0  0  0  0  0.27512653D-14
  18 N2          0  0  0  0  2  0  0  0  0  0  0  0  0  0  0.30840457D-04
  19 NH          0  1  0  0  1  0  0  0  0  0  0  0  0  0  0.45225811D-11
  20 SiH         0  1  0  0  0  0  1  0  0  0  0  0  0  0  0.12519058D-13
  21 SiO         0  0  0  0  0  1  1  0  0  0  0  0  0  0  0.79025105D-08
  22 SO          0  0  0  0  0  1  0  1  0  0  0  0  0  0  0.54202390D-07
  23 CH          0  1  0  1  0  0  0  0  0  0  0  0  0  0  0.30048897D-13
  24 O2          0  0  0  0  0  2  0  0  0  0  0  0  0  0  0.20116547D-04
  25 H2          0  2  0  0  0  0  0  0  0  0  0  0  0  0  0.49999908D+00
  26 C2          0  0  0  2  0  0  0  0  0  0  0  0  0  0  0.28297528D-15
  27 CN          0  0  0  1  1  0  0  0  0  0  0  0  0  0  0.63682115D-12
  28 MgH         0  1  0  0  0  0  0  0  0  0  1  0  0  0  0.23818475D-11
  29 NaH         0  1  0  0  0  0  0  0  0  1  0  0  0  0  0.44797021D-12
  30 NO          0  0  0  0  1  1  0  0  0  0  0  0  0  0  0.68653577D-08
  31 NS          0  0  0  0  1  0  0  1  0  0  0  0  0  0  0.26366921D-16
  32 PH          0  1  0  0  0  0  0  0  0  0  0  0  1  0  0.31615302D-12
  33 PN          0  0  0  0  1  0  0  0  0  0  0  0  1  0  0.10586008D-09
  34 PO          0  0  0  0  0  1  0  0  0  0  0  0  1  0  0.67184516D-10
  35 S2          0  0  0  0  0  0  0  2  0  0  0  0  0  0  0.17715749D-17
  36 SiC         0  0  0  1  0  0  1  0  0  0  0  0  0  0  0.56777746D-16
  37 SiN         0  0  0  0  1  0  1  0  0  0  0  0  0  0  0.10563358D-13
  38 SiS         0  0  0  0  0  0  1  1  0  0  0  0  0  0  0.48093028D-14
  39 CCl         0  0  0  1  0  0  0  0  0  0  0  1  0  0  0.27068379D-15
  40 ClO         0  0  0  0  0  1  0  0  0  0  0  1  0  0  0.16852415D-49
  41 CP          0  0  0  1  0  0  0  0  0  0  0  0  1  0  0.92403208D-17
  42 HCl         0  1  0  0  0  0  0  0  0  0  0  1  0  0  0.99924567D-09
  43 HF          0  1  0  0  0  0  0  0  0  0  0  0  0  1  0.66792475D-08
  44 CCH         0  1  0  2  0  0  0  0  0  0  0  0  0  0  0.65611388D-14
  45 C3          0  0  0  3  0  0  0  0  0  0  0  0  0  0  0.70251879D-16
  46 CH2         0  2  0  1  0  0  0  0  0  0  0  0  0  0  0.68538878D-12
  47 SO2         0  0  0  0  0  2  0  1  0  0  0  0  0  0  0.25222353D-07
  48 H2O         0  2  0  0  0  1  0  0  0  0  0  0  0  0  0.65326504D-06
  49 HCN         0  1  0  1  1  0  0  0  0  0  0  0  0  0  0.16057522D-09
  50 HCSi        0  1  0  1  0  0  1  0  0  0  0  0  0  0  0.29929782D-17
  51 CCN         0  0  0  2  1  0  0  0  0  0  0  0  0  0  0.35592507D-15
  52 CCS         0  0  0  2  0  0  0  1  0  0  0  0  0  0  0.37485996D-16
  53 CCO         0  0  0  2  0  1  0  0  0  0  0  0  0  0  0.44793680D-16
  54 CCP         0  0  0  2  0  0  0  0  0  0  0  0  1  0  0.23155282D-18
  55 CO2         0  0  0  1  0  2  0  0  0  0  0  0  0  0  0.58375726D-06
  56 H2S         0  2  0  0  0  0  0  1  0  0  0  0  0  0  0.10718648D-11
  57 HCO         0  1  0  1  0  1  0  0  0  0  0  0  0  0  0.14253706D-10
  58 HCP         0  1  0  1  0  0  0  0  0  0  0  0  1  0  0.17212615D-14
  59 HCS         0  1  0  1  0  0  0  1  0  0  0  0  0  0  0.11410927D-16
  60 HNC         0  1  0  1  1  0  0  0  0  0  0  0  0  0  0.11224282D-09
  61 HNO         0  1  0  0  1  1  0  0  0  0  0  0  0  0  0.47348421D-10
  62 HNSi        0  1  0  0  1  0  1  0  0  0  0  0  0  0  0.52794197D-11
  63 HPO         0  1  0  0  0  1  0  0  0  0  0  0  1  0  0.43462947D-15
  64 HSS         0  1  0  0  0  0  0  2  0  0  0  0  0  0  0.41951808D-15
  65 N2O         0  0  0  0  2  1  0  0  0  0  0  0  0  0  0.10711074D-11
  66 NaOH        0  1  0  0  0  1  0  0  0  1  0  0  0  0  0.27989279D-11
  67 NH2         0  2  0  0  1  0  0  0  0  0  0  0  0  0  0.28348581D-10
  68 NO2         0  0  0  0  1  2  0  0  0  0  0  0  0  0  0.24364960D-45
  69 O2H         0  1  0  0  0  2  0  0  0  0  0  0  0  0  0.21130305D-11
  70 OCN         0  0  0  1  1  1  0  0  0  0  0  0  0  0  0.40614779D-12
  71 OCS         0  0  0  1  0  1  0  1  0  0  0  0  0  0  0.16493595D-10
  72 PH2         0  2  0  0  0  0  0  0  0  0  0  0  1  0  0.36463489D-17
  73 c-SiC2      0  0  0  2  0  0  1  0  0  0  0  0  0  0  0.14210359D-15
  74 SiH2        0  2  0  0  0  0  1  0  0  0  0  0  0  0  0.21060557D-17
  75 SiNC        0  0  0  1  1  0  1  0  0  0  0  0  0  0  0.30003185D-19
  76 SiO2        0  0  0  0  0  2  1  0  0  0  0  0  0  0  0.30526900D-10
  77 C4          0  0  0  4  0  0  0  0  0  0  0  0  0  0  0.95874876D-17
  78 c-C3H       0  1  0  3  0  0  0  0  0  0  0  0  0  0  0.21435175D-16
  79 l-C3H       0  1  0  3  0  0  0  0  0  0  0  0  0  0  0.20138986D-16
  80 CH3         0  3  0  1  0  0  0  0  0  0  0  0  0  0  0.10944231D-13
  81 C2H2        0  2  0  2  0  0  0  0  0  0  0  0  0  0  0.34775619D-10
  82 NH3         0  3  0  0  1  0  0  0  0  0  0  0  0  0  0.11736305D-07
  83 SiCH2       0  2  0  1  0  0  1  0  0  0  0  0  0  0  0.20003347D-16
  84 C3N         0  0  0  3  1  0  0  0  0  0  0  0  0  0  0.76523853D-18
  85 C3O         0  0  0  3  0  1  0  0  0  0  0  0  0  0  0.58323181D-15
  86 C3P         0  0  0  3  0  0  0  0  0  0  0  0  1  0  0.21210085D-21
  87 C3S         0  0  0  3  0  0  0  1  0  0  0  0  0  0  0.52531905D-17
  88 H2CO        0  2  0  1  0  1  0  0  0  0  0  0  0  0  0.57438987D-11
  89 H2CS        0  2  0  1  0  0  0  1  0  0  0  0  0  0  0.11891770D-12
  90 HOOH        0  2  0  0  0  2  0  0  0  0  0  0  0  0  0.67158886D-15
  91 HSSH        0  2  0  0  0  0  0  2  0  0  0  0  0  0  0.24938199D-15
  92 H2SiO       0  2  0  0  0  1  1  0  0  0  0  0  0  0  0.23540887D-16
  93 HCCP        0  1  0  2  0  0  0  0  0  0  0  0  1  0  0.23284520D-19
  94 HCCSi       0  1  0  2  0  0  1  0  0  0  0  0  0  0  0.38714858D-13
  95 l-SiC3      0  0  0  3  0  0  1  0  0  0  0  0  0  0  0.43882566D-19
  96 SiH3        0  3  0  0  0  0  1  0  0  0  0  0  0  0  0.40579369D-21
  97 H2CN        0  2  0  1  1  0  0  0  0  0  0  0  0  0  0.12467021D-15
  98 C5          0  0  0  5  0  0  0  0  0  0  0  0  0  0  0.38098298D-18
  99 c-C3H2      0  2  0  3  0  0  0  0  0  0  0  0  0  0  0.12241560D-13
 100 l-C3H2      0  2  0  3  0  0  0  0  0  0  0  0  0  0  0.11638132D-13
 101 C4H         0  1  0  4  0  0  0  0  0  0  0  0  0  0  0.22091778D-16
 102 CH4         0  4  0  1  0  0  0  0  0  0  0  0  0  0  0.87749506D-09
 103 HC3N        0  1  0  3  1  0  0  0  0  0  0  0  0  0  0.22691585D-14
 104 H2CCN       0  2  0  2  1  0  0  0  0  0  0  0  0  0  0.44633333D-15
 105 H2CCO       0  2  0  2  0  1  0  0  0  0  0  0  0  0  0.77262773D-11
 106 C2H3        0  3  0  2  0  0  0  0  0  0  0  0  0  0  0.31048554D-15
 107 C4N         0  0  0  4  1  0  0  0  0  0  0  0  0  0  0.29428343D-18
 108 C4P         0  0  0  4  0  0  0  0  0  0  0  0  1  0  0.29939896D-22
 109 C4S         0  0  0  4  0  0  0  1  0  0  0  0  0  0  0.21735255D-16
 110 HCOOH       0  2  0  1  0  2  0  0  0  0  0  0  0  0  0.10707446D-08
 111 CH2PH       0  3  0  1  0  0  0  0  0  0  0  0  1  0  0.14467229D-19
 112 CH2NH       0  3  0  1  1  0  0  0  0  0  0  0  0  0  0.13264626D-11
 113 c-HCCHSi    0  2  0  2  0  0  1  0  0  0  0  0  0  0  0.17363991D-15
 114 SiC3H       0  1  0  3  0  0  1  0  0  0  0  0  0  0  0.47799538D-18
 115 SiC4        0  0  0  4  0  0  1  0  0  0  0  0  0  0  0.37527104D-23
 116 SiCH3       0  3  0  1  0  0  1  0  0  0  0  0  0  0  0.50639996D-18
 117 SiH4        0  4  0  0  0  0  1  0  0  0  0  0  0  0  0.11704615D-17
 118 HCNCC       0  1  0  3  1  0  0  0  0  0  0  0  0  0  0.79709580D-16
 119 HCCNC       0  1  0  3  1  0  0  0  0  0  0  0  0  0  0.22405901D-15
 120 HNCCC       0  1  0  3  1  0  0  0  0  0  0  0  0  0  0.64053697D-16
 121 NH2CN       0  2  0  1  2  0  0  0  0  0  0  0  0  0  0.00000000D+00
 122 C6          0  0  0  6  0  0  0  0  0  0  0  0  0  0  0.18885344D-17
 123 CH3CN       0  3  0  2  1  0  0  0  0  0  0  0  0  0  0.31168852D-13
 124 CH2CCH      0  3  0  3  0  0  0  0  0  0  0  0  0  0  0.39297644D-15
 125 C2H4        0  4  0  2  0  0  0  0  0  0  0  0  0  0  0.11952936D-13
 126 NC4N        0  0  0  4  2  0  0  0  0  0  0  0  0  0  0.27625413D-10
 127 H2CSiCH     0  3  0  2  0  0  1  0  0  0  0  0  0  0  0.96940174D-15
 128 SiC4H       0  1  0  4  0  0  1  0  0  0  0  0  0  0  0.11936732D-11
 129 HC4N        0  1  0  4  1  0  0  0  0  0  0  0  0  0  0.39226672D-15
 130 C4H2        0  2  0  4  0  0  0  0  0  0  0  0  0  0  0.31105726D-12
 131 C5H         0  1  0  5  0  0  0  0  0  0  0  0  0  0  0.63986894D-18
 132 C5N         0  0  0  5  1  0  0  0  0  0  0  0  0  0  0.58927358D-19
 133 CH3OH       0  4  0  1  0  1  0  0  0  0  0  0  0  0  0.13244738D-14
 134 NH2CHO      0  3  0  1  1  1  0  0  0  0  0  0  0  0  0.10144328D-14
 135 C5O         0  0  0  5  0  1  0  0  0  0  0  0  0  0  0.33586263D-16
 136 C7          0  0  0  7  0  0  0  0  0  0  0  0  0  0  0.14419597D-21
 137 HC5N        0  1  0  5  1  0  0  0  0  0  0  0  0  0  0.12348836D-16
 138 SiC2CH3     0  3  0  3  0  0  1  0  0  0  0  0  0  0  0.58345642D-17
 139 CH3CHO      0  4  0  2  0  1  0  0  0  0  0  0  0  0  0.47174208D-15
 140 C2H5        0  5  0  2  0  0  0  0  0  0  0  0  0  0  0.15869140D-22
 141 CH2CHCN     0  3  0  3  1  0  0  0  0  0  0  0  0  0  0.47692533D-18
 142 CH3CCH      0  4  0  3  0  0  0  0  0  0  0  0  0  0  0.51511337D-16
 143 C5H2        0  2  0  5  0  0  0  0  0  0  0  0  0  0  0.28681762D-16
 144 C6H         0  1  0  6  0  0  0  0  0  0  0  0  0  0  0.25917907D-17
 145 CH3NH2      0  5  0  1  1  0  0  0  0  0  0  0  0  0  0.13410827D-11
 146 C4H3        0  3  0  4  0  0  0  0  0  0  0  0  0  0  0.71254217D-19
 147 C6N         0  0  0  6  1  0  0  0  0  0  0  0  0  0  0.41388173D-19
 148 C8          0  0  0  8  0  0  0  0  0  0  0  0  0  0  0.69504940D-23
 149 HC6N        0  1  0  6  1  0  0  0  0  0  0  0  0  0  0.17359926D-14
 150 NC6N        0  0  0  6  2  0  0  0  0  0  0  0  0  0  0.11666855D-10
 151 SiC6H       0  1  0  6  0  0  1  0  0  0  0  0  0  0  0.18698831D-12
 152 CH2CHC2H    0  4  0  4  0  0  0  0  0  0  0  0  0  0  0.44990192D-22
 153 C6H2        0  2  0  6  0  0  0  0  0  0  0  0  0  0  0.12571990D-15
 154 C7H         0  1  0  7  0  0  0  0  0  0  0  0  0  0  0.29808225D-20
 155 C7N         0  0  0  7  1  0  0  0  0  0  0  0  0  0  0.15514021D-20
 156 CH3C3N      0  3  0  4  1  0  0  0  0  0  0  0  0  0  0.92757014D-19
 157 HCOOCH3     0  4  0  2  0  2  0  0  0  0  0  0  0  0  0.24008607D-18
 158 C2H6        0  6  0  2  0  0  0  0  0  0  0  0  0  0  0.13008769D-28
 159 C7O         0  0  0  7  0  1  0  0  0  0  0  0  0  0  0.15640106D-18
 160 C9          0  0  0  9  0  0  0  0  0  0  0  0  0  0  0.24105466D-23
 161 HC7N        0  1  0  7  1  0  0  0  0  0  0  0  0  0  0.10480764D-18
 162 SiC3H5      0  5  0  3  0  0  1  0  0  0  0  0  0  0  0.00000000D+00
 163 CH3CH2OH    0  6  0  2  0  1  0  0  0  0  0  0  0  0  0.27549633D-17
 164 C7H2        0  2  0  7  0  0  0  0  0  0  0  0  0  0  0.63931765D-18
 165 C8H         0  1  0  8  0  0  0  0  0  0  0  0  0  0  0.70655660D-19
 166 CH3C4H      0  4  0  5  0  0  0  0  0  0  0  0  0  0  0.12878179D-16
 167 CH3OCH3     0  6  0  2  0  1  0  0  0  0  0  0  0  0  0.32428329D-21
 168 CH3CHCH2    0  6  0  3  0  0  0  0  0  0  0  0  0  0  0.00000000D+00
 169 C8N         0  0  0  8  1  0  0  0  0  0  0  0  0  0  0.83898539D-21
 170 C10         0  0  0 10  0  0  0  0  0  0  0  0  0  0  0.54094107D-28
 171 CH3COCH3    0  6  0  3  0  1  0  0  0  0  0  0  0  0  0.96584977D-21
 172 C8H2        0  2  0  8  0  0  0  0  0  0  0  0  0  0  0.33365143D-17
 173 C9H         0  1  0  9  0  0  0  0  0  0  0  0  0  0  0.35082404D-23
 174 C9N         0  0  0  9  1  0  0  0  0  0  0  0  0  0  0.61942801D-24
 175 CH3C5N      0  3  0  6  1  0  0  0  0  0  0  0  0  0  0.49149800D-22
 176 HC8N        0  1  0  8  1  0  0  0  0  0  0  0  0  0  0.36427802D-15
 177 NC8N        0  0  0  8  2  0  0  0  0  0  0  0  0  0  0.24023160D-11
 178 SiC8H       0  1  0  8  0  0  1  0  0  0  0  0  0  0  0.70405504D-13
 179 CH2CHCHCH2  0  6  0  4  0  0  0  0  0  0  0  0  0  0  0.00000000D+00
 180 C9O         0  0  0  9  0  1  0  0  0  0  0  0  0  0  0.18404901D-21
 181 HC9N        0  1  0  9  1  0  0  0  0  0  0  0  0  0  0.64830082D-22
 182 C10H        0  1  0 10  0  0  0  0  0  0  0  0  0  0  0.75934000D-28
 183 C9H2        0  2  0  9  0  0  0  0  0  0  0  0  0  0  0.30677598D-22
 184 CH3C6H      0  4  0  7  0  0  0  0  0  0  0  0  0  0  0.36390374D-21
 185 C11         0  0  0 11  0  0  0  0  0  0  0  0  0  0  0.35582690D-32
 186 C10N        0  0  0 10  1  0  0  0  0  0  0  0  0  0  0.89403797D-28
 187 CH3C7N      0  3  0  8  1  0  0  0  0  0  0  0  0  0  0.40256567D-24
 188 C10H2       0  2  0 10  0  0  0  0  0  0  0  0  0  0  0.32520814D-24
 189 C6H6        0  6  0  6  0  0  0  0  0  0  0  0  0  0  0.15251182D-17
 190 Si+         1  0  0  0  0  0  1  0  0  0  0  0  0  0  0.87817830D-12
 191 C+          1  0  0  1  0  0  0  0  0  0  0  0  0  0  0.48319915D-10
 192 C-         -1  0  0  1  0  0  0  0  0  0  0  0  0  0  0.84683263D-20
 193 H-         -1  1  0  0  0  0  0  0  0  0  0  0  0  0  0.58517847D-13
 194 O-         -1  0  0  0  0  1  0  0  0  0  0  0  0  0  0.96562862D-18
 195 S-         -1  0  0  0  0  0  0  1  0  0  0  0  0  0  0.29701505D-18
 196 He+         1  0  1  0  0  0  0  0  0  0  0  0  0  0  0.31006728D-11
 197 H+          1  1  0  0  0  0  0  0  0  0  0  0  0  0  0.74480847D-11
 198 Fe+         1  0  0  0  0  0  0  0  1  0  0  0  0  0  0.14293686D-08
 199 Mg+         1  0  0  0  0  0  0  0  0  0  1  0  0  0  0.21836502D-08
 200 N+          1  0  0  0  1  0  0  0  0  0  0  0  0  0  0.23496943D-15
 201 Na+         1  0  0  0  0  0  0  0  0  1  0  0  0  0  0.73065727D-09
 202 O+          1  0  0  0  0  1  0  0  0  0  0  0  0  0  0.69018451D-15
 203 S+          1  0  0  0  0  0  0  1  0  0  0  0  0  0  0.61551673D-11
 204 Cl+         1  0  0  0  0  0  0  0  0  0  0  1  0  0  0.24357003D-19
 205 F+          1  0  0  0  0  0  0  0  0  0  0  0  0  1  0.22392550D-18
 206 P+          1  0  0  0  0  0  0  0  0  0  0  0  1  0  0.55434312D-15
 207 e-         -1  0  0  0  0  0  0  0  0  0  0  0  0  0  0.82739868D-08
 208 CH+         1  1  0  1  0  0  0  0  0  0  0  0  0  0  0.10980059D-18
 209 H2+         1  2  0  0  0  0  0  0  0  0  0  0  0  0  0.11521953D-13
 210 OH+         1  1  0  0  0  1  0  0  0  0  0  0  0  0  0.22010828D-14
 211 SiH+        1  1  0  0  0  0  1  0  0  0  0  0  0  0  0.52230526D-14
 212 C2+         1  0  0  2  0  0  0  0  0  0  0  0  0  0  0.31735792D-21
 213 CN-        -1  0  0  1  1  0  0  0  0  0  0  0  0  0  0.64936536D-16
 214 OH-        -1  1  0  0  0  1  0  0  0  0  0  0  0  0  0.14620291D-12
 215 CF+         1  0  0  1  0  0  0  0  0  0  0  0  0  1  0.57193149D-12
 216 HS+         1  1  0  0  0  0  0  1  0  0  0  0  0  0  0.15871456D-13
 217 SO+         1  0  0  0  0  1  0  1  0  0  0  0  0  0  0.63327927D-11
 218 CCl+        1  0  0  1  0  0  0  0  0  0  0  1  0  0  0.39116167D-13
 219 ClO+        1  0  0  0  0  1  0  0  0  0  0  1  0  0  0.10976513D-53
 220 CN+         1  0  0  1  1  0  0  0  0  0  0  0  0  0  0.53693411D-20
 221 CO+         1  0  0  1  0  1  0  0  0  0  0  0  0  0  0.50876236D-15
 222 CP+         1  0  0  1  0  0  0  0  0  0  0  0  1  0  0.34124596D-26
 223 CS+         1  0  0  1  0  0  0  1  0  0  0  0  0  0  0.89082675D-17
 224 HCl+        1  1  0  0  0  0  0  0  0  0  0  1  0  0  0.10472907D-18
 225 HF+         1  1  0  0  0  0  0  0  0  0  0  0  0  1  0.17224984D-18
 226 HeH+        1  1  1  0  0  0  0  0  0  0  0  0  0  0  0.88192059D-22
 227 N2+         1  0  0  0  2  0  0  0  0  0  0  0  0  0  0.44999549D-16
 228 NH+         1  1  0  0  1  0  0  0  0  0  0  0  0  0  0.12538121D-15
 229 NO+         1  0  0  0  1  1  0  0  0  0  0  0  0  0  0.14222250D-11
 230 NS+         1  0  0  0  1  0  0  1  0  0  0  0  0  0  0.51141608D-14
 231 O2+         1  0  0  0  0  2  0  0  0  0  0  0  0  0  0.10847699D-09
 232 PH+         1  1  0  0  0  0  0  0  0  0  0  0  1  0  0.13691379D-14
 233 PN+         1  0  0  0  1  0  0  0  0  0  0  0  1  0  0.69790963D-14
 234 PO+         1  0  0  0  0  1  0  0  0  0  0  0  1  0  0.42461748D-13
 235 S2+         1  0  0  0  0  0  0  2  0  0  0  0  0  0  0.85001668D-16
 236 SiC+        1  0  0  1  0  0  1  0  0  0  0  0  0  0  0.40024861D-23
 237 SiN+        1  0  0  0  1  0  1  0  0  0  0  0  0  0  0.41595136D-16
 238 SiO+        1  0  0  0  0  1  1  0  0  0  0  0  0  0  0.72146426D-17
 239 SiS+        1  0  0  0  0  0  1  1  0  0  0  0  0  0  0.31929070D-22
 240 SiF+        1  0  0  0  0  0  1  0  0  0  0  0  0  1  0.83265031D-14
 241 CH2+        1  2  0  1  0  0  0  0  0  0  0  0  0  0  0.12275270D-16
 242 C2N+        1  0  0  2  1  0  0  0  0  0  0  0  0  0  0.70947131D-23
 243 CNC+        1  0  0  2  1  0  0  0  0  0  0  0  0  0  0.17597547D-13
 244 HSiO+       1  1  0  0  0  1  1  0  0  0  0  0  0  0  0.42692253D-10
 245 N2H+        1  1  0  0  2  0  0  0  0  0  0  0  0  0  0.93387066D-11
 246 C2H+        1  1  0  2  0  0  0  0  0  0  0  0  0  0  0.15136191D-20
 247 H3+         1  3  0  0  0  0  0  0  0  0  0  0  0  0  0.27288856D-10
 248 C3-        -1  0  0  3  0  0  0  0  0  0  0  0  0  0  0.22087829D-18
 249 HCO+        1  1  0  1  0  1  0  0  0  0  0  0  0  0  0.21494916D-08
 250 HSO+        1  1  0  0  0  1  0  1  0  0  0  0  0  0  0.14104633D-09
 251 H2S+        1  2  0  0  0  0  0  1  0  0  0  0  0  0  0.18030988D-14
 252 HCS+        1  1  0  1  0  0  0  1  0  0  0  0  0  0  0.55992667D-13
 253 HPO+        1  1  0  0  0  1  0  0  0  0  0  0  1  0  0.94797784D-13
 254 C2O+        1  0  0  2  0  1  0  0  0  0  0  0  0  0  0.52717629D-20
 255 C2S+        1  0  0  2  0  0  0  1  0  0  0  0  0  0  0.28285231D-19
 256 C3+         1  0  0  3  0  0  0  0  0  0  0  0  0  0  0.82704584D-23
 257 CCP+        1  0  0  2  0  0  0  0  0  0  0  0  1  0  0.27171141D-19
 258 CHSi+       1  1  0  1  0  0  1  0  0  0  0  0  0  0  0.82609120D-23
 259 CO2+        1  0  0  1  0  2  0  0  0  0  0  0  0  0  0.54521687D-18
 260 H2Cl+       1  2  0  0  0  0  0  0  0  0  0  1  0  0  0.12684944D-14
 261 H2F+        1  2  0  0  0  0  0  0  0  0  0  0  0  1  0.17160827D-12
 262 H2O+        1  2  0  0  0  1  0  0  0  0  0  0  0  0  0.50846865D-14
 263 HCN+        1  1  0  1  1  0  0  0  0  0  0  0  0  0  0.24100398D-19
 264 HCP+        1  1  0  1  0  0  0  0  0  0  0  0  1  0  0.45776776D-24
 265 HNC+        1  1  0  1  1  0  0  0  0  0  0  0  0  0  0.39198201D-18
 266 HNO+        1  1  0  0  1  1  0  0  0  0  0  0  0  0  0.37422738D-14
 267 HNS+        1  1  0  0  1  0  0  1  0  0  0  0  0  0  0.11337876D-18
 268 HNSi+       1  1  0  0  1  0  1  0  0  0  0  0  0  0  0.13124432D-20
 269 HOC+        1  1  0  1  0  1  0  0  0  0  0  0  0  0  0.15418425D-12
 270 HPN+        1  1  0  0  1  0  0  0  0  0  0  0  1  0  0.49921463D-12
 271 HSiS+       1  1  0  0  0  0  1  1  0  0  0  0  0  0  0.19931448D-16
 272 NaH2+       1  2  0  0  0  0  0  0  0  1  0  0  0  0  0.28344869D-13
 273 NCO+        1  0  0  1  1  1  0  0  0  0  0  0  0  0  0.19203313D-14
 274 NH2+        1  2  0  0  1  0  0  0  0  0  0  0  0  0  0.10478541D-14
 275 NO2+        1  0  0  0  1  2  0  0  0  0  0  0  0  0  0.10624780D-19
 276 HO2+        1  1  0  0  0  2  0  0  0  0  0  0  0  0  0.21959134D-14
 277 OCS+        1  0  0  1  0  1  0  1  0  0  0  0  0  0  0.21304645D-12
 278 PH2+        1  2  0  0  0  0  0  0  0  0  0  0  1  0  0.32468844D-15
 279 HS2+        1  1  0  0  0  0  0  2  0  0  0  0  0  0  0.26087964D-18
 280 SiC2+       1  0  0  2  0  0  1  0  0  0  0  0  0  0  0.21962165D-23
 281 SiH2+       1  2  0  0  0  0  1  0  0  0  0  0  0  0  0.17882693D-13
 282 SiNC+       1  0  0  1  1  0  1  0  0  0  0  0  0  0  0.27144503D-15
 283 SO2+        1  0  0  0  0  2  0  1  0  0  0  0  0  0  0.41069596D-16
 284 HCNH+       1  2  0  1  1  0  0  0  0  0  0  0  0  0  0.19340317D-11
 285 HC2N+       1  1  0  2  1  0  0  0  0  0  0  0  0  0  0.12782555D-20
 286 C3H+        1  1  0  3  0  0  0  0  0  0  0  0  0  0  0.49057894D-18
 287 C4+         1  0  0  4  0  0  0  0  0  0  0  0  0  0  0.78075648D-22
 288 H2CO+       1  2  0  1  0  1  0  0  0  0  0  0  0  0  0.96293693D-14
 289 CH3+        1  3  0  1  0  0  0  0  0  0  0  0  0  0  0.33557964D-12
 290 C3N-       -1  0  0  3  1  0  0  0  0  0  0  0  0  0  0.44145500D-18
 291 C4-        -1  0  0  4  0  0  0  0  0  0  0  0  0  0  0.24896440D-18
 292 H3O+        1  3  0  0  0  1  0  0  0  0  0  0  0  0  0.13572680D-08
 293 H2NO+       1  2  0  0  1  1  0  0  0  0  0  0  0  0  0.15175966D-12
 294 H3S+        1  3  0  0  0  0  0  1  0  0  0  0  0  0  0.26323408D-14
 295 HC2S+       1  1  0  2  0  0  0  1  0  0  0  0  0  0  0.69165552D-16
 296 HOCS+       1  1  0  1  0  1  0  1  0  0  0  0  0  0  0.27468523D-13
 297 PCH2+       1  2  0  1  0  0  0  0  0  0  0  0  1  0  0.62255481D-17
 298 H2S2+       1  2  0  0  0  0  0  2  0  0  0  0  0  0  0.12412160D-17
 299 C2H2+       1  2  0  2  0  0  0  0  0  0  0  0  0  0  0.13996148D-15
 300 C2HO+       1  1  0  2  0  1  0  0  0  0  0  0  0  0  0.78595363D-16
 301 C2N2+       1  0  0  2  2  0  0  0  0  0  0  0  0  0  0.13693822D-24
 302 C3N+        1  0  0  3  1  0  0  0  0  0  0  0  0  0  0.67680823D-25
 303 C3O+        1  0  0  3  0  1  0  0  0  0  0  0  0  0  0.37239902D-19
 304 C3S+        1  0  0  3  0  0  0  1  0  0  0  0  0  0  0.96480189D-21
 305 CH2Si+      1  2  0  1  0  0  1  0  0  0  0  0  0  0  0.37017954D-18
 306 H2CCl+      1  2  0  1  0  0  0  0  0  0  0  1  0  0  0.25194268D-15
 307 H2CS+       1  2  0  1  0  0  0  1  0  0  0  0  0  0  0.16555090D-17
 308 H2NC+       1  2  0  1  1  0  0  0  0  0  0  0  0  0  0.30767622D-14
 309 H2PO+       1  2  0  0  0  1  0  0  0  0  0  0  1  0  0.30422383D-15
 310 H2SiO+      1  2  0  0  0  1  1  0  0  0  0  0  0  0  0.14787360D-16
 311 HOCO+       1  1  0  1  0  2  0  0  0  0  0  0  0  0  0.38823092D-12
 312 HNCO+       1  1  0  1  1  1  0  0  0  0  0  0  0  0  0.82557479D-21
 313 HSiO2+      1  1  0  0  0  2  1  0  0  0  0  0  0  0  0.11961205D-13
 314 HSO2+       1  1  0  0  0  2  0  1  0  0  0  0  0  0  0.75577346D-12
 315 NaH2O+      1  2  0  0  0  1  0  0  0  1  0  0  0  0  0.37747760D-13
 316 NH3+        1  3  0  0  1  0  0  0  0  0  0  0  0  0  0.64895863D-12
 317 PC2H+       1  1  0  2  0  0  0  0  0  0  0  0  1  0  0.98065533D-20
 318 PH3+        1  3  0  0  0  0  0  0  0  0  0  0  1  0  0.95379421D-17
 319 PNH2+       1  2  0  0  1  0  0  0  0  0  0  0  1  0  0.79414636D-17
 320 SiC2H+      1  1  0  2  0  0  1  0  0  0  0  0  0  0  0.46710576D-17
 321 l-SiC3+     1  0  0  3  0  0  1  0  0  0  0  0  0  0  0.88884688D-18
 322 SiH3+       1  3  0  0  0  0  1  0  0  0  0  0  0  0  0.79107135D-17
 323 SiNCH+      1  1  0  1  1  0  1  0  0  0  0  0  0  0  0.58962246D-20
 324 HSiNH+      1  2  0  0  1  0  1  0  0  0  0  0  0  0  0.19184773D-13
 325 HN2O+       1  1  0  0  2  1  0  0  0  0  0  0  0  0  0.65356190D-16
 326 C2H3+       1  3  0  2  0  0  0  0  0  0  0  0  0  0  0.14516009D-13
 327 c-C3H2+     1  2  0  3  0  0  0  0  0  0  0  0  0  0  0.25773261D-16
 328 l-C3H2+     1  2  0  3  0  0  0  0  0  0  0  0  0  0  0.42328107D-18
 329 C4H+        1  1  0  4  0  0  0  0  0  0  0  0  0  0  0.18837707D-21
 330 C5+         1  0  0  5  0  0  0  0  0  0  0  0  0  0  0.96993165D-22
 331 HC3O+       1  1  0  3  0  1  0  0  0  0  0  0  0  0  0.20310631D-17
 332 C4H-       -1  1  0  4  0  0  0  0  0  0  0  0  0  0  0.23052103D-18
 333 C5-        -1  0  0  5  0  0  0  0  0  0  0  0  0  0  0.16376576D-18
 334 NH4+        1  4  0  0  1  0  0  0  0  0  0  0  0  0  0.12310413D-10
 335 H3CS+       1  3  0  1  0  0  0  1  0  0  0  0  0  0  0.24288518D-15
 336 H2COH+      1  3  0  1  0  1  0  0  0  0  0  0  0  0  0.18139019D-13
 337 H3S2+       1  3  0  0  0  0  0  2  0  0  0  0  0  0  0.12674423D-17
 338 HC3S+       1  1  0  3  0  0  0  1  0  0  0  0  0  0  0.33432956D-18
 339 PC3H+       1  1  0  3  0  0  0  0  0  0  0  0  1  0  0.22533953D-21
 340 PCH3+       1  3  0  1  0  0  0  0  0  0  0  0  1  0  0.21735675D-18
 341 PNH3+       1  3  0  0  1  0  0  0  0  0  0  0  1  0  0.49389203D-17
 342 SiC2H2+     1  2  0  2  0  0  1  0  0  0  0  0  0  0  0.10092376D-15
 343 SiC3H+      1  1  0  3  0  0  1  0  0  0  0  0  0  0  0.31808786D-19
 344 SiC4+       1  0  0  4  0  0  1  0  0  0  0  0  0  0  0.36219273D-22
 345 SiCH3+      1  3  0  1  0  0  1  0  0  0  0  0  0  0  0.14730152D-19
 346 SiH4+       1  4  0  0  0  0  1  0  0  0  0  0  0  0  0.26215767D-28
 347 CH2CN+      1  2  0  2  1  0  0  0  0  0  0  0  0  0  0.20403076D-15
 348 H2CCO+      1  2  0  2  0  1  0  0  0  0  0  0  0  0  0.60939991D-14
 349 HC3N+       1  1  0  3  1  0  0  0  0  0  0  0  0  0  0.68692023D-21
 350 C4N+        1  0  0  4  1  0  0  0  0  0  0  0  0  0  0.90815872D-24
 351 C4P+        1  0  0  4  0  0  0  0  0  0  0  0  1  0  0.17428813D-27
 352 C4S+        1  0  0  4  0  0  0  1  0  0  0  0  0  0  0.30135658D-20
 353 HCOOH+      1  2  0  1  0  2  0  0  0  0  0  0  0  0  0.18599915D-13
 354 CH4+        1  4  0  1  0  0  0  0  0  0  0  0  0  0  0.56266202D-18
 355 H3SiO+      1  3  0  0  0  1  1  0  0  0  0  0  0  0  0.29805995D-18
 356 PC2H2+      1  2  0  2  0  0  0  0  0  0  0  0  1  0  0.26004249D-19
 357 C6+         1  0  0  6  0  0  0  0  0  0  0  0  0  0  0.14911371D-24
 358 HC4N+       1  1  0  4  1  0  0  0  0  0  0  0  0  0  0.13078953D-26
 359 C5H-       -1  1  0  5  0  0  0  0  0  0  0  0  0  0  0.44299409D-18
 360 C6-        -1  0  0  6  0  0  0  0  0  0  0  0  0  0  0.22634245D-18
 361 CH3CO+      1  3  0  2  0  1  0  0  0  0  0  0  0  0  0.45519325D-13
 362 C2H4+       1  4  0  2  0  0  0  0  0  0  0  0  0  0  0.12250937D-14
 363 HC3NH+      1  2  0  3  1  0  0  0  0  0  0  0  0  0  0.17248539D-16
 364 HC4S+       1  1  0  4  0  0  0  1  0  0  0  0  0  0  0.49945954D-18
 365 CH5+        1  5  0  1  0  0  0  0  0  0  0  0  0  0  0.11716055D-14
 366 C4H2+       1  2  0  4  0  0  0  0  0  0  0  0  0  0  0.16156538D-17
 367 C5H+        1  1  0  5  0  0  0  0  0  0  0  0  0  0  0.21555055D-17
 368 CH3CN+      1  3  0  2  1  0  0  0  0  0  0  0  0  0  0.77885713D-18
 369 c-C3H3+     1  3  0  3  0  0  0  0  0  0  0  0  0  0  0.19239822D-15
 370 l-C3H3+     1  3  0  3  0  0  0  0  0  0  0  0  0  0  0.19634087D-15
 371 C5N+        1  0  0  5  1  0  0  0  0  0  0  0  0  0  0.17237961D-24
 372 CH3O2+      1  3  0  1  0  2  0  0  0  0  0  0  0  0  0.36085156D-11
 373 CH2NH2+     1  4  0  1  1  0  0  0  0  0  0  0  0  0  0.32375006D-14
 374 CH3OH+      1  4  0  1  0  1  0  0  0  0  0  0  0  0  0.61934968D-19
 375 H2C3O+      1  2  0  3  0  1  0  0  0  0  0  0  0  0  0.12354490D-18
 376 HC2NCH+     1  2  0  3  1  0  0  0  0  0  0  0  0  0  0.19259146D-17
 377 HC4O+       1  1  0  4  0  1  0  0  0  0  0  0  0  0  0.13659947D-17
 378 NH2CNH+     1  3  0  1  2  0  0  0  0  0  0  0  0  0  0.00000000D+00
 379 PC2H3+      1  3  0  2  0  0  0  0  0  0  0  0  1  0  0.67803302D-22
 380 PC4H+       1  1  0  4  0  0  0  0  0  0  0  0  1  0  0.11066185D-22
 381 PCH4+       1  4  0  1  0  0  0  0  0  0  0  0  1  0  0.10884678D-19
 382 SiC2H3+     1  3  0  2  0  0  1  0  0  0  0  0  0  0  0.69675138D-18
 383 SiC3H2+     1  2  0  3  0  0  1  0  0  0  0  0  0  0  0.13130103D-20
 384 SiC4H+      1  1  0  4  0  0  1  0  0  0  0  0  0  0  0.28497562D-23
 385 SiCH4+      1  4  0  1  0  0  1  0  0  0  0  0  0  0  0.28324254D-20
 386 SiH5+       1  5  0  0  0  0  1  0  0  0  0  0  0  0  0.10698092D-20
 387 C7+         1  0  0  7  0  0  0  0  0  0  0  0  0  0  0.99852191D-25
 388 H2C4N+      1  2  0  4  1  0  0  0  0  0  0  0  0  0  0.19489114D-26
 389 C6H-       -1  1  0  6  0  0  0  0  0  0  0  0  0  0  0.98489916D-19
 390 C7-        -1  0  0  7  0  0  0  0  0  0  0  0  0  0  0.46603881D-22
 391 C4H3+       1  3  0  4  0  0  0  0  0  0  0  0  0  0  0.26559430D-15
 392 C5H2+       1  2  0  5  0  0  0  0  0  0  0  0  0  0  0.45970651D-21
 393 CH3CNH+     1  4  0  2  1  0  0  0  0  0  0  0  0  0  0.48676837D-15
 394 C2H4O+      1  4  0  2  0  1  0  0  0  0  0  0  0  0  0.19555676D-17
 395 C2H5+       1  5  0  2  0  0  0  0  0  0  0  0  0  0  0.31100245D-16
 396 C3H3N+      1  3  0  3  1  0  0  0  0  0  0  0  0  0  0.40320943D-20
 397 C3H4+       1  4  0  3  0  0  0  0  0  0  0  0  0  0  0.52584174D-19
 398 HC5N+       1  1  0  5  1  0  0  0  0  0  0  0  0  0  0.53662896D-22
 399 C6H+        1  1  0  6  0  0  0  0  0  0  0  0  0  0  0.22595716D-22
 400 CH3NH2+     1  5  0  1  1  0  0  0  0  0  0  0  0  0  0.52026131D-16
 401 CH3OH2+     1  5  0  1  0  1  0  0  0  0  0  0  0  0  0.48655047D-16
 402 H3C3O+      1  3  0  3  0  1  0  0  0  0  0  0  0  0  0.95109813D-16
 403 NH2CH2O+    1  4  0  1  1  1  0  0  0  0  0  0  0  0  0.25759431D-17
 404 PC2H4+      1  4  0  2  0  0  0  0  0  0  0  0  1  0  0.14042758D-23
 405 PC4H2+      1  2  0  4  0  0  0  0  0  0  0  0  1  0  0.10208259D-24
 406 HC5O+       1  1  0  5  0  1  0  0  0  0  0  0  0  0  0.90470940D-19
 407 C6N+        1  0  0  6  1  0  0  0  0  0  0  0  0  0  0.53941803D-26
 408 H2C5N+      1  2  0  5  1  0  0  0  0  0  0  0  0  0  0.19434420D-19
 409 C8+         1  0  0  8  0  0  0  0  0  0  0  0  0  0  0.36897698D-25
 410 C7H-       -1  1  0  7  0  0  0  0  0  0  0  0  0  0  0.93852521D-20
 411 C8-        -1  0  0  8  0  0  0  0  0  0  0  0  0  0  0.15178466D-23
 412 C5H3+       1  3  0  5  0  0  0  0  0  0  0  0  0  0  0.11151020D-19
 413 C3H5+       1  5  0  3  0  0  0  0  0  0  0  0  0  0  0.35054644D-18
 414 C6H2+       1  2  0  6  0  0  0  0  0  0  0  0  0  0  0.17898868D-20
 415 C7H+        1  1  0  7  0  0  0  0  0  0  0  0  0  0  0.10858067D-20
 416 CH3CHOH+    1  5  0  2  0  1  0  0  0  0  0  0  0  0  0.36828199D-17
 417 C2H6+       1  6  0  2  0  0  0  0  0  0  0  0  0  0  0.14201602D-25
 418 C3H3NH+     1  4  0  3  1  0  0  0  0  0  0  0  0  0  0.26401263D-21
 419 C4H4+       1  4  0  4  0  0  0  0  0  0  0  0  0  0  0.82948195D-21
 420 C7N+        1  0  0  7  1  0  0  0  0  0  0  0  0  0  0.86833892D-28
 421 CH3NH3+     1  6  0  1  1  0  0  0  0  0  0  0  0  0  0.33095366D-14
 422 COOCH4+     1  4  0  2  0  2  0  0  0  0  0  0  0  0  0.15112621D-22
 423 H3C4N+      1  3  0  4  1  0  0  0  0  0  0  0  0  0  0.19488995D-26
 424 HC6N+       1  1  0  6  1  0  0  0  0  0  0  0  0  0  0.24272273D-27
 425 C9+         1  0  0  9  0  0  0  0  0  0  0  0  0  0  0.12278361D-25
 426 C8H-       -1  1  0  8  0  0  0  0  0  0  0  0  0  0  0.10712580D-19
 427 C9-        -1  0  0  9  0  0  0  0  0  0  0  0  0  0  0.79580491D-24
 428 C4H5+       1  5  0  4  0  0  0  0  0  0  0  0  0  0  0.15738304D-20
 429 C6H3+       1  3  0  6  0  0  0  0  0  0  0  0  0  0  0.14335584D-19
 430 C7H2+       1  2  0  7  0  0  0  0  0  0  0  0  0  0  0.23170782D-23
 431 C2H5OH+     1  6  0  2  0  1  0  0  0  0  0  0  0  0  0.64877523D-22
 432 H3C4NH+     1  4  0  4  1  0  0  0  0  0  0  0  0  0  0.11634378D-21
 433 C5H3N+      1  3  0  5  1  0  0  0  0  0  0  0  0  0  0.13321495D-22
 434 C5H4+       1  4  0  5  0  0  0  0  0  0  0  0  0  0  0.47330784D-22
 435 HC7N+       1  1  0  7  1  0  0  0  0  0  0  0  0  0  0.51813338D-25
 436 C8H+        1  1  0  8  0  0  0  0  0  0  0  0  0  0  0.43671012D-27
 437 CH3OCH3+    1  6  0  2  0  1  0  0  0  0  0  0  0  0  0.78195783D-26
 438 H5C2O2+     1  5  0  2  0  2  0  0  0  0  0  0  0  0  0.11796210D-20
 439 HC7O+       1  1  0  7  0  1  0  0  0  0  0  0  0  0  0.42129557D-21
 440 C8N+        1  0  0  8  1  0  0  0  0  0  0  0  0  0  0.51810393D-28
 441 H2C6N+      1  2  0  6  1  0  0  0  0  0  0  0  0  0  0.59482893D-22
 442 C2H7+       1  7  0  2  0  0  0  0  0  0  0  0  0  0  0.10932796D-32
 443 C10+        1  0  0 10  0  0  0  0  0  0  0  0  0  0  0.41819666D-30
 444 CH3OCH4+    1  7  0  2  0  1  0  0  0  0  0  0  0  0  0.14285254D-23
 445 C9H-       -1  1  0  9  0  0  0  0  0  0  0  0  0  0  0.17728268D-23
 446 C10-       -1  0  0 10  0  0  0  0  0  0  0  0  0  0  0.60696792D-29
 447 C7H2N+      1  2  0  7  1  0  0  0  0  0  0  0  0  0  0.66442291D-21
 448 C7H3+       1  3  0  7  0  0  0  0  0  0  0  0  0  0  0.12200414D-21
 449 C5H5+       1  5  0  5  0  0  0  0  0  0  0  0  0  0  0.82539790D-20
 450 C8H2+       1  2  0  8  0  0  0  0  0  0  0  0  0  0  0.40180397D-22
 451 C9H+        1  1  0  9  0  0  0  0  0  0  0  0  0  0  0.18220270D-22
 452 C2H5OH2+    1  7  0  2  0  1  0  0  0  0  0  0  0  0  0.13513846D-19
 453 C2H6CO+     1  6  0  3  0  1  0  0  0  0  0  0  0  0  0.96267941D-25
 454 C5H4N+      1  4  0  5  1  0  0  0  0  0  0  0  0  0  0.21704002D-21
 455 C6H4+       1  4  0  6  0  0  0  0  0  0  0  0  0  0  0.64718587D-22
 456 C9N+        1  0  0  9  1  0  0  0  0  0  0  0  0  0  0.14571074D-29
 457 HC8N+       1  1  0  8  1  0  0  0  0  0  0  0  0  0  0.69777863D-29
 458 C10H+       1  1  0 10  0  0  0  0  0  0  0  0  0  0  0.25808622D-27
 459 C10H-      -1  1  0 10  0  0  0  0  0  0  0  0  0  0  0.10284252D-28
 460 C8H3+       1  3  0  8  0  0  0  0  0  0  0  0  0  0  0.35351495D-21
 461 C9H2+       1  2  0  9  0  0  0  0  0  0  0  0  0  0  0.10492125D-25
 462 C3H6OH+     1  7  0  3  0  1  0  0  0  0  0  0  0  0  0.75286275D-23
 463 C4H7+       1  7  0  4  0  0  0  0  0  0  0  0  0  0  0.34681252D-24
 464 H3C6NH+     1  4  0  6  1  0  0  0  0  0  0  0  0  0  0.65229896D-25
 465 C6H5+       1  5  0  6  0  0  0  0  0  0  0  0  0  0  0.30778266D-24
 466 H3C7N+      1  3  0  7  1  0  0  0  0  0  0  0  0  0  0.24931678D-26
 467 C7H4+       1  4  0  7  0  0  0  0  0  0  0  0  0  0  0.11854985D-23
 468 C9HN+       1  1  0  9  1  0  0  0  0  0  0  0  0  0  0.44876124D-27
 469 C11+        1  0  0 11  0  0  0  0  0  0  0  0  0  0  0.20330634D-29
 470 HC9O+       1  1  0  9  0  1  0  0  0  0  0  0  0  0  0.49577042D-24
 471 C10N+       1  0  0 10  1  0  0  0  0  0  0  0  0  0  0.31987649D-31
 472 H2C8N+      1  2  0  8  1  0  0  0  0  0  0  0  0  0  0.17100108D-23
 473 C9H2N+      1  2  0  9  1  0  0  0  0  0  0  0  0  0  0.11020979D-24
 474 C9H3+       1  3  0  9  0  0  0  0  0  0  0  0  0  0  0.57797369D-25
 475 C10H2+      1  2  0 10  0  0  0  0  0  0  0  0  0  0  0.74512954D-29
 476 C7H5+       1  5  0  7  0  0  0  0  0  0  0  0  0  0  0.36710427D-24
 477 C8H4+       1  4  0  8  0  0  0  0  0  0  0  0  0  0  0.16861297D-23
 478 HC10N+      1  1  0 10  1  0  0  0  0  0  0  0  0  0  0.74356550D-36
 479 C6H7+       1  7  0  6  0  0  0  0  0  0  0  0  0  0  0.18147517D-20
 480 C9H4+       1  4  0  9  0  0  0  0  0  0  0  0  0  0  0.20859814D-26
 481 C8H4N+      1  4  0  8  1  0  0  0  0  0  0  0  0  0  0.54510251D-27
 482 C8H5+       1  5  0  8  0  0  0  0  0  0  0  0  0  0  0.74889513D-26
 483 C9H3N+      1  3  0  9  1  0  0  0  0  0  0  0  0  0  0.33583696D-29
 484 C10H3+      1  3  0 10  0  0  0  0  0  0  0  0  0  0  0.58077413D-28
 485 H2C10N+     1  2  0 10  1  0  0  0  0  0  0  0  0  0  0.27333510D-30
 486 C9H5+       1  5  0  9  0  0  0  0  0  0  0  0  0  0  0.31442464D-30
 487 GRAIN0      0  0  0  0  0  0  0  0  0  0  0  0  0  0  0.45768943D-14
 488 GRAIN-     -1  0  0  0  0  0  0  0  0  0  0  0  0  0  0.13169231D-11
 489 XH          0  1  0  0  0  0  0  0  0  0  0  0  0  0  0.18730912D-17
