0.11D+08                                              +-  H  He C  O  S  G    
 JSPACE =            1
   1 H           0  1  0  0  0  0  0  0  0  0  0  0  0  0  0.60213065D-05
   2 C           0  0  0  1  0  0  0  0  0  0  0  0  0  0  0.30292827D-09
   3 Fe          0  0  0  0  0  0  0  0  1  0  0  0  0  0  0.62213411D-09
   4 Mg          0  0  0  0  0  0  0  0  0  0  1  0  0  0  0.21736799D-08
   5 S           0  0  0  0  0  0  0  1  0  0  0  0  0  0  0.64186479D-08
   6 Si          0  0  0  0  0  0  1  0  0  0  0  0  0  0  0.55843284D-10
   7 O           0  0  0  0  0  1  0  0  0  0  0  0  0  0  0.32464779D-04
   8 N           0  0  0  0  1  0  0  0  0  0  0  0  0  0  0.43443593D-06
   9 He          0  0  1  0  0  0  0  0  0  0  0  0  0  0  0.90000000D-01
  10 Cl          0  0  0  0  0  0  0  0  0  0  0  1  0  0  0.68752353D-09
  11 Na          0  0  0  0  0  0  0  0  0  1  0  0  0  0  0.61485499D-09
  12 P           0  0  0  0  0  0  0  0  0  0  0  0  1  0  0.11398734D-09
  13 F           0  0  0  0  0  0  0  0  0  0  0  0  0  1  0.94529640D-14
  14 OH          0  1  0  0  0  1  0  0  0  0  0  0  0  0  0.14524728D-07
  15 CO          0  0  0  1  0  1  0  0  0  0  0  0  0  0  0.16979561D-03
  16 CS          0  0  0  1  0  0  0  1  0  0  0  0  0  0  0.61291111D-10
  17 HS          0  1  0  0  0  0  0  1  0  0  0  0  0  0  0.14130814D-12
  18 N2          0  0  0  0  2  0  0  0  0  0  0  0  0  0  0.30745726D-04
  19 NH          0  1  0  0  1  0  0  0  0  0  0  0  0  0  0.68092396D-10
  20 SiH         0  1  0  0  0  0  1  0  0  0  0  0  0  0  0.63543487D-12
  21 SiO         0  0  0  0  0  1  1  0  0  0  0  0  0  0  0.76884307D-08
  22 SO          0  0  0  0  0  1  0  1  0  0  0  0  0  0  0.56048842D-07
  23 CH          0  1  0  1  0  0  0  0  0  0  0  0  0  0  0.16232463D-10
  24 O2          0  0  0  0  0  2  0  0  0  0  0  0  0  0  0.18524548D-04
  25 H2          0  2  0  0  0  0  0  0  0  0  0  0  0  0  0.49999678D+00
  26 C2          0  0  0  2  0  0  0  0  0  0  0  0  0  0  0.77294553D-13
  27 CN          0  0  0  1  1  0  0  0  0  0  0  0  0  0  0.18814244D-10
  28 MgH         0  1  0  0  0  0  0  0  0  0  1  0  0  0  0.76059271D-12
  29 NaH         0  1  0  0  0  0  0  0  0  1  0  0  0  0  0.28877043D-12
  30 NO          0  0  0  0  1  1  0  0  0  0  0  0  0  0  0.47403783D-07
  31 NS          0  0  0  0  1  0  0  1  0  0  0  0  0  0  0.17132958D-14
  32 PH          0  1  0  0  0  0  0  0  0  0  0  0  1  0  0.58532305D-12
  33 PN          0  0  0  0  1  0  0  0  0  0  0  0  1  0  0.38751671D-10
  34 PO          0  0  0  0  0  1  0  0  0  0  0  0  1  0  0.46030972D-10
  35 S2          0  0  0  0  0  0  0  2  0  0  0  0  0  0  0.39918378D-15
  36 SiC         0  0  0  1  0  0  1  0  0  0  0  0  0  0  0.90632780D-15
  37 SiN         0  0  0  0  1  0  1  0  0  0  0  0  0  0  0.76526313D-12
  38 SiS         0  0  0  0  0  0  1  1  0  0  0  0  0  0  0.14153579D-12
  39 CCl         0  0  0  1  0  0  0  0  0  0  0  1  0  0  0.12552478D-14
  40 ClO         0  0  0  0  0  1  0  0  0  0  0  1  0  0  0.00000000D+00
  41 CP          0  0  0  1  0  0  0  0  0  0  0  0  1  0  0.48232453D-15
  42 HCl         0  1  0  0  0  0  0  0  0  0  0  1  0  0  0.31241120D-09
  43 HF          0  1  0  0  0  0  0  0  0  0  0  0  0  1  0.66765736D-08
  44 CCH         0  1  0  2  0  0  0  0  0  0  0  0  0  0  0.62087762D-12
  45 C3          0  0  0  3  0  0  0  0  0  0  0  0  0  0  0.21185897D-11
  46 CH2         0  2  0  1  0  0  0  0  0  0  0  0  0  0  0.93309020D-11
  47 SO2         0  0  0  0  0  2  0  1  0  0  0  0  0  0  0.17036230D-07
  48 H2O         0  2  0  0  0  1  0  0  0  0  0  0  0  0  0.14119085D-06
  49 HCN         0  1  0  1  1  0  0  0  0  0  0  0  0  0  0.60164122D-09
  50 HCSi        0  1  0  1  0  0  1  0  0  0  0  0  0  0  0.92198572D-15
  51 CCN         0  0  0  2  1  0  0  0  0  0  0  0  0  0  0.17849561D-13
  52 CCS         0  0  0  2  0  0  0  1  0  0  0  0  0  0  0.21101778D-14
  53 CCO         0  0  0  2  0  1  0  0  0  0  0  0  0  0  0.20180905D-14
  54 CCP         0  0  0  2  0  0  0  0  0  0  0  0  1  0  0.12670955D-16
  55 CO2         0  0  0  1  0  2  0  0  0  0  0  0  0  0  0.18882431D-06
  56 H2S         0  2  0  0  0  0  0  1  0  0  0  0  0  0  0.10205675D-10
  57 HCO         0  1  0  1  0  1  0  0  0  0  0  0  0  0  0.18722283D-10
  58 HCP         0  1  0  1  0  0  0  0  0  0  0  0  1  0  0.30821623D-13
  59 HCS         0  1  0  1  0  0  0  1  0  0  0  0  0  0  0.17180891D-14
  60 HNC         0  1  0  1  1  0  0  0  0  0  0  0  0  0  0.57730506D-09
  61 HNO         0  1  0  0  1  1  0  0  0  0  0  0  0  0  0.35047975D-09
  62 HNSi        0  1  0  0  1  0  1  0  0  0  0  0  0  0  0.13127420D-09
  63 HPO         0  1  0  0  0  1  0  0  0  0  0  0  1  0  0.19818427D-14
  64 HSS         0  1  0  0  0  0  0  2  0  0  0  0  0  0  0.17820588D-13
  65 N2O         0  0  0  0  2  1  0  0  0  0  0  0  0  0  0.21622419D-10
  66 NaOH        0  1  0  0  0  1  0  0  0  1  0  0  0  0  0.10560056D-12
  67 NH2         0  2  0  0  1  0  0  0  0  0  0  0  0  0  0.21178738D-09
  68 NO2         0  0  0  0  1  2  0  0  0  0  0  0  0  0  0.00000000D+00
  69 O2H         0  1  0  0  0  2  0  0  0  0  0  0  0  0  0.66964558D-11
  70 OCN         0  0  0  1  1  1  0  0  0  0  0  0  0  0  0.69194857D-11
  71 OCS         0  0  0  1  0  1  0  1  0  0  0  0  0  0  0.61954422D-10
  72 PH2         0  2  0  0  0  0  0  0  0  0  0  0  1  0  0.13411528D-15
  73 c-SiC2      0  0  0  2  0  0  1  0  0  0  0  0  0  0  0.16922475D-14
  74 SiH2        0  2  0  0  0  0  1  0  0  0  0  0  0  0  0.10579656D-15
  75 SiNC        0  0  0  1  1  0  1  0  0  0  0  0  0  0  0.12030019D-16
  76 SiO2        0  0  0  0  0  2  1  0  0  0  0  0  0  0  0.44108414D-10
  77 C4          0  0  0  4  0  0  0  0  0  0  0  0  0  0  0.61209196D-15
  78 c-C3H       0  1  0  3  0  0  0  0  0  0  0  0  0  0  0.24610823D-13
  79 l-C3H       0  1  0  3  0  0  0  0  0  0  0  0  0  0  0.21485744D-13
  80 CH3         0  3  0  1  0  0  0  0  0  0  0  0  0  0  0.30188102D-12
  81 C2H2        0  2  0  2  0  0  0  0  0  0  0  0  0  0  0.10943976D-09
  82 NH3         0  3  0  0  1  0  0  0  0  0  0  0  0  0  0.24412614D-07
  83 SiCH2       0  2  0  1  0  0  1  0  0  0  0  0  0  0  0.31175192D-15
  84 C3N         0  0  0  3  1  0  0  0  0  0  0  0  0  0  0.57326681D-15
  85 C3O         0  0  0  3  0  1  0  0  0  0  0  0  0  0  0.88794920D-13
  86 C3P         0  0  0  3  0  0  0  0  0  0  0  0  1  0  0.43300562D-19
  87 C3S         0  0  0  3  0  0  0  1  0  0  0  0  0  0  0.48426419D-14
  88 H2CO        0  2  0  1  0  1  0  0  0  0  0  0  0  0  0.41113265D-10
  89 H2CS        0  2  0  1  0  0  0  1  0  0  0  0  0  0  0.15624794D-11
  90 HOOH        0  2  0  0  0  2  0  0  0  0  0  0  0  0  0.53702295D-14
  91 HSSH        0  2  0  0  0  0  0  2  0  0  0  0  0  0  0.11109599D-13
  92 H2SiO       0  2  0  0  0  1  1  0  0  0  0  0  0  0  0.78626869D-16
  93 HCCP        0  1  0  2  0  0  0  0  0  0  0  0  1  0  0.88909330D-18
  94 HCCSi       0  1  0  2  0  0  1  0  0  0  0  0  0  0  0.11538332D-12
  95 l-SiC3      0  0  0  3  0  0  1  0  0  0  0  0  0  0  0.73144198D-16
  96 SiH3        0  3  0  0  0  0  1  0  0  0  0  0  0  0  0.14052145D-19
  97 H2CN        0  2  0  1  1  0  0  0  0  0  0  0  0  0  0.33069245D-14
  98 C5          0  0  0  5  0  0  0  0  0  0  0  0  0  0  0.28004809D-16
  99 c-C3H2      0  2  0  3  0  0  0  0  0  0  0  0  0  0  0.79810995D-12
 100 l-C3H2      0  2  0  3  0  0  0  0  0  0  0  0  0  0  0.62184557D-12
 101 C4H         0  1  0  4  0  0  0  0  0  0  0  0  0  0  0.73881915D-15
 102 CH4         0  4  0  1  0  0  0  0  0  0  0  0  0  0  0.42716709D-08
 103 HC3N        0  1  0  3  1  0  0  0  0  0  0  0  0  0  0.31546760D-13
 104 H2CCN       0  2  0  2  1  0  0  0  0  0  0  0  0  0  0.26243472D-13
 105 H2CCO       0  2  0  2  0  1  0  0  0  0  0  0  0  0  0.25844333D-10
 106 C2H3        0  3  0  2  0  0  0  0  0  0  0  0  0  0  0.14096259D-13
 107 C4N         0  0  0  4  1  0  0  0  0  0  0  0  0  0  0.10397397D-16
 108 C4P         0  0  0  4  0  0  0  0  0  0  0  0  1  0  0.24410679D-19
 109 C4S         0  0  0  4  0  0  0  1  0  0  0  0  0  0  0.20127150D-16
 110 HCOOH       0  2  0  1  0  2  0  0  0  0  0  0  0  0  0.15385557D-09
 111 CH2PH       0  3  0  1  0  0  0  0  0  0  0  0  1  0  0.97069834D-18
 112 CH2NH       0  3  0  1  1  0  0  0  0  0  0  0  0  0  0.11321984D-10
 113 c-HCCHSi    0  2  0  2  0  0  1  0  0  0  0  0  0  0  0.30078155D-14
 114 SiC3H       0  1  0  3  0  0  1  0  0  0  0  0  0  0  0.15813046D-16
 115 SiC4        0  0  0  4  0  0  1  0  0  0  0  0  0  0  0.15486929D-20
 116 SiCH3       0  3  0  1  0  0  1  0  0  0  0  0  0  0  0.25616580D-16
 117 SiH4        0  4  0  0  0  0  1  0  0  0  0  0  0  0  0.49924907D-17
 118 HCNCC       0  1  0  3  1  0  0  0  0  0  0  0  0  0  0.15326776D-14
 119 HCCNC       0  1  0  3  1  0  0  0  0  0  0  0  0  0  0.61819556D-14
 120 HNCCC       0  1  0  3  1  0  0  0  0  0  0  0  0  0  0.99241938D-15
 121 NH2CN       0  2  0  1  2  0  0  0  0  0  0  0  0  0  0.00000000D+00
 122 C6          0  0  0  6  0  0  0  0  0  0  0  0  0  0  0.21937711D-18
 123 CH3CN       0  3  0  2  1  0  0  0  0  0  0  0  0  0  0.55378086D-12
 124 CH2CCH      0  3  0  3  0  0  0  0  0  0  0  0  0  0  0.24818766D-16
 125 C2H4        0  4  0  2  0  0  0  0  0  0  0  0  0  0  0.15485524D-11
 126 NC4N        0  0  0  4  2  0  0  0  0  0  0  0  0  0  0.14335306D-11
 127 H2CSiCH     0  3  0  2  0  0  1  0  0  0  0  0  0  0  0.47292375D-13
 128 SiC4H       0  1  0  4  0  0  1  0  0  0  0  0  0  0  0.41873202D-13
 129 HC4N        0  1  0  4  1  0  0  0  0  0  0  0  0  0  0.23609383D-15
 130 C4H2        0  2  0  4  0  0  0  0  0  0  0  0  0  0  0.32650572D-13
 131 C5H         0  1  0  5  0  0  0  0  0  0  0  0  0  0  0.26303196D-17
 132 C5N         0  0  0  5  1  0  0  0  0  0  0  0  0  0  0.78959662D-19
 133 CH3OH       0  4  0  1  0  1  0  0  0  0  0  0  0  0  0.89795899D-15
 134 NH2CHO      0  3  0  1  1  1  0  0  0  0  0  0  0  0  0.12361003D-13
 135 C5O         0  0  0  5  0  1  0  0  0  0  0  0  0  0  0.28985460D-16
 136 C7          0  0  0  7  0  0  0  0  0  0  0  0  0  0  0.10184748D-21
 137 HC5N        0  1  0  5  1  0  0  0  0  0  0  0  0  0  0.36406874D-17
 138 SiC2CH3     0  3  0  3  0  0  1  0  0  0  0  0  0  0  0.16194789D-15
 139 CH3CHO      0  4  0  2  0  1  0  0  0  0  0  0  0  0  0.42935057D-15
 140 C2H5        0  5  0  2  0  0  0  0  0  0  0  0  0  0  0.54000643D-20
 141 CH2CHCN     0  3  0  3  1  0  0  0  0  0  0  0  0  0  0.31669281D-15
 142 CH3CCH      0  4  0  3  0  0  0  0  0  0  0  0  0  0  0.42060320D-14
 143 C5H2        0  2  0  5  0  0  0  0  0  0  0  0  0  0  0.70897796D-18
 144 C6H         0  1  0  6  0  0  0  0  0  0  0  0  0  0  0.15605092D-18
 145 CH3NH2      0  5  0  1  1  0  0  0  0  0  0  0  0  0  0.99509029D-11
 146 C4H3        0  3  0  4  0  0  0  0  0  0  0  0  0  0  0.79142867D-18
 147 C6N         0  0  0  6  1  0  0  0  0  0  0  0  0  0  0.37794247D-20
 148 C8          0  0  0  8  0  0  0  0  0  0  0  0  0  0  0.80723483D-22
 149 HC6N        0  1  0  6  1  0  0  0  0  0  0  0  0  0  0.13742992D-17
 150 NC6N        0  0  0  6  2  0  0  0  0  0  0  0  0  0  0.41887590D-13
 151 SiC6H       0  1  0  6  0  0  1  0  0  0  0  0  0  0  0.84390739D-15
 152 CH2CHC2H    0  4  0  4  0  0  0  0  0  0  0  0  0  0  0.45074201D-16
 153 C6H2        0  2  0  6  0  0  0  0  0  0  0  0  0  0  0.12715718D-18
 154 C7H         0  1  0  7  0  0  0  0  0  0  0  0  0  0  0.33771852D-20
 155 C7N         0  0  0  7  1  0  0  0  0  0  0  0  0  0  0.30498410D-21
 156 CH3C3N      0  3  0  4  1  0  0  0  0  0  0  0  0  0  0.23512568D-17
 157 HCOOCH3     0  4  0  2  0  2  0  0  0  0  0  0  0  0  0.18245430D-18
 158 C2H6        0  6  0  2  0  0  0  0  0  0  0  0  0  0  0.26603015D-37
 159 C7O         0  0  0  7  0  1  0  0  0  0  0  0  0  0  0.37801923D-19
 160 C9          0  0  0  9  0  0  0  0  0  0  0  0  0  0  0.45917858D-23
 161 HC7N        0  1  0  7  1  0  0  0  0  0  0  0  0  0  0.31751736D-20
 162 SiC3H5      0  5  0  3  0  0  1  0  0  0  0  0  0  0  0.00000000D+00
 163 CH3CH2OH    0  6  0  2  0  1  0  0  0  0  0  0  0  0  0.79822124D-16
 164 C7H2        0  2  0  7  0  0  0  0  0  0  0  0  0  0  0.48578037D-20
 165 C8H         0  1  0  8  0  0  0  0  0  0  0  0  0  0  0.10492206D-19
 166 CH3C4H      0  4  0  5  0  0  0  0  0  0  0  0  0  0  0.22345151D-16
 167 CH3OCH3     0  6  0  2  0  1  0  0  0  0  0  0  0  0  0.64032044D-21
 168 CH3CHCH2    0  6  0  3  0  0  0  0  0  0  0  0  0  0  0.00000000D+00
 169 C8N         0  0  0  8  1  0  0  0  0  0  0  0  0  0  0.15570044D-21
 170 C10         0  0  0 10  0  0  0  0  0  0  0  0  0  0  0.20658794D-26
 171 CH3COCH3    0  6  0  3  0  1  0  0  0  0  0  0  0  0  0.38062049D-20
 172 C8H2        0  2  0  8  0  0  0  0  0  0  0  0  0  0  0.93565028D-20
 173 C9H         0  1  0  9  0  0  0  0  0  0  0  0  0  0  0.20481358D-23
 174 C9N         0  0  0  9  1  0  0  0  0  0  0  0  0  0  0.20867853D-24
 175 CH3C5N      0  3  0  6  1  0  0  0  0  0  0  0  0  0  0.71083705D-22
 176 HC8N        0  1  0  8  1  0  0  0  0  0  0  0  0  0  0.44271526D-19
 177 NC8N        0  0  0  8  2  0  0  0  0  0  0  0  0  0  0.31635973D-14
 178 SiC8H       0  1  0  8  0  0  1  0  0  0  0  0  0  0  0.91344514D-16
 179 CH2CHCHCH2  0  6  0  4  0  0  0  0  0  0  0  0  0  0  0.00000000D+00
 180 C9O         0  0  0  9  0  1  0  0  0  0  0  0  0  0  0.22945631D-22
 181 HC9N        0  1  0  9  1  0  0  0  0  0  0  0  0  0  0.15387362D-23
 182 C10H        0  1  0 10  0  0  0  0  0  0  0  0  0  0  0.68794725D-27
 183 C9H2        0  2  0  9  0  0  0  0  0  0  0  0  0  0  0.12804255D-23
 184 CH3C6H      0  4  0  7  0  0  0  0  0  0  0  0  0  0  0.19101546D-21
 185 C11         0  0  0 11  0  0  0  0  0  0  0  0  0  0  0.10259709D-29
 186 C10N        0  0  0 10  1  0  0  0  0  0  0  0  0  0  0.34142391D-28
 187 CH3C7N      0  3  0  8  1  0  0  0  0  0  0  0  0  0  0.61140868D-25
 188 C10H2       0  2  0 10  0  0  0  0  0  0  0  0  0  0  0.13223383D-24
 189 C6H6        0  6  0  6  0  0  0  0  0  0  0  0  0  0  0.27787852D-18
 190 Si+         1  0  0  0  0  0  1  0  0  0  0  0  0  0  0.28532492D-10
 191 C+          1  0  0  1  0  0  0  0  0  0  0  0  0  0  0.57945337D-09
 192 C-         -1  0  0  1  0  0  0  0  0  0  0  0  0  0  0.22408577D-18
 193 H-         -1  1  0  0  0  0  0  0  0  0  0  0  0  0  0.49246365D-12
 194 O-         -1  0  0  0  0  1  0  0  0  0  0  0  0  0  0.27287705D-17
 195 S-         -1  0  0  0  0  0  0  1  0  0  0  0  0  0  0.10865605D-16
 196 He+         1  0  1  0  0  0  0  0  0  0  0  0  0  0  0.30801897D-10
 197 H+          1  1  0  0  0  0  0  0  0  0  0  0  0  0  0.10283245D-09
 198 Fe+         1  0  0  0  0  0  0  0  1  0  0  0  0  0  0.23778659D-08
 199 Mg+         1  0  0  0  0  0  0  0  0  0  1  0  0  0  0.48255595D-08
 200 N+          1  0  0  0  1  0  0  0  0  0  0  0  0  0  0.57298192D-14
 201 Na+         1  0  0  0  0  0  0  0  0  1  0  0  0  0  0.13847235D-08
 202 O+          1  0  0  0  0  1  0  0  0  0  0  0  0  0  0.71231266D-14
 203 S+          1  0  0  0  0  0  0  1  0  0  0  0  0  0  0.10239352D-09
 204 Cl+         1  0  0  0  0  0  0  0  0  0  0  1  0  0  0.11692834D-17
 205 F+          1  0  0  0  0  0  0  0  0  0  0  0  0  1  0.30231475D-17
 206 P+          1  0  0  0  0  0  0  0  0  0  0  0  1  0  0.15355841D-13
 207 e-         -1  0  0  0  0  0  0  0  0  0  0  0  0  0  0.20459636D-07
 208 CH+         1  1  0  1  0  0  0  0  0  0  0  0  0  0  0.53104529D-17
 209 H2+         1  2  0  0  0  0  0  0  0  0  0  0  0  0  0.11521629D-12
 210 OH+         1  1  0  0  0  1  0  0  0  0  0  0  0  0  0.24958980D-13
 211 SiH+        1  1  0  0  0  0  1  0  0  0  0  0  0  0  0.80877539D-13
 212 C2+         1  0  0  2  0  0  0  0  0  0  0  0  0  0  0.44580593D-19
 213 CN-        -1  0  0  1  1  0  0  0  0  0  0  0  0  0  0.18462135D-15
 214 OH-        -1  1  0  0  0  1  0  0  0  0  0  0  0  0  0.34449431D-13
 215 CF+         1  0  0  1  0  0  0  0  0  0  0  0  0  1  0.26654490D-11
 216 HS+         1  1  0  0  0  0  0  1  0  0  0  0  0  0  0.83693915D-12
 217 SO+         1  0  0  0  0  1  0  1  0  0  0  0  0  0  0.28983781D-10
 218 CCl+        1  0  0  1  0  0  0  0  0  0  0  1  0  0  0.53886609D-13
 219 ClO+        1  0  0  0  0  1  0  0  0  0  0  1  0  0  0.00000000D+00
 220 CN+         1  0  0  1  1  0  0  0  0  0  0  0  0  0  0.48185553D-18
 221 CO+         1  0  0  1  0  1  0  0  0  0  0  0  0  0  0.53525158D-14
 222 CP+         1  0  0  1  0  0  0  0  0  0  0  0  1  0  0.27513189D-23
 223 CS+         1  0  0  1  0  0  0  1  0  0  0  0  0  0  0.14471136D-15
 224 HCl+        1  1  0  0  0  0  0  0  0  0  0  1  0  0  0.16552304D-17
 225 HF+         1  1  0  0  0  0  0  0  0  0  0  0  0  1  0.23254727D-17
 226 HeH+        1  1  1  0  0  0  0  0  0  0  0  0  0  0  0.15183620D-20
 227 N2+         1  0  0  0  2  0  0  0  0  0  0  0  0  0  0.44565067D-15
 228 NH+         1  1  0  0  1  0  0  0  0  0  0  0  0  0  0.12802787D-14
 229 NO+         1  0  0  0  1  1  0  0  0  0  0  0  0  0  0.39686549D-11
 230 NS+         1  0  0  0  1  0  0  1  0  0  0  0  0  0  0.34674756D-13
 231 O2+         1  0  0  0  0  2  0  0  0  0  0  0  0  0  0.32529019D-09
 232 PH+         1  1  0  0  0  0  0  0  0  0  0  0  1  0  0.21820820D-13
 233 PN+         1  0  0  0  1  0  0  0  0  0  0  0  1  0  0.13486489D-13
 234 PO+         1  0  0  0  0  1  0  0  0  0  0  0  1  0  0.19864347D-12
 235 S2+         1  0  0  0  0  0  0  2  0  0  0  0  0  0  0.18988461D-14
 236 SiC+        1  0  0  1  0  0  1  0  0  0  0  0  0  0  0.55823182D-20
 237 SiN+        1  0  0  0  1  0  1  0  0  0  0  0  0  0  0.39553888D-14
 238 SiO+        1  0  0  0  0  1  1  0  0  0  0  0  0  0  0.14039766D-15
 239 SiS+        1  0  0  0  0  0  1  1  0  0  0  0  0  0  0.50636909D-20
 240 SiF+        1  0  0  0  0  0  1  0  0  0  0  0  0  1  0.10513658D-12
 241 CH2+        1  2  0  1  0  0  0  0  0  0  0  0  0  0  0.32680919D-15
 242 C2N+        1  0  0  2  1  0  0  0  0  0  0  0  0  0  0.67681850D-21
 243 CNC+        1  0  0  2  1  0  0  0  0  0  0  0  0  0  0.33387170D-12
 244 HSiO+       1  1  0  0  0  1  1  0  0  0  0  0  0  0  0.49060387D-10
 245 N2H+        1  1  0  0  2  0  0  0  0  0  0  0  0  0  0.83621807D-10
 246 C2H+        1  1  0  2  0  0  0  0  0  0  0  0  0  0  0.10788182D-18
 247 H3+         1  3  0  0  0  0  0  0  0  0  0  0  0  0  0.26378617D-09
 248 C3-        -1  0  0  3  0  0  0  0  0  0  0  0  0  0  0.34954337D-17
 249 HCO+        1  1  0  1  0  1  0  0  0  0  0  0  0  0  0.84998787D-08
 250 HSO+        1  1  0  0  0  1  0  1  0  0  0  0  0  0  0.22473298D-09
 251 H2S+        1  2  0  0  0  0  0  1  0  0  0  0  0  0  0.22235661D-13
 252 HCS+        1  1  0  1  0  0  0  1  0  0  0  0  0  0  0.53613874D-12
 253 HPO+        1  1  0  0  0  1  0  0  0  0  0  0  1  0  0.15937927D-12
 254 C2O+        1  0  0  2  0  1  0  0  0  0  0  0  0  0  0.11563943D-17
 255 C2S+        1  0  0  2  0  0  0  1  0  0  0  0  0  0  0.14587354D-16
 256 C3+         1  0  0  3  0  0  0  0  0  0  0  0  0  0  0.18296404D-19
 257 CCP+        1  0  0  2  0  0  0  0  0  0  0  0  1  0  0.18036939D-17
 258 CHSi+       1  1  0  1  0  0  1  0  0  0  0  0  0  0  0.65487262D-20
 259 CO2+        1  0  0  1  0  2  0  0  0  0  0  0  0  0  0.17283476D-17
 260 H2Cl+       1  2  0  0  0  0  0  0  0  0  0  1  0  0  0.97424167D-14
 261 H2F+        1  2  0  0  0  0  0  0  0  0  0  0  0  1  0.64631287D-12
 262 H2O+        1  2  0  0  0  1  0  0  0  0  0  0  0  0  0.57824484D-13
 263 HCN+        1  1  0  1  1  0  0  0  0  0  0  0  0  0  0.20592516D-17
 264 HCP+        1  1  0  1  0  0  0  0  0  0  0  0  1  0  0.10736628D-21
 265 HNC+        1  1  0  1  1  0  0  0  0  0  0  0  0  0  0.18022688D-16
 266 HNO+        1  1  0  0  1  1  0  0  0  0  0  0  0  0  0.17823059D-12
 267 HNS+        1  1  0  0  1  0  0  1  0  0  0  0  0  0  0.81589603D-17
 268 HNSi+       1  1  0  0  1  0  1  0  0  0  0  0  0  0  0.11435388D-18
 269 HOC+        1  1  0  1  0  1  0  0  0  0  0  0  0  0  0.14458728D-11
 270 HPN+        1  1  0  0  1  0  0  0  0  0  0  0  1  0  0.20093422D-12
 271 HSiS+       1  1  0  0  0  0  1  1  0  0  0  0  0  0  0.97680013D-15
 272 NaH2+       1  2  0  0  0  0  0  0  0  1  0  0  0  0  0.24624475D-13
 273 NCO+        1  0  0  1  1  1  0  0  0  0  0  0  0  0  0.57352289D-14
 274 NH2+        1  2  0  0  1  0  0  0  0  0  0  0  0  0  0.10784447D-13
 275 NO2+        1  0  0  0  1  2  0  0  0  0  0  0  0  0  0.63107413D-18
 276 HO2+        1  1  0  0  0  2  0  0  0  0  0  0  0  0  0.19546278D-13
 277 OCS+        1  0  0  1  0  1  0  1  0  0  0  0  0  0  0.61700875D-12
 278 PH2+        1  2  0  0  0  0  0  0  0  0  0  0  1  0  0.79576335D-15
 279 HS2+        1  1  0  0  0  0  0  2  0  0  0  0  0  0  0.22596984D-16
 280 SiC2+       1  0  0  2  0  0  1  0  0  0  0  0  0  0  0.11271432D-21
 281 SiH2+       1  2  0  0  0  0  1  0  0  0  0  0  0  0  0.29953039D-12
 282 SiNC+       1  0  0  1  1  0  1  0  0  0  0  0  0  0  0.25951213D-13
 283 SO2+        1  0  0  0  0  2  0  1  0  0  0  0  0  0  0.35805198D-15
 284 HCNH+       1  2  0  1  1  0  0  0  0  0  0  0  0  0  0.10642211D-10
 285 HC2N+       1  1  0  2  1  0  0  0  0  0  0  0  0  0  0.17716612D-19
 286 C3H+        1  1  0  3  0  0  0  0  0  0  0  0  0  0  0.24555934D-16
 287 C4+         1  0  0  4  0  0  0  0  0  0  0  0  0  0  0.62632385D-19
 288 H2CO+       1  2  0  1  0  1  0  0  0  0  0  0  0  0  0.42394678D-13
 289 CH3+        1  3  0  1  0  0  0  0  0  0  0  0  0  0  0.44303550D-11
 290 C3N-       -1  0  0  3  1  0  0  0  0  0  0  0  0  0  0.18455175D-16
 291 C4-        -1  0  0  4  0  0  0  0  0  0  0  0  0  0  0.11977386D-16
 292 H3O+        1  3  0  0  0  1  0  0  0  0  0  0  0  0  0.14810149D-08
 293 H2NO+       1  2  0  0  1  1  0  0  0  0  0  0  0  0  0.12509418D-11
 294 H3S+        1  3  0  0  0  0  0  1  0  0  0  0  0  0  0.29306993D-13
 295 HC2S+       1  1  0  2  0  0  0  1  0  0  0  0  0  0  0.11092701D-14
 296 HOCS+       1  1  0  1  0  1  0  1  0  0  0  0  0  0  0.14148801D-12
 297 PCH2+       1  2  0  1  0  0  0  0  0  0  0  0  1  0  0.10818743D-15
 298 H2S2+       1  2  0  0  0  0  0  2  0  0  0  0  0  0  0.55916185D-16
 299 C2H2+       1  2  0  2  0  0  0  0  0  0  0  0  0  0  0.86924745D-14
 300 C2HO+       1  1  0  2  0  1  0  0  0  0  0  0  0  0  0.15989618D-14
 301 C2N2+       1  0  0  2  2  0  0  0  0  0  0  0  0  0  0.14513219D-22
 302 C3N+        1  0  0  3  1  0  0  0  0  0  0  0  0  0  0.21702580D-22
 303 C3O+        1  0  0  3  0  1  0  0  0  0  0  0  0  0  0.27922886D-16
 304 C3S+        1  0  0  3  0  0  0  1  0  0  0  0  0  0  0.52735607D-17
 305 CH2Si+      1  2  0  1  0  0  1  0  0  0  0  0  0  0  0.10563121D-15
 306 H2CCl+      1  2  0  1  0  0  0  0  0  0  0  1  0  0  0.38209807D-15
 307 H2CS+       1  2  0  1  0  0  0  1  0  0  0  0  0  0  0.11132445D-15
 308 H2NC+       1  2  0  1  1  0  0  0  0  0  0  0  0  0  0.16832620D-13
 309 H2PO+       1  2  0  0  0  1  0  0  0  0  0  0  1  0  0.40946247D-15
 310 H2SiO+      1  2  0  0  0  1  1  0  0  0  0  0  0  0  0.79547379D-16
 311 HOCO+       1  1  0  1  0  2  0  0  0  0  0  0  0  0  0.15488589D-11
 312 HNCO+       1  1  0  1  1  1  0  0  0  0  0  0  0  0  0.61644742D-20
 313 HSiO2+      1  1  0  0  0  2  1  0  0  0  0  0  0  0  0.28915047D-13
 314 HSO2+       1  1  0  0  0  2  0  1  0  0  0  0  0  0  0.25745267D-11
 315 NaH2O+      1  2  0  0  0  1  0  0  0  1  0  0  0  0  0.25387620D-14
 316 NH3+        1  3  0  0  1  0  0  0  0  0  0  0  0  0  0.67089170D-11
 317 PC2H+       1  1  0  2  0  0  0  0  0  0  0  0  1  0  0.33691093D-18
 318 PH3+        1  3  0  0  0  0  0  0  0  0  0  0  1  0  0.11486484D-15
 319 PNH2+       1  2  0  0  1  0  0  0  0  0  0  0  1  0  0.12719113D-15
 320 SiC2H+      1  1  0  2  0  0  1  0  0  0  0  0  0  0  0.10215097D-15
 321 l-SiC3+     1  0  0  3  0  0  1  0  0  0  0  0  0  0  0.11484085D-16
 322 SiH3+       1  3  0  0  0  0  1  0  0  0  0  0  0  0  0.13016380D-15
 323 SiNCH+      1  1  0  1  1  0  1  0  0  0  0  0  0  0  0.86495348D-18
 324 HSiNH+      1  2  0  0  1  0  1  0  0  0  0  0  0  0  0.44961863D-12
 325 HN2O+       1  1  0  0  2  1  0  0  0  0  0  0  0  0  0.14149863D-14
 326 C2H3+       1  3  0  2  0  0  0  0  0  0  0  0  0  0  0.13153103D-12
 327 c-C3H2+     1  2  0  3  0  0  0  0  0  0  0  0  0  0  0.84116227D-15
 328 l-C3H2+     1  2  0  3  0  0  0  0  0  0  0  0  0  0  0.28002437D-15
 329 C4H+        1  1  0  4  0  0  0  0  0  0  0  0  0  0  0.96521841D-19
 330 C5+         1  0  0  5  0  0  0  0  0  0  0  0  0  0  0.12683315D-21
 331 HC3O+       1  1  0  3  0  1  0  0  0  0  0  0  0  0  0.31936238D-15
 332 C4H-       -1  1  0  4  0  0  0  0  0  0  0  0  0  0  0.11692201D-16
 333 C5-        -1  0  0  5  0  0  0  0  0  0  0  0  0  0  0.12408646D-17
 334 NH4+        1  4  0  0  1  0  0  0  0  0  0  0  0  0  0.30823776D-10
 335 H3CS+       1  3  0  1  0  0  0  1  0  0  0  0  0  0  0.53242562D-14
 336 H2COH+      1  3  0  1  0  1  0  0  0  0  0  0  0  0  0.12011182D-12
 337 H3S2+       1  3  0  0  0  0  0  2  0  0  0  0  0  0  0.60177753D-16
 338 HC3S+       1  1  0  3  0  0  0  1  0  0  0  0  0  0  0.13332811D-15
 339 PC3H+       1  1  0  3  0  0  0  0  0  0  0  0  1  0  0.12326950D-19
 340 PCH3+       1  3  0  1  0  0  0  0  0  0  0  0  1  0  0.48223180D-17
 341 PNH3+       1  3  0  0  1  0  0  0  0  0  0  0  1  0  0.61844046D-16
 342 SiC2H2+     1  2  0  2  0  0  1  0  0  0  0  0  0  0  0.29122924D-15
 343 SiC3H+      1  1  0  3  0  0  1  0  0  0  0  0  0  0  0.18872345D-16
 344 SiC4+       1  0  0  4  0  0  1  0  0  0  0  0  0  0  0.77378407D-20
 345 SiCH3+      1  3  0  1  0  0  1  0  0  0  0  0  0  0  0.47010981D-18
 346 SiH4+       1  4  0  0  0  0  1  0  0  0  0  0  0  0  0.15633448D-26
 347 CH2CN+      1  2  0  2  1  0  0  0  0  0  0  0  0  0  0.24350842D-14
 348 H2CCO+      1  2  0  2  0  1  0  0  0  0  0  0  0  0  0.21946560D-13
 349 HC3N+       1  1  0  3  1  0  0  0  0  0  0  0  0  0  0.77421077D-19
 350 C4N+        1  0  0  4  1  0  0  0  0  0  0  0  0  0  0.21229673D-21
 351 C4P+        1  0  0  4  0  0  0  0  0  0  0  0  1  0  0.79340080D-24
 352 C4S+        1  0  0  4  0  0  0  1  0  0  0  0  0  0  0.29032479D-19
 353 HCOOH+      1  2  0  1  0  2  0  0  0  0  0  0  0  0  0.11769128D-13
 354 CH4+        1  4  0  1  0  0  0  0  0  0  0  0  0  0  0.37594460D-16
 355 H3SiO+      1  3  0  0  0  1  1  0  0  0  0  0  0  0  0.12008003D-17
 356 PC2H2+      1  2  0  2  0  0  0  0  0  0  0  0  1  0  0.31800697D-18
 357 C6+         1  0  0  6  0  0  0  0  0  0  0  0  0  0  0.74406626D-24
 358 HC4N+       1  1  0  4  1  0  0  0  0  0  0  0  0  0  0.19247356D-24
 359 C5H-       -1  1  0  5  0  0  0  0  0  0  0  0  0  0  0.34604133D-18
 360 C6-        -1  0  0  6  0  0  0  0  0  0  0  0  0  0  0.61492301D-19
 361 CH3CO+      1  3  0  2  0  1  0  0  0  0  0  0  0  0  0.16673100D-12
 362 C2H4+       1  4  0  2  0  0  0  0  0  0  0  0  0  0  0.26419498D-13
 363 HC3NH+      1  2  0  3  1  0  0  0  0  0  0  0  0  0  0.27902597D-15
 364 HC4S+       1  1  0  4  0  0  0  1  0  0  0  0  0  0  0.55583520D-18
 365 CH5+        1  5  0  1  0  0  0  0  0  0  0  0  0  0  0.61293372D-13
 366 C4H2+       1  2  0  4  0  0  0  0  0  0  0  0  0  0  0.35521808D-15
 367 C5H+        1  1  0  5  0  0  0  0  0  0  0  0  0  0  0.10733113D-17
 368 CH3CN+      1  3  0  2  1  0  0  0  0  0  0  0  0  0  0.28586561D-16
 369 c-C3H3+     1  3  0  3  0  0  0  0  0  0  0  0  0  0  0.47084207D-14
 370 l-C3H3+     1  3  0  3  0  0  0  0  0  0  0  0  0  0  0.45380468D-14
 371 C5N+        1  0  0  5  1  0  0  0  0  0  0  0  0  0  0.12434170D-24
 372 CH3O2+      1  3  0  1  0  2  0  0  0  0  0  0  0  0  0.82853480D-12
 373 CH2NH2+     1  4  0  1  1  0  0  0  0  0  0  0  0  0  0.38469861D-13
 374 CH3OH+      1  4  0  1  0  1  0  0  0  0  0  0  0  0  0.11278265D-18
 375 H2C3O+      1  2  0  3  0  1  0  0  0  0  0  0  0  0  0.21991016D-17
 376 HC2NCH+     1  2  0  3  1  0  0  0  0  0  0  0  0  0  0.10073442D-15
 377 HC4O+       1  1  0  4  0  1  0  0  0  0  0  0  0  0  0.97730609D-16
 378 NH2CNH+     1  3  0  1  2  0  0  0  0  0  0  0  0  0  0.00000000D+00
 379 PC2H3+      1  3  0  2  0  0  0  0  0  0  0  0  1  0  0.33557295D-20
 380 PC4H+       1  1  0  4  0  0  0  0  0  0  0  0  1  0  0.30616005D-20
 381 PCH4+       1  4  0  1  0  0  0  0  0  0  0  0  1  0  0.24223471D-18
 382 SiC2H3+     1  3  0  2  0  0  1  0  0  0  0  0  0  0  0.18536904D-16
 383 SiC3H2+     1  2  0  3  0  0  1  0  0  0  0  0  0  0  0.54850672D-19
 384 SiC4H+      1  1  0  4  0  0  1  0  0  0  0  0  0  0  0.40887879D-21
 385 SiCH4+      1  4  0  1  0  0  1  0  0  0  0  0  0  0  0.15800390D-18
 386 SiH5+       1  5  0  0  0  0  1  0  0  0  0  0  0  0  0.12137833D-19
 387 C7+         1  0  0  7  0  0  0  0  0  0  0  0  0  0  0.24649289D-25
 388 H2C4N+      1  2  0  4  1  0  0  0  0  0  0  0  0  0  0.28677954D-24
 389 C6H-       -1  1  0  6  0  0  0  0  0  0  0  0  0  0  0.14798046D-19
 390 C7-        -1  0  0  7  0  0  0  0  0  0  0  0  0  0  0.91087742D-22
 391 C4H3+       1  3  0  4  0  0  0  0  0  0  0  0  0  0  0.43901123D-16
 392 C5H2+       1  2  0  5  0  0  0  0  0  0  0  0  0  0  0.30622654D-20
 393 CH3CNH+     1  4  0  2  1  0  0  0  0  0  0  0  0  0  0.10630955D-13
 394 C2H4O+      1  4  0  2  0  1  0  0  0  0  0  0  0  0  0.27264570D-16
 395 C2H5+       1  5  0  2  0  0  0  0  0  0  0  0  0  0  0.13354081D-14
 396 C3H3N+      1  3  0  3  1  0  0  0  0  0  0  0  0  0  0.23489852D-18
 397 C3H4+       1  4  0  3  0  0  0  0  0  0  0  0  0  0  0.11723884D-18
 398 HC5N+       1  1  0  5  1  0  0  0  0  0  0  0  0  0  0.49185594D-22
 399 C6H+        1  1  0  6  0  0  0  0  0  0  0  0  0  0  0.34480475D-22
 400 CH3NH2+     1  5  0  1  1  0  0  0  0  0  0  0  0  0  0.17394367D-14
 401 CH3OH2+     1  5  0  1  0  1  0  0  0  0  0  0  0  0  0.35153678D-16
 402 H3C3O+      1  3  0  3  0  1  0  0  0  0  0  0  0  0  0.24699705D-15
 403 NH2CH2O+    1  4  0  1  1  1  0  0  0  0  0  0  0  0  0.35266868D-16
 404 PC2H4+      1  4  0  2  0  0  0  0  0  0  0  0  1  0  0.12750368D-21
 405 PC4H2+      1  2  0  4  0  0  0  0  0  0  0  0  1  0  0.31561079D-23
 406 HC5O+       1  1  0  5  0  1  0  0  0  0  0  0  0  0  0.12027097D-18
 407 C6N+        1  0  0  6  1  0  0  0  0  0  0  0  0  0  0.25595017D-25
 408 H2C5N+      1  2  0  5  1  0  0  0  0  0  0  0  0  0  0.71413611D-20
 409 C8+         1  0  0  8  0  0  0  0  0  0  0  0  0  0  0.41662219D-25
 410 C7H-       -1  1  0  7  0  0  0  0  0  0  0  0  0  0  0.29408497D-20
 411 C8-        -1  0  0  8  0  0  0  0  0  0  0  0  0  0  0.23316027D-22
 412 C5H3+       1  3  0  5  0  0  0  0  0  0  0  0  0  0  0.34299869D-19
 413 C3H5+       1  5  0  3  0  0  0  0  0  0  0  0  0  0  0.12508957D-16
 414 C6H2+       1  2  0  6  0  0  0  0  0  0  0  0  0  0  0.87851479D-21
 415 C7H+        1  1  0  7  0  0  0  0  0  0  0  0  0  0  0.39147788D-22
 416 CH3CHOH+    1  5  0  2  0  1  0  0  0  0  0  0  0  0  0.37700973D-17
 417 C2H6+       1  6  0  2  0  0  0  0  0  0  0  0  0  0  0.77327718D-23
 418 C3H3NH+     1  4  0  3  1  0  0  0  0  0  0  0  0  0  0.28323893D-18
 419 C4H4+       1  4  0  4  0  0  0  0  0  0  0  0  0  0  0.10826154D-20
 420 C7N+        1  0  0  7  1  0  0  0  0  0  0  0  0  0  0.45352198D-29
 421 CH3NH3+     1  6  0  1  1  0  0  0  0  0  0  0  0  0  0.44944568D-13
 422 COOCH4+     1  4  0  2  0  2  0  0  0  0  0  0  0  0  0.58469581D-22
 423 H3C4N+      1  3  0  4  1  0  0  0  0  0  0  0  0  0  0.28677344D-24
 424 HC6N+       1  1  0  6  1  0  0  0  0  0  0  0  0  0  0.93788773D-28
 425 C9+         1  0  0  9  0  0  0  0  0  0  0  0  0  0  0.74864830D-26
 426 C8H-       -1  1  0  8  0  0  0  0  0  0  0  0  0  0  0.18920123D-20
 427 C9-        -1  0  0  9  0  0  0  0  0  0  0  0  0  0  0.34997461D-23
 428 C4H5+       1  5  0  4  0  0  0  0  0  0  0  0  0  0  0.36702247D-19
 429 C6H3+       1  3  0  6  0  0  0  0  0  0  0  0  0  0  0.48828858D-21
 430 C7H2+       1  2  0  7  0  0  0  0  0  0  0  0  0  0  0.73236368D-23
 431 C2H5OH+     1  6  0  2  0  1  0  0  0  0  0  0  0  0  0.75449048D-20
 432 H3C4NH+     1  4  0  4  1  0  0  0  0  0  0  0  0  0  0.62363490D-20
 433 C5H3N+      1  3  0  5  1  0  0  0  0  0  0  0  0  0  0.31487376D-22
 434 C5H4+       1  4  0  5  0  0  0  0  0  0  0  0  0  0  0.10009535D-19
 435 HC7N+       1  1  0  7  1  0  0  0  0  0  0  0  0  0  0.22077085D-25
 436 C8H+        1  1  0  8  0  0  0  0  0  0  0  0  0  0  0.30286577D-27
 437 CH3OCH3+    1  6  0  2  0  1  0  0  0  0  0  0  0  0  0.70539309D-25
 438 H5C2O2+     1  5  0  2  0  2  0  0  0  0  0  0  0  0  0.11429574D-20
 439 HC7O+       1  1  0  7  0  1  0  0  0  0  0  0  0  0  0.15685865D-21
 440 C8N+        1  0  0  8  1  0  0  0  0  0  0  0  0  0  0.25314915D-28
 441 H2C6N+      1  2  0  6  1  0  0  0  0  0  0  0  0  0  0.65727127D-23
 442 C2H7+       1  7  0  2  0  0  0  0  0  0  0  0  0  0  0.25319302D-41
 443 C10+        1  0  0 10  0  0  0  0  0  0  0  0  0  0  0.15404512D-29
 444 CH3OCH4+    1  7  0  2  0  1  0  0  0  0  0  0  0  0  0.31602729D-23
 445 C9H-       -1  1  0  9  0  0  0  0  0  0  0  0  0  0  0.12309075D-23
 446 C10-       -1  0  0 10  0  0  0  0  0  0  0  0  0  0  0.53147029D-27
 447 C7H2N+      1  2  0  7  1  0  0  0  0  0  0  0  0  0  0.36212983D-22
 448 C7H3+       1  3  0  7  0  0  0  0  0  0  0  0  0  0  0.43211207D-22
 449 C5H5+       1  5  0  5  0  0  0  0  0  0  0  0  0  0  0.30986043D-19
 450 C8H2+       1  2  0  8  0  0  0  0  0  0  0  0  0  0  0.21787782D-22
 451 C9H+        1  1  0  9  0  0  0  0  0  0  0  0  0  0  0.25214877D-23
 452 C2H5OH2+    1  7  0  2  0  1  0  0  0  0  0  0  0  0  0.50142246D-18
 453 C2H6CO+     1  6  0  3  0  1  0  0  0  0  0  0  0  0  0.19311614D-23
 454 C5H4N+      1  4  0  5  1  0  0  0  0  0  0  0  0  0  0.31596042D-20
 455 C6H4+       1  4  0  6  0  0  0  0  0  0  0  0  0  0  0.81729044D-21
 456 C9N+        1  0  0  9  1  0  0  0  0  0  0  0  0  0  0.29211103D-30
 457 HC8N+       1  1  0  8  1  0  0  0  0  0  0  0  0  0  0.55741258D-29
 458 C10H+       1  1  0 10  0  0  0  0  0  0  0  0  0  0  0.34745744D-27
 459 C10H-      -1  1  0 10  0  0  0  0  0  0  0  0  0  0  0.82109216D-28
 460 C8H3+       1  3  0  8  0  0  0  0  0  0  0  0  0  0  0.14123007D-23
 461 C9H2+       1  2  0  9  0  0  0  0  0  0  0  0  0  0  0.16453661D-25
 462 C3H6OH+     1  7  0  3  0  1  0  0  0  0  0  0  0  0  0.37762883D-22
 463 C4H7+       1  7  0  4  0  0  0  0  0  0  0  0  0  0  0.27707872D-21
 464 H3C6NH+     1  4  0  6  1  0  0  0  0  0  0  0  0  0  0.20026524D-24
 465 C6H5+       1  5  0  6  0  0  0  0  0  0  0  0  0  0  0.17661627D-24
 466 H3C7N+      1  3  0  7  1  0  0  0  0  0  0  0  0  0  0.10256037D-25
 467 C7H4+       1  4  0  7  0  0  0  0  0  0  0  0  0  0  0.50044637D-23
 468 C9HN+       1  1  0  9  1  0  0  0  0  0  0  0  0  0  0.99179617D-28
 469 C11+        1  0  0 11  0  0  0  0  0  0  0  0  0  0  0.33336173D-29
 470 HC9O+       1  1  0  9  0  1  0  0  0  0  0  0  0  0  0.95212808D-25
 471 C10N+       1  0  0 10  1  0  0  0  0  0  0  0  0  0  0.12158210D-31
 472 H2C8N+      1  2  0  8  1  0  0  0  0  0  0  0  0  0  0.39063549D-24
 473 C9H2N+      1  2  0  9  1  0  0  0  0  0  0  0  0  0  0.62478736D-26
 474 C9H3+       1  3  0  9  0  0  0  0  0  0  0  0  0  0  0.13774796D-26
 475 C10H2+      1  2  0 10  0  0  0  0  0  0  0  0  0  0  0.71728958D-29
 476 C7H5+       1  5  0  7  0  0  0  0  0  0  0  0  0  0  0.36085610D-24
 477 C8H4+       1  4  0  8  0  0  0  0  0  0  0  0  0  0  0.11758717D-25
 478 HC10N+      1  1  0 10  1  0  0  0  0  0  0  0  0  0  0.12223085D-35
 479 C6H7+       1  7  0  6  0  0  0  0  0  0  0  0  0  0  0.28618146D-21
 480 C9H4+       1  4  0  9  0  0  0  0  0  0  0  0  0  0  0.12429243D-26
 481 C8H4N+      1  4  0  8  1  0  0  0  0  0  0  0  0  0  0.17501321D-27
 482 C8H5+       1  5  0  8  0  0  0  0  0  0  0  0  0  0  0.21017941D-27
 483 C9H3N+      1  3  0  9  1  0  0  0  0  0  0  0  0  0  0.16738278D-29
 484 C10H3+      1  3  0 10  0  0  0  0  0  0  0  0  0  0  0.25775480D-28
 485 H2C10N+     1  2  0 10  1  0  0  0  0  0  0  0  0  0  0.12849246D-30
 486 C9H5+       1  5  0  9  0  0  0  0  0  0  0  0  0  0  0.16421275D-30
 487 GRAIN0      0  0  0  0  0  0  0  0  0  0  0  0  0  0  0.54800637D-14
 488 GRAIN-     -1  0  0  0  0  0  0  0  0  0  0  0  0  0  0.13160199D-11
 489 XH          0  1  0  0  0  0  0  0  0  0  0  0  0  0  0.31006111D-17
