0.11D+08                                              +-  H  He C  O  S  G    
 JSPACE =            1
   1 H           0  1  0  0  0  0  0  0  0  0  0  0  0  0  0.94084687D+00
   2 C           0  0  0  1  0  0  0  0  0  0  0  0  0  0  0.11990735D-04
   3 Fe          0  0  0  0  0  0  0  0  1  0  0  0  0  0  0.55263721D-11
   4 Mg          0  0  0  0  0  0  0  0  0  0  1  0  0  0  0.25654907D-10
   5 S           0  0  0  0  0  0  0  1  0  0  0  0  0  0  0.25055212D-09
   6 Si          0  0  0  0  0  0  1  0  0  0  0  0  0  0  0.17793990D-10
   7 O           0  0  0  0  0  1  0  0  0  0  0  0  0  0  0.23996251D-03
   8 N           0  0  0  0  1  0  0  0  0  0  0  0  0  0  0.61999664D-04
   9 He          0  0  1  0  0  0  0  0  0  0  0  0  0  0  0.89999997D-01
  10 Cl          0  0  0  0  0  0  0  0  0  0  0  1  0  0  0.99978451D-09
  11 Na          0  0  0  0  0  0  0  0  0  1  0  0  0  0  0.67375631D-11
  12 P           0  0  0  0  0  0  0  0  0  0  0  0  1  0  0.59030586D-14
  13 F           0  0  0  0  0  0  0  0  0  0  0  0  0  1  0.50982509D-08
  14 OH          0  1  0  0  0  1  0  0  0  0  0  0  0  0  0.71819448D-09
  15 CO          0  0  0  1  0  1  0  0  0  0  0  0  0  0  0.36620293D-07
  16 CS          0  0  0  1  0  0  0  1  0  0  0  0  0  0  0.36548799D-14
  17 HS          0  1  0  0  0  0  0  1  0  0  0  0  0  0  0.16078867D-15
  18 N2          0  0  0  0  2  0  0  0  0  0  0  0  0  0  0.80871002D-10
  19 NH          0  1  0  0  1  0  0  0  0  0  0  0  0  0  0.72014839D-11
  20 SiH         0  1  0  0  0  0  1  0  0  0  0  0  0  0  0.16335929D-13
  21 SiO         0  0  0  0  0  1  1  0  0  0  0  0  0  0  0.24463874D-14
  22 SO          0  0  0  0  0  1  0  1  0  0  0  0  0  0  0.25330002D-16
  23 CH          0  1  0  1  0  0  0  0  0  0  0  0  0  0  0.61903978D-11
  24 O2          0  0  0  0  0  2  0  0  0  0  0  0  0  0  0.44563445D-10
  25 H2          0  2  0  0  0  0  0  0  0  0  0  0  0  0  0.29576510D-01
  26 C2          0  0  0  2  0  0  0  0  0  0  0  0  0  0  0.10653582D-10
  27 CN          0  0  0  1  1  0  0  0  0  0  0  0  0  0  0.14893540D-09
  28 MgH         0  1  0  0  0  0  0  0  0  0  1  0  0  0  0.48833166D-21
  29 NaH         0  1  0  0  0  0  0  0  0  1  0  0  0  0  0.25877014D-17
  30 NO          0  0  0  0  1  1  0  0  0  0  0  0  0  0  0.65869756D-11
  31 NS          0  0  0  0  1  0  0  1  0  0  0  0  0  0  0.16353479D-17
  32 PH          0  1  0  0  0  0  0  0  0  0  0  0  1  0  0.12367897D-15
  33 PN          0  0  0  0  1  0  0  0  0  0  0  0  1  0  0.22301644D-15
  34 PO          0  0  0  0  0  1  0  0  0  0  0  0  1  0  0.11242051D-16
  35 S2          0  0  0  0  0  0  0  2  0  0  0  0  0  0  0.42761096D-20
  36 SiC         0  0  0  1  0  0  1  0  0  0  0  0  0  0  0.25242676D-14
  37 SiN         0  0  0  0  1  0  1  0  0  0  0  0  0  0  0.21308578D-15
  38 SiS         0  0  0  0  0  0  1  1  0  0  0  0  0  0  0.18636917D-19
  39 CCl         0  0  0  1  0  0  0  0  0  0  0  1  0  0  0.12062981D-20
  40 ClO         0  0  0  0  0  1  0  0  0  0  0  1  0  0  0.16195033D-56
  41 CP          0  0  0  1  0  0  0  0  0  0  0  0  1  0  0.36167110D-18
  42 HCl         0  1  0  0  0  0  0  0  0  0  0  1  0  0  0.14715070D-12
  43 HF          0  1  0  0  0  0  0  0  0  0  0  0  0  1  0.15589182D-08
  44 CCH         0  1  0  2  0  0  0  0  0  0  0  0  0  0  0.67596659D-12
  45 C3          0  0  0  3  0  0  0  0  0  0  0  0  0  0  0.14636737D-12
  46 CH2         0  2  0  1  0  0  0  0  0  0  0  0  0  0  0.65432364D-12
  47 SO2         0  0  0  0  0  2  0  1  0  0  0  0  0  0  0.86534422D-23
  48 H2O         0  2  0  0  0  1  0  0  0  0  0  0  0  0  0.27314114D-10
  49 HCN         0  1  0  1  1  0  0  0  0  0  0  0  0  0  0.10315075D-12
  50 HCSi        0  1  0  1  0  0  1  0  0  0  0  0  0  0  0.10182982D-14
  51 CCN         0  0  0  2  1  0  0  0  0  0  0  0  0  0  0.31233796D-16
  52 CCS         0  0  0  2  0  0  0  1  0  0  0  0  0  0  0.70701869D-19
  53 CCO         0  0  0  2  0  1  0  0  0  0  0  0  0  0  0.26843370D-16
  54 CCP         0  0  0  2  0  0  0  0  0  0  0  0  1  0  0.23864746D-21
  55 CO2         0  0  0  1  0  2  0  0  0  0  0  0  0  0  0.27945263D-16
  56 H2S         0  2  0  0  0  0  0  1  0  0  0  0  0  0  0.48048839D-17
  57 HCO         0  1  0  1  0  1  0  0  0  0  0  0  0  0  0.40601064D-17
  58 HCP         0  1  0  1  0  0  0  0  0  0  0  0  1  0  0.48080515D-19
  59 HCS         0  1  0  1  0  0  0  1  0  0  0  0  0  0  0.33085297D-21
  60 HNC         0  1  0  1  1  0  0  0  0  0  0  0  0  0  0.85178367D-13
  61 HNO         0  1  0  0  1  1  0  0  0  0  0  0  0  0  0.32098689D-15
  62 HNSi        0  1  0  0  1  0  1  0  0  0  0  0  0  0  0.61270141D-18
  63 HPO         0  1  0  0  0  1  0  0  0  0  0  0  1  0  0.10868050D-23
  64 HSS         0  1  0  0  0  0  0  2  0  0  0  0  0  0  0.41548922D-25
  65 N2O         0  0  0  0  2  1  0  0  0  0  0  0  0  0  0.67919291D-20
  66 NaOH        0  1  0  0  0  1  0  0  0  1  0  0  0  0  0.20374879D-23
  67 NH2         0  2  0  0  1  0  0  0  0  0  0  0  0  0  0.34294646D-12
  68 NO2         0  0  0  0  1  2  0  0  0  0  0  0  0  0  0.58077623D-54
  69 O2H         0  1  0  0  0  2  0  0  0  0  0  0  0  0  0.19278683D-19
  70 OCN         0  0  0  1  1  1  0  0  0  0  0  0  0  0  0.82202312D-18
  71 OCS         0  0  0  1  0  1  0  1  0  0  0  0  0  0  0.88937266D-21
  72 PH2         0  2  0  0  0  0  0  0  0  0  0  0  1  0  0.23426787D-22
  73 c-SiC2      0  0  0  2  0  0  1  0  0  0  0  0  0  0  0.11443963D-15
  74 SiH2        0  2  0  0  0  0  1  0  0  0  0  0  0  0  0.21798866D-22
  75 SiNC        0  0  0  1  1  0  1  0  0  0  0  0  0  0  0.18015036D-21
  76 SiO2        0  0  0  0  0  2  1  0  0  0  0  0  0  0  0.16419737D-22
  77 C4          0  0  0  4  0  0  0  0  0  0  0  0  0  0  0.23721906D-17
  78 c-C3H       0  1  0  3  0  0  0  0  0  0  0  0  0  0  0.74766555D-16
  79 l-C3H       0  1  0  3  0  0  0  0  0  0  0  0  0  0  0.45949505D-16
  80 CH3         0  3  0  1  0  0  0  0  0  0  0  0  0  0  0.76004727D-13
  81 C2H2        0  2  0  2  0  0  0  0  0  0  0  0  0  0  0.11400601D-14
  82 NH3         0  3  0  0  1  0  0  0  0  0  0  0  0  0  0.51874631D-16
  83 SiCH2       0  2  0  1  0  0  1  0  0  0  0  0  0  0  0.32645239D-21
  84 C3N         0  0  0  3  1  0  0  0  0  0  0  0  0  0  0.89087962D-17
  85 C3O         0  0  0  3  0  1  0  0  0  0  0  0  0  0  0.54757865D-18
  86 C3P         0  0  0  3  0  0  0  0  0  0  0  0  1  0  0.11928524D-29
  87 C3S         0  0  0  3  0  0  0  1  0  0  0  0  0  0  0.63237265D-20
  88 H2CO        0  2  0  1  0  1  0  0  0  0  0  0  0  0  0.31746993D-14
  89 H2CS        0  2  0  1  0  0  0  1  0  0  0  0  0  0  0.44157551D-20
  90 HOOH        0  2  0  0  0  2  0  0  0  0  0  0  0  0  0.32811269D-22
  91 HSSH        0  2  0  0  0  0  0  2  0  0  0  0  0  0  0.17460277D-25
  92 H2SiO       0  2  0  0  0  1  1  0  0  0  0  0  0  0  0.52061681D-33
  93 HCCP        0  1  0  2  0  0  0  0  0  0  0  0  1  0  0.97016702D-23
  94 HCCSi       0  1  0  2  0  0  1  0  0  0  0  0  0  0  0.55506625D-22
  95 l-SiC3      0  0  0  3  0  0  1  0  0  0  0  0  0  0  0.41560664D-21
  96 SiH3        0  3  0  0  0  0  1  0  0  0  0  0  0  0  0.16481039D-31
  97 H2CN        0  2  0  1  1  0  0  0  0  0  0  0  0  0  0.36352297D-17
  98 C5          0  0  0  5  0  0  0  0  0  0  0  0  0  0  0.23916292D-18
  99 c-C3H2      0  2  0  3  0  0  0  0  0  0  0  0  0  0  0.20056778D-16
 100 l-C3H2      0  2  0  3  0  0  0  0  0  0  0  0  0  0  0.15004414D-16
 101 C4H         0  1  0  4  0  0  0  0  0  0  0  0  0  0  0.31502254D-17
 102 CH4         0  4  0  1  0  0  0  0  0  0  0  0  0  0  0.76357824D-17
 103 HC3N        0  1  0  3  1  0  0  0  0  0  0  0  0  0  0.26447586D-18
 104 H2CCN       0  2  0  2  1  0  0  0  0  0  0  0  0  0  0.12725068D-20
 105 H2CCO       0  2  0  2  0  1  0  0  0  0  0  0  0  0  0.74468782D-19
 106 C2H3        0  3  0  2  0  0  0  0  0  0  0  0  0  0  0.51005617D-19
 107 C4N         0  0  0  4  1  0  0  0  0  0  0  0  0  0  0.36759781D-19
 108 C4P         0  0  0  4  0  0  0  0  0  0  0  0  1  0  0.23670209D-30
 109 C4S         0  0  0  4  0  0  0  1  0  0  0  0  0  0  0.71062750D-22
 110 HCOOH       0  2  0  1  0  2  0  0  0  0  0  0  0  0  0.92068191D-21
 111 CH2PH       0  3  0  1  0  0  0  0  0  0  0  0  1  0  0.42807558D-33
 112 CH2NH       0  3  0  1  1  0  0  0  0  0  0  0  0  0  0.76905569D-21
 113 c-HCCHSi    0  2  0  2  0  0  1  0  0  0  0  0  0  0  0.34243625D-22
 114 SiC3H       0  1  0  3  0  0  1  0  0  0  0  0  0  0  0.45778484D-26
 115 SiC4        0  0  0  4  0  0  1  0  0  0  0  0  0  0  0.28684274D-26
 116 SiCH3       0  3  0  1  0  0  1  0  0  0  0  0  0  0  0.27287616D-26
 117 SiH4        0  4  0  0  0  0  1  0  0  0  0  0  0  0  0.15366707D-31
 118 HCNCC       0  1  0  3  1  0  0  0  0  0  0  0  0  0  0.60021645D-23
 119 HCCNC       0  1  0  3  1  0  0  0  0  0  0  0  0  0  0.13299422D-21
 120 HNCCC       0  1  0  3  1  0  0  0  0  0  0  0  0  0  0.13438456D-23
 121 NH2CN       0  2  0  1  2  0  0  0  0  0  0  0  0  0  0.00000000D+00
 122 C6          0  0  0  6  0  0  0  0  0  0  0  0  0  0  0.12200293D-19
 123 CH3CN       0  3  0  2  1  0  0  0  0  0  0  0  0  0  0.12050448D-20
 124 CH2CCH      0  3  0  3  0  0  0  0  0  0  0  0  0  0  0.41991937D-23
 125 C2H4        0  4  0  2  0  0  0  0  0  0  0  0  0  0  0.33815581D-25
 126 NC4N        0  0  0  4  2  0  0  0  0  0  0  0  0  0  0.15035304D-22
 127 H2CSiCH     0  3  0  2  0  0  1  0  0  0  0  0  0  0  0.37897969D-31
 128 SiC4H       0  1  0  4  0  0  1  0  0  0  0  0  0  0  0.94196837D-23
 129 HC4N        0  1  0  4  1  0  0  0  0  0  0  0  0  0  0.50373953D-24
 130 C4H2        0  2  0  4  0  0  0  0  0  0  0  0  0  0  0.75014570D-17
 131 C5H         0  1  0  5  0  0  0  0  0  0  0  0  0  0  0.20500447D-18
 132 C5N         0  0  0  5  1  0  0  0  0  0  0  0  0  0  0.17403659D-19
 133 CH3OH       0  4  0  1  0  1  0  0  0  0  0  0  0  0  0.46155467D-23
 134 NH2CHO      0  3  0  1  1  1  0  0  0  0  0  0  0  0  0.98746351D-25
 135 C5O         0  0  0  5  0  1  0  0  0  0  0  0  0  0  0.13675382D-18
 136 C7          0  0  0  7  0  0  0  0  0  0  0  0  0  0  0.10828307D-20
 137 HC5N        0  1  0  5  1  0  0  0  0  0  0  0  0  0  0.11309429D-21
 138 SiC2CH3     0  3  0  3  0  0  1  0  0  0  0  0  0  0  0.44048814D-34
 139 CH3CHO      0  4  0  2  0  1  0  0  0  0  0  0  0  0  0.10070866D-27
 140 C2H5        0  5  0  2  0  0  0  0  0  0  0  0  0  0  0.35506322D-38
 141 CH2CHCN     0  3  0  3  1  0  0  0  0  0  0  0  0  0  0.28296554D-31
 142 CH3CCH      0  4  0  3  0  0  0  0  0  0  0  0  0  0  0.35078703D-28
 143 C5H2        0  2  0  5  0  0  0  0  0  0  0  0  0  0  0.24980001D-17
 144 C6H         0  1  0  6  0  0  0  0  0  0  0  0  0  0  0.38618277D-19
 145 CH3NH2      0  5  0  1  1  0  0  0  0  0  0  0  0  0  0.15664794D-24
 146 C4H3        0  3  0  4  0  0  0  0  0  0  0  0  0  0  0.49864576D-23
 147 C6N         0  0  0  6  1  0  0  0  0  0  0  0  0  0  0.50177832D-21
 148 C8          0  0  0  8  0  0  0  0  0  0  0  0  0  0  0.86045254D-21
 149 HC6N        0  1  0  6  1  0  0  0  0  0  0  0  0  0  0.21813527D-27
 150 NC6N        0  0  0  6  2  0  0  0  0  0  0  0  0  0  0.63486599D-26
 151 SiC6H       0  1  0  6  0  0  1  0  0  0  0  0  0  0  0.12695662D-23
 152 CH2CHC2H    0  4  0  4  0  0  0  0  0  0  0  0  0  0  0.60663565D-33
 153 C6H2        0  2  0  6  0  0  0  0  0  0  0  0  0  0  0.10110315D-17
 154 C7H         0  1  0  7  0  0  0  0  0  0  0  0  0  0  0.35218798D-20
 155 C7N         0  0  0  7  1  0  0  0  0  0  0  0  0  0  0.46785644D-21
 156 CH3C3N      0  3  0  4  1  0  0  0  0  0  0  0  0  0  0.34404851D-28
 157 HCOOCH3     0  4  0  2  0  2  0  0  0  0  0  0  0  0  0.65601866D-35
 158 C2H6        0  6  0  2  0  0  0  0  0  0  0  0  0  0  0.27454904D-51
 159 C7O         0  0  0  7  0  1  0  0  0  0  0  0  0  0  0.23493659D-20
 160 C9          0  0  0  9  0  0  0  0  0  0  0  0  0  0  0.75415845D-22
 161 HC7N        0  1  0  7  1  0  0  0  0  0  0  0  0  0  0.96486811D-23
 162 SiC3H5      0  5  0  3  0  0  1  0  0  0  0  0  0  0  0.00000000D+00
 163 CH3CH2OH    0  6  0  2  0  1  0  0  0  0  0  0  0  0  0.37106785D-37
 164 C7H2        0  2  0  7  0  0  0  0  0  0  0  0  0  0  0.19716025D-18
 165 C8H         0  1  0  8  0  0  0  0  0  0  0  0  0  0  0.28522961D-20
 166 CH3C4H      0  4  0  5  0  0  0  0  0  0  0  0  0  0  0.31047473D-32
 167 CH3OCH3     0  6  0  2  0  1  0  0  0  0  0  0  0  0  0.86063173D-34
 168 CH3CHCH2    0  6  0  3  0  0  0  0  0  0  0  0  0  0  0.00000000D+00
 169 C8N         0  0  0  8  1  0  0  0  0  0  0  0  0  0  0.23042944D-22
 170 C10         0  0  0 10  0  0  0  0  0  0  0  0  0  0  0.13640088D-22
 171 CH3COCH3    0  6  0  3  0  1  0  0  0  0  0  0  0  0  0.97006136D-38
 172 C8H2        0  2  0  8  0  0  0  0  0  0  0  0  0  0  0.75790082D-19
 173 C9H         0  1  0  9  0  0  0  0  0  0  0  0  0  0  0.19991030D-21
 174 C9N         0  0  0  9  1  0  0  0  0  0  0  0  0  0  0.22381107D-22
 175 CH3C5N      0  3  0  6  1  0  0  0  0  0  0  0  0  0  0.12691198D-31
 176 HC8N        0  1  0  8  1  0  0  0  0  0  0  0  0  0  0.18610291D-28
 177 NC8N        0  0  0  8  2  0  0  0  0  0  0  0  0  0  0.54163825D-27
 178 SiC8H       0  1  0  8  0  0  1  0  0  0  0  0  0  0  0.95170657D-25
 179 CH2CHCHCH2  0  6  0  4  0  0  0  0  0  0  0  0  0  0  0.00000000D+00
 180 C9O         0  0  0  9  0  1  0  0  0  0  0  0  0  0  0.13335562D-21
 181 HC9N        0  1  0  9  1  0  0  0  0  0  0  0  0  0  0.11344752D-24
 182 C10H        0  1  0 10  0  0  0  0  0  0  0  0  0  0  0.35619445D-22
 183 C9H2        0  2  0  9  0  0  0  0  0  0  0  0  0  0  0.10166701D-19
 184 CH3C6H      0  4  0  7  0  0  0  0  0  0  0  0  0  0  0.17702409D-33
 185 C11         0  0  0 11  0  0  0  0  0  0  0  0  0  0  0.15881111D-23
 186 C10N        0  0  0 10  1  0  0  0  0  0  0  0  0  0  0.27790731D-24
 187 CH3C7N      0  3  0  8  1  0  0  0  0  0  0  0  0  0  0.10501344D-32
 188 C10H2       0  2  0 10  0  0  0  0  0  0  0  0  0  0  0.25573256D-21
 189 C6H6        0  6  0  6  0  0  0  0  0  0  0  0  0  0  0.68513270D-31
 190 Si+         1  0  0  0  0  0  1  0  0  0  0  0  0  0  0.79821815D-08
 191 C+          1  0  0  1  0  0  0  0  0  0  0  0  0  0  0.15797243D-03
 192 C-         -1  0  0  1  0  0  0  0  0  0  0  0  0  0  0.10843353D-13
 193 H-         -1  1  0  0  0  0  0  0  0  0  0  0  0  0  0.23297202D-10
 194 O-         -1  0  0  0  0  1  0  0  0  0  0  0  0  0  0.11348321D-12
 195 S-         -1  0  0  0  0  0  0  1  0  0  0  0  0  0  0.13364438D-17
 196 He+         1  0  1  0  0  0  0  0  0  0  0  0  0  0  0.36207264D-08
 197 H+          1  1  0  0  0  0  0  0  0  0  0  0  0  0  0.99616036D-07
 198 Fe+         1  0  0  0  0  0  0  0  1  0  0  0  0  0  0.29944737D-08
 199 Mg+         1  0  0  0  0  0  0  0  0  0  1  0  0  0  0.69743451D-08
 200 N+          1  0  0  0  1  0  0  0  0  0  0  0  0  0  0.96082266D-11
 201 Na+         1  0  0  0  0  0  0  0  0  1  0  0  0  0  0.19932625D-08
 202 O+          1  0  0  0  0  1  0  0  0  0  0  0  0  0  0.74356338D-11
 203 S+          1  0  0  0  0  0  0  1  0  0  0  0  0  0  0.79749439D-07
 204 Cl+         1  0  0  0  0  0  0  0  0  0  0  1  0  0  0.44611021D-13
 205 F+          1  0  0  0  0  0  0  0  0  0  0  0  0  1  0.10317188D-14
 206 P+          1  0  0  0  0  0  0  0  0  0  0  0  1  0  0.19999372D-09
 207 e-         -1  0  0  0  0  0  0  0  0  0  0  0  0  0  0.15817560D-03
 208 CH+         1  1  0  1  0  0  0  0  0  0  0  0  0  0  0.33506510D-11
 209 H2+         1  2  0  0  0  0  0  0  0  0  0  0  0  0  0.10898744D-13
 210 OH+         1  1  0  0  0  1  0  0  0  0  0  0  0  0  0.10378309D-10
 211 SiH+        1  1  0  0  0  0  1  0  0  0  0  0  0  0  0.15920232D-15
 212 C2+         1  0  0  2  0  0  0  0  0  0  0  0  0  0  0.34135458D-13
 213 CN-        -1  0  0  1  1  0  0  0  0  0  0  0  0  0  0.43470242D-22
 214 OH-        -1  1  0  0  0  1  0  0  0  0  0  0  0  0  0.75893419D-16
 215 CF+         1  0  0  1  0  0  0  0  0  0  0  0  0  1  0.22828337D-10
 216 HS+         1  1  0  0  0  0  0  1  0  0  0  0  0  0  0.16919380D-15
 217 SO+         1  0  0  0  0  1  0  1  0  0  0  0  0  0  0.41251280D-14
 218 CCl+        1  0  0  1  0  0  0  0  0  0  0  1  0  0  0.98509169D-15
 219 ClO+        1  0  0  0  0  1  0  0  0  0  0  1  0  0  0.18039085D-58
 220 CN+         1  0  0  1  1  0  0  0  0  0  0  0  0  0  0.55986472D-14
 221 CO+         1  0  0  1  0  1  0  0  0  0  0  0  0  0  0.84296010D-12
 222 CP+         1  0  0  1  0  0  0  0  0  0  0  0  1  0  0.29853668D-20
 223 CS+         1  0  0  1  0  0  0  1  0  0  0  0  0  0  0.41487178D-16
 224 HCl+        1  1  0  0  0  0  0  0  0  0  0  1  0  0  0.13664606D-13
 225 HF+         1  1  0  0  0  0  0  0  0  0  0  0  0  1  0.39529599D-15
 226 HeH+        1  1  1  0  0  0  0  0  0  0  0  0  0  0  0.29146274D-25
 227 N2+         1  0  0  0  2  0  0  0  0  0  0  0  0  0  0.11381865D-15
 228 NH+         1  1  0  0  1  0  0  0  0  0  0  0  0  0  0.27613017D-12
 229 NO+         1  0  0  0  1  1  0  0  0  0  0  0  0  0  0.18601734D-13
 230 NS+         1  0  0  0  1  0  0  1  0  0  0  0  0  0  0.42237287D-16
 231 O2+         1  0  0  0  0  2  0  0  0  0  0  0  0  0  0.47364339D-13
 232 PH+         1  1  0  0  0  0  0  0  0  0  0  0  1  0  0.18547085D-17
 233 PN+         1  0  0  0  1  0  0  0  0  0  0  0  1  0  0.10286410D-19
 234 PO+         1  0  0  0  0  1  0  0  0  0  0  0  1  0  0.12118975D-16
 235 S2+         1  0  0  0  0  0  0  2  0  0  0  0  0  0  0.12967447D-22
 236 SiC+        1  0  0  1  0  0  1  0  0  0  0  0  0  0  0.71539191D-16
 237 SiN+        1  0  0  0  1  0  1  0  0  0  0  0  0  0  0.64610922D-17
 238 SiO+        1  0  0  0  0  1  1  0  0  0  0  0  0  0  0.34001921D-15
 239 SiS+        1  0  0  0  0  0  1  1  0  0  0  0  0  0  0.50456612D-21
 240 SiF+        1  0  0  0  0  0  1  0  0  0  0  0  0  1  0.92400147D-15
 241 CH2+        1  2  0  1  0  0  0  0  0  0  0  0  0  0  0.93178611D-11
 242 C2N+        1  0  0  2  1  0  0  0  0  0  0  0  0  0  0.11213069D-17
 243 CNC+        1  0  0  2  1  0  0  0  0  0  0  0  0  0  0.21137776D-14
 244 HSiO+       1  1  0  0  0  1  1  0  0  0  0  0  0  0  0.67734042D-16
 245 N2H+        1  1  0  0  2  0  0  0  0  0  0  0  0  0  0.11189394D-15
 246 C2H+        1  1  0  2  0  0  0  0  0  0  0  0  0  0  0.15287559D-13
 247 H3+         1  3  0  0  0  0  0  0  0  0  0  0  0  0  0.17323733D-12
 248 C3-        -1  0  0  3  0  0  0  0  0  0  0  0  0  0  0.66562047D-22
 249 HCO+        1  1  0  1  0  1  0  0  0  0  0  0  0  0  0.44766788D-12
 250 HSO+        1  1  0  0  0  1  0  1  0  0  0  0  0  0  0.92635002D-20
 251 H2S+        1  2  0  0  0  0  0  1  0  0  0  0  0  0  0.12800949D-15
 252 HCS+        1  1  0  1  0  0  0  1  0  0  0  0  0  0  0.35044098D-17
 253 HPO+        1  1  0  0  0  1  0  0  0  0  0  0  1  0  0.14597032D-18
 254 C2O+        1  0  0  2  0  1  0  0  0  0  0  0  0  0  0.35187267D-18
 255 C2S+        1  0  0  2  0  0  0  1  0  0  0  0  0  0  0.17325701D-17
 256 C3+         1  0  0  3  0  0  0  0  0  0  0  0  0  0  0.38509108D-14
 257 CCP+        1  0  0  2  0  0  0  0  0  0  0  0  1  0  0.13097912D-21
 258 CHSi+       1  1  0  1  0  0  1  0  0  0  0  0  0  0  0.31089918D-16
 259 CO2+        1  0  0  1  0  2  0  0  0  0  0  0  0  0  0.26043700D-25
 260 H2Cl+       1  2  0  0  0  0  0  0  0  0  0  1  0  0  0.90402570D-14
 261 H2F+        1  2  0  0  0  0  0  0  0  0  0  0  0  1  0.11209556D-15
 262 H2O+        1  2  0  0  0  1  0  0  0  0  0  0  0  0  0.33313762D-11
 263 HCN+        1  1  0  1  1  0  0  0  0  0  0  0  0  0  0.71600253D-14
 264 HCP+        1  1  0  1  0  0  0  0  0  0  0  0  1  0  0.10925598D-20
 265 HNC+        1  1  0  1  1  0  0  0  0  0  0  0  0  0  0.20944506D-14
 266 HNO+        1  1  0  0  1  1  0  0  0  0  0  0  0  0  0.71478619D-15
 267 HNS+        1  1  0  0  1  0  0  1  0  0  0  0  0  0  0.25121140D-21
 268 HNSi+       1  1  0  0  1  0  1  0  0  0  0  0  0  0  0.13509196D-19
 269 HOC+        1  1  0  1  0  1  0  0  0  0  0  0  0  0  0.69542707D-12
 270 HPN+        1  1  0  0  1  0  0  0  0  0  0  0  1  0  0.24767665D-25
 271 HSiS+       1  1  0  0  0  0  1  1  0  0  0  0  0  0  0.38607372D-21
 272 NaH2+       1  2  0  0  0  0  0  0  0  1  0  0  0  0  0.40575607D-18
 273 NCO+        1  0  0  1  1  1  0  0  0  0  0  0  0  0  0.47820650D-19
 274 NH2+        1  2  0  0  1  0  0  0  0  0  0  0  0  0  0.13243259D-12
 275 NO2+        1  0  0  0  1  2  0  0  0  0  0  0  0  0  0.71276842D-21
 276 HO2+        1  1  0  0  0  2  0  0  0  0  0  0  0  0  0.11562098D-21
 277 OCS+        1  0  0  1  0  1  0  1  0  0  0  0  0  0  0.59333276D-20
 278 PH2+        1  2  0  0  0  0  0  0  0  0  0  0  1  0  0.12931140D-17
 279 HS2+        1  1  0  0  0  0  0  2  0  0  0  0  0  0  0.26854133D-23
 280 SiC2+       1  0  0  2  0  0  1  0  0  0  0  0  0  0  0.40651083D-17
 281 SiH2+       1  2  0  0  0  0  1  0  0  0  0  0  0  0  0.19104823D-15
 282 SiNC+       1  0  0  1  1  0  1  0  0  0  0  0  0  0  0.12085085D-18
 283 SO2+        1  0  0  0  0  2  0  1  0  0  0  0  0  0  0.97822724D-31
 284 HCNH+       1  2  0  1  1  0  0  0  0  0  0  0  0  0  0.40155135D-14
 285 HC2N+       1  1  0  2  1  0  0  0  0  0  0  0  0  0  0.53568061D-18
 286 C3H+        1  1  0  3  0  0  0  0  0  0  0  0  0  0  0.47648622D-15
 287 C4+         1  0  0  4  0  0  0  0  0  0  0  0  0  0  0.11577868D-17
 288 H2CO+       1  2  0  1  0  1  0  0  0  0  0  0  0  0  0.72795674D-17
 289 CH3+        1  3  0  1  0  0  0  0  0  0  0  0  0  0  0.18489281D-11
 290 C3N-       -1  0  0  3  1  0  0  0  0  0  0  0  0  0  0.66007562D-21
 291 C4-        -1  0  0  4  0  0  0  0  0  0  0  0  0  0  0.84529640D-20
 292 H3O+        1  3  0  0  0  1  0  0  0  0  0  0  0  0  0.71224073D-12
 293 H2NO+       1  2  0  0  1  1  0  0  0  0  0  0  0  0  0.32312182D-18
 294 H3S+        1  3  0  0  0  0  0  1  0  0  0  0  0  0  0.19335805D-22
 295 HC2S+       1  1  0  2  0  0  0  1  0  0  0  0  0  0  0.14863168D-20
 296 HOCS+       1  1  0  1  0  1  0  1  0  0  0  0  0  0  0.18030502D-26
 297 PCH2+       1  2  0  1  0  0  0  0  0  0  0  0  1  0  0.55622707D-21
 298 H2S2+       1  2  0  0  0  0  0  2  0  0  0  0  0  0  0.27030055D-30
 299 C2H2+       1  2  0  2  0  0  0  0  0  0  0  0  0  0  0.48034448D-14
 300 C2HO+       1  1  0  2  0  1  0  0  0  0  0  0  0  0  0.11899996D-17
 301 C2N2+       1  0  0  2  2  0  0  0  0  0  0  0  0  0  0.47714683D-27
 302 C3N+        1  0  0  3  1  0  0  0  0  0  0  0  0  0  0.58235058D-22
 303 C3O+        1  0  0  3  0  1  0  0  0  0  0  0  0  0  0.24435045D-20
 304 C3S+        1  0  0  3  0  0  0  1  0  0  0  0  0  0  0.75505472D-21
 305 CH2Si+      1  2  0  1  0  0  1  0  0  0  0  0  0  0  0.12917590D-16
 306 H2CCl+      1  2  0  1  0  0  0  0  0  0  0  1  0  0  0.10692803D-22
 307 H2CS+       1  2  0  1  0  0  0  1  0  0  0  0  0  0  0.52141732D-21
 308 H2NC+       1  2  0  1  1  0  0  0  0  0  0  0  0  0  0.18322637D-15
 309 H2PO+       1  2  0  0  0  1  0  0  0  0  0  0  1  0  0.89827633D-27
 310 H2SiO+      1  2  0  0  0  1  1  0  0  0  0  0  0  0  0.24409859D-27
 311 HOCO+       1  1  0  1  0  2  0  0  0  0  0  0  0  0  0.26700371D-20
 312 HNCO+       1  1  0  1  1  1  0  0  0  0  0  0  0  0  0.18827439D-23
 313 HSiO2+      1  1  0  0  0  2  1  0  0  0  0  0  0  0  0.13618410D-33
 314 HSO2+       1  1  0  0  0  2  0  1  0  0  0  0  0  0  0.30933820D-33
 315 NaH2O+      1  2  0  0  0  1  0  0  0  1  0  0  0  0  0.13531823D-24
 316 NH3+        1  3  0  0  1  0  0  0  0  0  0  0  0  0  0.78254222D-14
 317 PC2H+       1  1  0  2  0  0  0  0  0  0  0  0  1  0  0.48653793D-23
 318 PH3+        1  3  0  0  0  0  0  0  0  0  0  0  1  0  0.39962735D-25
 319 PNH2+       1  2  0  0  1  0  0  0  0  0  0  0  1  0  0.25045281D-24
 320 SiC2H+      1  1  0  2  0  0  1  0  0  0  0  0  0  0  0.31032722D-17
 321 l-SiC3+     1  0  0  3  0  0  1  0  0  0  0  0  0  0  0.27310958D-21
 322 SiH3+       1  3  0  0  0  0  1  0  0  0  0  0  0  0  0.29559579D-24
 323 SiNCH+      1  1  0  1  1  0  1  0  0  0  0  0  0  0  0.29817413D-24
 324 HSiNH+      1  2  0  0  1  0  1  0  0  0  0  0  0  0  0.68950574D-20
 325 HN2O+       1  1  0  0  2  1  0  0  0  0  0  0  0  0  0.15581454D-31
 326 C2H3+       1  3  0  2  0  0  0  0  0  0  0  0  0  0  0.49335494D-18
 327 c-C3H2+     1  2  0  3  0  0  0  0  0  0  0  0  0  0  0.39987472D-18
 328 l-C3H2+     1  2  0  3  0  0  0  0  0  0  0  0  0  0  0.29729609D-18
 329 C4H+        1  1  0  4  0  0  0  0  0  0  0  0  0  0  0.37584273D-18
 330 C5+         1  0  0  5  0  0  0  0  0  0  0  0  0  0  0.48371748D-19
 331 HC3O+       1  1  0  3  0  1  0  0  0  0  0  0  0  0  0.17073989D-24
 332 C4H-       -1  1  0  4  0  0  0  0  0  0  0  0  0  0  0.84370940D-20
 333 C5-        -1  0  0  5  0  0  0  0  0  0  0  0  0  0  0.25561739D-20
 334 NH4+        1  4  0  0  1  0  0  0  0  0  0  0  0  0  0.15726647D-18
 335 H3CS+       1  3  0  1  0  0  0  1  0  0  0  0  0  0  0.73416091D-24
 336 H2COH+      1  3  0  1  0  1  0  0  0  0  0  0  0  0  0.81937115D-20
 337 H3S2+       1  3  0  0  0  0  0  2  0  0  0  0  0  0  0.20499484D-28
 338 HC3S+       1  1  0  3  0  0  0  1  0  0  0  0  0  0  0.24196734D-21
 339 PC3H+       1  1  0  3  0  0  0  0  0  0  0  0  1  0  0.70812496D-31
 340 PCH3+       1  3  0  1  0  0  0  0  0  0  0  0  1  0  0.13402784D-33
 341 PNH3+       1  3  0  0  1  0  0  0  0  0  0  0  1  0  0.15468900D-32
 342 SiC2H2+     1  2  0  2  0  0  1  0  0  0  0  0  0  0  0.37348329D-25
 343 SiC3H+      1  1  0  3  0  0  1  0  0  0  0  0  0  0  0.17021387D-22
 344 SiC4+       1  0  0  4  0  0  1  0  0  0  0  0  0  0  0.84331040D-24
 345 SiCH3+      1  3  0  1  0  0  1  0  0  0  0  0  0  0  0.50955001D-28
 346 SiH4+       1  4  0  0  0  0  1  0  0  0  0  0  0  0  0.83234551D-38
 347 CH2CN+      1  2  0  2  1  0  0  0  0  0  0  0  0  0  0.21285808D-18
 348 H2CCO+      1  2  0  2  0  1  0  0  0  0  0  0  0  0  0.52420555D-21
 349 HC3N+       1  1  0  3  1  0  0  0  0  0  0  0  0  0  0.13553275D-21
 350 C4N+        1  0  0  4  1  0  0  0  0  0  0  0  0  0  0.89411203D-21
 351 C4P+        1  0  0  4  0  0  0  0  0  0  0  0  1  0  0.96398953D-36
 352 C4S+        1  0  0  4  0  0  0  1  0  0  0  0  0  0  0.88995085D-23
 353 HCOOH+      1  2  0  1  0  2  0  0  0  0  0  0  0  0  0.17236524D-24
 354 CH4+        1  4  0  1  0  0  0  0  0  0  0  0  0  0  0.71505563D-19
 355 H3SiO+      1  3  0  0  0  1  1  0  0  0  0  0  0  0  0.73334623D-36
 356 PC2H2+      1  2  0  2  0  0  0  0  0  0  0  0  1  0  0.23539061D-24
 357 C6+         1  0  0  6  0  0  0  0  0  0  0  0  0  0  0.28511840D-20
 358 HC4N+       1  1  0  4  1  0  0  0  0  0  0  0  0  0  0.61948916D-30
 359 C5H-       -1  1  0  5  0  0  0  0  0  0  0  0  0  0  0.17041081D-20
 360 C6-        -1  0  0  6  0  0  0  0  0  0  0  0  0  0  0.68261236D-21
 361 CH3CO+      1  3  0  2  0  1  0  0  0  0  0  0  0  0  0.14360896D-20
 362 C2H4+       1  4  0  2  0  0  0  0  0  0  0  0  0  0  0.74265897D-19
 363 HC3NH+      1  2  0  3  1  0  0  0  0  0  0  0  0  0  0.39057205D-24
 364 HC4S+       1  1  0  4  0  0  0  1  0  0  0  0  0  0  0.49411277D-23
 365 CH5+        1  5  0  1  0  0  0  0  0  0  0  0  0  0  0.71215969D-18
 366 C4H2+       1  2  0  4  0  0  0  0  0  0  0  0  0  0  0.27850108D-19
 367 C5H+        1  1  0  5  0  0  0  0  0  0  0  0  0  0  0.74626366D-20
 368 CH3CN+      1  3  0  2  1  0  0  0  0  0  0  0  0  0  0.12175915D-22
 369 c-C3H3+     1  3  0  3  0  0  0  0  0  0  0  0  0  0  0.34822764D-18
 370 l-C3H3+     1  3  0  3  0  0  0  0  0  0  0  0  0  0  0.34822629D-18
 371 C5N+        1  0  0  5  1  0  0  0  0  0  0  0  0  0  0.90294898D-24
 372 CH3O2+      1  3  0  1  0  2  0  0  0  0  0  0  0  0  0.86435731D-24
 373 CH2NH2+     1  4  0  1  1  0  0  0  0  0  0  0  0  0  0.19244607D-22
 374 CH3OH+      1  4  0  1  0  1  0  0  0  0  0  0  0  0  0.94460147D-26
 375 H2C3O+      1  2  0  3  0  1  0  0  0  0  0  0  0  0  0.47942801D-25
 376 HC2NCH+     1  2  0  3  1  0  0  0  0  0  0  0  0  0  0.58456476D-23
 377 HC4O+       1  1  0  4  0  1  0  0  0  0  0  0  0  0  0.10428454D-22
 378 NH2CNH+     1  3  0  1  2  0  0  0  0  0  0  0  0  0  0.00000000D+00
 379 PC2H3+      1  3  0  2  0  0  0  0  0  0  0  0  1  0  0.45558516D-39
 380 PC4H+       1  1  0  4  0  0  0  0  0  0  0  0  1  0  0.22630157D-32
 381 PCH4+       1  4  0  1  0  0  0  0  0  0  0  0  1  0  0.67012451D-35
 382 SiC2H3+     1  3  0  2  0  0  1  0  0  0  0  0  0  0  0.71065333D-24
 383 SiC3H2+     1  2  0  3  0  0  1  0  0  0  0  0  0  0  0.72777653D-28
 384 SiC4H+      1  1  0  4  0  0  1  0  0  0  0  0  0  0  0.17096114D-29
 385 SiCH4+      1  4  0  1  0  0  1  0  0  0  0  0  0  0  0.44377653D-28
 386 SiH5+       1  5  0  0  0  0  1  0  0  0  0  0  0  0  0.18416080D-33
 387 C7+         1  0  0  7  0  0  0  0  0  0  0  0  0  0  0.82277874D-21
 388 H2C4N+      1  2  0  4  1  0  0  0  0  0  0  0  0  0  0.32516724D-30
 389 C6H-       -1  1  0  6  0  0  0  0  0  0  0  0  0  0  0.92520058D-21
 390 C7-        -1  0  0  7  0  0  0  0  0  0  0  0  0  0  0.15796940D-21
 391 C4H3+       1  3  0  4  0  0  0  0  0  0  0  0  0  0  0.19595712D-19
 392 C5H2+       1  2  0  5  0  0  0  0  0  0  0  0  0  0  0.33620957D-23
 393 CH3CNH+     1  4  0  2  1  0  0  0  0  0  0  0  0  0  0.60038050D-22
 394 C2H4O+      1  4  0  2  0  1  0  0  0  0  0  0  0  0  0.40889527D-30
 395 C2H5+       1  5  0  2  0  0  0  0  0  0  0  0  0  0  0.25312986D-27
 396 C3H3N+      1  3  0  3  1  0  0  0  0  0  0  0  0  0  0.52848812D-33
 397 C3H4+       1  4  0  3  0  0  0  0  0  0  0  0  0  0  0.17060273D-30
 398 HC5N+       1  1  0  5  1  0  0  0  0  0  0  0  0  0  0.46553969D-24
 399 C6H+        1  1  0  6  0  0  0  0  0  0  0  0  0  0  0.20827818D-20
 400 CH3NH2+     1  5  0  1  1  0  0  0  0  0  0  0  0  0  0.62408861D-27
 401 CH3OH2+     1  5  0  1  0  1  0  0  0  0  0  0  0  0  0.56904787D-24
 402 H3C3O+      1  3  0  3  0  1  0  0  0  0  0  0  0  0  0.36550369D-28
 403 NH2CH2O+    1  4  0  1  1  1  0  0  0  0  0  0  0  0  0.58779810D-35
 404 PC2H4+      1  4  0  2  0  0  0  0  0  0  0  0  1  0  0.82763712D-42
 405 PC4H2+      1  2  0  4  0  0  0  0  0  0  0  0  1  0  0.86851929D-37
 406 HC5O+       1  1  0  5  0  1  0  0  0  0  0  0  0  0  0.61510397D-29
 407 C6N+        1  0  0  6  1  0  0  0  0  0  0  0  0  0  0.13004209D-23
 408 H2C5N+      1  2  0  5  1  0  0  0  0  0  0  0  0  0  0.16385186D-27
 409 C8+         1  0  0  8  0  0  0  0  0  0  0  0  0  0  0.18439105D-21
 410 C7H-       -1  1  0  7  0  0  0  0  0  0  0  0  0  0  0.19193945D-21
 411 C8-        -1  0  0  8  0  0  0  0  0  0  0  0  0  0  0.40392581D-22
 412 C5H3+       1  3  0  5  0  0  0  0  0  0  0  0  0  0  0.53919646D-28
 413 C3H5+       1  5  0  3  0  0  0  0  0  0  0  0  0  0  0.50416493D-30
 414 C6H2+       1  2  0  6  0  0  0  0  0  0  0  0  0  0  0.20889819D-22
 415 C7H+        1  1  0  7  0  0  0  0  0  0  0  0  0  0  0.54974179D-21
 416 CH3CHOH+    1  5  0  2  0  1  0  0  0  0  0  0  0  0  0.26528639D-29
 417 C2H6+       1  6  0  2  0  0  0  0  0  0  0  0  0  0  0.24628398D-49
 418 C3H3NH+     1  4  0  3  1  0  0  0  0  0  0  0  0  0  0.14077580D-33
 419 C4H4+       1  4  0  4  0  0  0  0  0  0  0  0  0  0  0.61162934D-23
 420 C7N+        1  0  0  7  1  0  0  0  0  0  0  0  0  0  0.10303851D-24
 421 CH3NH3+     1  6  0  1  1  0  0  0  0  0  0  0  0  0  0.22344912D-26
 422 COOCH4+     1  4  0  2  0  2  0  0  0  0  0  0  0  0  0.47486088D-37
 423 H3C4N+      1  3  0  4  1  0  0  0  0  0  0  0  0  0  0.10966906D-30
 424 HC6N+       1  1  0  6  1  0  0  0  0  0  0  0  0  0  0.20665691D-31
 425 C9+         1  0  0  9  0  0  0  0  0  0  0  0  0  0  0.61628838D-22
 426 C8H-       -1  1  0  8  0  0  0  0  0  0  0  0  0  0  0.34913283D-22
 427 C9-        -1  0  0  9  0  0  0  0  0  0  0  0  0  0  0.10552763D-22
 428 C4H5+       1  5  0  4  0  0  0  0  0  0  0  0  0  0  0.31169465D-33
 429 C6H3+       1  3  0  6  0  0  0  0  0  0  0  0  0  0  0.96564304D-28
 430 C7H2+       1  2  0  7  0  0  0  0  0  0  0  0  0  0  0.35555313D-23
 431 C2H5OH+     1  6  0  2  0  1  0  0  0  0  0  0  0  0  0.56566345D-40
 432 H3C4NH+     1  4  0  4  1  0  0  0  0  0  0  0  0  0  0.21672332D-30
 433 C5H3N+      1  3  0  5  1  0  0  0  0  0  0  0  0  0  0.26872807D-34
 434 C5H4+       1  4  0  5  0  0  0  0  0  0  0  0  0  0  0.84670448D-34
 435 HC7N+       1  1  0  7  1  0  0  0  0  0  0  0  0  0  0.13269025D-25
 436 C8H+        1  1  0  8  0  0  0  0  0  0  0  0  0  0  0.14809609D-21
 437 CH3OCH3+    1  6  0  2  0  1  0  0  0  0  0  0  0  0  0.24305687D-36
 438 H5C2O2+     1  5  0  2  0  2  0  0  0  0  0  0  0  0  0.10743755D-36
 439 HC7O+       1  1  0  7  0  1  0  0  0  0  0  0  0  0  0.10567195D-30
 440 C8N+        1  0  0  8  1  0  0  0  0  0  0  0  0  0  0.10198943D-24
 441 H2C6N+      1  2  0  6  1  0  0  0  0  0  0  0  0  0  0.15670279D-31
 442 C2H7+       1  7  0  2  0  0  0  0  0  0  0  0  0  0  0.25378014D-63
 443 C10+        1  0  0 10  0  0  0  0  0  0  0  0  0  0  0.17870196D-22
 444 CH3OCH4+    1  7  0  2  0  1  0  0  0  0  0  0  0  0  0.13376788D-35
 445 C9H-       -1  1  0  9  0  0  0  0  0  0  0  0  0  0  0.81061448D-23
 446 C10-       -1  0  0 10  0  0  0  0  0  0  0  0  0  0  0.62357892D-24
 447 C7H2N+      1  2  0  7  1  0  0  0  0  0  0  0  0  0  0.25326429D-28
 448 C7H3+       1  3  0  7  0  0  0  0  0  0  0  0  0  0  0.15096741D-28
 449 C5H5+       1  5  0  5  0  0  0  0  0  0  0  0  0  0  0.10215945D-34
 450 C8H2+       1  2  0  8  0  0  0  0  0  0  0  0  0  0  0.10496923D-22
 451 C9H+        1  1  0  9  0  0  0  0  0  0  0  0  0  0  0.40443125D-22
 452 C2H5OH2+    1  7  0  2  0  1  0  0  0  0  0  0  0  0  0.79475811D-39
 453 C2H6CO+     1  6  0  3  0  1  0  0  0  0  0  0  0  0  0.11264810D-39
 454 C5H4N+      1  4  0  5  1  0  0  0  0  0  0  0  0  0  0.84278195D-38
 455 C6H4+       1  4  0  6  0  0  0  0  0  0  0  0  0  0  0.13117232D-33
 456 C9N+        1  0  0  9  1  0  0  0  0  0  0  0  0  0  0.66405770D-26
 457 HC8N+       1  1  0  8  1  0  0  0  0  0  0  0  0  0  0.13625042D-32
 458 C10H+       1  1  0 10  0  0  0  0  0  0  0  0  0  0  0.16115938D-23
 459 C10H-      -1  1  0 10  0  0  0  0  0  0  0  0  0  0  0.21832751D-24
 460 C8H3+       1  3  0  8  0  0  0  0  0  0  0  0  0  0  0.30987264D-28
 461 C9H2+       1  2  0  9  0  0  0  0  0  0  0  0  0  0  0.18331508D-24
 462 C3H6OH+     1  7  0  3  0  1  0  0  0  0  0  0  0  0  0.23865777D-39
 463 C4H7+       1  7  0  4  0  0  0  0  0  0  0  0  0  0  0.31112320D-44
 464 H3C6NH+     1  4  0  6  1  0  0  0  0  0  0  0  0  0  0.88793417D-34
 465 C6H5+       1  5  0  6  0  0  0  0  0  0  0  0  0  0  0.62224428D-34
 466 H3C7N+      1  3  0  7  1  0  0  0  0  0  0  0  0  0  0.11644418D-37
 467 C7H4+       1  4  0  7  0  0  0  0  0  0  0  0  0  0  0.88882208D-35
 468 C9HN+       1  1  0  9  1  0  0  0  0  0  0  0  0  0  0.83488490D-27
 469 C11+        1  0  0 11  0  0  0  0  0  0  0  0  0  0  0.37165120D-24
 470 HC9O+       1  1  0  9  0  1  0  0  0  0  0  0  0  0  0.59981923D-32
 471 C10N+       1  0  0 10  1  0  0  0  0  0  0  0  0  0  0.12102860D-26
 472 H2C8N+      1  2  0  8  1  0  0  0  0  0  0  0  0  0  0.10331530D-32
 473 C9H2N+      1  2  0  9  1  0  0  0  0  0  0  0  0  0  0.25917695D-30
 474 C9H3+       1  3  0  9  0  0  0  0  0  0  0  0  0  0  0.88358533D-30
 475 C10H2+      1  2  0 10  0  0  0  0  0  0  0  0  0  0  0.61218216D-26
 476 C7H5+       1  5  0  7  0  0  0  0  0  0  0  0  0  0  0.93639091D-36
 477 C8H4+       1  4  0  8  0  0  0  0  0  0  0  0  0  0  0.50482587D-35
 478 HC10N+      1  1  0 10  1  0  0  0  0  0  0  0  0  0  0.16432357D-34
 479 C6H7+       1  7  0  6  0  0  0  0  0  0  0  0  0  0  0.56999976D-36
 480 C9H4+       1  4  0  9  0  0  0  0  0  0  0  0  0  0  0.30669403D-36
 481 C8H4N+      1  4  0  8  1  0  0  0  0  0  0  0  0  0  0.75753509D-35
 482 C8H5+       1  5  0  8  0  0  0  0  0  0  0  0  0  0  0.69699303D-39
 483 C9H3N+      1  3  0  9  1  0  0  0  0  0  0  0  0  0  0.97457589D-39
 484 C10H3+      1  3  0 10  0  0  0  0  0  0  0  0  0  0  0.23415798D-31
 485 H2C10N+     1  2  0 10  1  0  0  0  0  0  0  0  0  0  0.18690371D-34
 486 C9H5+       1  5  0  9  0  0  0  0  0  0  0  0  0  0  0.19178490D-47
 487 GRAIN0      0  0  0  0  0  0  0  0  0  0  0  0  0  0  0.88910091D-14
 488 GRAIN-     -1  0  0  0  0  0  0  0  0  0  0  0  0  0  0.13126090D-11
 489 XH          0  1  0  0  0  0  0  0  0  0  0  0  0  0  0.83047823D-15
