0.11D+08                                              +-  H  He C  O  S  G    
 JSPACE =            1
   1 H           0  1  0  0  0  0  0  0  0  0  0  0  0  0  0.28465226D+00
   2 C           0  0  0  1  0  0  0  0  0  0  0  0  0  0  0.44766767D-04
   3 Fe          0  0  0  0  0  0  0  0  1  0  0  0  0  0  0.28214051D-10
   4 Mg          0  0  0  0  0  0  0  0  0  0  1  0  0  0  0.18000724D-09
   5 S           0  0  0  0  0  0  0  1  0  0  0  0  0  0  0.29337107D-07
   6 Si          0  0  0  0  0  0  1  0  0  0  0  0  0  0  0.12283271D-08
   7 O           0  0  0  0  0  1  0  0  0  0  0  0  0  0  0.13452726D-03
   8 N           0  0  0  0  1  0  0  0  0  0  0  0  0  0  0.48095497D-04
   9 He          0  0  1  0  0  0  0  0  0  0  0  0  0  0  0.90000000D-01
  10 Cl          0  0  0  0  0  0  0  0  0  0  0  1  0  0  0.96674593D-09
  11 Na          0  0  0  0  0  0  0  0  0  1  0  0  0  0  0.53944789D-10
  12 P           0  0  0  0  0  0  0  0  0  0  0  0  1  0  0.19587753D-10
  13 F           0  0  0  0  0  0  0  0  0  0  0  0  0  1  0.12326604D-10
  14 OH          0  1  0  0  0  1  0  0  0  0  0  0  0  0  0.28716048D-08
  15 CO          0  0  0  1  0  1  0  0  0  0  0  0  0  0  0.10543320D-03
  16 CS          0  0  0  1  0  0  0  1  0  0  0  0  0  0  0.17492324D-07
  17 HS          0  1  0  0  0  0  0  1  0  0  0  0  0  0  0.22806109D-12
  18 N2          0  0  0  0  2  0  0  0  0  0  0  0  0  0  0.62928680D-05
  19 NH          0  1  0  0  1  0  0  0  0  0  0  0  0  0  0.22350947D-10
  20 SiH         0  1  0  0  0  0  1  0  0  0  0  0  0  0  0.44593611D-10
  21 SiO         0  0  0  0  0  1  1  0  0  0  0  0  0  0  0.16897361D-09
  22 SO          0  0  0  0  0  1  0  1  0  0  0  0  0  0  0.12187306D-11
  23 CH          0  1  0  1  0  0  0  0  0  0  0  0  0  0  0.78988427D-10
  24 O2          0  0  0  0  0  2  0  0  0  0  0  0  0  0  0.68750697D-08
  25 H2          0  2  0  0  0  0  0  0  0  0  0  0  0  0  0.35767154D+00
  26 C2          0  0  0  2  0  0  0  0  0  0  0  0  0  0  0.52068262D-07
  27 CN          0  0  0  1  1  0  0  0  0  0  0  0  0  0  0.40511736D-06
  28 MgH         0  1  0  0  0  0  0  0  0  0  1  0  0  0  0.98059198D-16
  29 NaH         0  1  0  0  0  0  0  0  0  1  0  0  0  0  0.38339455D-14
  30 NO          0  0  0  0  1  1  0  0  0  0  0  0  0  0  0.60204711D-09
  31 NS          0  0  0  0  1  0  0  1  0  0  0  0  0  0  0.39431487D-13
  32 PH          0  1  0  0  0  0  0  0  0  0  0  0  1  0  0.26696764D-13
  33 PN          0  0  0  0  1  0  0  0  0  0  0  0  1  0  0.17509849D-10
  34 PO          0  0  0  0  0  1  0  0  0  0  0  0  1  0  0.87304541D-13
  35 S2          0  0  0  0  0  0  0  2  0  0  0  0  0  0  0.52313878D-16
  36 SiC         0  0  0  1  0  0  1  0  0  0  0  0  0  0  0.68228958D-10
  37 SiN         0  0  0  0  1  0  1  0  0  0  0  0  0  0  0.26906108D-10
  38 SiS         0  0  0  0  0  0  1  1  0  0  0  0  0  0  0.65103318D-13
  39 CCl         0  0  0  1  0  0  0  0  0  0  0  1  0  0  0.52049526D-15
  40 ClO         0  0  0  0  0  1  0  0  0  0  0  1  0  0  0.20754468D-49
  41 CP          0  0  0  1  0  0  0  0  0  0  0  0  1  0  0.20246006D-11
  42 HCl         0  1  0  0  0  0  0  0  0  0  0  1  0  0  0.32979943D-10
  43 HF          0  1  0  0  0  0  0  0  0  0  0  0  0  1  0.65760270D-08
  44 CCH         0  1  0  2  0  0  0  0  0  0  0  0  0  0  0.16176245D-06
  45 C3          0  0  0  3  0  0  0  0  0  0  0  0  0  0  0.67899943D-06
  46 CH2         0  2  0  1  0  0  0  0  0  0  0  0  0  0  0.61381984D-11
  47 SO2         0  0  0  0  0  2  0  1  0  0  0  0  0  0  0.46397149D-16
  48 H2O         0  2  0  0  0  1  0  0  0  0  0  0  0  0  0.17059879D-08
  49 HCN         0  1  0  1  1  0  0  0  0  0  0  0  0  0  0.30985902D-06
  50 HCSi        0  1  0  1  0  0  1  0  0  0  0  0  0  0  0.11119564D-10
  51 CCN         0  0  0  2  1  0  0  0  0  0  0  0  0  0  0.30816762D-10
  52 CCS         0  0  0  2  0  0  0  1  0  0  0  0  0  0  0.11139284D-08
  53 CCO         0  0  0  2  0  1  0  0  0  0  0  0  0  0  0.47033099D-11
  54 CCP         0  0  0  2  0  0  0  0  0  0  0  0  1  0  0.13348160D-11
  55 CO2         0  0  0  1  0  2  0  0  0  0  0  0  0  0  0.25866341D-10
  56 H2S         0  2  0  0  0  0  0  1  0  0  0  0  0  0  0.19352451D-16
  57 HCO         0  1  0  1  0  1  0  0  0  0  0  0  0  0  0.27771286D-14
  58 HCP         0  1  0  1  0  0  0  0  0  0  0  0  1  0  0.19670354D-11
  59 HCS         0  1  0  1  0  0  0  1  0  0  0  0  0  0  0.86519717D-18
  60 HNC         0  1  0  1  1  0  0  0  0  0  0  0  0  0  0.91608596D-08
  61 HNO         0  1  0  0  1  1  0  0  0  0  0  0  0  0  0.20189536D-13
  62 HNSi        0  1  0  0  1  0  1  0  0  0  0  0  0  0  0.16191281D-13
  63 HPO         0  1  0  0  0  1  0  0  0  0  0  0  1  0  0.11066346D-17
  64 HSS         0  1  0  0  0  0  0  2  0  0  0  0  0  0  0.50370543D-20
  65 N2O         0  0  0  0  2  1  0  0  0  0  0  0  0  0  0.14631848D-15
  66 NaOH        0  1  0  0  0  1  0  0  0  1  0  0  0  0  0.15197324D-18
  67 NH2         0  2  0  0  1  0  0  0  0  0  0  0  0  0  0.11576158D-10
  68 NO2         0  0  0  0  1  2  0  0  0  0  0  0  0  0  0.70206868D-51
  69 O2H         0  1  0  0  0  2  0  0  0  0  0  0  0  0  0.73868256D-19
  70 OCN         0  0  0  1  1  1  0  0  0  0  0  0  0  0  0.55720848D-13
  71 OCS         0  0  0  1  0  1  0  1  0  0  0  0  0  0  0.74492258D-12
  72 PH2         0  2  0  0  0  0  0  0  0  0  0  0  1  0  0.85262704D-19
  73 c-SiC2      0  0  0  2  0  0  1  0  0  0  0  0  0  0  0.13004638D-09
  74 SiH2        0  2  0  0  0  0  1  0  0  0  0  0  0  0  0.70450862D-21
  75 SiNC        0  0  0  1  1  0  1  0  0  0  0  0  0  0  0.17521141D-14
  76 SiO2        0  0  0  0  0  2  1  0  0  0  0  0  0  0  0.57859538D-15
  77 C4          0  0  0  4  0  0  0  0  0  0  0  0  0  0  0.13475233D-07
  78 c-C3H       0  1  0  3  0  0  0  0  0  0  0  0  0  0  0.32708773D-07
  79 l-C3H       0  1  0  3  0  0  0  0  0  0  0  0  0  0  0.30876071D-07
  80 CH3         0  3  0  1  0  0  0  0  0  0  0  0  0  0  0.52035821D-11
  81 C2H2        0  2  0  2  0  0  0  0  0  0  0  0  0  0  0.75966203D-07
  82 NH3         0  3  0  0  1  0  0  0  0  0  0  0  0  0  0.10355861D-10
  83 SiCH2       0  2  0  1  0  0  1  0  0  0  0  0  0  0  0.15093377D-15
  84 C3N         0  0  0  3  1  0  0  0  0  0  0  0  0  0  0.33569239D-07
  85 C3O         0  0  0  3  0  1  0  0  0  0  0  0  0  0  0.97265724D-08
  86 C3P         0  0  0  3  0  0  0  0  0  0  0  0  1  0  0.54146509D-15
  87 C3S         0  0  0  3  0  0  0  1  0  0  0  0  0  0  0.16906132D-08
  88 H2CO        0  2  0  1  0  1  0  0  0  0  0  0  0  0  0.16110093D-10
  89 H2CS        0  2  0  1  0  0  0  1  0  0  0  0  0  0  0.69823733D-14
  90 HOOH        0  2  0  0  0  2  0  0  0  0  0  0  0  0  0.12480077D-19
  91 HSSH        0  2  0  0  0  0  0  2  0  0  0  0  0  0  0.20551297D-20
  92 H2SiO       0  2  0  0  0  1  1  0  0  0  0  0  0  0  0.24464318D-26
  93 HCCP        0  1  0  2  0  0  0  0  0  0  0  0  1  0  0.28398645D-13
  94 HCCSi       0  1  0  2  0  0  1  0  0  0  0  0  0  0  0.64729777D-11
  95 l-SiC3      0  0  0  3  0  0  1  0  0  0  0  0  0  0  0.55564356D-10
  96 SiH3        0  3  0  0  0  0  1  0  0  0  0  0  0  0  0.93920734D-27
  97 H2CN        0  2  0  1  1  0  0  0  0  0  0  0  0  0  0.11141198D-14
  98 C5          0  0  0  5  0  0  0  0  0  0  0  0  0  0  0.24051773D-07
  99 c-C3H2      0  2  0  3  0  0  0  0  0  0  0  0  0  0  0.93014601D-07
 100 l-C3H2      0  2  0  3  0  0  0  0  0  0  0  0  0  0  0.63157089D-07
 101 C4H         0  1  0  4  0  0  0  0  0  0  0  0  0  0  0.51996684D-07
 102 CH4         0  4  0  1  0  0  0  0  0  0  0  0  0  0  0.16658573D-11
 103 HC3N        0  1  0  3  1  0  0  0  0  0  0  0  0  0  0.15186648D-07
 104 H2CCN       0  2  0  2  1  0  0  0  0  0  0  0  0  0  0.36254361D-11
 105 H2CCO       0  2  0  2  0  1  0  0  0  0  0  0  0  0  0.13862385D-11
 106 C2H3        0  3  0  2  0  0  0  0  0  0  0  0  0  0  0.20623445D-14
 107 C4N         0  0  0  4  1  0  0  0  0  0  0  0  0  0  0.21896959D-07
 108 C4P         0  0  0  4  0  0  0  0  0  0  0  0  1  0  0.16237972D-14
 109 C4S         0  0  0  4  0  0  0  1  0  0  0  0  0  0  0.18037579D-09
 110 HCOOH       0  2  0  1  0  2  0  0  0  0  0  0  0  0  0.13937563D-14
 111 CH2PH       0  3  0  1  0  0  0  0  0  0  0  0  1  0  0.54544525D-24
 112 CH2NH       0  3  0  1  1  0  0  0  0  0  0  0  0  0  0.18703573D-15
 113 c-HCCHSi    0  2  0  2  0  0  1  0  0  0  0  0  0  0  0.33627936D-13
 114 SiC3H       0  1  0  3  0  0  1  0  0  0  0  0  0  0  0.10104152D-13
 115 SiC4        0  0  0  4  0  0  1  0  0  0  0  0  0  0  0.17700373D-13
 116 SiCH3       0  3  0  1  0  0  1  0  0  0  0  0  0  0  0.83541630D-18
 117 SiH4        0  4  0  0  0  0  1  0  0  0  0  0  0  0  0.91463933D-26
 118 HCNCC       0  1  0  3  1  0  0  0  0  0  0  0  0  0  0.38550966D-13
 119 HCCNC       0  1  0  3  1  0  0  0  0  0  0  0  0  0  0.31156285D-10
 120 HNCCC       0  1  0  3  1  0  0  0  0  0  0  0  0  0  0.25718378D-12
 121 NH2CN       0  2  0  1  2  0  0  0  0  0  0  0  0  0  0.00000000D+00
 122 C6          0  0  0  6  0  0  0  0  0  0  0  0  0  0  0.50274692D-08
 123 CH3CN       0  3  0  2  1  0  0  0  0  0  0  0  0  0  0.14934150D-10
 124 CH2CCH      0  3  0  3  0  0  0  0  0  0  0  0  0  0  0.75138554D-12
 125 C2H4        0  4  0  2  0  0  0  0  0  0  0  0  0  0  0.59718129D-14
 126 NC4N        0  0  0  4  2  0  0  0  0  0  0  0  0  0  0.96057549D-07
 127 H2CSiCH     0  3  0  2  0  0  1  0  0  0  0  0  0  0  0.18472967D-16
 128 SiC4H       0  1  0  4  0  0  1  0  0  0  0  0  0  0  0.11727144D-08
 129 HC4N        0  1  0  4  1  0  0  0  0  0  0  0  0  0  0.32709205D-12
 130 C4H2        0  2  0  4  0  0  0  0  0  0  0  0  0  0  0.33835314D-06
 131 C5H         0  1  0  5  0  0  0  0  0  0  0  0  0  0  0.60522161D-07
 132 C5N         0  0  0  5  1  0  0  0  0  0  0  0  0  0  0.17817637D-07
 133 CH3OH       0  4  0  1  0  1  0  0  0  0  0  0  0  0  0.13733865D-17
 134 NH2CHO      0  3  0  1  1  1  0  0  0  0  0  0  0  0  0.24992771D-17
 135 C5O         0  0  0  5  0  1  0  0  0  0  0  0  0  0  0.60618778D-08
 136 C7          0  0  0  7  0  0  0  0  0  0  0  0  0  0  0.22462602D-08
 137 HC5N        0  1  0  5  1  0  0  0  0  0  0  0  0  0  0.94136319D-08
 138 SiC2CH3     0  3  0  3  0  0  1  0  0  0  0  0  0  0  0.13113559D-13
 139 CH3CHO      0  4  0  2  0  1  0  0  0  0  0  0  0  0  0.23448098D-16
 140 C2H5        0  5  0  2  0  0  0  0  0  0  0  0  0  0  0.31914710D-26
 141 CH2CHCN     0  3  0  3  1  0  0  0  0  0  0  0  0  0  0.12467672D-15
 142 CH3CCH      0  4  0  3  0  0  0  0  0  0  0  0  0  0  0.37835414D-11
 143 C5H2        0  2  0  5  0  0  0  0  0  0  0  0  0  0  0.17168567D-06
 144 C6H         0  1  0  6  0  0  0  0  0  0  0  0  0  0  0.33258494D-07
 145 CH3NH2      0  5  0  1  1  0  0  0  0  0  0  0  0  0  0.18997686D-15
 146 C4H3        0  3  0  4  0  0  0  0  0  0  0  0  0  0  0.62105988D-12
 147 C6N         0  0  0  6  1  0  0  0  0  0  0  0  0  0  0.13860310D-07
 148 C8          0  0  0  8  0  0  0  0  0  0  0  0  0  0  0.25305314D-08
 149 HC6N        0  1  0  6  1  0  0  0  0  0  0  0  0  0  0.20275525D-12
 150 NC6N        0  0  0  6  2  0  0  0  0  0  0  0  0  0  0.57641696D-07
 151 SiC6H       0  1  0  6  0  0  1  0  0  0  0  0  0  0  0.14444032D-08
 152 CH2CHC2H    0  4  0  4  0  0  0  0  0  0  0  0  0  0  0.33698572D-10
 153 C6H2        0  2  0  6  0  0  0  0  0  0  0  0  0  0  0.41674114D-06
 154 C7H         0  1  0  7  0  0  0  0  0  0  0  0  0  0  0.22967772D-07
 155 C7N         0  0  0  7  1  0  0  0  0  0  0  0  0  0  0.10103933D-07
 156 CH3C3N      0  3  0  4  1  0  0  0  0  0  0  0  0  0  0.10947730D-11
 157 HCOOCH3     0  4  0  2  0  2  0  0  0  0  0  0  0  0  0.20621417D-23
 158 C2H6        0  6  0  2  0  0  0  0  0  0  0  0  0  0  0.44104475D-36
 159 C7O         0  0  0  7  0  1  0  0  0  0  0  0  0  0  0.23004437D-08
 160 C9          0  0  0  9  0  0  0  0  0  0  0  0  0  0  0.18952888D-08
 161 HC7N        0  1  0  7  1  0  0  0  0  0  0  0  0  0  0.10322119D-07
 162 SiC3H5      0  5  0  3  0  0  1  0  0  0  0  0  0  0  0.00000000D+00
 163 CH3CH2OH    0  6  0  2  0  1  0  0  0  0  0  0  0  0  0.16391841D-22
 164 C7H2        0  2  0  7  0  0  0  0  0  0  0  0  0  0  0.19517874D-06
 165 C8H         0  1  0  8  0  0  0  0  0  0  0  0  0  0  0.29857413D-07
 166 CH3C4H      0  4  0  5  0  0  0  0  0  0  0  0  0  0  0.95737957D-15
 167 CH3OCH3     0  6  0  2  0  1  0  0  0  0  0  0  0  0  0.15389460D-24
 168 CH3CHCH2    0  6  0  3  0  0  0  0  0  0  0  0  0  0  0.00000000D+00
 169 C8N         0  0  0  8  1  0  0  0  0  0  0  0  0  0  0.88202385D-08
 170 C10         0  0  0 10  0  0  0  0  0  0  0  0  0  0  0.26590709D-08
 171 CH3COCH3    0  6  0  3  0  1  0  0  0  0  0  0  0  0  0.17743568D-22
 172 C8H2        0  2  0  8  0  0  0  0  0  0  0  0  0  0  0.34965805D-06
 173 C9H         0  1  0  9  0  0  0  0  0  0  0  0  0  0  0.19153515D-07
 174 C9N         0  0  0  9  1  0  0  0  0  0  0  0  0  0  0.55886332D-08
 175 CH3C5N      0  3  0  6  1  0  0  0  0  0  0  0  0  0  0.10842749D-13
 176 HC8N        0  1  0  8  1  0  0  0  0  0  0  0  0  0  0.22232266D-12
 177 NC8N        0  0  0  8  2  0  0  0  0  0  0  0  0  0  0.63204555D-07
 178 SiC8H       0  1  0  8  0  0  1  0  0  0  0  0  0  0  0.12118967D-08
 179 CH2CHCHCH2  0  6  0  4  0  0  0  0  0  0  0  0  0  0  0.00000000D+00
 180 C9O         0  0  0  9  0  1  0  0  0  0  0  0  0  0  0.19184092D-08
 181 HC9N        0  1  0  9  1  0  0  0  0  0  0  0  0  0  0.65316885D-08
 182 C10H        0  1  0 10  0  0  0  0  0  0  0  0  0  0  0.15814305D-07
 183 C9H2        0  2  0  9  0  0  0  0  0  0  0  0  0  0  0.12996209D-06
 184 CH3C6H      0  4  0  7  0  0  0  0  0  0  0  0  0  0  0.38957655D-15
 185 C11         0  0  0 11  0  0  0  0  0  0  0  0  0  0  0.96376657D-08
 186 C10N        0  0  0 10  1  0  0  0  0  0  0  0  0  0  0.31359306D-08
 187 CH3C7N      0  3  0  8  1  0  0  0  0  0  0  0  0  0  0.94524206D-14
 188 C10H2       0  2  0 10  0  0  0  0  0  0  0  0  0  0  0.59243432D-07
 189 C6H6        0  6  0  6  0  0  0  0  0  0  0  0  0  0  0.40514880D-08
 190 Si+         1  0  0  0  0  0  1  0  0  0  0  0  0  0  0.24129632D-08
 191 C+          1  0  0  1  0  0  0  0  0  0  0  0  0  0  0.10695466D-05
 192 C-         -1  0  0  1  0  0  0  0  0  0  0  0  0  0  0.10584677D-14
 193 H-         -1  1  0  0  0  0  0  0  0  0  0  0  0  0  0.17306599D-12
 194 O-         -1  0  0  0  0  1  0  0  0  0  0  0  0  0  0.56333010D-15
 195 S-         -1  0  0  0  0  0  0  1  0  0  0  0  0  0  0.56874200D-17
 196 He+         1  0  1  0  0  0  0  0  0  0  0  0  0  0  0.51395833D-11
 197 H+          1  1  0  0  0  0  0  0  0  0  0  0  0  0  0.44451592D-09
 198 Fe+         1  0  0  0  0  0  0  0  1  0  0  0  0  0  0.29717860D-08
 199 Mg+         1  0  0  0  0  0  0  0  0  0  1  0  0  0  0.68199927D-08
 200 N+          1  0  0  0  1  0  0  0  0  0  0  0  0  0  0.41206485D-14
 201 Na+         1  0  0  0  0  0  0  0  0  1  0  0  0  0  0.19460507D-08
 202 O+          1  0  0  0  0  1  0  0  0  0  0  0  0  0  0.21338951D-13
 203 S+          1  0  0  0  0  0  0  1  0  0  0  0  0  0  0.30031596D-07
 204 Cl+         1  0  0  0  0  0  0  0  0  0  0  1  0  0  0.89407921D-16
 205 F+          1  0  0  0  0  0  0  0  0  0  0  0  0  1  0.51085350D-18
 206 P+          1  0  0  0  0  0  0  0  0  0  0  0  1  0  0.15734374D-09
 207 e-         -1  0  0  0  0  0  0  0  0  0  0  0  0  0  0.11272663D-05
 208 CH+         1  1  0  1  0  0  0  0  0  0  0  0  0  0  0.12457101D-12
 209 H2+         1  2  0  0  0  0  0  0  0  0  0  0  0  0  0.93691251D-14
 210 OH+         1  1  0  0  0  1  0  0  0  0  0  0  0  0  0.34362292D-13
 211 SiH+        1  1  0  0  0  0  1  0  0  0  0  0  0  0  0.16062282D-14
 212 C2+         1  0  0  2  0  0  0  0  0  0  0  0  0  0  0.59308609D-13
 213 CN-        -1  0  0  1  1  0  0  0  0  0  0  0  0  0  0.10964632D-14
 214 OH-        -1  1  0  0  0  1  0  0  0  0  0  0  0  0  0.15161282D-16
 215 CF+         1  0  0  1  0  0  0  0  0  0  0  0  0  1  0.91480210D-10
 216 HS+         1  1  0  0  0  0  0  1  0  0  0  0  0  0  0.46194851D-14
 217 SO+         1  0  0  0  0  1  0  1  0  0  0  0  0  0  0.88330298D-12
 218 CCl+        1  0  0  1  0  0  0  0  0  0  0  1  0  0  0.20975108D-12
 219 ClO+        1  0  0  0  0  1  0  0  0  0  0  1  0  0  0.21962191D-51
 220 CN+         1  0  0  1  1  0  0  0  0  0  0  0  0  0  0.12889996D-15
 221 CO+         1  0  0  1  0  1  0  0  0  0  0  0  0  0  0.20490453D-13
 222 CP+         1  0  0  1  0  0  0  0  0  0  0  0  1  0  0.22732490D-16
 223 CS+         1  0  0  1  0  0  0  1  0  0  0  0  0  0  0.13235716D-13
 224 HCl+        1  1  0  0  0  0  0  0  0  0  0  1  0  0  0.68974390D-16
 225 HF+         1  1  0  0  0  0  0  0  0  0  0  0  0  1  0.39273101D-18
 226 HeH+        1  1  1  0  0  0  0  0  0  0  0  0  0  0  0.28480740D-25
 227 N2+         1  0  0  0  2  0  0  0  0  0  0  0  0  0  0.20286819D-16
 228 NH+         1  1  0  0  1  0  0  0  0  0  0  0  0  0  0.15455166D-14
 229 NO+         1  0  0  0  1  1  0  0  0  0  0  0  0  0  0.13110913D-11
 230 NS+         1  0  0  0  1  0  0  1  0  0  0  0  0  0  0.12147729D-13
 231 O2+         1  0  0  0  0  2  0  0  0  0  0  0  0  0  0.17352516D-11
 232 PH+         1  1  0  0  0  0  0  0  0  0  0  0  1  0  0.21646231D-15
 233 PN+         1  0  0  0  1  0  0  0  0  0  0  0  1  0  0.50568538D-15
 234 PO+         1  0  0  0  0  1  0  0  0  0  0  0  1  0  0.10509095D-13
 235 S2+         1  0  0  0  0  0  0  2  0  0  0  0  0  0  0.12203052D-15
 236 SiC+        1  0  0  1  0  0  1  0  0  0  0  0  0  0  0.57156396D-15
 237 SiN+        1  0  0  0  1  0  1  0  0  0  0  0  0  0  0.44102456D-12
 238 SiO+        1  0  0  0  0  1  1  0  0  0  0  0  0  0  0.70176282D-15
 239 SiS+        1  0  0  0  0  0  1  1  0  0  0  0  0  0  0.10247949D-17
 240 SiF+        1  0  0  0  0  0  1  0  0  0  0  0  0  1  0.16533127D-12
 241 CH2+        1  2  0  1  0  0  0  0  0  0  0  0  0  0  0.39313661D-12
 242 C2N+        1  0  0  2  1  0  0  0  0  0  0  0  0  0  0.42885462D-13
 243 CNC+        1  0  0  2  1  0  0  0  0  0  0  0  0  0  0.35430145D-08
 244 HSiO+       1  1  0  0  0  1  1  0  0  0  0  0  0  0  0.22642153D-12
 245 N2H+        1  1  0  0  2  0  0  0  0  0  0  0  0  0  0.32111190D-12
 246 C2H+        1  1  0  2  0  0  0  0  0  0  0  0  0  0  0.80760326D-13
 247 H3+         1  3  0  0  0  0  0  0  0  0  0  0  0  0  0.11444540D-10
 248 C3-        -1  0  0  3  0  0  0  0  0  0  0  0  0  0  0.48875611D-16
 249 HCO+        1  1  0  1  0  1  0  0  0  0  0  0  0  0  0.26568931D-09
 250 HSO+        1  1  0  0  0  1  0  1  0  0  0  0  0  0  0.60414674D-17
 251 H2S+        1  2  0  0  0  0  0  1  0  0  0  0  0  0  0.25133713D-14
 252 HCS+        1  1  0  1  0  0  0  1  0  0  0  0  0  0  0.15169187D-11
 253 HPO+        1  1  0  0  0  1  0  0  0  0  0  0  1  0  0.10077133D-14
 254 C2O+        1  0  0  2  0  1  0  0  0  0  0  0  0  0  0.58532743D-13
 255 C2S+        1  0  0  2  0  0  0  1  0  0  0  0  0  0  0.30408441D-10
 256 C3+         1  0  0  3  0  0  0  0  0  0  0  0  0  0  0.54347903D-11
 257 CCP+        1  0  0  2  0  0  0  0  0  0  0  0  1  0  0.11329132D-13
 258 CHSi+       1  1  0  1  0  0  1  0  0  0  0  0  0  0  0.57182357D-15
 259 CO2+        1  0  0  1  0  2  0  0  0  0  0  0  0  0  0.40545557D-22
 260 H2Cl+       1  2  0  0  0  0  0  0  0  0  0  1  0  0  0.63637902D-13
 261 H2F+        1  2  0  0  0  0  0  0  0  0  0  0  0  1  0.66127359D-15
 262 H2O+        1  2  0  0  0  1  0  0  0  0  0  0  0  0  0.64576270D-13
 263 HCN+        1  1  0  1  1  0  0  0  0  0  0  0  0  0  0.10305252D-14
 264 HCP+        1  1  0  1  0  0  0  0  0  0  0  0  1  0  0.28553915D-16
 265 HNC+        1  1  0  1  1  0  0  0  0  0  0  0  0  0  0.10033398D-13
 266 HNO+        1  1  0  0  1  1  0  0  0  0  0  0  0  0  0.40461919D-14
 267 HNS+        1  1  0  0  1  0  0  1  0  0  0  0  0  0  0.47545801D-18
 268 HNSi+       1  1  0  0  1  0  1  0  0  0  0  0  0  0  0.41754379D-19
 269 HOC+        1  1  0  1  0  1  0  0  0  0  0  0  0  0  0.35161245D-11
 270 HPN+        1  1  0  0  1  0  0  0  0  0  0  0  1  0  0.51500975D-16
 271 HSiS+       1  1  0  0  0  0  1  1  0  0  0  0  0  0  0.13277746D-14
 272 NaH2+       1  2  0  0  0  0  0  0  0  1  0  0  0  0  0.67220128D-15
 273 NCO+        1  0  0  1  1  1  0  0  0  0  0  0  0  0  0.10812855D-15
 274 NH2+        1  2  0  0  1  0  0  0  0  0  0  0  0  0  0.12799315D-13
 275 NO2+        1  0  0  0  1  2  0  0  0  0  0  0  0  0  0.55376151D-20
 276 HO2+        1  1  0  0  0  2  0  0  0  0  0  0  0  0  0.43859083D-18
 277 OCS+        1  0  0  1  0  1  0  1  0  0  0  0  0  0  0.20369890D-12
 278 PH2+        1  2  0  0  0  0  0  0  0  0  0  0  1  0  0.17258996D-14
 279 HS2+        1  1  0  0  0  0  0  2  0  0  0  0  0  0  0.63922751D-21
 280 SiC2+       1  0  0  2  0  0  1  0  0  0  0  0  0  0  0.13065642D-14
 281 SiH2+       1  2  0  0  0  0  1  0  0  0  0  0  0  0  0.25200505D-14
 282 SiNC+       1  0  0  1  1  0  1  0  0  0  0  0  0  0  0.80713514D-11
 283 SO2+        1  0  0  0  0  2  0  1  0  0  0  0  0  0  0.27130792D-26
 284 HCNH+       1  2  0  1  1  0  0  0  0  0  0  0  0  0  0.21722751D-09
 285 HC2N+       1  1  0  2  1  0  0  0  0  0  0  0  0  0  0.88649693D-15
 286 C3H+        1  1  0  3  0  0  0  0  0  0  0  0  0  0  0.13738814D-08
 287 C4+         1  0  0  4  0  0  0  0  0  0  0  0  0  0  0.15967344D-10
 288 H2CO+       1  2  0  1  0  1  0  0  0  0  0  0  0  0  0.36470705D-13
 289 CH3+        1  3  0  1  0  0  0  0  0  0  0  0  0  0  0.11606575D-09
 290 C3N-       -1  0  0  3  1  0  0  0  0  0  0  0  0  0  0.60649550D-13
 291 C4-        -1  0  0  4  0  0  0  0  0  0  0  0  0  0  0.11612321D-11
 292 H3O+        1  3  0  0  0  1  0  0  0  0  0  0  0  0  0.23149097D-10
 293 H2NO+       1  2  0  0  1  1  0  0  0  0  0  0  0  0  0.36580264D-14
 294 H3S+        1  3  0  0  0  0  0  1  0  0  0  0  0  0  0.45670459D-19
 295 HC2S+       1  1  0  2  0  0  0  1  0  0  0  0  0  0  0.52362905D-11
 296 HOCS+       1  1  0  1  0  1  0  1  0  0  0  0  0  0  0.13858010D-17
 297 PCH2+       1  2  0  1  0  0  0  0  0  0  0  0  1  0  0.24665546D-13
 298 H2S2+       1  2  0  0  0  0  0  2  0  0  0  0  0  0  0.29166505D-25
 299 C2H2+       1  2  0  2  0  0  0  0  0  0  0  0  0  0  0.65810175D-10
 300 C2HO+       1  1  0  2  0  1  0  0  0  0  0  0  0  0  0.12825535D-11
 301 C2N2+       1  0  0  2  2  0  0  0  0  0  0  0  0  0  0.11965941D-21
 302 C3N+        1  0  0  3  1  0  0  0  0  0  0  0  0  0  0.35478061D-17
 303 C3O+        1  0  0  3  0  1  0  0  0  0  0  0  0  0  0.41150671D-10
 304 C3S+        1  0  0  3  0  0  0  1  0  0  0  0  0  0  0.35691549D-10
 305 CH2Si+      1  2  0  1  0  0  1  0  0  0  0  0  0  0  0.31621376D-12
 306 H2CCl+      1  2  0  1  0  0  0  0  0  0  0  1  0  0  0.21109413D-16
 307 H2CS+       1  2  0  1  0  0  0  1  0  0  0  0  0  0  0.19908071D-17
 308 H2NC+       1  2  0  1  1  0  0  0  0  0  0  0  0  0  0.12520973D-11
 309 H2PO+       1  2  0  0  0  1  0  0  0  0  0  0  1  0  0.92137169D-21
 310 H2SiO+      1  2  0  0  0  1  1  0  0  0  0  0  0  0  0.84077835D-23
 311 HOCO+       1  1  0  1  0  2  0  0  0  0  0  0  0  0  0.54259989D-15
 312 HNCO+       1  1  0  1  1  1  0  0  0  0  0  0  0  0  0.37989429D-21
 313 HSiO2+      1  1  0  0  0  2  1  0  0  0  0  0  0  0  0.22142374D-21
 314 HSO2+       1  1  0  0  0  2  0  1  0  0  0  0  0  0  0.61047736D-23
 315 NaH2O+      1  2  0  0  0  1  0  0  0  1  0  0  0  0  0.10119286D-19
 316 NH3+        1  3  0  0  1  0  0  0  0  0  0  0  0  0  0.11261104D-11
 317 PC2H+       1  1  0  2  0  0  0  0  0  0  0  0  1  0  0.35784868D-13
 318 PH3+        1  3  0  0  0  0  0  0  0  0  0  0  1  0  0.79135454D-20
 319 PNH2+       1  2  0  0  1  0  0  0  0  0  0  0  1  0  0.55195491D-17
 320 SiC2H+      1  1  0  2  0  0  1  0  0  0  0  0  0  0  0.17728838D-11
 321 l-SiC3+     1  0  0  3  0  0  1  0  0  0  0  0  0  0  0.28468884D-11
 322 SiH3+       1  3  0  0  0  0  1  0  0  0  0  0  0  0  0.12942925D-21
 323 SiNCH+      1  1  0  1  1  0  1  0  0  0  0  0  0  0  0.20762306D-16
 324 HSiNH+      1  2  0  0  1  0  1  0  0  0  0  0  0  0  0.20427002D-15
 325 HN2O+       1  1  0  0  2  1  0  0  0  0  0  0  0  0  0.97130253D-23
 326 C2H3+       1  3  0  2  0  0  0  0  0  0  0  0  0  0  0.36765658D-12
 327 c-C3H2+     1  2  0  3  0  0  0  0  0  0  0  0  0  0  0.18003083D-09
 328 l-C3H2+     1  2  0  3  0  0  0  0  0  0  0  0  0  0  0.15231961D-09
 329 C4H+        1  1  0  4  0  0  0  0  0  0  0  0  0  0  0.22635237D-10
 330 C5+         1  0  0  5  0  0  0  0  0  0  0  0  0  0  0.40261818D-11
 331 HC3O+       1  1  0  3  0  1  0  0  0  0  0  0  0  0  0.38095368D-13
 332 C4H-       -1  1  0  4  0  0  0  0  0  0  0  0  0  0  0.33398825D-11
 333 C5-        -1  0  0  5  0  0  0  0  0  0  0  0  0  0  0.62027671D-11
 334 NH4+        1  4  0  0  1  0  0  0  0  0  0  0  0  0  0.38392651D-13
 335 H3CS+       1  3  0  1  0  0  0  1  0  0  0  0  0  0  0.86703252D-17
 336 H2COH+      1  3  0  1  0  1  0  0  0  0  0  0  0  0  0.61437384D-16
 337 H3S2+       1  3  0  0  0  0  0  2  0  0  0  0  0  0  0.82831061D-23
 338 HC3S+       1  1  0  3  0  0  0  1  0  0  0  0  0  0  0.56739398D-10
 339 PC3H+       1  1  0  3  0  0  0  0  0  0  0  0  1  0  0.15719825D-16
 340 PCH3+       1  3  0  1  0  0  0  0  0  0  0  0  1  0  0.47884118D-24
 341 PNH3+       1  3  0  0  1  0  0  0  0  0  0  0  1  0  0.50572013D-23
 342 SiC2H2+     1  2  0  2  0  0  1  0  0  0  0  0  0  0  0.75756908D-16
 343 SiC3H+      1  1  0  3  0  0  1  0  0  0  0  0  0  0  0.31136707D-11
 344 SiC4+       1  0  0  4  0  0  1  0  0  0  0  0  0  0  0.65774927D-12
 345 SiCH3+      1  3  0  1  0  0  1  0  0  0  0  0  0  0  0.15438120D-19
 346 SiH4+       1  4  0  0  0  0  1  0  0  0  0  0  0  0  0.14774408D-34
 347 CH2CN+      1  2  0  2  1  0  0  0  0  0  0  0  0  0  0.80861864D-12
 348 H2CCO+      1  2  0  2  0  1  0  0  0  0  0  0  0  0  0.12550484D-13
 349 HC3N+       1  1  0  3  1  0  0  0  0  0  0  0  0  0  0.12882416D-11
 350 C4N+        1  0  0  4  1  0  0  0  0  0  0  0  0  0  0.21839482D-12
 351 C4P+        1  0  0  4  0  0  0  0  0  0  0  0  1  0  0.41406933D-20
 352 C4S+        1  0  0  4  0  0  0  1  0  0  0  0  0  0  0.90254233D-11
 353 HCOOH+      1  2  0  1  0  2  0  0  0  0  0  0  0  0  0.88218544D-18
 354 CH4+        1  4  0  1  0  0  0  0  0  0  0  0  0  0  0.53257247D-14
 355 H3SiO+      1  3  0  0  0  1  1  0  0  0  0  0  0  0  0.10458382D-28
 356 PC2H2+      1  2  0  2  0  0  0  0  0  0  0  0  1  0  0.17320648D-14
 357 C6+         1  0  0  6  0  0  0  0  0  0  0  0  0  0  0.43015631D-10
 358 HC4N+       1  1  0  4  1  0  0  0  0  0  0  0  0  0  0.31463367D-16
 359 C5H-       -1  1  0  5  0  0  0  0  0  0  0  0  0  0  0.12033568D-10
 360 C6-        -1  0  0  6  0  0  0  0  0  0  0  0  0  0  0.67903165D-11
 361 CH3CO+      1  3  0  2  0  1  0  0  0  0  0  0  0  0  0.36415399D-13
 362 C2H4+       1  4  0  2  0  0  0  0  0  0  0  0  0  0  0.57391825D-13
 363 HC3NH+      1  2  0  3  1  0  0  0  0  0  0  0  0  0  0.63341702D-11
 364 HC4S+       1  1  0  4  0  0  0  1  0  0  0  0  0  0  0.12003161D-10
 365 CH5+        1  5  0  1  0  0  0  0  0  0  0  0  0  0  0.22713609D-13
 366 C4H2+       1  2  0  4  0  0  0  0  0  0  0  0  0  0  0.77594880D-09
 367 C5H+        1  1  0  5  0  0  0  0  0  0  0  0  0  0  0.60313417D-09
 368 CH3CN+      1  3  0  2  1  0  0  0  0  0  0  0  0  0  0.11090961D-13
 369 c-C3H3+     1  3  0  3  0  0  0  0  0  0  0  0  0  0  0.94466681D-10
 370 l-C3H3+     1  3  0  3  0  0  0  0  0  0  0  0  0  0  0.94547560D-10
 371 C5N+        1  0  0  5  1  0  0  0  0  0  0  0  0  0  0.10805318D-13
 372 CH3O2+      1  3  0  1  0  2  0  0  0  0  0  0  0  0  0.44979400D-17
 373 CH2NH2+     1  4  0  1  1  0  0  0  0  0  0  0  0  0  0.97876643D-17
 374 CH3OH+      1  4  0  1  0  1  0  0  0  0  0  0  0  0  0.35145128D-20
 375 H2C3O+      1  2  0  3  0  1  0  0  0  0  0  0  0  0  0.26535801D-15
 376 HC2NCH+     1  2  0  3  1  0  0  0  0  0  0  0  0  0  0.68874667D-13
 377 HC4O+       1  1  0  4  0  1  0  0  0  0  0  0  0  0  0.22774909D-10
 378 NH2CNH+     1  3  0  1  2  0  0  0  0  0  0  0  0  0  0.00000000D+00
 379 PC2H3+      1  3  0  2  0  0  0  0  0  0  0  0  1  0  0.84445496D-24
 380 PC4H+       1  1  0  4  0  0  0  0  0  0  0  0  1  0  0.29357700D-16
 381 PCH4+       1  4  0  1  0  0  0  0  0  0  0  0  1  0  0.23942337D-25
 382 SiC2H3+     1  3  0  2  0  0  1  0  0  0  0  0  0  0  0.67449779D-15
 383 SiC3H2+     1  2  0  3  0  0  1  0  0  0  0  0  0  0  0.14975005D-15
 384 SiC4H+      1  1  0  4  0  0  1  0  0  0  0  0  0  0  0.47008038D-15
 385 SiCH4+      1  4  0  1  0  0  1  0  0  0  0  0  0  0  0.13195445D-19
 386 SiH5+       1  5  0  0  0  0  1  0  0  0  0  0  0  0  0.12988273D-27
 387 C7+         1  0  0  7  0  0  0  0  0  0  0  0  0  0  0.16732126D-10
 388 H2C4N+      1  2  0  4  1  0  0  0  0  0  0  0  0  0  0.46826518D-16
 389 C6H-       -1  1  0  6  0  0  0  0  0  0  0  0  0  0  0.19329777D-10
 390 C7-        -1  0  0  7  0  0  0  0  0  0  0  0  0  0  0.78864475D-11
 391 C4H3+       1  3  0  4  0  0  0  0  0  0  0  0  0  0  0.24247283D-08
 392 C5H2+       1  2  0  5  0  0  0  0  0  0  0  0  0  0  0.15994111D-10
 393 CH3CNH+     1  4  0  2  1  0  0  0  0  0  0  0  0  0  0.89588175D-12
 394 C2H4O+      1  4  0  2  0  1  0  0  0  0  0  0  0  0  0.10161362D-18
 395 C2H5+       1  5  0  2  0  0  0  0  0  0  0  0  0  0  0.47339304D-19
 396 C3H3N+      1  3  0  3  1  0  0  0  0  0  0  0  0  0  0.32444057D-17
 397 C3H4+       1  4  0  3  0  0  0  0  0  0  0  0  0  0  0.10892060D-15
 398 HC5N+       1  1  0  5  1  0  0  0  0  0  0  0  0  0  0.25645054D-11
 399 C6H+        1  1  0  6  0  0  0  0  0  0  0  0  0  0  0.38149370D-09
 400 CH3NH2+     1  5  0  1  1  0  0  0  0  0  0  0  0  0  0.87257321D-18
 401 CH3OH2+     1  5  0  1  0  1  0  0  0  0  0  0  0  0  0.31306598D-18
 402 H3C3O+      1  3  0  3  0  1  0  0  0  0  0  0  0  0  0.11003813D-16
 403 NH2CH2O+    1  4  0  1  1  1  0  0  0  0  0  0  0  0  0.39604427D-23
 404 PC2H4+      1  4  0  2  0  0  0  0  0  0  0  0  1  0  0.27372912D-25
 405 PC4H2+      1  2  0  4  0  0  0  0  0  0  0  0  1  0  0.59726604D-17
 406 HC5O+       1  1  0  5  0  1  0  0  0  0  0  0  0  0  0.27529491D-13
 407 C6N+        1  0  0  6  1  0  0  0  0  0  0  0  0  0  0.16573609D-12
 408 H2C5N+      1  2  0  5  1  0  0  0  0  0  0  0  0  0  0.15416904D-11
 409 C8+         1  0  0  8  0  0  0  0  0  0  0  0  0  0  0.18891688D-09
 410 C7H-       -1  1  0  7  0  0  0  0  0  0  0  0  0  0  0.30084665D-10
 411 C8-        -1  0  0  8  0  0  0  0  0  0  0  0  0  0  0.28571557D-11
 412 C5H3+       1  3  0  5  0  0  0  0  0  0  0  0  0  0  0.65578790D-13
 413 C3H5+       1  5  0  3  0  0  0  0  0  0  0  0  0  0  0.21950811D-17
 414 C6H2+       1  2  0  6  0  0  0  0  0  0  0  0  0  0  0.89796797D-10
 415 C7H+        1  1  0  7  0  0  0  0  0  0  0  0  0  0  0.67390366D-09
 416 CH3CHOH+    1  5  0  2  0  1  0  0  0  0  0  0  0  0  0.80619356D-18
 417 C2H6+       1  6  0  2  0  0  0  0  0  0  0  0  0  0  0.40304039D-34
 418 C3H3NH+     1  4  0  3  1  0  0  0  0  0  0  0  0  0  0.71261714D-19
 419 C4H4+       1  4  0  4  0  0  0  0  0  0  0  0  0  0  0.32124544D-10
 420 C7N+        1  0  0  7  1  0  0  0  0  0  0  0  0  0  0.15836827D-13
 421 CH3NH3+     1  6  0  1  1  0  0  0  0  0  0  0  0  0  0.39294388D-17
 422 COOCH4+     1  4  0  2  0  2  0  0  0  0  0  0  0  0  0.14171105D-25
 423 H3C4N+      1  3  0  4  1  0  0  0  0  0  0  0  0  0  0.46772356D-16
 424 HC6N+       1  1  0  6  1  0  0  0  0  0  0  0  0  0  0.26364179D-16
 425 C9+         1  0  0  9  0  0  0  0  0  0  0  0  0  0  0.58220355D-10
 426 C8H-       -1  1  0  8  0  0  0  0  0  0  0  0  0  0  0.10983810D-10
 427 C9-        -1  0  0  9  0  0  0  0  0  0  0  0  0  0  0.63773870D-11
 428 C4H5+       1  5  0  4  0  0  0  0  0  0  0  0  0  0  0.13951880D-17
 429 C6H3+       1  3  0  6  0  0  0  0  0  0  0  0  0  0  0.27572961D-12
 430 C7H2+       1  2  0  7  0  0  0  0  0  0  0  0  0  0  0.11750849D-10
 431 C2H5OH+     1  6  0  2  0  1  0  0  0  0  0  0  0  0  0.38151130D-25
 432 H3C4NH+     1  4  0  4  1  0  0  0  0  0  0  0  0  0  0.65606891D-14
 433 C5H3N+      1  3  0  5  1  0  0  0  0  0  0  0  0  0  0.11764570D-15
 434 C5H4+       1  4  0  5  0  0  0  0  0  0  0  0  0  0  0.30901684D-16
 435 HC7N+       1  1  0  7  1  0  0  0  0  0  0  0  0  0  0.25226112D-11
 436 C8H+        1  1  0  8  0  0  0  0  0  0  0  0  0  0  0.19657092D-11
 437 CH3OCH3+    1  6  0  2  0  1  0  0  0  0  0  0  0  0  0.47508980D-27
 438 H5C2O2+     1  5  0  2  0  2  0  0  0  0  0  0  0  0  0.42090421D-25
 439 HC7O+       1  1  0  7  0  1  0  0  0  0  0  0  0  0  0.10447265D-13
 440 C8N+        1  0  0  8  1  0  0  0  0  0  0  0  0  0  0.18898359D-12
 441 H2C6N+      1  2  0  6  1  0  0  0  0  0  0  0  0  0  0.33922785D-13
 442 C2H7+       1  7  0  2  0  0  0  0  0  0  0  0  0  0  0.33917863D-43
 443 C10+        1  0  0 10  0  0  0  0  0  0  0  0  0  0  0.58448867D-10
 444 CH3OCH4+    1  7  0  2  0  1  0  0  0  0  0  0  0  0  0.35060819D-26
 445 C9H-       -1  1  0  9  0  0  0  0  0  0  0  0  0  0  0.18569010D-10
 446 C10-       -1  0  0 10  0  0  0  0  0  0  0  0  0  0  0.29201319D-11
 447 C7H2N+      1  2  0  7  1  0  0  0  0  0  0  0  0  0  0.82328587D-11
 448 C7H3+       1  3  0  7  0  0  0  0  0  0  0  0  0  0  0.17426941D-12
 449 C5H5+       1  5  0  5  0  0  0  0  0  0  0  0  0  0  0.38633999D-16
 450 C8H2+       1  2  0  8  0  0  0  0  0  0  0  0  0  0  0.22298229D-09
 451 C9H+        1  1  0  9  0  0  0  0  0  0  0  0  0  0  0.52451648D-09
 452 C2H5OH2+    1  7  0  2  0  1  0  0  0  0  0  0  0  0  0.63817761D-24
 453 C2H6CO+     1  6  0  3  0  1  0  0  0  0  0  0  0  0  0.20186397D-24
 454 C5H4N+      1  4  0  5  1  0  0  0  0  0  0  0  0  0  0.12779370D-14
 455 C6H4+       1  4  0  6  0  0  0  0  0  0  0  0  0  0  0.29973206D-13
 456 C9N+        1  0  0  9  1  0  0  0  0  0  0  0  0  0  0.11478592D-13
 457 HC8N+       1  1  0  8  1  0  0  0  0  0  0  0  0  0  0.23818801D-16
 458 C10H+       1  1  0 10  0  0  0  0  0  0  0  0  0  0  0.27119251D-09
 459 C10H-      -1  1  0 10  0  0  0  0  0  0  0  0  0  0  0.23004057D-11
 460 C8H3+       1  3  0  8  0  0  0  0  0  0  0  0  0  0  0.44325284D-12
 461 C9H2+       1  2  0  9  0  0  0  0  0  0  0  0  0  0  0.80243562D-11
 462 C3H6OH+     1  7  0  3  0  1  0  0  0  0  0  0  0  0  0.48949748D-24
 463 C4H7+       1  7  0  4  0  0  0  0  0  0  0  0  0  0  0.59579290D-25
 464 H3C6NH+     1  4  0  6  1  0  0  0  0  0  0  0  0  0  0.78242463D-16
 465 C6H5+       1  5  0  6  0  0  0  0  0  0  0  0  0  0  0.76804645D-14
 466 H3C7N+      1  3  0  7  1  0  0  0  0  0  0  0  0  0  0.96899940D-15
 467 C7H4+       1  4  0  7  0  0  0  0  0  0  0  0  0  0  0.49801263D-12
 468 C9HN+       1  1  0  9  1  0  0  0  0  0  0  0  0  0  0.17793306D-11
 469 C11+        1  0  0 11  0  0  0  0  0  0  0  0  0  0  0.10266320D-09
 470 HC9O+       1  1  0  9  0  1  0  0  0  0  0  0  0  0  0.87122887D-14
 471 C10N+       1  0  0 10  1  0  0  0  0  0  0  0  0  0  0.11080522D-12
 472 H2C8N+      1  2  0  8  1  0  0  0  0  0  0  0  0  0  0.30647648D-13
 473 C9H2N+      1  2  0  9  1  0  0  0  0  0  0  0  0  0  0.94424346D-12
 474 C9H3+       1  3  0  9  0  0  0  0  0  0  0  0  0  0  0.21322373D-12
 475 C10H2+      1  2  0 10  0  0  0  0  0  0  0  0  0  0  0.48488397D-11
 476 C7H5+       1  5  0  7  0  0  0  0  0  0  0  0  0  0  0.28627969D-16
 477 C8H4+       1  4  0  8  0  0  0  0  0  0  0  0  0  0  0.13446176D-12
 478 HC10N+      1  1  0 10  1  0  0  0  0  0  0  0  0  0  0.84684906D-17
 479 C6H7+       1  7  0  6  0  0  0  0  0  0  0  0  0  0  0.12088840D-12
 480 C9H4+       1  4  0  9  0  0  0  0  0  0  0  0  0  0  0.13752642D-12
 481 C8H4N+      1  4  0  8  1  0  0  0  0  0  0  0  0  0  0.70158805D-16
 482 C8H5+       1  5  0  8  0  0  0  0  0  0  0  0  0  0  0.54584335D-15
 483 C9H3N+      1  3  0  9  1  0  0  0  0  0  0  0  0  0  0.27829571D-15
 484 C10H3+      1  3  0 10  0  0  0  0  0  0  0  0  0  0  0.14543355D-13
 485 H2C10N+     1  2  0 10  1  0  0  0  0  0  0  0  0  0  0.16344608D-13
 486 C9H5+       1  5  0  9  0  0  0  0  0  0  0  0  0  0  0.14762787D-19
 487 GRAIN0      0  0  0  0  0  0  0  0  0  0  0  0  0  0  0.86555688D-14
 488 GRAIN-     -1  0  0  0  0  0  0  0  0  0  0  0  0  0  0.13128444D-11
 489 XH          0  1  0  0  0  0  0  0  0  0  0  0  0  0  0.14445284D-14
