0.11D+08                                              +-  H  He C  O  S  G    
 JSPACE =            1
   1 H           0  1  0  0  0  0  0  0  0  0  0  0  0  0  0.18880525D-05
   2 C           0  0  0  1  0  0  0  0  0  0  0  0  0  0  0.16482677D-10
   3 Fe          0  0  0  0  0  0  0  0  1  0  0  0  0  0  0.15409132D-08
   4 Mg          0  0  0  0  0  0  0  0  0  0  1  0  0  0  0.46169572D-08
   5 S           0  0  0  0  0  0  0  1  0  0  0  0  0  0  0.14194102D-08
   6 Si          0  0  0  0  0  0  1  0  0  0  0  0  0  0  0.17902233D-10
   7 O           0  0  0  0  0  1  0  0  0  0  0  0  0  0  0.32091505D-04
   8 N           0  0  0  0  1  0  0  0  0  0  0  0  0  0  0.62055384D-06
   9 He          0  0  1  0  0  0  0  0  0  0  0  0  0  0  0.90000000D-01
  10 Cl          0  0  0  0  0  0  0  0  0  0  0  1  0  0  0.20194252D-13
  11 Na          0  0  0  0  0  0  0  0  0  1  0  0  0  0  0.12748623D-08
  12 P           0  0  0  0  0  0  0  0  0  0  0  0  1  0  0.57684581D-10
  13 F           0  0  0  0  0  0  0  0  0  0  0  0  0  1  0.26419421D-13
  14 OH          0  1  0  0  0  1  0  0  0  0  0  0  0  0  0.13278062D-08
  15 CO          0  0  0  1  0  1  0  0  0  0  0  0  0  0  0.16972954D-03
  16 CS          0  0  0  1  0  0  0  1  0  0  0  0  0  0  0.93886792D-10
  17 HS          0  1  0  0  0  0  0  1  0  0  0  0  0  0  0.49538052D-13
  18 N2          0  0  0  0  2  0  0  0  0  0  0  0  0  0  0.30679473D-04
  19 NH          0  1  0  0  1  0  0  0  0  0  0  0  0  0  0.53466943D-11
  20 SiH         0  1  0  0  0  0  1  0  0  0  0  0  0  0  0.15205531D-12
  21 SiO         0  0  0  0  0  1  1  0  0  0  0  0  0  0  0.76780418D-08
  22 SO          0  0  0  0  0  1  0  1  0  0  0  0  0  0  0.22088308D-07
  23 CH          0  1  0  1  0  0  0  0  0  0  0  0  0  0  0.16700149D-11
  24 O2          0  0  0  0  0  2  0  0  0  0  0  0  0  0  0.18859947D-04
  25 H2          0  2  0  0  0  0  0  0  0  0  0  0  0  0  0.49999869D+00
  26 C2          0  0  0  2  0  0  0  0  0  0  0  0  0  0  0.63518308D-13
  27 CN          0  0  0  1  1  0  0  0  0  0  0  0  0  0  0.92074632D-12
  28 MgH         0  1  0  0  0  0  0  0  0  0  1  0  0  0  0.36070804D-11
  29 NaH         0  1  0  0  0  0  0  0  0  1  0  0  0  0  0.21627850D-12
  30 NO          0  0  0  0  1  1  0  0  0  0  0  0  0  0  0.10924949D-07
  31 NS          0  0  0  0  1  0  0  1  0  0  0  0  0  0  0.83673148D-15
  32 PH          0  1  0  0  0  0  0  0  0  0  0  0  1  0  0.27591067D-12
  33 PN          0  0  0  0  1  0  0  0  0  0  0  0  1  0  0.13502425D-09
  34 PO          0  0  0  0  0  1  0  0  0  0  0  0  1  0  0.66873322D-11
  35 S2          0  0  0  0  0  0  0  2  0  0  0  0  0  0  0.14887330D-16
  36 SiC         0  0  0  1  0  0  1  0  0  0  0  0  0  0  0.10534084D-13
  37 SiN         0  0  0  0  1  0  1  0  0  0  0  0  0  0  0.17982032D-12
  38 SiS         0  0  0  0  0  0  1  1  0  0  0  0  0  0  0.17667467D-12
  39 CCl         0  0  0  1  0  0  0  0  0  0  0  1  0  0  0.13869140D-14
  40 ClO         0  0  0  0  0  1  0  0  0  0  0  1  0  0  0.00000000D+00
  41 CP          0  0  0  1  0  0  0  0  0  0  0  0  1  0  0.25181473D-15
  42 HCl         0  1  0  0  0  0  0  0  0  0  0  1  0  0  0.99992521D-09
  43 HF          0  1  0  0  0  0  0  0  0  0  0  0  0  1  0.66788506D-08
  44 CCH         0  1  0  2  0  0  0  0  0  0  0  0  0  0  0.13286812D-11
  45 C3          0  0  0  3  0  0  0  0  0  0  0  0  0  0  0.28121451D-09
  46 CH2         0  2  0  1  0  0  0  0  0  0  0  0  0  0  0.28652582D-11
  47 SO2         0  0  0  0  0  2  0  1  0  0  0  0  0  0  0.56287999D-07
  48 H2O         0  2  0  0  0  1  0  0  0  0  0  0  0  0  0.60222018D-07
  49 HCN         0  1  0  1  1  0  0  0  0  0  0  0  0  0  0.23761799D-09
  50 HCSi        0  1  0  1  0  0  1  0  0  0  0  0  0  0  0.14874013D-15
  51 CCN         0  0  0  2  1  0  0  0  0  0  0  0  0  0  0.58029559D-13
  52 CCS         0  0  0  2  0  0  0  1  0  0  0  0  0  0  0.73544186D-14
  53 CCO         0  0  0  2  0  1  0  0  0  0  0  0  0  0  0.28514041D-15
  54 CCP         0  0  0  2  0  0  0  0  0  0  0  0  1  0  0.33635722D-16
  55 CO2         0  0  0  1  0  2  0  0  0  0  0  0  0  0  0.12035107D-06
  56 H2S         0  2  0  0  0  0  0  1  0  0  0  0  0  0  0.27616816D-11
  57 HCO         0  1  0  1  0  1  0  0  0  0  0  0  0  0  0.47197162D-11
  58 HCP         0  1  0  1  0  0  0  0  0  0  0  0  1  0  0.10187986D-12
  59 HCS         0  1  0  1  0  0  0  1  0  0  0  0  0  0  0.13269584D-14
  60 HNC         0  1  0  1  1  0  0  0  0  0  0  0  0  0  0.22249086D-09
  61 HNO         0  1  0  0  1  1  0  0  0  0  0  0  0  0  0.23504093D-10
  62 HNSi        0  1  0  0  1  0  1  0  0  0  0  0  0  0  0.25002015D-09
  63 HPO         0  1  0  0  0  1  0  0  0  0  0  0  1  0  0.34877114D-15
  64 HSS         0  1  0  0  0  0  0  2  0  0  0  0  0  0  0.86764911D-14
  65 N2O         0  0  0  0  2  1  0  0  0  0  0  0  0  0  0.48256814D-11
  66 NaOH        0  1  0  0  0  1  0  0  0  1  0  0  0  0  0.31953263D-12
  67 NH2         0  2  0  0  1  0  0  0  0  0  0  0  0  0  0.13166137D-10
  68 NO2         0  0  0  0  1  2  0  0  0  0  0  0  0  0  0.00000000D+00
  69 O2H         0  1  0  0  0  2  0  0  0  0  0  0  0  0  0.10422673D-11
  70 OCN         0  0  0  1  1  1  0  0  0  0  0  0  0  0  0.13265772D-11
  71 OCS         0  0  0  1  0  1  0  1  0  0  0  0  0  0  0.44875008D-10
  72 PH2         0  2  0  0  0  0  0  0  0  0  0  0  1  0  0.12786099D-15
  73 c-SiC2      0  0  0  2  0  0  1  0  0  0  0  0  0  0  0.25980191D-13
  74 SiH2        0  2  0  0  0  0  1  0  0  0  0  0  0  0  0.97097484D-16
  75 SiNC        0  0  0  1  1  0  1  0  0  0  0  0  0  0  0.15570255D-17
  76 SiO2        0  0  0  0  0  2  1  0  0  0  0  0  0  0  0.15628761D-10
  77 C4          0  0  0  4  0  0  0  0  0  0  0  0  0  0  0.40768669D-14
  78 c-C3H       0  1  0  3  0  0  0  0  0  0  0  0  0  0  0.17748838D-12
  79 l-C3H       0  1  0  3  0  0  0  0  0  0  0  0  0  0  0.16904100D-12
  80 CH3         0  3  0  1  0  0  0  0  0  0  0  0  0  0  0.53918440D-12
  81 C2H2        0  2  0  2  0  0  0  0  0  0  0  0  0  0  0.42997868D-08
  82 NH3         0  3  0  0  1  0  0  0  0  0  0  0  0  0  0.86303899D-08
  83 SiCH2       0  2  0  1  0  0  1  0  0  0  0  0  0  0  0.61664341D-13
  84 C3N         0  0  0  3  1  0  0  0  0  0  0  0  0  0  0.41449335D-14
  85 C3O         0  0  0  3  0  1  0  0  0  0  0  0  0  0  0.10527373D-11
  86 C3P         0  0  0  3  0  0  0  0  0  0  0  0  1  0  0.66009442D-19
  87 C3S         0  0  0  3  0  0  0  1  0  0  0  0  0  0  0.20952572D-12
  88 H2CO        0  2  0  1  0  1  0  0  0  0  0  0  0  0  0.24081417D-09
  89 H2CS        0  2  0  1  0  0  0  1  0  0  0  0  0  0  0.20718214D-10
  90 HOOH        0  2  0  0  0  2  0  0  0  0  0  0  0  0  0.40698694D-13
  91 HSSH        0  2  0  0  0  0  0  2  0  0  0  0  0  0  0.56931052D-14
  92 H2SiO       0  2  0  0  0  1  1  0  0  0  0  0  0  0  0.36060477D-15
  93 HCCP        0  1  0  2  0  0  0  0  0  0  0  0  1  0  0.16269281D-17
  94 HCCSi       0  1  0  2  0  0  1  0  0  0  0  0  0  0  0.10614581D-10
  95 l-SiC3      0  0  0  3  0  0  1  0  0  0  0  0  0  0  0.99073276D-15
  96 SiH3        0  3  0  0  0  0  1  0  0  0  0  0  0  0  0.43945776D-19
  97 H2CN        0  2  0  1  1  0  0  0  0  0  0  0  0  0  0.61438528D-14
  98 C5          0  0  0  5  0  0  0  0  0  0  0  0  0  0  0.35124533D-15
  99 c-C3H2      0  2  0  3  0  0  0  0  0  0  0  0  0  0  0.13686804D-10
 100 l-C3H2      0  2  0  3  0  0  0  0  0  0  0  0  0  0  0.11096329D-10
 101 C4H         0  1  0  4  0  0  0  0  0  0  0  0  0  0  0.39215358D-14
 102 CH4         0  4  0  1  0  0  0  0  0  0  0  0  0  0  0.13743104D-06
 103 HC3N        0  1  0  3  1  0  0  0  0  0  0  0  0  0  0.30768858D-12
 104 H2CCN       0  2  0  2  1  0  0  0  0  0  0  0  0  0  0.13780618D-13
 105 H2CCO       0  2  0  2  0  1  0  0  0  0  0  0  0  0  0.17122814D-09
 106 C2H3        0  3  0  2  0  0  0  0  0  0  0  0  0  0  0.56711329D-13
 107 C4N         0  0  0  4  1  0  0  0  0  0  0  0  0  0  0.80450172D-16
 108 C4P         0  0  0  4  0  0  0  0  0  0  0  0  1  0  0.72681780D-19
 109 C4S         0  0  0  4  0  0  0  1  0  0  0  0  0  0  0.22946681D-15
 110 HCOOH       0  2  0  1  0  2  0  0  0  0  0  0  0  0  0.10502426D-08
 111 CH2PH       0  3  0  1  0  0  0  0  0  0  0  0  1  0  0.11987905D-17
 112 CH2NH       0  3  0  1  1  0  0  0  0  0  0  0  0  0  0.13419252D-10
 113 c-HCCHSi    0  2  0  2  0  0  1  0  0  0  0  0  0  0  0.43689698D-12
 114 SiC3H       0  1  0  3  0  0  1  0  0  0  0  0  0  0  0.59471127D-14
 115 SiC4        0  0  0  4  0  0  1  0  0  0  0  0  0  0  0.33648459D-19
 116 SiCH3       0  3  0  1  0  0  1  0  0  0  0  0  0  0  0.83072426D-14
 117 SiH4        0  4  0  0  0  0  1  0  0  0  0  0  0  0  0.20671397D-15
 118 HCNCC       0  1  0  3  1  0  0  0  0  0  0  0  0  0  0.61837704D-14
 119 HCCNC       0  1  0  3  1  0  0  0  0  0  0  0  0  0  0.29604386D-13
 120 HNCCC       0  1  0  3  1  0  0  0  0  0  0  0  0  0  0.29029209D-14
 121 NH2CN       0  2  0  1  2  0  0  0  0  0  0  0  0  0  0.00000000D+00
 122 C6          0  0  0  6  0  0  0  0  0  0  0  0  0  0  0.22717029D-18
 123 CH3CN       0  3  0  2  1  0  0  0  0  0  0  0  0  0  0.36604111D-12
 124 CH2CCH      0  3  0  3  0  0  0  0  0  0  0  0  0  0  0.33498583D-15
 125 C2H4        0  4  0  2  0  0  0  0  0  0  0  0  0  0  0.44770426D-10
 126 NC4N        0  0  0  4  2  0  0  0  0  0  0  0  0  0  0.70611224D-12
 127 H2CSiCH     0  3  0  2  0  0  1  0  0  0  0  0  0  0  0.55983137D-11
 128 SiC4H       0  1  0  4  0  0  1  0  0  0  0  0  0  0  0.51746308D-12
 129 HC4N        0  1  0  4  1  0  0  0  0  0  0  0  0  0  0.33375317D-15
 130 C4H2        0  2  0  4  0  0  0  0  0  0  0  0  0  0  0.18403023D-11
 131 C5H         0  1  0  5  0  0  0  0  0  0  0  0  0  0  0.50722962D-16
 132 C5N         0  0  0  5  1  0  0  0  0  0  0  0  0  0  0.33779583D-17
 133 CH3OH       0  4  0  1  0  1  0  0  0  0  0  0  0  0  0.22221238D-15
 134 NH2CHO      0  3  0  1  1  1  0  0  0  0  0  0  0  0  0.18537892D-13
 135 C5O         0  0  0  5  0  1  0  0  0  0  0  0  0  0  0.25965829D-14
 136 C7          0  0  0  7  0  0  0  0  0  0  0  0  0  0  0.90473896D-21
 137 HC5N        0  1  0  5  1  0  0  0  0  0  0  0  0  0  0.17042467D-15
 138 SiC2CH3     0  3  0  3  0  0  1  0  0  0  0  0  0  0  0.79441641D-13
 139 CH3CHO      0  4  0  2  0  1  0  0  0  0  0  0  0  0  0.14923445D-12
 140 C2H5        0  5  0  2  0  0  0  0  0  0  0  0  0  0  0.15049187D-17
 141 CH2CHCN     0  3  0  3  1  0  0  0  0  0  0  0  0  0  0.56640627D-15
 142 CH3CCH      0  4  0  3  0  0  0  0  0  0  0  0  0  0  0.58541544D-12
 143 C5H2        0  2  0  5  0  0  0  0  0  0  0  0  0  0  0.26225200D-16
 144 C6H         0  1  0  6  0  0  0  0  0  0  0  0  0  0  0.28153839D-17
 145 CH3NH2      0  5  0  1  1  0  0  0  0  0  0  0  0  0  0.14712005D-10
 146 C4H3        0  3  0  4  0  0  0  0  0  0  0  0  0  0  0.25836165D-16
 147 C6N         0  0  0  6  1  0  0  0  0  0  0  0  0  0  0.83869351D-19
 148 C8          0  0  0  8  0  0  0  0  0  0  0  0  0  0  0.97675877D-21
 149 HC6N        0  1  0  6  1  0  0  0  0  0  0  0  0  0  0.21932375D-18
 150 NC6N        0  0  0  6  2  0  0  0  0  0  0  0  0  0  0.15458611D-13
 151 SiC6H       0  1  0  6  0  0  1  0  0  0  0  0  0  0  0.22327800D-14
 152 CH2CHC2H    0  4  0  4  0  0  0  0  0  0  0  0  0  0  0.36634743D-14
 153 C6H2        0  2  0  6  0  0  0  0  0  0  0  0  0  0  0.30444963D-17
 154 C7H         0  1  0  7  0  0  0  0  0  0  0  0  0  0  0.58084071D-19
 155 C7N         0  0  0  7  1  0  0  0  0  0  0  0  0  0  0.67356782D-20
 156 CH3C3N      0  3  0  4  1  0  0  0  0  0  0  0  0  0  0.98622379D-16
 157 HCOOCH3     0  4  0  2  0  2  0  0  0  0  0  0  0  0  0.50551393D-18
 158 C2H6        0  6  0  2  0  0  0  0  0  0  0  0  0  0  0.00000000D+00
 159 C7O         0  0  0  7  0  1  0  0  0  0  0  0  0  0  0.29749122D-17
 160 C9          0  0  0  9  0  0  0  0  0  0  0  0  0  0  0.29829299D-23
 161 HC7N        0  1  0  7  1  0  0  0  0  0  0  0  0  0  0.18046109D-18
 162 SiC3H5      0  5  0  3  0  0  1  0  0  0  0  0  0  0  0.00000000D+00
 163 CH3CH2OH    0  6  0  2  0  1  0  0  0  0  0  0  0  0  0.90837229D-13
 164 C7H2        0  2  0  7  0  0  0  0  0  0  0  0  0  0  0.74444623D-19
 165 C8H         0  1  0  8  0  0  0  0  0  0  0  0  0  0  0.98018370D-20
 166 CH3C4H      0  4  0  5  0  0  0  0  0  0  0  0  0  0  0.15343226D-13
 167 CH3OCH3     0  6  0  2  0  1  0  0  0  0  0  0  0  0  0.46776281D-21
 168 CH3CHCH2    0  6  0  3  0  0  0  0  0  0  0  0  0  0  0.00000000D+00
 169 C8N         0  0  0  8  1  0  0  0  0  0  0  0  0  0  0.21331222D-21
 170 C10         0  0  0 10  0  0  0  0  0  0  0  0  0  0  0.40167471D-25
 171 CH3COCH3    0  6  0  3  0  1  0  0  0  0  0  0  0  0  0.29605193D-17
 172 C8H2        0  2  0  8  0  0  0  0  0  0  0  0  0  0  0.98652012D-21
 173 C9H         0  1  0  9  0  0  0  0  0  0  0  0  0  0  0.40351954D-23
 174 C9N         0  0  0  9  1  0  0  0  0  0  0  0  0  0  0.22535285D-23
 175 CH3C5N      0  3  0  6  1  0  0  0  0  0  0  0  0  0  0.42776239D-19
 176 HC8N        0  1  0  8  1  0  0  0  0  0  0  0  0  0  0.24038387D-21
 177 NC8N        0  0  0  8  2  0  0  0  0  0  0  0  0  0  0.30304949D-14
 178 SiC8H       0  1  0  8  0  0  1  0  0  0  0  0  0  0  0.62423526D-15
 179 CH2CHCHCH2  0  6  0  4  0  0  0  0  0  0  0  0  0  0  0.00000000D+00
 180 C9O         0  0  0  9  0  1  0  0  0  0  0  0  0  0  0.20669620D-21
 181 HC9N        0  1  0  9  1  0  0  0  0  0  0  0  0  0  0.68035675D-22
 182 C10H        0  1  0 10  0  0  0  0  0  0  0  0  0  0  0.40364233D-26
 183 C9H2        0  2  0  9  0  0  0  0  0  0  0  0  0  0  0.38413041D-23
 184 CH3C6H      0  4  0  7  0  0  0  0  0  0  0  0  0  0  0.89090171D-17
 185 C11         0  0  0 11  0  0  0  0  0  0  0  0  0  0  0.69736427D-29
 186 C10N        0  0  0 10  1  0  0  0  0  0  0  0  0  0  0.17344044D-27
 187 CH3C7N      0  3  0  8  1  0  0  0  0  0  0  0  0  0  0.44087871D-22
 188 C10H2       0  2  0 10  0  0  0  0  0  0  0  0  0  0  0.17681893D-23
 189 C6H6        0  6  0  6  0  0  0  0  0  0  0  0  0  0  0.80812015D-15
 190 Si+         1  0  0  0  0  0  1  0  0  0  0  0  0  0  0.66370035D-11
 191 C+          1  0  0  1  0  0  0  0  0  0  0  0  0  0  0.54053149D-10
 192 C-         -1  0  0  1  0  0  0  0  0  0  0  0  0  0  0.33496022D-20
 193 H-         -1  1  0  0  0  0  0  0  0  0  0  0  0  0  0.53887184D-13
 194 O-         -1  0  0  0  0  1  0  0  0  0  0  0  0  0  0.73241954D-18
 195 S-         -1  0  0  0  0  0  0  1  0  0  0  0  0  0  0.64506306D-18
 196 He+         1  0  1  0  0  0  0  0  0  0  0  0  0  0  0.25623602D-11
 197 H+          1  1  0  0  0  0  0  0  0  0  0  0  0  0  0.10559814D-10
 198 Fe+         1  0  0  0  0  0  0  0  1  0  0  0  0  0  0.14590869D-08
 199 Mg+         1  0  0  0  0  0  0  0  0  0  1  0  0  0  0.23794357D-08
 200 N+          1  0  0  0  1  0  0  0  0  0  0  0  0  0  0.18674595D-13
 201 Na+         1  0  0  0  0  0  0  0  0  1  0  0  0  0  0.72458511D-09
 202 O+          1  0  0  0  0  1  0  0  0  0  0  0  0  0  0.64188247D-15
 203 S+          1  0  0  0  0  0  0  1  0  0  0  0  0  0  0.93677723D-11
 204 Cl+         1  0  0  0  0  0  0  0  0  0  0  1  0  0  0.67938342D-19
 205 F+          1  0  0  0  0  0  0  0  0  0  0  0  0  1  0.74278343D-18
 206 P+          1  0  0  0  0  0  0  0  0  0  0  0  1  0  0.16709200D-14
 207 e-         -1  0  0  0  0  0  0  0  0  0  0  0  0  0  0.55553665D-08
 208 CH+         1  1  0  1  0  0  0  0  0  0  0  0  0  0  0.18960829D-18
 209 H2+         1  2  0  0  0  0  0  0  0  0  0  0  0  0  0.11518199D-13
 210 OH+         1  1  0  0  0  1  0  0  0  0  0  0  0  0  0.24318163D-14
 211 SiH+        1  1  0  0  0  0  1  0  0  0  0  0  0  0  0.71535717D-14
 212 C2+         1  0  0  2  0  0  0  0  0  0  0  0  0  0  0.35033114D-19
 213 CN-        -1  0  0  1  1  0  0  0  0  0  0  0  0  0  0.16568218D-16
 214 OH-        -1  1  0  0  0  1  0  0  0  0  0  0  0  0  0.54646401D-14
 215 CF+         1  0  0  1  0  0  0  0  0  0  0  0  0  1  0.85526820D-12
 216 HS+         1  1  0  0  0  0  0  1  0  0  0  0  0  0  0.16178850D-13
 217 SO+         1  0  0  0  0  1  0  1  0  0  0  0  0  0  0.85579785D-11
 218 CCl+        1  0  0  1  0  0  0  0  0  0  0  1  0  0  0.49409864D-13
 219 ClO+        1  0  0  0  0  1  0  0  0  0  0  1  0  0  0.00000000D+00
 220 CN+         1  0  0  1  1  0  0  0  0  0  0  0  0  0  0.27832903D-19
 221 CO+         1  0  0  1  0  1  0  0  0  0  0  0  0  0  0.50535507D-15
 222 CP+         1  0  0  1  0  0  0  0  0  0  0  0  1  0  0.35827899D-24
 223 CS+         1  0  0  1  0  0  0  1  0  0  0  0  0  0  0.14635254D-16
 224 HCl+        1  1  0  0  0  0  0  0  0  0  0  1  0  0  0.46549278D-18
 225 HF+         1  1  0  0  0  0  0  0  0  0  0  0  0  1  0.57136652D-18
 226 HeH+        1  1  1  0  0  0  0  0  0  0  0  0  0  0  0.88754571D-22
 227 N2+         1  0  0  0  2  0  0  0  0  0  0  0  0  0  0.36993060D-16
 228 NH+         1  1  0  0  1  0  0  0  0  0  0  0  0  0  0.96094102D-16
 229 NO+         1  0  0  0  1  1  0  0  0  0  0  0  0  0  0.84808651D-13
 230 NS+         1  0  0  0  1  0  0  1  0  0  0  0  0  0  0.10726108D-13
 231 O2+         1  0  0  0  0  2  0  0  0  0  0  0  0  0  0.24555820D-10
 232 PH+         1  1  0  0  0  0  0  0  0  0  0  0  1  0  0.81702486D-15
 233 PN+         1  0  0  0  1  0  0  0  0  0  0  0  1  0  0.16079154D-13
 234 PO+         1  0  0  0  0  1  0  0  0  0  0  0  1  0  0.10634019D-13
 235 S2+         1  0  0  0  0  0  0  2  0  0  0  0  0  0  0.31497544D-15
 236 SiC+        1  0  0  1  0  0  1  0  0  0  0  0  0  0  0.39549954D-21
 237 SiN+        1  0  0  0  1  0  1  0  0  0  0  0  0  0  0.10725902D-14
 238 SiO+        1  0  0  0  0  1  1  0  0  0  0  0  0  0  0.37019767D-16
 239 SiS+        1  0  0  0  0  0  1  1  0  0  0  0  0  0  0.18791680D-20
 240 SiF+        1  0  0  0  0  0  1  0  0  0  0  0  0  1  0.84122696D-13
 241 CH2+        1  2  0  1  0  0  0  0  0  0  0  0  0  0  0.76155878D-16
 242 C2N+        1  0  0  2  1  0  0  0  0  0  0  0  0  0  0.18217001D-21
 243 CNC+        1  0  0  2  1  0  0  0  0  0  0  0  0  0  0.33099583D-13
 244 HSiO+       1  1  0  0  0  1  1  0  0  0  0  0  0  0  0.13582792D-10
 245 N2H+        1  1  0  0  2  0  0  0  0  0  0  0  0  0  0.53525698D-11
 246 C2H+        1  1  0  2  0  0  0  0  0  0  0  0  0  0  0.22059969D-18
 247 H3+         1  3  0  0  0  0  0  0  0  0  0  0  0  0  0.21750846D-10
 248 C3-        -1  0  0  3  0  0  0  0  0  0  0  0  0  0  0.55378213D-16
 249 HCO+        1  1  0  1  0  1  0  0  0  0  0  0  0  0  0.63893596D-09
 250 HSO+        1  1  0  0  0  1  0  1  0  0  0  0  0  0  0.21247315D-10
 251 H2S+        1  2  0  0  0  0  0  1  0  0  0  0  0  0  0.35649168D-14
 252 HCS+        1  1  0  1  0  0  0  1  0  0  0  0  0  0  0.63154564D-13
 253 HPO+        1  1  0  0  0  1  0  0  0  0  0  0  1  0  0.60387356D-14
 254 C2O+        1  0  0  2  0  1  0  0  0  0  0  0  0  0  0.58107187D-19
 255 C2S+        1  0  0  2  0  0  0  1  0  0  0  0  0  0  0.84963032D-17
 256 C3+         1  0  0  3  0  0  0  0  0  0  0  0  0  0  0.11133755D-18
 257 CCP+        1  0  0  2  0  0  0  0  0  0  0  0  1  0  0.12143368D-17
 258 CHSi+       1  1  0  1  0  0  1  0  0  0  0  0  0  0  0.64390079D-21
 259 CO2+        1  0  0  1  0  2  0  0  0  0  0  0  0  0  0.14999647D-18
 260 H2Cl+       1  2  0  0  0  0  0  0  0  0  0  1  0  0  0.32748174D-14
 261 H2F+        1  2  0  0  0  0  0  0  0  0  0  0  0  1  0.18346673D-12
 262 H2O+        1  2  0  0  0  1  0  0  0  0  0  0  0  0  0.56457181D-14
 263 HCN+        1  1  0  1  1  0  0  0  0  0  0  0  0  0  0.75214454D-19
 264 HCP+        1  1  0  1  0  0  0  0  0  0  0  0  1  0  0.51765928D-22
 265 HNC+        1  1  0  1  1  0  0  0  0  0  0  0  0  0  0.18492975D-17
 266 HNO+        1  1  0  0  1  1  0  0  0  0  0  0  0  0  0.39741335D-14
 267 HNS+        1  1  0  0  1  0  0  1  0  0  0  0  0  0  0.68395203D-18
 268 HNSi+       1  1  0  0  1  0  1  0  0  0  0  0  0  0  0.34362344D-19
 269 HOC+        1  1  0  1  0  1  0  0  0  0  0  0  0  0  0.14434444D-12
 270 HPN+        1  1  0  0  1  0  0  0  0  0  0  0  1  0  0.18969690D-12
 271 HSiS+       1  1  0  0  0  0  1  1  0  0  0  0  0  0  0.28909835D-15
 272 NaH2+       1  2  0  0  0  0  0  0  0  1  0  0  0  0  0.14653710D-13
 273 NCO+        1  0  0  1  1  1  0  0  0  0  0  0  0  0  0.62051487D-15
 274 NH2+        1  2  0  0  1  0  0  0  0  0  0  0  0  0  0.80703372D-15
 275 NO2+        1  0  0  0  1  2  0  0  0  0  0  0  0  0  0.11060345D-19
 276 HO2+        1  1  0  0  0  2  0  0  0  0  0  0  0  0  0.16409882D-14
 277 OCS+        1  0  0  1  0  1  0  1  0  0  0  0  0  0  0.63498319D-13
 278 PH2+        1  2  0  0  0  0  0  0  0  0  0  0  1  0  0.12061262D-15
 279 HS2+        1  1  0  0  0  0  0  2  0  0  0  0  0  0  0.23141080D-18
 280 SiC2+       1  0  0  2  0  0  1  0  0  0  0  0  0  0  0.21205411D-20
 281 SiH2+       1  2  0  0  0  0  1  0  0  0  0  0  0  0  0.83525760D-13
 282 SiNC+       1  0  0  1  1  0  1  0  0  0  0  0  0  0  0.76776210D-14
 283 SO2+        1  0  0  0  0  2  0  1  0  0  0  0  0  0  0.26526420D-15
 284 HCNH+       1  2  0  1  1  0  0  0  0  0  0  0  0  0  0.81470272D-12
 285 HC2N+       1  1  0  2  1  0  0  0  0  0  0  0  0  0  0.39411645D-19
 286 C3H+        1  1  0  3  0  0  0  0  0  0  0  0  0  0  0.15284271D-16
 287 C4+         1  0  0  4  0  0  0  0  0  0  0  0  0  0  0.29386478D-18
 288 H2CO+       1  2  0  1  0  1  0  0  0  0  0  0  0  0  0.76769726D-14
 289 CH3+        1  3  0  1  0  0  0  0  0  0  0  0  0  0  0.57295640D-12
 290 C3N-       -1  0  0  3  1  0  0  0  0  0  0  0  0  0  0.50639079D-16
 291 C4-        -1  0  0  4  0  0  0  0  0  0  0  0  0  0  0.86402616D-16
 292 H3O+        1  3  0  0  0  1  0  0  0  0  0  0  0  0  0.16522044D-09
 293 H2NO+       1  2  0  0  1  1  0  0  0  0  0  0  0  0  0.20936295D-13
 294 H3S+        1  3  0  0  0  0  0  1  0  0  0  0  0  0  0.18538428D-14
 295 HC2S+       1  1  0  2  0  0  0  1  0  0  0  0  0  0  0.42478772D-14
 296 HOCS+       1  1  0  1  0  1  0  1  0  0  0  0  0  0  0.21680696D-13
 297 PCH2+       1  2  0  1  0  0  0  0  0  0  0  0  1  0  0.59753611D-16
 298 H2S2+       1  2  0  0  0  0  0  2  0  0  0  0  0  0  0.66574811D-17
 299 C2H2+       1  2  0  2  0  0  0  0  0  0  0  0  0  0  0.13645731D-14
 300 C2HO+       1  1  0  2  0  1  0  0  0  0  0  0  0  0  0.28814793D-15
 301 C2N2+       1  0  0  2  2  0  0  0  0  0  0  0  0  0  0.13584273D-23
 302 C3N+        1  0  0  3  1  0  0  0  0  0  0  0  0  0  0.28917002D-22
 303 C3O+        1  0  0  3  0  1  0  0  0  0  0  0  0  0  0.10631888D-15
 304 C3S+        1  0  0  3  0  0  0  1  0  0  0  0  0  0  0.44416197D-16
 305 CH2Si+      1  2  0  1  0  0  1  0  0  0  0  0  0  0  0.10932026D-16
 306 H2CCl+      1  2  0  1  0  0  0  0  0  0  0  1  0  0  0.48572407D-15
 307 H2CS+       1  2  0  1  0  0  0  1  0  0  0  0  0  0  0.47206034D-15
 308 H2NC+       1  2  0  1  1  0  0  0  0  0  0  0  0  0  0.36190461D-14
 309 H2PO+       1  2  0  0  0  1  0  0  0  0  0  0  1  0  0.21999865D-16
 310 H2SiO+      1  2  0  0  0  1  1  0  0  0  0  0  0  0  0.96524065D-16
 311 HOCO+       1  1  0  1  0  2  0  0  0  0  0  0  0  0  0.39653797D-13
 312 HNCO+       1  1  0  1  1  1  0  0  0  0  0  0  0  0  0.51271965D-21
 313 HSiO2+      1  1  0  0  0  2  1  0  0  0  0  0  0  0  0.28568775D-14
 314 HSO2+       1  1  0  0  0  2  0  1  0  0  0  0  0  0  0.21892045D-11
 315 NaH2O+      1  2  0  0  0  1  0  0  0  1  0  0  0  0  0.21316257D-14
 316 NH3+        1  3  0  0  1  0  0  0  0  0  0  0  0  0  0.94838714D-13
 317 PC2H+       1  1  0  2  0  0  0  0  0  0  0  0  1  0  0.10219670D-17
 318 PH3+        1  3  0  0  0  0  0  0  0  0  0  0  1  0  0.12560190D-15
 319 PNH2+       1  2  0  0  1  0  0  0  0  0  0  0  1  0  0.10840833D-16
 320 SiC2H+      1  1  0  2  0  0  1  0  0  0  0  0  0  0  0.93676912D-15
 321 l-SiC3+     1  0  0  3  0  0  1  0  0  0  0  0  0  0  0.24901720D-15
 322 SiH3+       1  3  0  0  0  0  1  0  0  0  0  0  0  0  0.13717504D-15
 323 SiNCH+      1  1  0  1  1  0  1  0  0  0  0  0  0  0  0.11392776D-18
 324 HSiNH+      1  2  0  0  1  0  1  0  0  0  0  0  0  0  0.11966191D-12
 325 HN2O+       1  1  0  0  2  1  0  0  0  0  0  0  0  0  0.16197389D-16
 326 C2H3+       1  3  0  2  0  0  0  0  0  0  0  0  0  0  0.21622223D-12
 327 c-C3H2+     1  2  0  3  0  0  0  0  0  0  0  0  0  0  0.12444186D-14
 328 l-C3H2+     1  2  0  3  0  0  0  0  0  0  0  0  0  0  0.87597162D-15
 329 C4H+        1  1  0  4  0  0  0  0  0  0  0  0  0  0  0.45544254D-18
 330 C5+         1  0  0  5  0  0  0  0  0  0  0  0  0  0  0.64753048D-21
 331 HC3O+       1  1  0  3  0  1  0  0  0  0  0  0  0  0  0.99601859D-15
 332 C4H-       -1  1  0  4  0  0  0  0  0  0  0  0  0  0  0.64471904D-16
 333 C5-        -1  0  0  5  0  0  0  0  0  0  0  0  0  0  0.14664642D-16
 334 NH4+        1  4  0  0  1  0  0  0  0  0  0  0  0  0  0.29300372D-11
 335 H3CS+       1  3  0  1  0  0  0  1  0  0  0  0  0  0  0.17203403D-13
 336 H2COH+      1  3  0  1  0  1  0  0  0  0  0  0  0  0  0.16464566D-12
 337 H3S2+       1  3  0  0  0  0  0  2  0  0  0  0  0  0  0.71525994D-17
 338 HC3S+       1  1  0  3  0  0  0  1  0  0  0  0  0  0  0.91131988D-15
 339 PC3H+       1  1  0  3  0  0  0  0  0  0  0  0  1  0  0.13524314D-19
 340 PCH3+       1  3  0  1  0  0  0  0  0  0  0  0  1  0  0.67653337D-17
 341 PNH3+       1  3  0  0  1  0  0  0  0  0  0  0  1  0  0.26630967D-17
 342 SiC2H2+     1  2  0  2  0  0  1  0  0  0  0  0  0  0  0.58209553D-14
 343 SiC3H+      1  1  0  3  0  0  1  0  0  0  0  0  0  0  0.27840203D-15
 344 SiC4+       1  0  0  4  0  0  1  0  0  0  0  0  0  0  0.22456590D-18
 345 SiCH3+      1  3  0  1  0  0  1  0  0  0  0  0  0  0  0.89191091D-17
 346 SiH4+       1  4  0  0  0  0  1  0  0  0  0  0  0  0  0.65521180D-26
 347 CH2CN+      1  2  0  2  1  0  0  0  0  0  0  0  0  0  0.22706608D-14
 348 H2CCO+      1  2  0  2  0  1  0  0  0  0  0  0  0  0  0.41403308D-13
 349 HC3N+       1  1  0  3  1  0  0  0  0  0  0  0  0  0  0.19574963D-18
 350 C4N+        1  0  0  4  1  0  0  0  0  0  0  0  0  0  0.52515751D-21
 351 C4P+        1  0  0  4  0  0  0  0  0  0  0  0  1  0  0.89340746D-24
 352 C4S+        1  0  0  4  0  0  0  1  0  0  0  0  0  0  0.69910710D-19
 353 HCOOH+      1  2  0  1  0  2  0  0  0  0  0  0  0  0  0.22503470D-13
 354 CH4+        1  4  0  1  0  0  0  0  0  0  0  0  0  0  0.12353766D-15
 355 H3SiO+      1  3  0  0  0  1  1  0  0  0  0  0  0  0  0.15224843D-17
 356 PC2H2+      1  2  0  2  0  0  0  0  0  0  0  0  1  0  0.63787597D-18
 357 C6+         1  0  0  6  0  0  0  0  0  0  0  0  0  0  0.40239252D-23
 358 HC4N+       1  1  0  4  1  0  0  0  0  0  0  0  0  0  0.11960902D-24
 359 C5H-       -1  1  0  5  0  0  0  0  0  0  0  0  0  0  0.92281874D-17
 360 C6-        -1  0  0  6  0  0  0  0  0  0  0  0  0  0  0.64080801D-19
 361 CH3CO+      1  3  0  2  0  1  0  0  0  0  0  0  0  0  0.23820296D-12
 362 C2H4+       1  4  0  2  0  0  0  0  0  0  0  0  0  0  0.67374102D-13
 363 HC3NH+      1  2  0  3  1  0  0  0  0  0  0  0  0  0  0.73041327D-15
 364 HC4S+       1  1  0  4  0  0  0  1  0  0  0  0  0  0  0.17389737D-17
 365 CH5+        1  5  0  1  0  0  0  0  0  0  0  0  0  0  0.17299199D-12
 366 C4H2+       1  2  0  4  0  0  0  0  0  0  0  0  0  0  0.18609690D-14
 367 C5H+        1  1  0  5  0  0  0  0  0  0  0  0  0  0  0.93810694D-17
 368 CH3CN+      1  3  0  2  1  0  0  0  0  0  0  0  0  0  0.64684761D-16
 369 c-C3H3+     1  3  0  3  0  0  0  0  0  0  0  0  0  0  0.27287486D-13
 370 l-C3H3+     1  3  0  3  0  0  0  0  0  0  0  0  0  0  0.26959071D-13
 371 C5N+        1  0  0  5  1  0  0  0  0  0  0  0  0  0  0.15523741D-23
 372 CH3O2+      1  3  0  1  0  2  0  0  0  0  0  0  0  0  0.13637322D-11
 373 CH2NH2+     1  4  0  1  1  0  0  0  0  0  0  0  0  0  0.87524869D-14
 374 CH3OH+      1  4  0  1  0  1  0  0  0  0  0  0  0  0  0.75531415D-20
 375 H2C3O+      1  2  0  3  0  1  0  0  0  0  0  0  0  0  0.10047427D-16
 376 HC2NCH+     1  2  0  3  1  0  0  0  0  0  0  0  0  0  0.49529312D-16
 377 HC4O+       1  1  0  4  0  1  0  0  0  0  0  0  0  0  0.59068830D-15
 378 NH2CNH+     1  3  0  1  2  0  0  0  0  0  0  0  0  0  0.00000000D+00
 379 PC2H3+      1  3  0  2  0  0  0  0  0  0  0  0  1  0  0.37680387D-19
 380 PC4H+       1  1  0  4  0  0  0  0  0  0  0  0  1  0  0.94210374D-20
 381 PCH4+       1  4  0  1  0  0  0  0  0  0  0  0  1  0  0.33857473D-18
 382 SiC2H3+     1  3  0  2  0  0  1  0  0  0  0  0  0  0  0.90055889D-15
 383 SiC3H2+     1  2  0  3  0  0  1  0  0  0  0  0  0  0  0.36664294D-17
 384 SiC4H+      1  1  0  4  0  0  1  0  0  0  0  0  0  0  0.96361920D-20
 385 SiCH4+      1  4  0  1  0  0  1  0  0  0  0  0  0  0  0.11764342D-16
 386 SiH5+       1  5  0  0  0  0  1  0  0  0  0  0  0  0  0.43858247D-19
 387 C7+         1  0  0  7  0  0  0  0  0  0  0  0  0  0  0.12836454D-24
 388 H2C4N+      1  2  0  4  1  0  0  0  0  0  0  0  0  0  0.17821450D-24
 389 C6H-       -1  1  0  6  0  0  0  0  0  0  0  0  0  0  0.25874183D-18
 390 C7-        -1  0  0  7  0  0  0  0  0  0  0  0  0  0  0.86473847D-21
 391 C4H3+       1  3  0  4  0  0  0  0  0  0  0  0  0  0  0.25200329D-15
 392 C5H2+       1  2  0  5  0  0  0  0  0  0  0  0  0  0  0.39328674D-19
 393 CH3CNH+     1  4  0  2  1  0  0  0  0  0  0  0  0  0  0.19692483D-14
 394 C2H4O+      1  4  0  2  0  1  0  0  0  0  0  0  0  0  0.12224613D-15
 395 C2H5+       1  5  0  2  0  0  0  0  0  0  0  0  0  0  0.48311435D-14
 396 C3H3N+      1  3  0  3  1  0  0  0  0  0  0  0  0  0  0.39377103D-17
 397 C3H4+       1  4  0  3  0  0  0  0  0  0  0  0  0  0  0.12644978D-17
 398 HC5N+       1  1  0  5  1  0  0  0  0  0  0  0  0  0  0.63746385D-21
 399 C6H+        1  1  0  6  0  0  0  0  0  0  0  0  0  0  0.18142376D-21
 400 CH3NH2+     1  5  0  1  1  0  0  0  0  0  0  0  0  0  0.81419497D-15
 401 CH3OH2+     1  5  0  1  0  1  0  0  0  0  0  0  0  0  0.15269760D-17
 402 H3C3O+      1  3  0  3  0  1  0  0  0  0  0  0  0  0  0.26424396D-13
 403 NH2CH2O+    1  4  0  1  1  1  0  0  0  0  0  0  0  0  0.14705046D-16
 404 PC2H4+      1  4  0  2  0  0  0  0  0  0  0  0  1  0  0.65070189D-21
 405 PC4H2+      1  2  0  4  0  0  0  0  0  0  0  0  1  0  0.43805699D-21
 406 HC5O+       1  1  0  5  0  1  0  0  0  0  0  0  0  0  0.26727098D-17
 407 C6N+        1  0  0  6  1  0  0  0  0  0  0  0  0  0  0.32237303D-24
 408 H2C5N+      1  2  0  5  1  0  0  0  0  0  0  0  0  0  0.67042174D-19
 409 C8+         1  0  0  8  0  0  0  0  0  0  0  0  0  0  0.11179816D-24
 410 C7H-       -1  1  0  7  0  0  0  0  0  0  0  0  0  0  0.52728117D-19
 411 C8-        -1  0  0  8  0  0  0  0  0  0  0  0  0  0  0.25607344D-21
 412 C5H3+       1  3  0  5  0  0  0  0  0  0  0  0  0  0  0.64919053D-17
 413 C3H5+       1  5  0  3  0  0  0  0  0  0  0  0  0  0  0.56104566D-15
 414 C6H2+       1  2  0  6  0  0  0  0  0  0  0  0  0  0  0.63686022D-19
 415 C7H+        1  1  0  7  0  0  0  0  0  0  0  0  0  0  0.34235238D-21
 416 CH3CHOH+    1  5  0  2  0  1  0  0  0  0  0  0  0  0  0.27542047D-15
 417 C2H6+       1  6  0  2  0  0  0  0  0  0  0  0  0  0  0.62158912D-21
 418 C3H3NH+     1  4  0  3  1  0  0  0  0  0  0  0  0  0  0.24242008D-18
 419 C4H4+       1  4  0  4  0  0  0  0  0  0  0  0  0  0  0.11196553D-19
 420 C7N+        1  0  0  7  1  0  0  0  0  0  0  0  0  0  0.56652280D-28
 421 CH3NH3+     1  6  0  1  1  0  0  0  0  0  0  0  0  0  0.18799112D-13
 422 COOCH4+     1  4  0  2  0  2  0  0  0  0  0  0  0  0  0.57678489D-22
 423 H3C4N+      1  3  0  4  1  0  0  0  0  0  0  0  0  0  0.17821125D-24
 424 HC6N+       1  1  0  6  1  0  0  0  0  0  0  0  0  0  0.19495156D-27
 425 C9+         1  0  0  9  0  0  0  0  0  0  0  0  0  0  0.19816851D-26
 426 C8H-       -1  1  0  8  0  0  0  0  0  0  0  0  0  0  0.24384723D-20
 427 C9-        -1  0  0  9  0  0  0  0  0  0  0  0  0  0  0.22919016D-23
 428 C4H5+       1  5  0  4  0  0  0  0  0  0  0  0  0  0  0.43033892D-17
 429 C6H3+       1  3  0  6  0  0  0  0  0  0  0  0  0  0  0.17746619D-18
 430 C7H2+       1  2  0  7  0  0  0  0  0  0  0  0  0  0  0.28988666D-21
 431 C2H5OH+     1  6  0  2  0  1  0  0  0  0  0  0  0  0  0.23455756D-17
 432 H3C4NH+     1  4  0  4  1  0  0  0  0  0  0  0  0  0  0.11921284D-18
 433 C5H3N+      1  3  0  5  1  0  0  0  0  0  0  0  0  0  0.23792597D-19
 434 C5H4+       1  4  0  5  0  0  0  0  0  0  0  0  0  0  0.22018803D-17
 435 HC7N+       1  1  0  7  1  0  0  0  0  0  0  0  0  0  0.26559582D-24
 436 C8H+        1  1  0  8  0  0  0  0  0  0  0  0  0  0  0.62246688D-27
 437 CH3OCH3+    1  6  0  2  0  1  0  0  0  0  0  0  0  0  0.16587593D-25
 438 H5C2O2+     1  5  0  2  0  2  0  0  0  0  0  0  0  0  0.96081572D-21
 439 HC7O+       1  1  0  7  0  1  0  0  0  0  0  0  0  0  0.30621317D-20
 440 C8N+        1  0  0  8  1  0  0  0  0  0  0  0  0  0  0.37968884D-27
 441 H2C6N+      1  2  0  6  1  0  0  0  0  0  0  0  0  0  0.15910627D-22
 442 C2H7+       1  7  0  2  0  0  0  0  0  0  0  0  0  0  0.00000000D+00
 443 C10+        1  0  0 10  0  0  0  0  0  0  0  0  0  0  0.93810583D-30
 444 CH3OCH4+    1  7  0  2  0  1  0  0  0  0  0  0  0  0  0.43645344D-24
 445 C9H-       -1  1  0  9  0  0  0  0  0  0  0  0  0  0  0.33445382D-23
 446 C10-       -1  0  0 10  0  0  0  0  0  0  0  0  0  0  0.10434516D-25
 447 C7H2N+      1  2  0  7  1  0  0  0  0  0  0  0  0  0  0.76030809D-21
 448 C7H3+       1  3  0  7  0  0  0  0  0  0  0  0  0  0  0.19373178D-19
 449 C5H5+       1  5  0  5  0  0  0  0  0  0  0  0  0  0  0.95493143D-17
 450 C8H2+       1  2  0  8  0  0  0  0  0  0  0  0  0  0  0.13764690D-21
 451 C9H+        1  1  0  9  0  0  0  0  0  0  0  0  0  0  0.10960516D-23
 452 C2H5OH2+    1  7  0  2  0  1  0  0  0  0  0  0  0  0  0.17190431D-15
 453 C2H6CO+     1  6  0  3  0  1  0  0  0  0  0  0  0  0  0.53476757D-21
 454 C5H4N+      1  4  0  5  1  0  0  0  0  0  0  0  0  0  0.37845449D-18
 455 C6H4+       1  4  0  6  0  0  0  0  0  0  0  0  0  0  0.35426125D-18
 456 C9N+        1  0  0  9  1  0  0  0  0  0  0  0  0  0  0.18137400D-30
 457 HC8N+       1  1  0  8  1  0  0  0  0  0  0  0  0  0  0.84417618D-30
 458 C10H+       1  1  0 10  0  0  0  0  0  0  0  0  0  0  0.35667852D-27
 459 C10H-      -1  1  0 10  0  0  0  0  0  0  0  0  0  0  0.79830153D-27
 460 C8H3+       1  3  0  8  0  0  0  0  0  0  0  0  0  0  0.13966521D-23
 461 C9H2+       1  2  0  9  0  0  0  0  0  0  0  0  0  0  0.33669310D-24
 462 C3H6OH+     1  7  0  3  0  1  0  0  0  0  0  0  0  0  0.89327206D-20
 463 C4H7+       1  7  0  4  0  0  0  0  0  0  0  0  0  0  0.23791516D-19
 464 H3C6NH+     1  4  0  6  1  0  0  0  0  0  0  0  0  0  0.54990852D-22
 465 C6H5+       1  5  0  6  0  0  0  0  0  0  0  0  0  0  0.42478096D-22
 466 H3C7N+      1  3  0  7  1  0  0  0  0  0  0  0  0  0  0.19847748D-21
 467 C7H4+       1  4  0  7  0  0  0  0  0  0  0  0  0  0  0.27723241D-20
 468 C9HN+       1  1  0  9  1  0  0  0  0  0  0  0  0  0  0.16067113D-27
 469 C11+        1  0  0 11  0  0  0  0  0  0  0  0  0  0  0.77487833D-29
 470 HC9O+       1  1  0  9  0  1  0  0  0  0  0  0  0  0  0.21275621D-24
 471 C10N+       1  0  0 10  1  0  0  0  0  0  0  0  0  0  0.14312969D-30
 472 H2C8N+      1  2  0  8  1  0  0  0  0  0  0  0  0  0  0.68896298D-25
 473 C9H2N+      1  2  0  9  1  0  0  0  0  0  0  0  0  0  0.69570362D-25
 474 C9H3+       1  3  0  9  0  0  0  0  0  0  0  0  0  0  0.52036894D-24
 475 C10H2+      1  2  0 10  0  0  0  0  0  0  0  0  0  0  0.70131265D-29
 476 C7H5+       1  5  0  7  0  0  0  0  0  0  0  0  0  0  0.48044676D-20
 477 C8H4+       1  4  0  8  0  0  0  0  0  0  0  0  0  0  0.21102957D-22
 478 HC10N+      1  1  0 10  1  0  0  0  0  0  0  0  0  0  0.68638492D-36
 479 C6H7+       1  7  0  6  0  0  0  0  0  0  0  0  0  0  0.79428210D-19
 480 C9H4+       1  4  0  9  0  0  0  0  0  0  0  0  0  0  0.46674576D-24
 481 C8H4N+      1  4  0  8  1  0  0  0  0  0  0  0  0  0  0.57973870D-25
 482 C8H5+       1  5  0  8  0  0  0  0  0  0  0  0  0  0  0.25044013D-22
 483 C9H3N+      1  3  0  9  1  0  0  0  0  0  0  0  0  0  0.10246231D-24
 484 C10H3+      1  3  0 10  0  0  0  0  0  0  0  0  0  0  0.40663953D-28
 485 H2C10N+     1  2  0 10  1  0  0  0  0  0  0  0  0  0  0.84027150D-31
 486 C9H5+       1  5  0  9  0  0  0  0  0  0  0  0  0  0  0.64516362D-24
 487 GRAIN0      0  0  0  0  0  0  0  0  0  0  0  0  0  0  0.54838416D-14
 488 GRAIN-     -1  0  0  0  0  0  0  0  0  0  0  0  0  0  0.13160162D-11
 489 XH          0  1  0  0  0  0  0  0  0  0  0  0  0  0  0.77062056D-13
