0.11D+08                                              +-  H  He C  O  S  G    
 JSPACE =            1
   1 H           0  1  0  0  0  0  0  0  0  0  0  0  0  0  0.84807527D-06
   2 C           0  0  0  1  0  0  0  0  0  0  0  0  0  0  0.21296238D-10
   3 Fe          0  0  0  0  0  0  0  0  1  0  0  0  0  0  0.15291602D-08
   4 Mg          0  0  0  0  0  0  0  0  0  0  1  0  0  0  0.44637071D-08
   5 S           0  0  0  0  0  0  0  1  0  0  0  0  0  0  0.83287777D-09
   6 Si          0  0  0  0  0  0  1  0  0  0  0  0  0  0  0.10290636D-10
   7 O           0  0  0  0  0  1  0  0  0  0  0  0  0  0  0.30647977D-04
   8 N           0  0  0  0  1  0  0  0  0  0  0  0  0  0  0.31467277D-06
   9 He          0  0  1  0  0  0  0  0  0  0  0  0  0  0  0.90000000D-01
  10 Cl          0  0  0  0  0  0  0  0  0  0  0  1  0  0  0.72173412D-09
  11 Na          0  0  0  0  0  0  0  0  0  1  0  0  0  0  0.12596317D-08
  12 P           0  0  0  0  0  0  0  0  0  0  0  0  1  0  0.41790249D-10
  13 F           0  0  0  0  0  0  0  0  0  0  0  0  0  1  0.26695064D-14
  14 OH          0  1  0  0  0  1  0  0  0  0  0  0  0  0  0.14370462D-08
  15 CO          0  0  0  1  0  1  0  0  0  0  0  0  0  0  0.16981554D-03
  16 CS          0  0  0  1  0  0  0  1  0  0  0  0  0  0  0.56921856D-10
  17 HS          0  1  0  0  0  0  0  1  0  0  0  0  0  0  0.14086367D-13
  18 N2          0  0  0  0  2  0  0  0  0  0  0  0  0  0  0.30833500D-04
  19 NH          0  1  0  0  1  0  0  0  0  0  0  0  0  0  0.51963547D-11
  20 SiH         0  1  0  0  0  0  1  0  0  0  0  0  0  0  0.87408607D-13
  21 SiO         0  0  0  0  0  1  1  0  0  0  0  0  0  0  0.78568660D-08
  22 SO          0  0  0  0  0  1  0  1  0  0  0  0  0  0  0.50814684D-07
  23 CH          0  1  0  1  0  0  0  0  0  0  0  0  0  0  0.18057044D-11
  24 O2          0  0  0  0  0  2  0  0  0  0  0  0  0  0  0.19538465D-04
  25 H2          0  2  0  0  0  0  0  0  0  0  0  0  0  0  0.49999940D+00
  26 C2          0  0  0  2  0  0  0  0  0  0  0  0  0  0  0.41585539D-13
  27 CN          0  0  0  1  1  0  0  0  0  0  0  0  0  0  0.94802895D-12
  28 MgH         0  1  0  0  0  0  0  0  0  0  1  0  0  0  0.31489658D-11
  29 NaH         0  1  0  0  0  0  0  0  0  1  0  0  0  0  0.37735189D-12
  30 NO          0  0  0  0  1  1  0  0  0  0  0  0  0  0  0.66432494D-08
  31 NS          0  0  0  0  1  0  0  1  0  0  0  0  0  0  0.13050038D-15
  32 PH          0  1  0  0  0  0  0  0  0  0  0  0  1  0  0.31432063D-12
  33 PN          0  0  0  0  1  0  0  0  0  0  0  0  1  0  0.12549948D-09
  34 PO          0  0  0  0  0  1  0  0  0  0  0  0  1  0  0.31932036D-10
  35 S2          0  0  0  0  0  0  0  2  0  0  0  0  0  0  0.86036337D-17
  36 SiC         0  0  0  1  0  0  1  0  0  0  0  0  0  0  0.94796958D-15
  37 SiN         0  0  0  0  1  0  1  0  0  0  0  0  0  0  0.87307849D-13
  38 SiS         0  0  0  0  0  0  1  1  0  0  0  0  0  0  0.12009804D-12
  39 CCl         0  0  0  1  0  0  0  0  0  0  0  1  0  0  0.40257447D-15
  40 ClO         0  0  0  0  0  1  0  0  0  0  0  1  0  0  0.00000000D+00
  41 CP          0  0  0  1  0  0  0  0  0  0  0  0  1  0  0.11066024D-15
  42 HCl         0  1  0  0  0  0  0  0  0  0  0  1  0  0  0.27825145D-09
  43 HF          0  1  0  0  0  0  0  0  0  0  0  0  0  1  0.66790295D-08
  44 CCH         0  1  0  2  0  0  0  0  0  0  0  0  0  0  0.52523423D-12
  45 C3          0  0  0  3  0  0  0  0  0  0  0  0  0  0  0.93859964D-11
  46 CH2         0  2  0  1  0  0  0  0  0  0  0  0  0  0  0.20014517D-11
  47 SO2         0  0  0  0  0  2  0  1  0  0  0  0  0  0  0.28087126D-07
  48 H2O         0  2  0  0  0  1  0  0  0  0  0  0  0  0  0.62078968D-07
  49 HCN         0  1  0  1  1  0  0  0  0  0  0  0  0  0  0.16806544D-09
  50 HCSi        0  1  0  1  0  0  1  0  0  0  0  0  0  0  0.22060048D-16
  51 CCN         0  0  0  2  1  0  0  0  0  0  0  0  0  0  0.14540029D-13
  52 CCS         0  0  0  2  0  0  0  1  0  0  0  0  0  0  0.13035779D-14
  53 CCO         0  0  0  2  0  1  0  0  0  0  0  0  0  0  0.99324384D-15
  54 CCP         0  0  0  2  0  0  0  0  0  0  0  0  1  0  0.61143184D-17
  55 CO2         0  0  0  1  0  2  0  0  0  0  0  0  0  0  0.13596732D-06
  56 H2S         0  2  0  0  0  0  0  1  0  0  0  0  0  0  0.16484498D-11
  57 HCO         0  1  0  1  0  1  0  0  0  0  0  0  0  0  0.91944822D-11
  58 HCP         0  1  0  1  0  0  0  0  0  0  0  0  1  0  0.35512083D-13
  59 HCS         0  1  0  1  0  0  0  1  0  0  0  0  0  0  0.31827062D-15
  60 HNC         0  1  0  1  1  0  0  0  0  0  0  0  0  0  0.15787200D-09
  61 HNO         0  1  0  0  1  1  0  0  0  0  0  0  0  0  0.36646102D-10
  62 HNSi        0  1  0  0  1  0  1  0  0  0  0  0  0  0  0.79416272D-10
  63 HPO         0  1  0  0  0  1  0  0  0  0  0  0  1  0  0.13288651D-15
  64 HSS         0  1  0  0  0  0  0  2  0  0  0  0  0  0  0.25613987D-14
  65 N2O         0  0  0  0  2  1  0  0  0  0  0  0  0  0  0.15382175D-11
  66 NaOH        0  1  0  0  0  1  0  0  0  1  0  0  0  0  0.31811754D-12
  67 NH2         0  2  0  0  1  0  0  0  0  0  0  0  0  0  0.21183645D-10
  68 NO2         0  0  0  0  1  2  0  0  0  0  0  0  0  0  0.00000000D+00
  69 O2H         0  1  0  0  0  2  0  0  0  0  0  0  0  0  0.15395216D-11
  70 OCN         0  0  0  1  1  1  0  0  0  0  0  0  0  0  0.71708980D-12
  71 OCS         0  0  0  1  0  1  0  1  0  0  0  0  0  0  0.79412807D-10
  72 PH2         0  2  0  0  0  0  0  0  0  0  0  0  1  0  0.26496287D-16
  73 c-SiC2      0  0  0  2  0  0  1  0  0  0  0  0  0  0  0.23527347D-14
  74 SiH2        0  2  0  0  0  0  1  0  0  0  0  0  0  0  0.97978098D-17
  75 SiNC        0  0  0  1  1  0  1  0  0  0  0  0  0  0  0.20693650D-18
  76 SiO2        0  0  0  0  0  2  1  0  0  0  0  0  0  0  0.21162684D-10
  77 C4          0  0  0  4  0  0  0  0  0  0  0  0  0  0  0.16411103D-15
  78 c-C3H       0  1  0  3  0  0  0  0  0  0  0  0  0  0  0.16524235D-13
  79 l-C3H       0  1  0  3  0  0  0  0  0  0  0  0  0  0  0.14946506D-13
  80 CH3         0  3  0  1  0  0  0  0  0  0  0  0  0  0  0.13594092D-12
  81 C2H2        0  2  0  2  0  0  0  0  0  0  0  0  0  0  0.69667122D-09
  82 NH3         0  3  0  0  1  0  0  0  0  0  0  0  0  0  0.11036458D-07
  83 SiCH2       0  2  0  1  0  0  1  0  0  0  0  0  0  0  0.10492786D-14
  84 C3N         0  0  0  3  1  0  0  0  0  0  0  0  0  0  0.26678146D-15
  85 C3O         0  0  0  3  0  1  0  0  0  0  0  0  0  0  0.69055086D-13
  86 C3P         0  0  0  3  0  0  0  0  0  0  0  0  1  0  0.75861723D-20
  87 C3S         0  0  0  3  0  0  0  1  0  0  0  0  0  0  0.98642768D-14
  88 H2CO        0  2  0  1  0  1  0  0  0  0  0  0  0  0  0.66227664D-10
  89 H2CS        0  2  0  1  0  0  0  1  0  0  0  0  0  0  0.80503032D-11
  90 HOOH        0  2  0  0  0  2  0  0  0  0  0  0  0  0  0.23976157D-14
  91 HSSH        0  2  0  0  0  0  0  2  0  0  0  0  0  0  0.16036801D-14
  92 H2SiO       0  2  0  0  0  1  1  0  0  0  0  0  0  0  0.68184725D-16
  93 HCCP        0  1  0  2  0  0  0  0  0  0  0  0  1  0  0.46210094D-18
  94 HCCSi       0  1  0  2  0  0  1  0  0  0  0  0  0  0  0.77375590D-12
  95 l-SiC3      0  0  0  3  0  0  1  0  0  0  0  0  0  0  0.44587932D-16
  96 SiH3        0  3  0  0  0  0  1  0  0  0  0  0  0  0  0.29380247D-20
  97 H2CN        0  2  0  1  1  0  0  0  0  0  0  0  0  0  0.11718838D-14
  98 C5          0  0  0  5  0  0  0  0  0  0  0  0  0  0  0.11250177D-16
  99 c-C3H2      0  2  0  3  0  0  0  0  0  0  0  0  0  0  0.17219372D-11
 100 l-C3H2      0  2  0  3  0  0  0  0  0  0  0  0  0  0  0.13413477D-11
 101 C4H         0  1  0  4  0  0  0  0  0  0  0  0  0  0  0.22156576D-15
 102 CH4         0  4  0  1  0  0  0  0  0  0  0  0  0  0  0.44642164D-07
 103 HC3N        0  1  0  3  1  0  0  0  0  0  0  0  0  0  0.54711239D-13
 104 H2CCN       0  2  0  2  1  0  0  0  0  0  0  0  0  0  0.61015727D-14
 105 H2CCO       0  2  0  2  0  1  0  0  0  0  0  0  0  0  0.46208380D-10
 106 C2H3        0  3  0  2  0  0  0  0  0  0  0  0  0  0  0.16837160D-13
 107 C4N         0  0  0  4  1  0  0  0  0  0  0  0  0  0  0.24322742D-17
 108 C4P         0  0  0  4  0  0  0  0  0  0  0  0  1  0  0.44444904D-20
 109 C4S         0  0  0  4  0  0  0  1  0  0  0  0  0  0  0.96257554D-17
 110 HCOOH       0  2  0  1  0  2  0  0  0  0  0  0  0  0  0.96914108D-10
 111 CH2PH       0  3  0  1  0  0  0  0  0  0  0  0  1  0  0.76340237D-18
 112 CH2NH       0  3  0  1  1  0  0  0  0  0  0  0  0  0  0.95939510D-11
 113 c-HCCHSi    0  2  0  2  0  0  1  0  0  0  0  0  0  0  0.37284472D-13
 114 SiC3H       0  1  0  3  0  0  1  0  0  0  0  0  0  0  0.54168497D-15
 115 SiC4        0  0  0  4  0  0  1  0  0  0  0  0  0  0  0.11615916D-20
 116 SiCH3       0  3  0  1  0  0  1  0  0  0  0  0  0  0  0.18715015D-15
 117 SiH4        0  4  0  0  0  0  1  0  0  0  0  0  0  0  0.60682546D-17
 118 HCNCC       0  1  0  3  1  0  0  0  0  0  0  0  0  0  0.15442233D-14
 119 HCCNC       0  1  0  3  1  0  0  0  0  0  0  0  0  0  0.52924199D-14
 120 HNCCC       0  1  0  3  1  0  0  0  0  0  0  0  0  0  0.91170188D-15
 121 NH2CN       0  2  0  1  2  0  0  0  0  0  0  0  0  0  0.00000000D+00
 122 C6          0  0  0  6  0  0  0  0  0  0  0  0  0  0  0.35213142D-19
 123 CH3CN       0  3  0  2  1  0  0  0  0  0  0  0  0  0  0.25000394D-12
 124 CH2CCH      0  3  0  3  0  0  0  0  0  0  0  0  0  0  0.95041813D-16
 125 C2H4        0  4  0  2  0  0  0  0  0  0  0  0  0  0  0.19553820D-10
 126 NC4N        0  0  0  4  2  0  0  0  0  0  0  0  0  0  0.66036639D-12
 127 H2CSiCH     0  3  0  2  0  0  1  0  0  0  0  0  0  0  0.11651465D-11
 128 SiC4H       0  1  0  4  0  0  1  0  0  0  0  0  0  0  0.26430261D-12
 129 HC4N        0  1  0  4  1  0  0  0  0  0  0  0  0  0  0.41339709D-15
 130 C4H2        0  2  0  4  0  0  0  0  0  0  0  0  0  0  0.55361741D-13
 131 C5H         0  1  0  5  0  0  0  0  0  0  0  0  0  0  0.18850479D-17
 132 C5N         0  0  0  5  1  0  0  0  0  0  0  0  0  0  0.91312840D-19
 133 CH3OH       0  4  0  1  0  1  0  0  0  0  0  0  0  0  0.45419343D-15
 134 NH2CHO      0  3  0  1  1  1  0  0  0  0  0  0  0  0  0.86741630D-14
 135 C5O         0  0  0  5  0  1  0  0  0  0  0  0  0  0  0.82485955D-16
 136 C7          0  0  0  7  0  0  0  0  0  0  0  0  0  0  0.29951555D-22
 137 HC5N        0  1  0  5  1  0  0  0  0  0  0  0  0  0  0.75755132D-17
 138 SiC2CH3     0  3  0  3  0  0  1  0  0  0  0  0  0  0  0.10747617D-13
 139 CH3CHO      0  4  0  2  0  1  0  0  0  0  0  0  0  0  0.27763324D-14
 140 C2H5        0  5  0  2  0  0  0  0  0  0  0  0  0  0  0.91960538D-20
 141 CH2CHCN     0  3  0  3  1  0  0  0  0  0  0  0  0  0  0.10599840D-14
 142 CH3CCH      0  4  0  3  0  0  0  0  0  0  0  0  0  0  0.16298462D-12
 143 C5H2        0  2  0  5  0  0  0  0  0  0  0  0  0  0  0.84465847D-18
 144 C6H         0  1  0  6  0  0  0  0  0  0  0  0  0  0  0.86454662D-19
 145 CH3NH2      0  5  0  1  1  0  0  0  0  0  0  0  0  0  0.99612562D-11
 146 C4H3        0  3  0  4  0  0  0  0  0  0  0  0  0  0  0.16522850D-16
 147 C6N         0  0  0  6  1  0  0  0  0  0  0  0  0  0  0.15900846D-20
 148 C8          0  0  0  8  0  0  0  0  0  0  0  0  0  0  0.30393682D-22
 149 HC6N        0  1  0  6  1  0  0  0  0  0  0  0  0  0  0.96199196D-19
 150 NC6N        0  0  0  6  2  0  0  0  0  0  0  0  0  0  0.14453067D-13
 151 SiC6H       0  1  0  6  0  0  1  0  0  0  0  0  0  0  0.22324132D-14
 152 CH2CHC2H    0  4  0  4  0  0  0  0  0  0  0  0  0  0  0.27786153D-14
 153 C6H2        0  2  0  6  0  0  0  0  0  0  0  0  0  0  0.94029654D-19
 154 C7H         0  1  0  7  0  0  0  0  0  0  0  0  0  0  0.56837387D-20
 155 C7N         0  0  0  7  1  0  0  0  0  0  0  0  0  0  0.28557936D-21
 156 CH3C3N      0  3  0  4  1  0  0  0  0  0  0  0  0  0  0.51464359D-17
 157 HCOOCH3     0  4  0  2  0  2  0  0  0  0  0  0  0  0  0.36821567D-18
 158 C2H6        0  6  0  2  0  0  0  0  0  0  0  0  0  0  0.00000000D+00
 159 C7O         0  0  0  7  0  1  0  0  0  0  0  0  0  0  0.25040620D-18
 160 C9          0  0  0  9  0  0  0  0  0  0  0  0  0  0  0.10794584D-23
 161 HC7N        0  1  0  7  1  0  0  0  0  0  0  0  0  0  0.91986436D-20
 162 SiC3H5      0  5  0  3  0  0  1  0  0  0  0  0  0  0  0.00000000D+00
 163 CH3CH2OH    0  6  0  2  0  1  0  0  0  0  0  0  0  0  0.89180664D-15
 164 C7H2        0  2  0  7  0  0  0  0  0  0  0  0  0  0  0.11426090D-20
 165 C8H         0  1  0  8  0  0  0  0  0  0  0  0  0  0  0.10884012D-19
 166 CH3C4H      0  4  0  5  0  0  0  0  0  0  0  0  0  0  0.49969525D-15
 167 CH3OCH3     0  6  0  2  0  1  0  0  0  0  0  0  0  0  0.35416810D-21
 168 CH3CHCH2    0  6  0  3  0  0  0  0  0  0  0  0  0  0  0.00000000D+00
 169 C8N         0  0  0  8  1  0  0  0  0  0  0  0  0  0  0.12569369D-21
 170 C10         0  0  0 10  0  0  0  0  0  0  0  0  0  0  0.13851482D-27
 171 CH3COCH3    0  6  0  3  0  1  0  0  0  0  0  0  0  0  0.43841001D-19
 172 C8H2        0  2  0  8  0  0  0  0  0  0  0  0  0  0  0.80890003D-21
 173 C9H         0  1  0  9  0  0  0  0  0  0  0  0  0  0  0.15120647D-24
 174 C9N         0  0  0  9  1  0  0  0  0  0  0  0  0  0  0.30060624D-25
 175 CH3C5N      0  3  0  6  1  0  0  0  0  0  0  0  0  0  0.45945063D-21
 176 HC8N        0  1  0  8  1  0  0  0  0  0  0  0  0  0  0.27046657D-20
 177 NC8N        0  0  0  8  2  0  0  0  0  0  0  0  0  0  0.28088053D-14
 178 SiC8H       0  1  0  8  0  0  1  0  0  0  0  0  0  0  0.62423858D-15
 179 CH2CHCHCH2  0  6  0  4  0  0  0  0  0  0  0  0  0  0  0.00000000D+00
 180 C9O         0  0  0  9  0  1  0  0  0  0  0  0  0  0  0.66635275D-23
 181 HC9N        0  1  0  9  1  0  0  0  0  0  0  0  0  0  0.76257809D-24
 182 C10H        0  1  0 10  0  0  0  0  0  0  0  0  0  0  0.44937210D-28
 183 C9H2        0  2  0  9  0  0  0  0  0  0  0  0  0  0  0.48924768D-25
 184 CH3C6H      0  4  0  7  0  0  0  0  0  0  0  0  0  0  0.15556162D-19
 185 C11         0  0  0 11  0  0  0  0  0  0  0  0  0  0  0.28483823D-30
 186 C10N        0  0  0 10  1  0  0  0  0  0  0  0  0  0  0.15287388D-29
 187 CH3C7N      0  3  0  8  1  0  0  0  0  0  0  0  0  0  0.54666428D-24
 188 C10H2       0  2  0 10  0  0  0  0  0  0  0  0  0  0  0.29375633D-25
 189 C6H6        0  6  0  6  0  0  0  0  0  0  0  0  0  0  0.94929939D-17
 190 Si+         1  0  0  0  0  0  1  0  0  0  0  0  0  0  0.48671192D-11
 191 C+          1  0  0  1  0  0  0  0  0  0  0  0  0  0  0.55508067D-10
 192 C-         -1  0  0  1  0  0  0  0  0  0  0  0  0  0  0.56733117D-20
 193 H-         -1  1  0  0  0  0  0  0  0  0  0  0  0  0  0.58140579D-13
 194 O-         -1  0  0  0  0  1  0  0  0  0  0  0  0  0  0.86990200D-18
 195 S-         -1  0  0  0  0  0  0  1  0  0  0  0  0  0  0.49801089D-18
 196 He+         1  0  1  0  0  0  0  0  0  0  0  0  0  0  0.29911478D-11
 197 H+          1  1  0  0  0  0  0  0  0  0  0  0  0  0  0.10969900D-10
 198 Fe+         1  0  0  0  0  0  0  0  1  0  0  0  0  0  0.14708399D-08
 199 Mg+         1  0  0  0  0  0  0  0  0  0  1  0  0  0  0.25331439D-08
 200 N+          1  0  0  0  1  0  0  0  0  0  0  0  0  0  0.82236216D-15
 201 Na+         1  0  0  0  0  0  0  0  0  1  0  0  0  0  0.73964201D-09
 202 O+          1  0  0  0  0  1  0  0  0  0  0  0  0  0  0.69408434D-15
 203 S+          1  0  0  0  0  0  0  1  0  0  0  0  0  0  0.10819095D-10
 204 Cl+         1  0  0  0  0  0  0  0  0  0  0  1  0  0  0.12358157D-18
 205 F+          1  0  0  0  0  0  0  0  0  0  0  0  0  1  0.40352858D-18
 206 P+          1  0  0  0  0  0  0  0  0  0  0  0  1  0  0.11214167D-14
 207 e-         -1  0  0  0  0  0  0  0  0  0  0  0  0  0  0.69089145D-08
 208 CH+         1  1  0  1  0  0  0  0  0  0  0  0  0  0  0.12552470D-18
 209 H2+         1  2  0  0  0  0  0  0  0  0  0  0  0  0  0.11521206D-13
 210 OH+         1  1  0  0  0  1  0  0  0  0  0  0  0  0  0.24807253D-14
 211 SiH+        1  1  0  0  0  0  1  0  0  0  0  0  0  0  0.47615227D-14
 212 C2+         1  0  0  2  0  0  0  0  0  0  0  0  0  0  0.66901656D-20
 213 CN-        -1  0  0  1  1  0  0  0  0  0  0  0  0  0  0.22666328D-16
 214 OH-        -1  1  0  0  0  1  0  0  0  0  0  0  0  0  0.12614821D-13
 215 CF+         1  0  0  1  0  0  0  0  0  0  0  0  0  1  0.73492059D-12
 216 HS+         1  1  0  0  0  0  0  1  0  0  0  0  0  0  0.23662361D-13
 217 SO+         1  0  0  0  0  1  0  1  0  0  0  0  0  0  0.80400395D-11
 218 CCl+        1  0  0  1  0  0  0  0  0  0  0  1  0  0  0.12646167D-13
 219 ClO+        1  0  0  0  0  1  0  0  0  0  0  1  0  0  0.00000000D+00
 220 CN+         1  0  0  1  1  0  0  0  0  0  0  0  0  0  0.11185173D-19
 221 CO+         1  0  0  1  0  1  0  0  0  0  0  0  0  0  0.53137545D-15
 222 CP+         1  0  0  1  0  0  0  0  0  0  0  0  1  0  0.81197908D-25
 223 CS+         1  0  0  1  0  0  0  1  0  0  0  0  0  0  0.16728305D-16
 224 HCl+        1  1  0  0  0  0  0  0  0  0  0  1  0  0  0.18310693D-18
 225 HF+         1  1  0  0  0  0  0  0  0  0  0  0  0  1  0.31040498D-18
 226 HeH+        1  1  1  0  0  0  0  0  0  0  0  0  0  0  0.97204209D-22
 227 N2+         1  0  0  0  2  0  0  0  0  0  0  0  0  0  0.43400262D-16
 228 NH+         1  1  0  0  1  0  0  0  0  0  0  0  0  0  0.12080393D-15
 229 NO+         1  0  0  0  1  1  0  0  0  0  0  0  0  0  0.30374359D-12
 230 NS+         1  0  0  0  1  0  0  1  0  0  0  0  0  0  0.60280111D-14
 231 O2+         1  0  0  0  0  2  0  0  0  0  0  0  0  0  0.65743086D-10
 232 PH+         1  1  0  0  0  0  0  0  0  0  0  0  1  0  0.15303161D-14
 233 PN+         1  0  0  0  1  0  0  0  0  0  0  0  1  0  0.13234918D-13
 234 PO+         1  0  0  0  0  1  0  0  0  0  0  0  1  0  0.30360138D-13
 235 S2+         1  0  0  0  0  0  0  2  0  0  0  0  0  0  0.57808844D-15
 236 SiC+        1  0  0  1  0  0  1  0  0  0  0  0  0  0  0.13089528D-21
 237 SiN+        1  0  0  0  1  0  1  0  0  0  0  0  0  0  0.37364895D-15
 238 SiO+        1  0  0  0  0  1  1  0  0  0  0  0  0  0  0.18594308D-16
 239 SiS+        1  0  0  0  0  0  1  1  0  0  0  0  0  0  0.12617999D-20
 240 SiF+        1  0  0  0  0  0  1  0  0  0  0  0  0  1  0.51619765D-13
 241 CH2+        1  2  0  1  0  0  0  0  0  0  0  0  0  0  0.60374899D-16
 242 C2N+        1  0  0  2  1  0  0  0  0  0  0  0  0  0  0.24329052D-21
 243 CNC+        1  0  0  2  1  0  0  0  0  0  0  0  0  0  0.23677433D-13
 244 HSiO+       1  1  0  0  0  1  1  0  0  0  0  0  0  0  0.24591814D-10
 245 N2H+        1  1  0  0  2  0  0  0  0  0  0  0  0  0  0.81916298D-11
 246 C2H+        1  1  0  2  0  0  0  0  0  0  0  0  0  0  0.38496329D-19
 247 H3+         1  3  0  0  0  0  0  0  0  0  0  0  0  0  0.25702010D-10
 248 C3-        -1  0  0  3  0  0  0  0  0  0  0  0  0  0  0.17284639D-17
 249 HCO+        1  1  0  1  0  1  0  0  0  0  0  0  0  0  0.15298674D-08
 250 HSO+        1  1  0  0  0  1  0  1  0  0  0  0  0  0  0.98700331D-10
 251 H2S+        1  2  0  0  0  0  0  1  0  0  0  0  0  0  0.32317663D-14
 252 HCS+        1  1  0  1  0  0  0  1  0  0  0  0  0  0  0.93042585D-13
 253 HPO+        1  1  0  0  0  1  0  0  0  0  0  0  1  0  0.50409807D-13
 254 C2O+        1  0  0  2  0  1  0  0  0  0  0  0  0  0  0.16768770D-18
 255 C2S+        1  0  0  2  0  0  0  1  0  0  0  0  0  0  0.33980500D-17
 256 C3+         1  0  0  3  0  0  0  0  0  0  0  0  0  0  0.47527665D-20
 257 CCP+        1  0  0  2  0  0  0  0  0  0  0  0  1  0  0.47142829D-18
 258 CHSi+       1  1  0  1  0  0  1  0  0  0  0  0  0  0  0.18172474D-21
 259 CO2+        1  0  0  1  0  2  0  0  0  0  0  0  0  0  0.12149236D-18
 260 H2Cl+       1  2  0  0  0  0  0  0  0  0  0  1  0  0  0.10935364D-14
 261 H2F+        1  2  0  0  0  0  0  0  0  0  0  0  0  1  0.18119701D-12
 262 H2O+        1  2  0  0  0  1  0  0  0  0  0  0  0  0  0.56720059D-14
 263 HCN+        1  1  0  1  1  0  0  0  0  0  0  0  0  0  0.55189063D-19
 264 HCP+        1  1  0  1  0  0  0  0  0  0  0  0  1  0  0.11994687D-22
 265 HNC+        1  1  0  1  1  0  0  0  0  0  0  0  0  0  0.88778328D-18
 266 HNO+        1  1  0  0  1  1  0  0  0  0  0  0  0  0  0.36376747D-14
 267 HNS+        1  1  0  0  1  0  0  1  0  0  0  0  0  0  0.26945078D-18
 268 HNSi+       1  1  0  0  1  0  1  0  0  0  0  0  0  0  0.10864641D-19
 269 HOC+        1  1  0  1  0  1  0  0  0  0  0  0  0  0  0.14344883D-12
 270 HPN+        1  1  0  0  1  0  0  0  0  0  0  0  1  0  0.33113580D-12
 271 HSiS+       1  1  0  0  0  0  1  1  0  0  0  0  0  0  0.37067200D-15
 272 NaH2+       1  2  0  0  0  0  0  0  0  1  0  0  0  0  0.27162430D-13
 273 NCO+        1  0  0  1  1  1  0  0  0  0  0  0  0  0  0.11711212D-14
 274 NH2+        1  2  0  0  1  0  0  0  0  0  0  0  0  0  0.10114811D-14
 275 NO2+        1  0  0  0  1  2  0  0  0  0  0  0  0  0  0.13059930D-19
 276 HO2+        1  1  0  0  0  2  0  0  0  0  0  0  0  0  0.20088162D-14
 277 OCS+        1  0  0  1  0  1  0  1  0  0  0  0  0  0  0.19444071D-12
 278 PH2+        1  2  0  0  0  0  0  0  0  0  0  0  1  0  0.18402161D-15
 279 HS2+        1  1  0  0  0  0  0  2  0  0  0  0  0  0  0.35356725D-18
 280 SiC2+       1  0  0  2  0  0  1  0  0  0  0  0  0  0  0.88745941D-22
 281 SiH2+       1  2  0  0  0  0  1  0  0  0  0  0  0  0  0.80763920D-13
 282 SiNC+       1  0  0  1  1  0  1  0  0  0  0  0  0  0  0.27990210D-14
 283 SO2+        1  0  0  0  0  2  0  1  0  0  0  0  0  0  0.76323931D-16
 284 HCNH+       1  2  0  1  1  0  0  0  0  0  0  0  0  0  0.12691159D-11
 285 HC2N+       1  1  0  2  1  0  0  0  0  0  0  0  0  0  0.19966517D-19
 286 C3H+        1  1  0  3  0  0  0  0  0  0  0  0  0  0  0.69195419D-17
 287 C4+         1  0  0  4  0  0  0  0  0  0  0  0  0  0  0.17156218D-19
 288 H2CO+       1  2  0  1  0  1  0  0  0  0  0  0  0  0  0.85872012D-14
 289 CH3+        1  3  0  1  0  0  0  0  0  0  0  0  0  0  0.11456958D-11
 290 C3N-       -1  0  0  3  1  0  0  0  0  0  0  0  0  0  0.95625406D-17
 291 C4-        -1  0  0  4  0  0  0  0  0  0  0  0  0  0  0.20484795D-17
 292 H3O+        1  3  0  0  0  1  0  0  0  0  0  0  0  0  0.30613621D-09
 293 H2NO+       1  2  0  0  1  1  0  0  0  0  0  0  0  0  0.93396088D-13
 294 H3S+        1  3  0  0  0  0  0  1  0  0  0  0  0  0  0.21039934D-14
 295 HC2S+       1  1  0  2  0  0  0  1  0  0  0  0  0  0  0.14568648D-14
 296 HOCS+       1  1  0  1  0  1  0  1  0  0  0  0  0  0  0.87049376D-13
 297 PCH2+       1  2  0  1  0  0  0  0  0  0  0  0  1  0  0.44405886D-16
 298 H2S2+       1  2  0  0  0  0  0  2  0  0  0  0  0  0  0.38796847D-17
 299 C2H2+       1  2  0  2  0  0  0  0  0  0  0  0  0  0  0.45356391D-14
 300 C2HO+       1  1  0  2  0  1  0  0  0  0  0  0  0  0  0.16444662D-14
 301 C2N2+       1  0  0  2  2  0  0  0  0  0  0  0  0  0  0.33101838D-24
 302 C3N+        1  0  0  3  1  0  0  0  0  0  0  0  0  0  0.30820364D-23
 303 C3O+        1  0  0  3  0  1  0  0  0  0  0  0  0  0  0.62577546D-17
 304 C3S+        1  0  0  3  0  0  0  1  0  0  0  0  0  0  0.21259105D-17
 305 CH2Si+      1  2  0  1  0  0  1  0  0  0  0  0  0  0  0.40058768D-17
 306 H2CCl+      1  2  0  1  0  0  0  0  0  0  0  1  0  0  0.24207364D-15
 307 H2CS+       1  2  0  1  0  0  0  1  0  0  0  0  0  0  0.16902766D-15
 308 H2NC+       1  2  0  1  1  0  0  0  0  0  0  0  0  0  0.65971385D-14
 309 H2PO+       1  2  0  0  0  1  0  0  0  0  0  0  1  0  0.35645864D-16
 310 H2SiO+      1  2  0  0  0  1  1  0  0  0  0  0  0  0  0.28676983D-16
 311 HOCO+       1  1  0  1  0  2  0  0  0  0  0  0  0  0  0.66335871D-13
 312 HNCO+       1  1  0  1  1  1  0  0  0  0  0  0  0  0  0.17966385D-21
 313 HSiO2+      1  1  0  0  0  2  1  0  0  0  0  0  0  0  0.71409214D-14
 314 HSO2+       1  1  0  0  0  2  0  1  0  0  0  0  0  0  0.11398765D-11
 315 NaH2O+      1  2  0  0  0  1  0  0  0  1  0  0  0  0  0.36755353D-14
 316 NH3+        1  3  0  0  1  0  0  0  0  0  0  0  0  0  0.64891967D-12
 317 PC2H+       1  1  0  2  0  0  0  0  0  0  0  0  1  0  0.24030208D-18
 318 PH3+        1  3  0  0  0  0  0  0  0  0  0  0  1  0  0.44453065D-16
 319 PNH2+       1  2  0  0  1  0  0  0  0  0  0  0  1  0  0.11585856D-16
 320 SiC2H+      1  1  0  2  0  0  1  0  0  0  0  0  0  0  0.18340891D-15
 321 l-SiC3+     1  0  0  3  0  0  1  0  0  0  0  0  0  0  0.18174687D-16
 322 SiH3+       1  3  0  0  0  0  1  0  0  0  0  0  0  0  0.23742346D-16
 323 SiNCH+      1  1  0  1  1  0  1  0  0  0  0  0  0  0  0.26082922D-19
 324 HSiNH+      1  2  0  0  1  0  1  0  0  0  0  0  0  0  0.10211342D-12
 325 HN2O+       1  1  0  0  2  1  0  0  0  0  0  0  0  0  0.29453092D-16
 326 C2H3+       1  3  0  2  0  0  0  0  0  0  0  0  0  0  0.21411399D-12
 327 c-C3H2+     1  2  0  3  0  0  0  0  0  0  0  0  0  0  0.37112433D-15
 328 l-C3H2+     1  2  0  3  0  0  0  0  0  0  0  0  0  0  0.11270925D-15
 329 C4H+        1  1  0  4  0  0  0  0  0  0  0  0  0  0  0.26800058D-19
 330 C5+         1  0  0  5  0  0  0  0  0  0  0  0  0  0  0.20003153D-22
 331 HC3O+       1  1  0  3  0  1  0  0  0  0  0  0  0  0  0.12489177D-15
 332 C4H-       -1  1  0  4  0  0  0  0  0  0  0  0  0  0  0.23147802D-17
 333 C5-        -1  0  0  5  0  0  0  0  0  0  0  0  0  0  0.29704156D-18
 334 NH4+        1  4  0  0  1  0  0  0  0  0  0  0  0  0  0.66968760D-11
 335 H3CS+       1  3  0  1  0  0  0  1  0  0  0  0  0  0  0.12491573D-13
 336 H2COH+      1  3  0  1  0  1  0  0  0  0  0  0  0  0  0.94167817D-13
 337 H3S2+       1  3  0  0  0  0  0  2  0  0  0  0  0  0  0.40411196D-17
 338 HC3S+       1  1  0  3  0  0  0  1  0  0  0  0  0  0  0.97808743D-16
 339 PC3H+       1  1  0  3  0  0  0  0  0  0  0  0  1  0  0.40096751D-20
 340 PCH3+       1  3  0  1  0  0  0  0  0  0  0  0  1  0  0.74008733D-17
 341 PNH3+       1  3  0  0  1  0  0  0  0  0  0  0  1  0  0.55162827D-17
 342 SiC2H2+     1  2  0  2  0  0  1  0  0  0  0  0  0  0  0.91250638D-15
 343 SiC3H+      1  1  0  3  0  0  1  0  0  0  0  0  0  0  0.21083083D-16
 344 SiC4+       1  0  0  4  0  0  1  0  0  0  0  0  0  0  0.21760563D-19
 345 SiCH3+      1  3  0  1  0  0  1  0  0  0  0  0  0  0  0.53796333D-18
 346 SiH4+       1  4  0  0  0  0  1  0  0  0  0  0  0  0  0.20012205D-27
 347 CH2CN+      1  2  0  2  1  0  0  0  0  0  0  0  0  0  0.18889832D-14
 348 H2CCO+      1  2  0  2  0  1  0  0  0  0  0  0  0  0  0.57271042D-13
 349 HC3N+       1  1  0  3  1  0  0  0  0  0  0  0  0  0  0.19585034D-19
 350 C4N+        1  0  0  4  1  0  0  0  0  0  0  0  0  0  0.45604944D-22
 351 C4P+        1  0  0  4  0  0  0  0  0  0  0  0  1  0  0.45634710D-25
 352 C4S+        1  0  0  4  0  0  0  1  0  0  0  0  0  0  0.31369651D-20
 353 HCOOH+      1  2  0  1  0  2  0  0  0  0  0  0  0  0  0.20619751D-14
 354 CH4+        1  4  0  1  0  0  0  0  0  0  0  0  0  0  0.41839669D-16
 355 H3SiO+      1  3  0  0  0  1  1  0  0  0  0  0  0  0  0.50815844D-18
 356 PC2H2+      1  2  0  2  0  0  0  0  0  0  0  0  1  0  0.32333891D-18
 357 C6+         1  0  0  6  0  0  0  0  0  0  0  0  0  0  0.70918352D-25
 358 HC4N+       1  1  0  4  1  0  0  0  0  0  0  0  0  0  0.78968895D-26
 359 C5H-       -1  1  0  5  0  0  0  0  0  0  0  0  0  0  0.27248693D-18
 360 C6-        -1  0  0  6  0  0  0  0  0  0  0  0  0  0  0.62724447D-20
 361 CH3CO+      1  3  0  2  0  1  0  0  0  0  0  0  0  0  0.11736021D-12
 362 C2H4+       1  4  0  2  0  0  0  0  0  0  0  0  0  0  0.45219339D-13
 363 HC3NH+      1  2  0  3  1  0  0  0  0  0  0  0  0  0  0.23466706D-15
 364 HC4S+       1  1  0  4  0  0  0  1  0  0  0  0  0  0  0.12774929D-18
 365 CH5+        1  5  0  1  0  0  0  0  0  0  0  0  0  0  0.63062006D-13
 366 C4H2+       1  2  0  4  0  0  0  0  0  0  0  0  0  0  0.15481592D-15
 367 C5H+        1  1  0  5  0  0  0  0  0  0  0  0  0  0  0.36328911D-18
 368 CH3CN+      1  3  0  2  1  0  0  0  0  0  0  0  0  0  0.27232371D-16
 369 c-C3H3+     1  3  0  3  0  0  0  0  0  0  0  0  0  0  0.58520117D-14
 370 l-C3H3+     1  3  0  3  0  0  0  0  0  0  0  0  0  0  0.56051293D-14
 371 C5N+        1  0  0  5  1  0  0  0  0  0  0  0  0  0  0.30484414D-25
 372 CH3O2+      1  3  0  1  0  2  0  0  0  0  0  0  0  0  0.24580391D-12
 373 CH2NH2+     1  4  0  1  1  0  0  0  0  0  0  0  0  0  0.14326690D-13
 374 CH3OH+      1  4  0  1  0  1  0  0  0  0  0  0  0  0  0.18890858D-19
 375 H2C3O+      1  2  0  3  0  1  0  0  0  0  0  0  0  0  0.24030588D-17
 376 HC2NCH+     1  2  0  3  1  0  0  0  0  0  0  0  0  0  0.21921071D-16
 377 HC4O+       1  1  0  4  0  1  0  0  0  0  0  0  0  0  0.84172189D-16
 378 NH2CNH+     1  3  0  1  2  0  0  0  0  0  0  0  0  0  0.00000000D+00
 379 PC2H3+      1  3  0  2  0  0  0  0  0  0  0  0  1  0  0.84888569D-20
 380 PC4H+       1  1  0  4  0  0  0  0  0  0  0  0  1  0  0.10208837D-20
 381 PCH4+       1  4  0  1  0  0  0  0  0  0  0  0  1  0  0.37045972D-18
 382 SiC2H3+     1  3  0  2  0  0  1  0  0  0  0  0  0  0  0.11529578D-15
 383 SiC3H2+     1  2  0  3  0  0  1  0  0  0  0  0  0  0  0.72020358D-18
 384 SiC4H+      1  1  0  4  0  0  1  0  0  0  0  0  0  0  0.57205916D-21
 385 SiCH4+      1  4  0  1  0  0  1  0  0  0  0  0  0  0  0.51949860D-18
 386 SiH5+       1  5  0  0  0  0  1  0  0  0  0  0  0  0  0.50027642D-20
 387 C7+         1  0  0  7  0  0  0  0  0  0  0  0  0  0  0.18731557D-26
 388 H2C4N+      1  2  0  4  1  0  0  0  0  0  0  0  0  0  0.11766269D-25
 389 C6H-       -1  1  0  6  0  0  0  0  0  0  0  0  0  0  0.57036888D-20
 390 C7-        -1  0  0  7  0  0  0  0  0  0  0  0  0  0  0.18663956D-22
 391 C4H3+       1  3  0  4  0  0  0  0  0  0  0  0  0  0  0.36568537D-16
 392 C5H2+       1  2  0  5  0  0  0  0  0  0  0  0  0  0  0.20792422D-20
 393 CH3CNH+     1  4  0  2  1  0  0  0  0  0  0  0  0  0  0.23265463D-14
 394 C2H4O+      1  4  0  2  0  1  0  0  0  0  0  0  0  0  0.26959649D-15
 395 C2H5+       1  5  0  2  0  0  0  0  0  0  0  0  0  0  0.66954170D-14
 396 C3H3N+      1  3  0  3  1  0  0  0  0  0  0  0  0  0  0.17523437D-17
 397 C3H4+       1  4  0  3  0  0  0  0  0  0  0  0  0  0  0.98734727D-18
 398 HC5N+       1  1  0  5  1  0  0  0  0  0  0  0  0  0  0.12878768D-22
 399 C6H+        1  1  0  6  0  0  0  0  0  0  0  0  0  0  0.32828713D-23
 400 CH3NH2+     1  5  0  1  1  0  0  0  0  0  0  0  0  0  0.48768146D-15
 401 CH3OH2+     1  5  0  1  0  1  0  0  0  0  0  0  0  0  0.74563600D-17
 402 H3C3O+      1  3  0  3  0  1  0  0  0  0  0  0  0  0  0.84203982D-15
 403 NH2CH2O+    1  4  0  1  1  1  0  0  0  0  0  0  0  0  0.12693207D-16
 404 PC2H4+      1  4  0  2  0  0  0  0  0  0  0  0  1  0  0.77962620D-21
 405 PC4H2+      1  2  0  4  0  0  0  0  0  0  0  0  1  0  0.30006828D-22
 406 HC5O+       1  1  0  5  0  1  0  0  0  0  0  0  0  0  0.17056133D-18
 407 C6N+        1  0  0  6  1  0  0  0  0  0  0  0  0  0  0.69429142D-26
 408 H2C5N+      1  2  0  5  1  0  0  0  0  0  0  0  0  0  0.65044745D-20
 409 C8+         1  0  0  8  0  0  0  0  0  0  0  0  0  0  0.74642042D-26
 410 C7H-       -1  1  0  7  0  0  0  0  0  0  0  0  0  0  0.52414825D-20
 411 C8-        -1  0  0  8  0  0  0  0  0  0  0  0  0  0  0.55293279D-23
 412 C5H3+       1  3  0  5  0  0  0  0  0  0  0  0  0  0  0.39546728D-18
 413 C3H5+       1  5  0  3  0  0  0  0  0  0  0  0  0  0  0.25296644D-15
 414 C6H2+       1  2  0  6  0  0  0  0  0  0  0  0  0  0  0.12919516D-20
 415 C7H+        1  1  0  7  0  0  0  0  0  0  0  0  0  0  0.65347694D-23
 416 CH3CHOH+    1  5  0  2  0  1  0  0  0  0  0  0  0  0  0.11091731D-16
 417 C2H6+       1  6  0  2  0  0  0  0  0  0  0  0  0  0  0.70721849D-23
 418 C3H3NH+     1  4  0  3  1  0  0  0  0  0  0  0  0  0  0.55388527D-18
 419 C4H4+       1  4  0  4  0  0  0  0  0  0  0  0  0  0  0.36733441D-20
 420 C7N+        1  0  0  7  1  0  0  0  0  0  0  0  0  0  0.54834735D-30
 421 CH3NH3+     1  6  0  1  1  0  0  0  0  0  0  0  0  0  0.21683597D-13
 422 COOCH4+     1  4  0  2  0  2  0  0  0  0  0  0  0  0  0.34845606D-22
 423 H3C4N+      1  3  0  4  1  0  0  0  0  0  0  0  0  0  0.11766149D-25
 424 HC6N+       1  1  0  6  1  0  0  0  0  0  0  0  0  0  0.70722270D-29
 425 C9+         1  0  0  9  0  0  0  0  0  0  0  0  0  0  0.10118095D-26
 426 C8H-       -1  1  0  8  0  0  0  0  0  0  0  0  0  0  0.21474928D-20
 427 C9-        -1  0  0  9  0  0  0  0  0  0  0  0  0  0  0.52856348D-24
 428 C4H5+       1  5  0  4  0  0  0  0  0  0  0  0  0  0  0.79448647D-18
 429 C6H3+       1  3  0  6  0  0  0  0  0  0  0  0  0  0  0.31916795D-20
 430 C7H2+       1  2  0  7  0  0  0  0  0  0  0  0  0  0  0.66052884D-23
 431 C2H5OH+     1  6  0  2  0  1  0  0  0  0  0  0  0  0  0.22487660D-19
 432 H3C4NH+     1  4  0  4  1  0  0  0  0  0  0  0  0  0  0.76048462D-20
 433 C5H3N+      1  3  0  5  1  0  0  0  0  0  0  0  0  0  0.65796878D-21
 434 C5H4+       1  4  0  5  0  0  0  0  0  0  0  0  0  0  0.11253068D-18
 435 HC7N+       1  1  0  7  1  0  0  0  0  0  0  0  0  0  0.70729868D-26
 436 C8H+        1  1  0  8  0  0  0  0  0  0  0  0  0  0  0.49194578D-28
 437 CH3OCH3+    1  6  0  2  0  1  0  0  0  0  0  0  0  0  0.10946748D-25
 438 H5C2O2+     1  5  0  2  0  2  0  0  0  0  0  0  0  0  0.11555045D-20
 439 HC7O+       1  1  0  7  0  1  0  0  0  0  0  0  0  0  0.51778408D-21
 440 C8N+        1  0  0  8  1  0  0  0  0  0  0  0  0  0  0.94545272D-29
 441 H2C6N+      1  2  0  6  1  0  0  0  0  0  0  0  0  0  0.10377860D-23
 442 C2H7+       1  7  0  2  0  0  0  0  0  0  0  0  0  0  0.00000000D+00
 443 C10+        1  0  0 10  0  0  0  0  0  0  0  0  0  0  0.15002493D-31
 444 CH3OCH4+    1  7  0  2  0  1  0  0  0  0  0  0  0  0  0.75682883D-24
 445 C9H-       -1  1  0  9  0  0  0  0  0  0  0  0  0  0  0.99448842D-25
 446 C10-       -1  0  0 10  0  0  0  0  0  0  0  0  0  0  0.23038204D-28
 447 C7H2N+      1  2  0  7  1  0  0  0  0  0  0  0  0  0  0.51444647D-22
 448 C7H3+       1  3  0  7  0  0  0  0  0  0  0  0  0  0  0.12209813D-21
 449 C5H5+       1  5  0  5  0  0  0  0  0  0  0  0  0  0  0.38064741D-18
 450 C8H2+       1  2  0  8  0  0  0  0  0  0  0  0  0  0  0.11933121D-22
 451 C9H+        1  1  0  9  0  0  0  0  0  0  0  0  0  0  0.69680626D-24
 452 C2H5OH2+    1  7  0  2  0  1  0  0  0  0  0  0  0  0  0.27958025D-17
 453 C2H6CO+     1  6  0  3  0  1  0  0  0  0  0  0  0  0  0.65680809D-23
 454 C5H4N+      1  4  0  5  1  0  0  0  0  0  0  0  0  0  0.35421421D-19
 455 C6H4+       1  4  0  6  0  0  0  0  0  0  0  0  0  0  0.60569163D-20
 456 C9N+        1  0  0  9  1  0  0  0  0  0  0  0  0  0  0.58470597D-31
 457 HC8N+       1  1  0  8  1  0  0  0  0  0  0  0  0  0  0.82758889D-30
 458 C10H+       1  1  0 10  0  0  0  0  0  0  0  0  0  0  0.20602709D-28
 459 C10H-      -1  1  0 10  0  0  0  0  0  0  0  0  0  0  0.76118374D-29
 460 C8H3+       1  3  0  8  0  0  0  0  0  0  0  0  0  0  0.56327739D-25
 461 C9H2+       1  2  0  9  0  0  0  0  0  0  0  0  0  0  0.11457868D-25
 462 C3H6OH+     1  7  0  3  0  1  0  0  0  0  0  0  0  0  0.21851414D-21
 463 C4H7+       1  7  0  4  0  0  0  0  0  0  0  0  0  0  0.12539540D-19
 464 H3C6NH+     1  4  0  6  1  0  0  0  0  0  0  0  0  0  0.71955788D-24
 465 C6H5+       1  5  0  6  0  0  0  0  0  0  0  0  0  0  0.10369449D-23
 466 H3C7N+      1  3  0  7  1  0  0  0  0  0  0  0  0  0  0.12195660D-24
 467 C7H4+       1  4  0  7  0  0  0  0  0  0  0  0  0  0  0.29887764D-22
 468 C9HN+       1  1  0  9  1  0  0  0  0  0  0  0  0  0  0.18315647D-28
 469 C11+        1  0  0 11  0  0  0  0  0  0  0  0  0  0  0.16814828D-30
 470 HC9O+       1  1  0  9  0  1  0  0  0  0  0  0  0  0  0.13778690D-25
 471 C10N+       1  0  0 10  1  0  0  0  0  0  0  0  0  0  0.78223190D-33
 472 H2C8N+      1  2  0  8  1  0  0  0  0  0  0  0  0  0  0.12144179D-24
 473 C9H2N+      1  2  0  9  1  0  0  0  0  0  0  0  0  0  0.23245062D-26
 474 C9H3+       1  3  0  9  0  0  0  0  0  0  0  0  0  0  0.12740544D-26
 475 C10H2+      1  2  0 10  0  0  0  0  0  0  0  0  0  0  0.99471727D-29
 476 C7H5+       1  5  0  7  0  0  0  0  0  0  0  0  0  0  0.14117647D-22
 477 C8H4+       1  4  0  8  0  0  0  0  0  0  0  0  0  0  0.73551903D-25
 478 HC10N+      1  1  0 10  1  0  0  0  0  0  0  0  0  0  0.10065480D-37
 479 C6H7+       1  7  0  6  0  0  0  0  0  0  0  0  0  0  0.35842100D-20
 480 C9H4+       1  4  0  9  0  0  0  0  0  0  0  0  0  0  0.16948730D-25
 481 C8H4N+      1  4  0  8  1  0  0  0  0  0  0  0  0  0  0.87163735D-27
 482 C8H5+       1  5  0  8  0  0  0  0  0  0  0  0  0  0  0.35163229D-26
 483 C9H3N+      1  3  0  9  1  0  0  0  0  0  0  0  0  0  0.31604899D-28
 484 C10H3+      1  3  0 10  0  0  0  0  0  0  0  0  0  0  0.20624377D-29
 485 H2C10N+     1  2  0 10  1  0  0  0  0  0  0  0  0  0  0.22155492D-32
 486 C9H5+       1  5  0  9  0  0  0  0  0  0  0  0  0  0  0.38026970D-28
 487 GRAIN0      0  0  0  0  0  0  0  0  0  0  0  0  0  0  0.53317606D-14
 488 GRAIN-     -1  0  0  0  0  0  0  0  0  0  0  0  0  0  0.13161682D-11
 489 XH          0  1  0  0  0  0  0  0  0  0  0  0  0  0  0.95310976D-17
