   109.32262     -0.44542089E-01
   109.24294      0.44990271E-01
   109.16326      0.93399823E-01
   109.08357     -0.66274293E-01
   109.00389     -0.11183620    
   108.92421      0.16242862E-02
   108.84453     -0.35109419E-01
   108.76485     -0.18524846E-01
   108.68517     -0.20095916E-01
   108.60549     -0.94448201E-01
   108.52581     -0.10432419    
   108.44613     -0.63555785E-02
   108.36645     -0.17045796E-01
   108.28676     -0.12457569E-01
   108.20708     -0.13369156    
   108.12740     -0.15682285    
   108.04772      0.10558420    
   107.96804      0.11647350    
   107.88836     -0.33262465E-01
   107.80868     -0.16055411    
   107.72900     -0.16710508    
   107.64932     -0.38180329E-01
   107.56963      0.48472721E-01
   107.48995      0.43087292E-01
   107.41027      0.64297840E-01
   107.33059      0.77295855E-01
   107.25091      0.81668116E-01
   107.17123      0.89753330E-01
   107.09155      0.43372374E-01
   107.01187      0.11390889    
   106.93219      0.32010008E-01
   106.85251     -0.96821688E-01
   106.77282      0.45741767E-01
   106.69314      0.10809651    
   106.61346      0.24869181E-02
   106.53378     -0.10780727E-01
   106.45410      0.30703356E-01
   106.37442     -0.75098217E-01
   106.29474     -0.35455827E-01
   106.21506      0.93285225E-01
   106.13538      0.97529508E-01
   106.05570      0.29175797E-01
   105.97601     -0.20961771E-01
   105.89633     -0.78078233E-01
   105.81665     -0.46451822E-01
   105.73697     -0.96712977E-01
   105.65729     -0.17596070    
   105.57761     -0.82124099E-01
   105.49793     -0.27806975E-02
   105.41825     -0.52496102E-01
   105.33857     -0.16040410    
   105.25889     -0.13779788    
   105.17920     -0.31653378E-01
   105.09952     -0.51077634E-01
   105.01984     -0.92266090E-01
   104.94016     -0.41375220E-01
   104.86048     -0.23731448E-01
   104.78080     -0.25394544E-01
   104.70112      0.88213803E-02
   104.62144     -0.50959405E-01
   104.54176     -0.20996243E-01
   104.46208      0.92664815E-01
   104.38239      0.11087904    
   104.30271      0.10623796    
   104.22303      0.24142845E-01
   104.14335      0.67329057E-01
   104.06367      0.16844280E-01
   103.98399     -0.78099824E-01
   103.90431      0.39031625E-01
   103.82463      0.37513550E-01
   103.74495      0.21800427E-01
   103.66527      0.96982745E-02
   103.58558     -0.97474240E-01
   103.50590     -0.39489228E-01
   103.42622      0.64447187E-01
   103.34654      0.95965797E-02
   103.26686     -0.12418228    
   103.18718     -0.12378677    
   103.10750      0.39092102E-02
   103.02782      0.48245609E-01
   102.94814     -0.63662440E-01
   102.86845     -0.74559458E-01
   102.78877     -0.37671681E-01
   102.70909     -0.28533014E-01
   102.62941      0.51225298E-02
   102.54973      0.70349299E-02
   102.47005     -0.43366943E-01
   102.39037      0.57247549E-01
   102.31069      0.14546998    
   102.23101      0.95742829E-01
   102.15133     -0.32655891E-01
   102.07164     -0.12358260E-01
   101.99196      0.90522200E-01
   101.91228      0.54493446E-01
   101.83260      0.89706905E-01
   101.75292     -0.23145266E-01
   101.67324     -0.23127064E-01
   101.59356      0.66212662E-01
   101.51388      0.17497478E-01
   101.43420     -0.43244183E-01
   101.35452      0.53895586E-02
   101.27483     -0.25077656E-01
   101.19515      0.11100178E-01
   101.11547      0.10210022    
   101.03579      0.91829188E-02
   100.95611     -0.74410483E-01
   100.87643     -0.79150118E-01
   100.79675     -0.75484268E-01
   100.71707     -0.77566922E-01
   100.63739     -0.71286134E-01
   100.55771     -0.73690176E-01
   100.47802     -0.12830110    
   100.39834     -0.12830424    
   100.31866     -0.10293663    
   100.23898     -0.89484222E-01
   100.15930     -0.39130051E-01
   100.07962      0.10612190E-01
   99.999938      0.32784611E-01
   99.920257     -0.67696705E-01
   99.840576     -0.21515265E-01
   99.760895     -0.29687943E-01
   99.681214     -0.30887289E-01
   99.601533     -0.77100560E-01
   99.521852     -0.59050579E-01
   99.442171      0.59016477E-01
   99.362490      0.14473590E-01
   99.282809      0.44996161E-01
   99.203128      0.90921961E-01
   99.123447      0.71341485E-01
   99.043766      0.64696044E-01
   98.964085      0.23774480E-01
   98.884404     -0.10080487    
   98.804723      0.60294647E-01
   98.725042      0.16262089    
   98.645361     -0.46254117E-01
   98.565680     -0.43912698E-01
   98.485999      0.79505257E-01
   98.406318      0.50292019E-01
   98.326637      0.59459716E-01
   98.246956      0.17420988    
   98.167275      0.81518404E-01
   98.087594     -0.52566368E-01
   98.007913      0.57835382E-03
   97.928232     -0.17337153E-01
   97.848551      0.63914135E-01
   97.768870      0.18350823    
   97.689189      0.27070867E-01
   97.609508     -0.41059475E-01
   97.529827      0.52841939E-02
   97.450146      0.22329466E-01
   97.370465      0.58999810E-01
   97.290784      0.25618027E-02
   97.211103     -0.14465214    
   97.131422     -0.13082384    
   97.051741     -0.29253418E-01
   96.972060      0.19550661E-01
   96.892379      0.31457964E-01
   96.812698     -0.25603702E-01
   96.733017      0.10394976E-01
   96.653336     -0.12807759E-01
   96.573655      0.92813082E-01
   96.493974      0.64191058E-01
   96.414293     -0.44903636E-01
   96.334612      0.48322126E-01
   96.254931      0.51623601E-01
   96.175250     -0.89650840E-01
   96.095569     -0.23292691E-01
   96.015888      0.90536028E-02
   95.936206     -0.73186167E-01
   95.856525     -0.23479970E-01
   95.776844     -0.89316785E-01
   95.697163     -0.79119198E-01
   95.617482     -0.43769971E-01
   95.537801      0.18173732    
   95.458120      0.25742888    
   95.378439      0.88972241E-01
   95.298758     -0.79799397E-02
   95.219077     -0.30504996E-01
   95.139396      0.94012648E-01
   95.059715      0.45364771E-01
   94.980034     -0.79475820E-01
   94.900353      0.75749308E-01
   94.820672      0.12495995    
   94.740991     -0.50593507E-01
   94.661310     -0.56465909E-01
   94.581629     -0.62958628E-01
   94.501948     -0.58076967E-01
   94.422267      0.33929829E-01
   94.342586     -0.61614752E-01
   94.262905     -0.65266259E-01
   94.183224     -0.50345410E-01
   94.103543     -0.68505354E-01
   94.023862      0.38112536E-01
   93.944181     -0.74529856E-01
   93.864500     -0.16231672    
   93.784819     -0.91045618E-01
   93.705138     -0.45552697E-01
   93.625457     -0.17610604E-01
   93.545776      0.29933900E-01
   93.466095      0.51148009E-01
   93.386414      0.10331597E-01
   93.306733      0.32015685E-01
   93.227052      0.88317968E-01
   93.147371      0.43729853E-01
   93.067690      0.11055019    
   92.988009      0.95203370E-01
   92.908328     -0.57058964E-01
   92.828647      0.16784074E-01
   92.748966      0.39233249E-01
   92.669285      0.94749928E-01
   92.589604      0.11252352    
   92.509923      0.45652192E-04
   92.430242     -0.42309318E-01
   92.350561     -0.87076105E-01
   92.270880     -0.23155415E-01
   92.191199      0.10019471    
   92.111518      0.88586599E-01
   92.031837      0.61055794E-01
   91.952156      0.77467188E-01
   91.872475      0.11235895    
   91.792794      0.96245341E-01
   91.713113      0.37940245E-02
   91.633432      0.10930561E-01
   91.553751      0.35480518E-01
   91.474070      0.85765630E-01
   91.394389      0.61231840E-01
   91.314708      0.11634598E-01
   91.235027      0.84910244E-01
   91.155346      0.94467036E-01
   91.075664      0.21182403E-01
   90.995983      0.97119786E-01
   90.916302     -0.57207854E-02
   90.836621      0.24498120E-01
   90.756940      0.13114941    
   90.677259     -0.38449291E-01
   90.597578     -0.10229585    
   90.517897     -0.10778745    
   90.438216      0.42287100E-01
   90.358535      0.54941963E-01
   90.278854      0.83363662E-02
   90.199173      0.11020824E-01
   90.119492      0.33274036E-01
   90.039811     -0.62131982E-01
   89.960130     -0.87398946E-01
   89.880449     -0.71799099E-02
   89.800768     -0.79401247E-01
   89.721087      0.45203384E-01
   89.641406      0.30936068E-01
   89.561725     -0.33470690E-01
   89.482044      0.11408800E-02
   89.402363     -0.34111999E-02
   89.322682     -0.47320057E-01
   89.243001     -0.90669252E-01
   89.163320      0.49999792E-01
   89.083639      0.82922883E-01
   89.003958      0.90416782E-01
   88.924277      0.44105202E-03
   88.844596     -0.23168761E-02
   88.764915      0.20918114E-01
   88.685234      0.40285692E-01
   88.605553      0.87046206E-01
   88.525872      0.10796824    
   88.446191      0.27424471E-01
   88.366510     -0.49580824E-01
   88.286829      0.80706686E-01
   88.207148     -0.47552779E-01
   88.127467     -0.10435689    
   88.047786      0.50203830E-01
   87.968105      0.15649153E-01
   87.888424     -0.12022049    
   87.808743     -0.12403455    
   87.729062     -0.33250790E-01
   87.649381     -0.15686812E-01
   87.569700     -0.69452532E-01
   87.490019     -0.13354407    
   87.410338     -0.13365574    
   87.330657      0.50350628E-02
   87.250976      0.39161947E-01
   87.171295     -0.25357252E-01
   87.091614     -0.75671636E-01
   87.011933     -0.24638116E-01
   86.932252      0.61973184E-01
   86.852571     -0.29605443E-01
   86.772890     -0.15268457    
   86.693209     -0.81106119E-01
   86.613528     -0.82291059E-01
   86.533847     -0.77012606E-01
   86.454166      0.49738284E-01
   86.374485     -0.95753275E-01
   86.294803     -0.15511203    
   86.215122     -0.18495540    
   86.135441     -0.16176002    
   86.055760     -0.10010593E-01
   85.976079     -0.66535383E-01
   85.896398     -0.14347824    
   85.816717     -0.18872274    
   85.737036     -0.49532462E-01
   85.657355      0.64353116E-01
   85.577674      0.27875086E-01
   85.497993      0.73331632E-01
   85.418312      0.57510171E-01
   85.338631      0.10016900    
   85.258950      0.62085972E-02
   85.179269     -0.11816645    
   85.099588     -0.35969440E-01
   85.019907      0.29823311E-01
   84.940226      0.12755483    
   84.860545      0.14336582    
   84.780864      0.47935784E-01
   84.701183      0.20299610E-01
   84.621502     -0.74956380E-01
   84.541821     -0.88922746E-01
   84.462140      0.42762328E-01
   84.382459      0.26978843E-01
   84.302778     -0.27148219E-01
   84.223097      0.16859444E-01
   84.143416      0.35117649E-01
   84.063735     -0.47147412E-01
   83.984054     -0.14553954    
   83.904373     -0.79012729E-01
   83.824692      0.74668430E-01
   83.745011      0.61762575E-01
   83.665330      0.38601790E-01
   83.585649      0.20025657    
   83.505968      0.12462908    
   83.426287     -0.58437049E-01
   83.346606     -0.12085259E-01
   83.266925     -0.91339409E-01
   83.187244     -0.12176108    
   83.107563     -0.28479127E-01
   83.027882     -0.44955079E-01
   82.948201     -0.55663656E-01
   82.868520      0.35537373E-01
   82.788839      0.42281639E-01
   82.709158      0.21657309E-01
   82.629477     -0.12645902E-02
   82.549796      0.63865356E-01
   82.470115      0.12466498    
   82.390434      0.56965958E-01
   82.310753      0.21870931E-03
   82.231072      0.64982422E-01
   82.151391      0.88289700E-01
   82.071710      0.74844144E-01
   81.992029      0.38887810E-01
   81.912348     -0.45089666E-01
   81.832667     -0.70274793E-01
   81.752986      0.53236265E-01
   81.673305      0.43869477E-01
   81.593624     -0.12346363    
   81.513943     -0.16020089    
   81.434261     -0.85861385E-01
   81.354580      0.31112442E-01
   81.274899      0.14160147    
   81.195218      0.47342855E-01
   81.115537     -0.53881306E-01
   81.035856     -0.34568205E-01
   80.956175     -0.13337083    
   80.876494     -0.12226655    
   80.796813     -0.46750870E-01
   80.717132      0.57268593E-01
   80.637451      0.12021310    
   80.557770      0.30153356E-02
   80.478089     -0.51610894E-02
   80.398408      0.48044022E-01
   80.318727      0.91690741E-01
   80.239046     -0.37150156E-01
   80.159365     -0.39514434E-01
   80.079684      0.62621437E-01
   80.000003     -0.83589673E-01
   79.920322     -0.76561354E-01
   79.840641      0.41912820E-01
   79.760960     -0.45636710E-01
   79.681279     -0.26146564    
   79.601598     -0.21699733    
   79.521917     -0.41252308E-01
   79.442236     -0.86173505E-01
   79.362555     -0.20603187    
   79.282874     -0.10663965    
   79.203193      0.31668544E-02
   79.123512     -0.10473657    
   79.043831     -0.11560431    
   78.964150     -0.71846925E-01
   78.884469     -0.12745605    
   78.804788     -0.86435765E-01
   78.725107     -0.54439619E-01
   78.645426     -0.28863534E-01
   78.565745     -0.68700142E-01
   78.486064     -0.69588698E-01
   78.406383      0.17632652E-01
   78.326702     -0.40597100E-01
   78.247021     -0.13960099    
   78.167340     -0.99318676E-01
   78.087659     -0.10549525E-03
   78.007978      0.17636666E-02
   77.928297     -0.11369739    
   77.848616     -0.24895294E-01
   77.768935     -0.91534115E-01
   77.689254     -0.19031268    
   77.609573     -0.20603617    
   77.529892     -0.27267551    
   77.450211     -0.14401808    
   77.370530     -0.78395940E-01
   77.290849     -0.96905760E-01
   77.211168     -0.61845195E-01
   77.131487      0.34643047E-01
   77.051806      0.38041752E-01
   76.972125     -0.32172222E-01
   76.892444     -0.84031679E-01
   76.812763     -0.66256285E-01
   76.733082     -0.10751013    
   76.653400     -0.12662952    
   76.573719     -0.12938909E-01
   76.494038     -0.11192058E-01
   76.414357     -0.91419518E-01
   76.334676     -0.68522424E-01
   76.254995      0.11266116    
   76.175314      0.61593566E-01
   76.095633     -0.81795298E-01
   76.015952     -0.52383911E-01
   75.936271     -0.45914073E-01
   75.856590      0.15759381E-01
   75.776909      0.67021333E-01
   75.697228      0.50941113E-01
   75.617547     -0.32263796E-02
   75.537866     -0.85102417E-01
   75.458185     -0.44507522E-01
   75.378504      0.81071444E-01
   75.298823     -0.43445509E-01
   75.219142     -0.91774106E-01
   75.139461     -0.87354131E-01
   75.059780      0.13850313E-01
   74.980099      0.32802805E-01
   74.900418     -0.49325030E-01
   74.820737      0.75719184E-02
   74.741056     -0.50898656E-01
   74.661375      0.93711345E-02
   74.581694     -0.14575030E-01
   74.502013      0.14178574E-01
   74.422332      0.14531893    
   74.342651      0.18961532    
   74.262970      0.14132619    
   74.183289      0.92974335E-01
   74.103608      0.92591904E-01
   74.023927     -0.11169240E-02
   73.944246      0.57474580E-01
   73.864565     -0.49403980E-01
   73.784884     -0.48783049E-01
   73.705203      0.13161014    
   73.625522      0.92548750E-01
   73.545841      0.15598559    
   73.466160      0.14546293    
   73.386479      0.50824657E-02
   73.306798     -0.18819170E-01
   73.227117     -0.57305221E-01
   73.147436     -0.99146105E-01
   73.067755      0.44588137E-01
   72.988074      0.46139926E-01
   72.908393      0.47691703E-01
   72.828712      0.49243469E-01
   72.749031      -531.02509    
   72.669350      0.74746959E-01
   72.589669      0.98698698E-01
   72.509988     -0.22262806E-01
   72.430307      0.35943855E-01
   72.350626      0.94150521E-01
   72.270945      0.15235721    
   72.191264      0.15877075E-01
   72.111583     -0.84850758E-01
   72.031902      0.61915893E-01
   71.952221      0.24765909    
   71.872540      0.13539612    
   71.792858      0.54449171E-01
   71.713177      0.19574123E-01
   71.633496      0.73130958E-01
   71.553815      0.77068970E-01
   71.474134      0.84963083E-01
   71.394453      0.17144357    
   71.314772      0.35085510E-01
   71.235091     -0.12372329    
   71.155410     -0.73816694E-01
   71.075729      0.19861804E-01
   70.996048      0.10079276    
   70.916367      0.10870404    
   70.836686      0.86392902E-01
   70.757005      0.92361368E-01
   70.677324      0.12267405    
   70.597643      0.11219985    
   70.517962     -0.44062998E-01
   70.438281      0.48271447E-01
   70.358600      0.14571552    
   70.278919      0.38071293E-01
   70.199238     -0.76513462E-01
   70.119557     -0.18275147E-01
   70.039876      0.12146344    
   69.960195      0.87755658E-01
   69.880514      0.81796192E-01
   69.800833     -0.25667518E-01
   69.721152     -0.12942527    
   69.641471     -0.32002348E-01
   69.561790      0.24510242E-01
   69.482109      0.17228201E-01
   69.402428     -0.71724154E-01
   69.322747     -0.42263333E-01
   69.243066      0.85521219E-02
   69.163385      0.51416238E-02
   69.083704     -0.29419431E-01
   69.004023     -0.10923620    
   68.924342     -0.19024879    
   68.844661     -0.81598006E-01
   68.764980      0.27217470E-01
   68.685299      0.14613560E-01
   68.605618     -0.55984784E-01
   68.525937     -0.21211250E-01
   68.446256      0.13301887    
   68.366575      0.15543695    
   68.286894      0.29856840E-01
   68.207213     -0.25873214E-02
   68.127532      0.63532285E-01
   68.047851      0.32580450E-01
   67.968170     -0.68343781E-01
   67.888489     -0.13995491    
   67.808808     -0.55859074E-01
   67.729127     -0.30942773E-01
   67.649446      0.61759976E-03
   67.569765      0.51266883E-01
   67.490084     -0.28700808E-01
   67.410403     -0.83109982E-01
   67.330722      0.24276756E-01
   67.251041      0.47268618E-01
   67.171360     -0.64895272E-01
   67.091679     -0.16239218    
   67.011998     -0.19699068    
   66.932316     -0.18249343    
   66.852635     -0.89368880E-01
   66.772954     -0.49977452E-01
   66.693273     -0.37837766E-01
   66.613592      0.17396379    
   66.533911      0.18529375    
   66.454230     -0.29655144E-01
   66.374549     -0.18594711    
   66.294868     -0.10941353    
   66.215187     -0.11114530E-01
   66.135506      0.21867812E-01
   66.055825      0.14482525E-01
   65.976144      0.67254700E-01
   65.896463      0.10897885    
   65.816782     -0.52889981E-02
   65.737101      0.31685274E-01
   65.657420     -0.14577877E-01
   65.577739      0.22643108E-02
   65.498058      0.16128175    
   65.418377      0.73731720E-01
   65.338696     -0.19298246E-01
   65.259015      0.86907046E-02
   65.179334      0.50815109E-01
   65.099653     -0.11606039E-01
   65.019972     -0.67845426E-01
   64.940291     -0.28011596E-01
   64.860610     -0.34522939E-01
   64.780929     -0.54214921E-01
   64.701248     -0.96076280E-02
   64.621567      0.11686420    
   64.541886      0.40533464E-01
   64.462205     -0.44225972E-01
   64.382524     -0.27235126E-01
   64.302843      0.48026722E-01
   64.223162      0.10382576    
   64.143481      0.93078963E-01
   64.063800      0.85085399E-01
   63.984119      0.40845871E-01
   63.904438     -0.29603913E-01
   63.824757     -0.33284422E-01
   63.745076      0.11790544E-01
   63.665395     -0.46132531E-01
   63.585714     -0.65247126E-01
   63.506033     -0.52942131E-01
   63.426352     -0.32402586E-01
   63.346671      0.14045964E-01
   63.266990      0.11139562E-02
   63.187309     -0.78319021E-01
   63.107628     -0.16037222E-01
   63.027947     -0.28013538E-02
   62.948266     -0.11453956    
   62.868585     -0.15529273    
   62.788904     -0.27465698    
   62.709223     -0.25377834    
   62.629542     -0.11652832    
   62.549861     -0.69831096E-01
   62.470180      0.73692952E-02
   62.390499     -0.71712546E-01
   62.310818     -0.13250159    
   62.231137     -0.10305776    
   62.151455     -0.10595664    
   62.071774     -0.65000795E-01
   61.992093     -0.15337734    
   61.912412     -0.15566845    
   61.832731     -0.50243676E-01
   61.753050     -0.87083526E-01
   61.673369     -0.62970139E-01
   61.593688     -0.62468559E-01
   61.514007     -0.40312763E-01
   61.434326     -0.67922600E-01
   61.354645     -0.23183973    
   61.274964     -0.20815307    
   61.195283     -0.19354129    
   61.115602     -0.15890343    
   61.035921     -0.24040595E-01
   60.956240     -0.27783051E-01
   60.876559     -0.12253741    
   60.796878     -0.10228211    
   60.717197      0.13508770E-01
   60.637516     -0.22179654E-01
   60.557835     -0.44363957E-01
   60.478154     -0.62122393E-01
   60.398473     -0.11861642    
   60.318792     -0.26485302E-01
   60.239111     -0.49270410E-01
   60.159430     -0.23594709    
   60.079749     -0.14145905    
   60.000068      0.30521946E-01
   59.920387      0.37321288E-01
   59.840706     -0.95622629E-01
   59.761025     -0.66486225E-01
   59.681344      0.10298013    
   59.601663     -0.82914038E-02
   59.521982     -0.14386757    
   59.442301     -0.41055154E-01
   59.362620      0.38782958E-01
   59.282939     -0.11316063    
   59.203258     -0.10406494    
   59.123577     -0.20302976E-01
   59.043896     -0.31896207E-01
   58.964215     -0.13380542    
   58.884534     -0.25115289E-01
   58.804853      0.13443877    
   58.725172      0.10749454    
   58.645491      0.31905714E-01
   58.565810      0.86522875E-02
   58.486129      0.14120832E-01
   58.406448     -0.77084333E-01
   58.326767      0.12579431E-01
   58.247086      0.11896593    
   58.167405      0.10802242    
   58.087724      0.24421254E-01
   58.008043      0.33937354E-01
   57.928362      0.10187086    
   57.848681      0.69688588E-01
   57.769000      0.61775062E-01
   57.689319      0.39327946E-01
   57.609638      0.14060362    
   57.529957      0.63639931E-01
   57.450276     -0.13770016    
   57.370595     -0.52457530E-01
   57.290913      0.38854808E-01
   57.211232      0.43520719E-01
   57.131551      0.18432410E-01
   57.051870      0.31058379E-01
   56.972189      0.77930912E-01
   56.892508      0.87048851E-01
   56.812827      0.45396686E-02
   56.733146     -0.14441709E-04
   56.653465      0.11337050    
   56.573784      0.49443085E-01
   56.494103      0.62629245E-01
   56.414422      0.88116653E-01
   56.334741      0.10174492    
   56.255060      0.10205689    
   56.175379      0.42324316E-01
   56.095698      0.67344747E-01
   56.016017      0.43437798E-01
   55.936336      0.31653896E-01
   55.856655     -0.12058657    
   55.776974     -0.76768875E-01
   55.697293     -0.21727094E-01
   55.617612     -0.14451294    
   55.537931     -0.86637475E-01
   55.458250     -0.15017863    
   55.378569     -0.48863407E-01
   55.298888      0.11012398    
   55.219207      0.12338593    
   55.139526      0.69592237E-01
   55.059845     -0.64253986E-01
   54.980164     -0.10682270    
   54.900483      0.36279943E-02
   54.820802      0.68191998E-01
   54.741121      0.33033948E-01
   54.661440      0.12889813    
   54.581759     -0.20504009E-01
   54.502078     -0.15382670    
   54.422397     -0.22716949E-01
   54.342716      0.50147396E-01
   54.263035      0.88095941E-01
   54.183354      0.22218587E-01
   54.103673      0.29032102E-01
   54.023992      0.36747675E-01
   53.944311      0.85494323E-02
   53.864630      0.19637471E-01
   53.784949      0.42145465E-01
   53.705268      0.13240302E-02
   53.625587      0.40757924E-01
   53.545906      0.70004024E-01
   53.466225     -0.23940826E-01
   53.386544      0.57511311E-01
   53.306863      0.26567943E-01
   53.227182     -0.65701582E-01
   53.147501     -0.30051487E-01
   53.067820     -0.30524569E-01
   52.988139     -0.93093775E-01
   52.908458     -0.26084198E-01
   52.828777      0.11718328    
   52.749096      0.12941787    
   52.669415      0.14434554    
   52.589734      0.51230375E-01
   52.510052     -0.24281764E-01
   52.430371     -0.39248805E-01
   52.350690      0.10089889E-01
   52.271009      0.92459125E-02
   52.191328     -0.70979230E-01
   52.111647     -0.11014980E-01
   52.031966     -0.20483797E-01
   51.952285     -0.92880726E-02
   51.872604      0.24327839E-01
   51.792923      0.59546512E-01
   51.713242     -0.11419431    
   51.633561     -0.11595596    
   51.553880     -0.62912337E-01
   51.474199     -0.61784226E-01
   51.394518      0.30455494E-01
   51.314837      0.17662250E-01
   51.235156      0.34515161E-01
   51.155475      0.62957653E-02
   51.075794      0.46002805E-01
   50.996113      0.81423819E-01
   50.916432      0.88257492E-01
   50.836751     -0.94809264E-01
   50.757070     -0.22232600    
   50.677389     -0.11008078    
   50.597708     -0.37531782E-01
   50.518027     -0.87914936E-01
   50.438346     -0.82243383E-02
   50.358665      0.67569144E-01
   50.278984     -0.91501795E-01
   50.199303     -0.96364744E-01
   50.119622     -0.10524368    
   50.039941     -0.29943565E-01
   49.960260      0.37419137E-01
   49.880579     -0.74571781E-01
   49.800898     -0.35293385E-01
   49.721217      0.83367884E-01
   49.641536      0.43319654E-01
   49.561855     -0.57475049E-01
   49.482174     -0.42639133E-01
   49.402493     -0.22794373E-01
   49.322812      0.77656113E-01
   49.243131      0.12650192    
   49.163450      0.69480054E-01
   49.083769      0.21813935E-01
   49.004088      0.29328579E-01
   48.924407      0.94635256E-01
   48.844726      0.49171999E-01
   48.765045     -0.56569525E-02
   48.685364     -0.49651139E-02
   48.605683      0.42279515E-01
   48.526002      0.91302015E-01
   48.446321     -0.26856316E-01
   48.366640      0.56013521E-01
   48.286959      0.11291876    
   48.207278      0.96904486E-01
   48.127597      0.95278889E-01
   48.047916      0.99215180E-01
   47.968235      0.10834812    
   47.888554      0.79537719E-01
   47.808873      0.13586484    
   47.729192      0.74908398E-01
   47.649510      0.45736536E-01
   47.569829      0.10287016    
   47.490148      0.54769814E-01
   47.410467      0.11953224E-01
   47.330786      0.88595949E-01
   47.251105      0.19517262    
   47.171424      0.16112733    
   47.091743      0.15758318    
   47.012062      0.21372844    
   46.932381      0.12463472    
   46.852700      0.42131912E-01
   46.773019      0.38640175E-01
   46.693338      0.11168835    
   46.613657      0.12223918E-01
   46.533976      0.28872317E-01
   46.454295      0.14680940    
   46.374614      0.11501789    
   46.294933      0.98480433E-01
   46.215252      0.37813444E-01
   46.135571     -0.14605631E-01
   46.055890     -0.21613188E-01
   45.976209     -0.23003321E-02
   45.896528      0.56678161E-01
   45.816847      0.35756778E-01
   45.737166     -0.43793891E-01
   45.657485     -0.44065353E-01
   45.577804     -0.20195452E-01
   45.498123      0.49371004E-01
   45.418442      0.26471071E-01
   45.338761     -0.40989369E-01
   45.259080     -0.26541477E-01
   45.179399      0.52893151E-01
   45.099718      0.10338727    
   45.020037      0.10723035E-01
   44.940356     -0.20954385E-01
   44.860675      0.21266961E-01
   44.780994      0.28154537E-01
   44.701313      0.67861184E-01
   44.621632      0.31799708E-01
   44.541951     -0.66661933E-02
   44.462270      0.71854205E-02
   44.382589     -0.95780022E-01
   44.302908     -0.69378801E-01
   44.223227     -0.37582390E-01
   44.143546      0.26406726E-01
   44.063865      0.77452347E-01
   43.984184     -0.69729544E-01
   43.904503     -0.12514657    
   43.824822      0.33301078E-01
   43.745141      0.86540937E-01
   43.665460      0.26406646E-02
   43.585779      0.46914914E-02
   43.506098     -0.76350980E-02
   43.426417     -0.44990655E-01
   43.346736     -0.78370301E-02
   43.267055      0.34072448E-01
   43.187374      0.69768883E-01
   43.107693      0.40230963E-01
   43.028012     -0.47136575E-01
   42.948331      0.68446747E-02
   42.868650      0.91007568E-01
   42.788968     -0.30555138E-01
   42.709287     -0.13214834    
   42.629606     -0.11452144    
   42.549925     -0.18025641    
   42.470244     -0.14784031    
   42.390563     -0.37114669E-01
   42.310882     -0.84651507E-01
   42.231201     -0.28914487E-01
   42.151520      0.11090447E-01
   42.071839     -0.11162947E-01
   41.992158     -0.61305198E-02
   41.912477     -0.29679270E-01
   41.832796     -0.50332826E-01
   41.753115     -0.13040468    
   41.673434     -0.10319687    
   41.593753      0.51776865E-02
   41.514072      0.34940739E-02
   41.434391     -0.36624748E-01
   41.354710     -0.20284554E-01
   41.275029     -0.44998925E-01
   41.195348     -0.40512849E-01
   41.115667     -0.53153422E-01
   41.035986     -0.11499587    
   40.956305     -0.36280714E-01
   40.876624     -0.51964838E-01
   40.796943     -0.15067409    
   40.717262     -0.15971403    
   40.637581     -0.14511107    
   40.557900     -0.62702365E-01
   40.478219      0.10434269E-01
   40.398538      0.63282751E-01
   40.318857     -0.49939185E-01
   40.239176     -0.96553929E-01
   40.159495     -0.42301487E-01
   40.079814     -0.83588921E-01
   40.000133     -0.41137889E-01
   39.920452      0.55305552E-01
   39.840771     -0.46406906E-01
   39.761090     -0.14106154    
   39.681409     -0.96416511E-02
   39.601728      0.11957679    
   39.522047     -0.30656531E-01
   39.442366     -0.16756292    
   39.362685     -0.39260756E-01
   39.283004     -0.39406426E-01
   39.203323      0.46663885E-02
   39.123642      0.92377037E-01
   39.043961      0.23722047E-01
   38.964280      0.26449790E-01
   38.884599      0.64704627E-01
   38.804918     -0.75171538E-01
   38.725237     -0.13752557E-01
   38.645556      0.87455034E-01
   38.565875     -0.77952847E-01
   38.486194     -0.10972199    
   38.406513     -0.94227731E-01
   38.326832     -0.10378271    
   38.247151     -0.20370809E-01
   38.167470      0.80048470E-02
   38.087789      0.78889420E-02
   38.008107     -0.85445829E-02
   37.928426     -0.11945039    
   37.848745     -0.45983836E-01
   37.769064      0.94676018E-03
   37.689383     -0.16781511E-01
   37.609702     -0.36150206E-01
   37.530021     -0.72602496E-01
   37.450340      0.31810407E-01
   37.370659      0.72471544E-01
   37.290978     -0.77317946E-01
   37.211297     -0.76980814E-02
   37.131616      0.21171130E-01
   37.051935     -0.49349099E-01
   36.972254      0.51085006E-01
   36.892573      0.62893324E-01
   36.812892     -0.37584018E-01
   36.733211      0.72321496E-02
   36.653530      0.76526560E-01
   36.573849      0.93441106E-01
   36.494168      0.23996361E-01
   36.414487     -0.56031942E-01
   36.334806      0.11140283    
   36.255125      0.10145829    
   36.175444      0.83282866E-01
   36.095763      0.76692425E-01
   36.016082     -0.40473506E-01
   35.936401     -0.11828241    
   35.856720     -0.10501969    
   35.777039     -0.10571395E-01
   35.697358      0.86300485E-01
   35.617677      0.84643245E-01
   35.537996      0.34203470E-01
   35.458315     -0.68275183E-02
   35.378634     -0.69025069E-01
   35.298953     -0.39839473E-01
   35.219272      0.23480661E-02
   35.139591      0.75053893E-01
   35.059910     -0.43787237E-01
   34.980229     -0.62220812E-01
   34.900548      0.39281595E-01
   34.820867      0.17264480E-01
   34.741186     -0.41490775E-01
   34.661505     -0.37835717E-01
   34.581824     -0.48151433E-01
   34.502143     -0.52955870E-01
   34.422462      0.43224865E-02
   34.342781      0.29824667E-01
   34.263100      0.58608968E-01
   34.183419      0.30827409E-01
   34.103738      0.24892425E-01
   34.024057      0.86433329E-01
   33.944376      0.10761622    
   33.864695      0.10428312    
   33.785014      0.11782321    
   33.705333     -0.94007710E-02
   33.625652     -0.19113300E-01
   33.545971      0.19849835E-01
   33.466290      0.42759638E-01
   33.386609      0.16772608    
   33.306928      0.71859889E-01
   33.227247     -0.10654557    
   33.147565     -0.68152039E-02
   33.067884      0.13186296E-01
   32.988203     -0.11202639    
   32.908522     -0.21672650    
   32.828841     -0.85057169E-01
   32.749160      0.27587021E-01
   32.669479      0.10996547E-01
   32.589798      0.87531142E-01
   32.510117      0.97188028E-02
   32.430436     -0.32916512E-01
   32.350755      0.37111431E-01
   32.271074      0.27385382E-01
   32.191393     -0.13182164E-01
   32.111712      0.84761411E-01
   32.032031      0.33936437E-01
   31.952350     -0.35072222E-01
   31.872669     -0.25395626E-01
   31.792988      0.21847934E-02
   31.713307      0.56202125E-01
   31.633626      0.89455722E-02
   31.553945      0.11030558E-01
   31.474264      0.26802471E-01
   31.394583     -0.46377432E-01
   31.314902     -0.76528437E-01
   31.235221     -0.36516592E-01
   31.155540      0.10835087    
   31.075859      0.90694107E-01
   30.996178     -0.31386137E-01
   30.916497     -0.82546979E-01
   30.836816     -0.62093761E-01
   30.757135      0.39247986E-01
   30.677454      0.19183498E-01
   30.597773     -0.11512399    
   30.518092     -0.11108536    
   30.438411      0.10159574    
   30.358730      0.54717615E-01
   30.279049     -0.10467797    
   30.199368     -0.11194906    
   30.119687     -0.38628418E-01
   30.040006      0.60191642E-01
   29.960325      0.93132019E-01
   29.880644      0.58199819E-01
   29.800963     -0.36116332E-01
   29.721282     -0.20716649E-02
   29.641601      0.10554285    
   29.561920      0.15011038E-01
   29.482239     -0.40348724E-01
   29.402558      0.12782502E-01
   29.322877      0.69200918E-01
   29.243196      0.54370102E-01
   29.163515      0.75456142E-01
   29.083834      0.60812976E-01
   29.004153      0.96066654E-01
   28.924472      0.51883247E-01
   28.844791      0.51298491E-02
   28.765110      0.71035601E-01
   28.685429     -0.21033034E-01
   28.605748     -0.39644703E-01
   28.526067      0.57267576E-01
   28.446386      0.62837064E-01
   28.366704      0.88988096E-02
   28.287023     -0.26498104E-01
   28.207342      0.18810844E-01
   28.127661      0.40333260E-01
   28.047980     -0.10772004    
   27.968299     -0.34855127E-01
   27.888618      0.30570308E-01
   27.808937      0.99719390E-02
   27.729256      0.12649112E-01
   27.649575      0.26838275E-01
   27.569894      0.67794345E-01
   27.490213      0.91641456E-01
   27.410532     -0.20911694E-02
   27.330851     -0.93485266E-01
   27.251170      0.45025811E-01
   27.171489      0.34398127E-01
   27.091808     -0.82034178E-01
   27.012127     -0.74458122E-02
   26.932446      0.12267943E-01
   26.852765      0.45239691E-01
   26.773084      0.16473489E-01
   26.693403     -0.47593057E-01
   26.613722     -0.72443611E-02
   26.534041     -0.12209368    
   26.454360     -0.28274834    
   26.374679     -0.18996000    
   26.294998     -0.92670834E-02
   26.215317     -0.35401907E-01
   26.135636     -0.86954989E-01
   26.055955     -0.11356970    
   25.976274     -0.97181194E-01
   25.896593      0.86238971E-02
   25.816912      0.46542317E-01
   25.737231     -0.24397716E-01
   25.657550     -0.12162658    
   25.577869     -0.16370372    
   25.498188     -0.73056825E-01
   25.418507     -0.32668125E-01
   25.338826     -0.79352342E-01
   25.259145     -0.16178802E-01
   25.179464      0.61651129E-01
   25.099783     -0.12158699E-01
   25.020102     -0.13247865    
   24.940421     -0.20739019    
   24.860740     -0.17756569    
   24.781059     -0.12830564    
   24.701378     -0.12725057    
   24.621697     -0.11378760    
   24.542016     -0.13989215    
   24.462335     -0.10829555    
   24.382654     -0.64266898E-01
   24.302973     -0.31915668E-01
   24.223292     -0.32420043E-01
   24.143611     -0.63294701E-01
   24.063930     -0.12853812    
   23.984249     -0.15087086    
   23.904568     -0.13544087E-01
   23.824887     -0.19676730E-01
   23.745206     -0.10583214    
   23.665525     -0.10983670    
   23.585844     -0.50650626E-01
   23.506162      0.31205662E-01
   23.426481      0.22139722E-01
   23.346800     -0.73878914E-02
   23.267119      0.24590552E-01
   23.187438     -0.25134906E-02
   23.107757     -0.15270287    
   23.028076     -0.12617163    
   22.948395     -0.16524652E-01
   22.868714     -0.41750278E-01
   22.789033     -0.67652889E-01
   22.709352     -0.10488687    
   22.629671     -0.77988721E-01
   22.549990     -0.96260436E-01
   22.470309     -0.12943444    
   22.390628     -0.81072330E-01
   22.310947      0.24341138E-01
   22.231266      0.10243962    
   22.151585     -0.21670712E-01
   22.071904      0.35446703E-01
   21.992223      0.12834401    
   21.912542      0.98746754E-01
   21.832861      0.67358457E-01
   21.753180      0.39139803E-01
   21.673499      0.39031774E-01
   21.593818     -0.37087668E-01
   21.514137     -0.11524878E-01
   21.434456     -0.15422306E-01
   21.354775     -0.38971815E-01
   21.275094     -0.29989446E-01
   21.195413     -0.25014274E-01
   21.115732     -0.40878024E-01
   21.036051     -0.14864603E-02
   20.956370      0.18552576    
   20.876689      0.15407602    
   20.797008     -0.10672331E-01
   20.717327     -0.43358982E-01
   20.637646      0.10465894    
   20.557965      0.30590028E-01
   20.478284     -0.16087079    
   20.398603     -0.48887234E-01
   20.318922      0.18112801E-01
   20.239241     -0.17488915E-01
   20.159560     -0.62563247E-02
   20.079879      0.21980746E-01
   20.000198      0.29213918E-01
   19.920517      0.10806891    
   19.840836      0.11751610    
   19.761155      0.41682278E-02
   19.681474      0.32260895E-01
   19.601793      0.13576411    
   19.522112      0.80133341E-01
   19.442431      0.35856813E-02
   19.362750      0.58693659E-01
   19.283069      0.14367446E-01
   19.203388     -0.34762230E-01
   19.123707      0.14642550    
   19.044026      0.12072095    
   18.964345     -0.76613924E-02
   18.884664      0.16229676E-01
   18.804983      0.36473516E-01
   18.725301      0.10804906    
   18.645620      0.19505510E-01
   18.565939      0.22708902E-01
   18.486258      0.10587650    
   18.406577      0.15904701    
   18.326896      0.17183478    
   18.247215      0.12707389E-01
   18.167534     -0.11444515    
   18.087853      0.22525689E-01
   18.008172      0.11506493    
   17.928491      0.14056936E-01
   17.848810     -0.88312961E-01
   17.769129     -0.87321185E-01
   17.689448     -0.49676012E-01
   17.609767      0.32130852E-02
   17.530086      0.64919300E-01
   17.450405      0.45181513E-01
   17.370724      0.12685488    
   17.291043      0.16139285    
   17.211362     -0.31723365E-01
   17.131681     -0.10014994    
   17.052000      0.12683143    
   16.972319      0.87146483E-01
   16.892638     -0.96208967E-01
   16.812957     -0.16548787    
   16.733276     -0.11521870    
   16.653595     -0.41755345E-01
   16.573914     -0.42070989E-01
   16.494233     -0.30431880E-01
   16.414552     -0.44873077E-01
   16.334871     -0.29762497E-01
   16.255190     -0.62211890E-01
   16.175509     -0.13566138    
   16.095828     -0.80665797E-02
   16.016147      0.93279108E-02
   15.936466     -0.11063007    
   15.856785     -0.43213021E-01
   15.777104     -0.18831903E-01
   15.697423     -0.26008613E-01
   15.617742     -0.12957117    
   15.538061     -0.16974032    
   15.458380     -0.14351548    
   15.378699     -0.14465153    
   15.299018     -0.22822419E-01
   15.219337      0.84546328E-01
   15.139656      0.13654883E-01
   15.059975      0.40093336E-01
   14.980294      0.31800281E-01
   14.900613      0.22103682E-02
   14.820932      0.11145928    
   14.741251     -0.50410856E-01
   14.661570     -0.16163234    
   14.581889     -0.91003440E-01
   14.502208     -0.34840036E-01
   14.422527      0.26697703E-02
   14.342846     -0.25991723E-01
   14.263165     -0.68646185E-01
   14.183484      0.74208446E-01
   14.103803     -0.42395432E-01
   14.024122     -0.18316574    
   13.944441     -0.36053214E-01
   13.864759     -0.10505103E-01
   13.785078      0.32533463E-01
   13.705397     -0.10084286E-01
   13.625716     -0.73671877E-01
   13.546035     -0.74369080E-01
   13.466354     -0.62496685E-02
   13.386673      0.29648775E-01
   13.306992      0.35857223E-02
   13.227311      0.61106693E-01
   13.147630      0.11882212    
   13.067949     -0.49067240E-01
   12.988268     -0.11634431    
   12.908587      0.54935645E-01
   12.828906      0.63163541E-04
   12.749225      0.63231462E-02
   12.669544      0.35992634E-01
   12.589863     -0.13458853E-02
   12.510182      0.45795102E-01
   12.430501      0.35365324E-01
   12.350820     -0.26167346E-01
   12.271139     -0.15810184E-01
   12.191458      0.36212284E-01
   12.111777     -0.41211490E-02
   12.032096     -0.82846723E-01
   11.952415     -0.70687063E-01
   11.872734     -0.52039083E-01
   11.793053     -0.87272920E-01
   11.713372     -0.48238609E-01
   11.633691     -0.36541581E-01
   11.554010      0.63427150E-01
   11.474329      0.89321993E-01
   11.394648      0.11593182    
   11.314967      0.69403179E-01
   11.235286     -0.14864995    
   11.155605     -0.11389411    
   11.075924     -0.63640766E-01
   10.996243     -0.19199496E-01
   10.916562      0.39101090E-01
   10.836881      0.46861771E-01
   10.757200      0.40571023E-01
   10.677519     -0.23495689E-01
   10.597838     -0.96283220E-01
   10.518157     -0.46828371E-01
   10.438476      0.19189572E-01
   10.358795     -0.13628542E-01
   10.279114      0.10584094    
   10.199433      0.72794311E-01
   10.119752     -0.29727152E-01
   10.040071      0.11832532E-01
   9.9603897      0.70672907E-01
   9.8807087      0.10779444    
   9.8010277      0.36888476E-01
   9.7213466     -0.15934281E-01
   9.6416656     -0.88429011E-01
   9.5619846     -0.33869844E-01
   9.4823036     -0.38621943E-01
   9.4026226     -0.97398438E-01
   9.3229416     -0.48373844E-01
   9.2432605     -0.46472233E-01
   9.1635795     -0.14423718E-01
   9.0838985     -0.77600449E-01
   9.0042175     -0.81091799E-01
   8.9245365     -0.48735276E-01
   8.8448555     -0.73536836E-01
   8.7651744     -0.10665834E-01
   8.6854934      0.20300573E-01
   8.6058124      0.10882804    
   8.5261314      0.55911373E-01
   8.4464504     -0.64259745E-01
   8.3667694     -0.29253127E-01
   8.2870883     -0.12768300    
   8.2074073     -0.12688936    
   8.1277263     -0.27218340E-01
   8.0480453      0.64171590E-01
   7.9683643      0.11881003    
   7.8886833      0.98084904E-01
   7.8090022      0.45783129E-01
   7.7293212     -0.14660773E-01
   7.6496402      0.12931121E-01
   7.5699592     -0.20090317E-01
   7.4902782     -0.99600218E-01
   7.4105972     -0.11744890    
   7.3309161     -0.55002380E-01
   7.2512351      0.15478927E-01
   7.1715541     -0.73263049E-02
   7.0918731      0.43601278E-01
   7.0121921      0.36061723E-01
   6.9325111      0.27073460E-01
   6.8528300      0.39131239E-01
   6.7731490     -0.35989191E-01
   6.6934680      0.85038813E-02
   6.6137870      0.36514059E-01
   6.5341060      0.53490162E-01
   6.4544250      0.55643793E-01
   6.3747439      0.63446537E-02
   6.2950629     -0.36465209E-01
   6.2153819     -0.36563974E-01
   6.1357009     -0.78889750E-01
   6.0560199     -0.13695087    
   5.9763389     -0.74729197E-01
   5.8966578      0.57861943E-01
   5.8169768      0.80059908E-01
   5.7372958     -0.49082834E-01
   5.6576148      0.24117710E-01
   5.5779338      0.38745582E-01
   5.4982528      0.41025788E-01
   5.4185717     -0.86518936E-01
   5.3388907     -0.35381097E-01
   5.2592097      0.16059686    
   5.1795287      0.22712106E-01
   5.0998477     -0.63669742E-02
   5.0201667      0.13082823E-02
   4.9404856     -0.70709474E-02
   4.8608046      0.75343929E-01
   4.7811236      0.10739966    
   4.7014426     -0.42658970E-01
   4.6217616     -0.19077444E-01
   4.5420806     -0.61715920E-01
   4.4623995     -0.70597880E-01
   4.3827185      0.28519565E-01
   4.3030375      0.12040640E-01
   4.2233565      0.44032935E-01
   4.1436755      0.45255858E-01
   4.0639945      0.10113687    
   3.9843134      0.11070472    
   3.9046324      0.11289176    
   3.8249514      0.38568366E-01
   3.7452704     -0.23827350E-01
   3.6655894      0.13877670    
   3.5859084      0.20388852    
   3.5062273      0.15262328    
   3.4265463      0.74526384E-01
   3.3468653      0.11398569    
   3.2671843      0.10377233    
   3.1875033      0.85956417E-01
   3.1078223      0.17974474    
   3.0281412      0.44251185E-01
   2.9484602     -0.26020190E-01
   2.8687792      0.13871063E-01
   2.7890982      0.10303219    
   2.7094172      0.22847368    
   2.6297362      0.77751651E-01
   2.5500551     -0.44034690E-01
   2.4703741      0.26875794E-01
   2.3906931      0.86546831E-01
   2.3110121      0.45884609E-01
   2.2313311     -0.43700546E-01
   2.1516501      0.37570249E-01
   2.0719690      0.35949629E-01
   1.9922880     -0.72949886E-01
   1.9126070      0.69706619E-01
   1.8329260      0.87199979E-01
   1.7532450      0.12759799    
   1.6735640      0.17755921    
   1.5938830      0.10182472    
   1.5142019      0.62406603E-01
   1.4345209      0.41303534E-01
   1.3548399      0.55082172E-01
   1.2751589     -0.67406274E-01
   1.1954779     -0.43776114E-01
   1.1157969      0.61398372E-02
   1.0361158      0.28869929E-01
  0.95643482      0.52312773E-01
  0.87675380      0.93902163E-01
  0.79707279      0.98195553E-01
  0.71739177     -0.57254273E-01
  0.63771075     -0.12169232    
  0.55802974     -0.20832708E-01
  0.47834872      0.11974204    
  0.39866770      0.17257555    
  0.31898669      0.99696666E-01
  0.23930567      0.10531580    
  0.15962465     -0.27164862E-01
  0.79943637E-01  0.10184163    
  0.26262054E-03  0.80800988E-01
 -0.79418396E-01  0.59760332E-01
 -0.15909941     -0.14084217E-01
 -0.23878043     -0.14908487    
 -0.31846145     -0.59136495E-01
 -0.39814246      0.12829055E-01
 -0.47782348     -0.57886947E-01
 -0.55750449      0.18255168    
 -0.63718551      0.14119010    
 -0.71686653     -0.12089355    
 -0.79654754     -0.15536475    
 -0.87622856     -0.30480087E-01
 -0.95590958     -0.49982529E-01
  -1.0355906     -0.10726186    
  -1.1152716     -0.14049791    
  -1.1949526      0.39423812E-01
  -1.2746336      0.16574235    
  -1.3543147      0.11837599    
  -1.4339957      0.10265633    
  -1.5136767      0.24288595E-02
  -1.5933577     -0.13595347E-01
  -1.6730387      0.87213062E-01
  -1.7527197      0.66342153E-01
  -1.8324008     -0.34004185E-01
  -1.9120818     -0.24287686E-01
  -1.9917628     -0.12137786    
  -2.0714438     -0.11315560    
  -2.1511248      0.96774973E-01
  -2.2308058      0.65350771E-01
  -2.3104869     -0.62165365E-01
  -2.3901679     -0.35113767E-01
  -2.4698489      0.36602903E-01
  -2.5495299     -0.67264676E-01
  -2.6292109     -0.69563292E-01
  -2.7088919      0.59893727E-03
  -2.7885730      0.46363031E-02
  -2.8682540      0.81795238E-01
  -2.9479350      0.64396285E-01
  -3.0276160     -0.11487669E-01
  -3.1072970      0.68865396E-01
  -3.1869780     -0.56473833E-01
  -3.2666591     -0.16658549    
  -3.3463401     -0.10745764E-01
  -3.4260211     -0.68930662E-02
  -3.5057021     -0.11804122    
  -3.5853831     -0.82680441E-01
  -3.6650641      0.92888874E-03
  -3.7447452      0.13608913E-01
  -3.8244262      0.19090585    
  -3.9041072      0.11783376    
  -3.9837882     -0.39632384E-01
  -4.0634692     -0.58887094E-01
  -4.1431502     -0.36332697E-01
  -4.2228313      0.11425605    
  -4.3025123      0.68783380E-01
  -4.3821933     -0.91583394E-01
  -4.4618743     -0.11081678    
  -4.5415553     -0.55627697E-02
  -4.6212363      0.83700925E-01
  -4.7009174     -0.23064241E-01
  -4.7805984     -0.23760593E-01
  -4.8602794     -0.13275448E-01
  -4.9399604     -0.57819933E-01
  -5.0196414     -0.85121272E-02
  -5.0993224     -0.33101752E-01
  -5.1790035     -0.22413215E-01
  -5.2586845      0.29659875E-01
  -5.3383655      0.76190550E-02
  -5.4180465      0.77620365E-01
  -5.4977275      0.77024065E-01
  -5.5774085     -0.91357015E-01
  -5.6570896     -0.12633993    
  -5.7367706      0.44193134E-01
  -5.8164516      0.12394848    
  -5.8961326      0.63123010E-01
  -5.9758136      0.88351570E-01
  -6.0554946     -0.57596471E-01
  -6.1351757     -0.79036854E-01
  -6.2148567     -0.37428930E-01
  -6.2945377     -0.73543005E-01
  -6.3742187     -0.45262226E-02
  -6.4538997      0.23539132E-01
  -6.5335807      0.51061690E-01
  -6.6132617      0.10487336    
  -6.6929428      0.15140575    
  -6.7726238      0.70850275E-01
  -6.8523048      0.53313389E-01
  -6.9319858      0.64170994E-01
  -7.0116668      0.95589973E-01
  -7.0913478      0.15168115    
  -7.1710289      0.14742924    
  -7.2507099      0.13594577    
  -7.3303909      0.15069263    
  -7.4100719      0.26772633    
  -7.4897529      0.51445007E-01
  -7.5694339     -0.12073885E-01
  -7.6491150      0.22120135    
  -7.7287960      0.14516397    
  -7.8084770      0.60908344E-01
  -7.8881580      0.16973127    
  -7.9678390      0.12490954    
  -8.0475200      0.12148698    
  -8.1272011      0.12423683    
  -8.2068821      0.93647815E-01
  -8.2865631      0.30437955    
  -8.3662441      0.30811000    
  -8.4459251      0.32399783    
  -8.5256061      0.39391744    
  -8.6052872      0.33376613    
  -8.6849682      0.37763152    
  -8.7646492      0.44355604    
  -8.8443302      0.48914978    
  -8.9240112      0.60557598    
  -9.0036922      0.64989245    
  -9.0833733      0.71634370    
  -9.1630543      0.85975832    
  -9.2427353       1.0919774    
  -9.3224163       1.2994829    
  -9.4020973       1.5424517    
  -9.4817783       1.7140659    
  -9.5614594       1.8729939    
  -9.6411404       2.1053209    
  -9.7208214       2.3193958    
  -9.8005024       2.5588477    
  -9.8801834       2.6520967    
  -9.9598644       2.5539227    
  -10.039545       2.2362349    
  -10.119226       2.1874938    
  -10.198907       1.8644780    
  -10.278589       1.4009441    
  -10.358270       1.2923449    
  -10.437951       1.2995497    
  -10.517632       1.6315851    
  -10.597313       1.9547879    
  -10.676994       2.2970326    
  -10.756675       2.6937149    
  -10.836356       2.7882977    
  -10.916037       2.6406939    
  -10.995718       2.6115580    
  -11.075399       2.5990639    
  -11.155080       2.1917248    
  -11.234761       1.7477511    
  -11.314442       1.4172134    
  -11.394123       1.1318763    
  -11.473804      0.93096763    
  -11.553485      0.77077943    
  -11.633166      0.57915503    
  -11.712847      0.38182738    
  -11.792528      0.20469600    
  -11.872209      0.20145570    
  -11.951890      0.27445841    
  -12.031571      0.27386659    
  -12.111252      0.13843763    
  -12.190933      0.68079852E-01
  -12.270614      0.71570441E-01
  -12.350295     -0.22034235E-01
  -12.429976      0.10199689    
  -12.509657      0.83430342E-01
  -12.589338      0.47119916E-02
  -12.669019      0.77634692E-01
  -12.748700      0.18418165E-01
  -12.828381     -0.21624133E-01
  -12.908062     -0.14707905E-01
  -12.987743      0.28038407E-01
  -13.067424      0.20267999E-01
  -13.147105     -0.90535767E-01
  -13.226786     -0.10107353    
  -13.306467     -0.57747543E-01
  -13.386148     -0.23543509E-01
  -13.465829      0.42686831E-01
  -13.545510      0.46762448E-01
  -13.625191     -0.79802811E-01
  -13.704872     -0.51822726E-01
  -13.784553     -0.11216231E-01
  -13.864234      0.46686172E-01
  -13.943915      0.11328766    
  -14.023596     -0.82546502E-01
  -14.103277     -0.48260808E-01
  -14.182958      0.10231709    
  -14.262639      0.59836250E-01
  -14.342320      0.52175790E-01
  -14.422001      0.20026339E-01
  -14.501682      0.47355484E-01
  -14.581363      0.95991753E-01
  -14.661044     -0.65562283E-02
  -14.740725     -0.52891325E-01
  -14.820406     -0.80132723E-01
  -14.900087     -0.36963884E-04
  -14.979768     -0.36187768E-02
  -15.059449      0.37176400E-01
  -15.139131     -0.37440311E-02
  -15.218812     -0.12404395    
  -15.298493     -0.28030032E-01
  -15.378174     -0.48281848E-01
  -15.457855     -0.12245265    
  -15.537536     -0.52457642E-01
  -15.617217     -0.36254603E-01
  -15.696898      0.41389253E-01
  -15.776579      0.16626278    
  -15.856260      0.43686986E-01
  -15.935941      0.32203335E-01
  -16.015622      0.23266512E-02
  -16.095303     -0.40465876E-01
  -16.174984     -0.72942041E-01
  -16.254665     -0.54239329E-01
  -16.334346     -0.84641151E-01
  -16.414027     -0.12256595    
  -16.493708     -0.43680575E-01
  -16.573389      0.92341648E-02
  -16.653070      0.71207038E-02
  -16.732751      0.11142746E-01
  -16.812432     -0.28354650E-01
  -16.892113      0.48777796E-02
  -16.971794      0.94338559E-01
  -17.051475     -0.25278280E-01
  -17.131156     -0.75828455E-01
  -17.210837     -0.13132320    
  -17.290518     -0.23135662    
  -17.370199     -0.10133915    
  -17.449880     -0.56329247E-01
  -17.529561     -0.90620130E-01
  -17.609242     -0.24111999E-01
  -17.688923     -0.39598286E-01
  -17.768604     -0.10485985    
  -17.848285      0.21201357E-01
  -17.927966      0.48615385E-01
  -18.007647     -0.58240306E-01
  -18.087328     -0.18158861    
  -18.167009     -0.13279076    
  -18.246690      0.15782900E-01
  -18.326371     -0.36152352E-01
  -18.406052     -0.12236501E-01
  -18.485733      0.96611075E-01
  -18.565414      0.20703261    
  -18.645095      0.11821139    
  -18.724776      0.19441867E-01
  -18.804457     -0.13221644E-01
  -18.884138     -0.54868639E-01
  -18.963819     -0.20484922E-01
  -19.043500     -0.29592106E-01
  -19.123181     -0.15773351E-02
  -19.202862     -0.20132016E-02
  -19.282543      0.84490050E-02
  -19.362224      0.57793256E-01
  -19.441905     -0.20761857E-01
  -19.521586      0.47228310E-01
  -19.601267      0.88055402E-01
  -19.680948     -0.56981847E-01
  -19.760629     -0.83489083E-01
  -19.840310     -0.51642697E-01
  -19.919992     -0.38858123E-01
  -19.999673     -0.37778012E-01
  -20.079354     -0.82898326E-01
  -20.159035     -0.40368721E-01
  -20.238716      0.55586845E-01
  -20.318397      0.92864402E-01
  -20.398078     -0.15340041E-01
  -20.477759     -0.98638482E-01
  -20.557440      0.91101350E-02
  -20.637121      0.11662447    
  -20.716802      0.81624053E-01
  -20.796483      0.54212257E-01
  -20.876164      0.10332304E-01
  -20.955845     -0.81471698E-02
  -21.035526      0.15867403E-01
  -21.115207      0.40707316E-01
  -21.194888      0.86520135E-01
  -21.274569      0.10436349    
  -21.354250      0.27446097E-01
  -21.433931      0.22219953E-02
  -21.513612      0.90646774E-01
  -21.593293      0.62717311E-01
  -21.672974     -0.17700864E-01
  -21.752655      0.41913554E-01
  -21.832336      0.46881363E-01
  -21.912017     -0.28135076E-01
  -21.991698      0.61692003E-01
  -22.071379      0.91156967E-01
  -22.151060      0.93579777E-01
  -22.230741      0.78996390E-01
  -22.310422      0.11495253E-02
  -22.390103     -0.32222856E-01
  -22.469784     -0.15479401E-01
  -22.549465     -0.34369525E-01
  -22.629146      0.12279250E-01
  -22.708827      0.72466739E-01
  -22.788508      0.78825653E-02
  -22.868189     -0.34689656E-03
  -22.947870      0.13274306    
  -23.027551      0.16610400    
  -23.107232      0.72625145E-01
  -23.186913     -0.10469022E-01
  -23.266594      0.47475401E-01
  -23.346275      0.87179668E-01
  -23.425956     -0.34571964E-01
  -23.505637      0.47620226E-01
  -23.585318      0.98164655E-01
  -23.664999      0.37762083E-02
  -23.744680      0.77388145E-01
  -23.824361      0.12004468    
  -23.904042      0.11591896    
  -23.983723      0.34448225E-01
  -24.063404     -0.53221905E-02
  -24.143085      0.56598466E-01
  -24.222766      0.84743379E-02
  -24.302447      0.58591720E-01
  -24.382128      0.57645127E-01
  -24.461809     -0.28505651E-01
  -24.541490      0.55619106E-01
  -24.621171      0.14851703    
  -24.700852      0.68168841E-01
  -24.780534      0.36690269E-01
  -24.860215      0.41124497E-01
  -24.939896     -0.56279186E-01
  -25.019577     -0.72800554E-01
  -25.099258     -0.27485326E-01
  -25.178939      0.96173882E-02
  -25.258620      0.81104808E-01
  -25.338301      0.39585624E-01
  -25.417982      0.45745713E-02
  -25.497663     -0.73543824E-01
  -25.577344     -0.84461302E-01
  -25.657025      0.13624914E-02
  -25.736706     -0.32184489E-01
  -25.816387      0.32559413E-01
  -25.896068     -0.49128737E-01
  -25.975749     -0.54034512E-01
  -26.055430      0.76386929E-01
  -26.135111     -0.40736649E-01
  -26.214792     -0.66031255E-01
  -26.294473     -0.34254292E-03
  -26.374154      0.23615515E-01
  -26.453835      0.12475552    
  -26.533516      0.92625715E-01
  -26.613197      0.43788861E-01
  -26.692878      0.97898759E-01
  -26.772559     -0.56821916E-01
  -26.852240     -0.91184072E-01
  -26.931921      0.27416416E-02
  -27.011602     -0.25369674E-02
  -27.091283      0.11183699    
  -27.170964      0.15379113    
  -27.250645      0.14641121    
  -27.330326      0.90677164E-01
  -27.410007     -0.99882185E-01
  -27.489688     -0.14254782    
  -27.569369     -0.12188602    
  -27.649050     -0.10994270    
  -27.728731     -0.43874793E-02
  -27.808412     -0.22599293E-01
  -27.888093     -0.65357156E-01
  -27.967774     -0.28789239E-01
  -28.047455     -0.18528450E-01
  -28.127136     -0.11170434    
  -28.206817     -0.79444230E-01
  -28.286498      0.38249869E-01
  -28.366179      0.18721560E-01
  -28.445860      0.45416225E-01
  -28.525541     -0.45369800E-01
  -28.605222     -0.67973845E-01
  -28.684903      0.32193346E-02
  -28.764584      0.39109770E-01
  -28.844265      0.11761210    
  -28.923946     -0.56332275E-01
  -29.003627     -0.80719301E-02
  -29.083308      0.48326369E-01
  -29.162989     -0.11463422    
  -29.242670     -0.51471572E-01
  -29.322351     -0.41634464E-02
  -29.402032      0.40982664E-03
  -29.481713     -0.30843301E-01
  -29.561395     -0.11409888    
  -29.641076     -0.12024195    
  -29.720757      0.74258298E-02
  -29.800438      0.20817934E-01
  -29.880119     -0.11716112    
  -29.959800     -0.16601829    
  -30.039481     -0.13029802    
  -30.119162     -0.11615271    
  -30.198843     -0.63426591E-01
  -30.278524      0.32967791E-01
  -30.358205      0.33754714E-01
  -30.437886      0.21633422E-01
  -30.517567     -0.37506245E-01
  -30.597248     -0.12108349    
  -30.676929     -0.10265600    
  -30.756610     -0.93344532E-01
  -30.836291     -0.18809702E-01
  -30.915972     -0.84549533E-02
  -30.995653     -0.74945636E-01
  -31.075334     -0.43337960E-01
  -31.155015     -0.11390334    
  -31.234696     -0.67675062E-01
  -31.314377     -0.15453045E-01
  -31.394058     -0.16114442    
  -31.473739     -0.84126420E-01
  -31.553420      0.25119975E-01
  -31.633101     -0.48458535E-01
  -31.712782     -0.47669973E-01
  -31.792463     -0.59732109E-01
  -31.872144     -0.70469089E-01
  -31.951825     -0.94648957E-01
  -32.031506     -0.33448189E-01
  -32.111187      0.13047715E-01
  -32.190868     -0.11554819    
  -32.270549     -0.12299371    
  -32.350230     -0.63894965E-01
  -32.429911      0.29579319E-01
  -32.509592      0.44996005E-01
  -32.589273     -0.70361786E-01
  -32.668954     -0.40979527E-01
  -32.748635      0.11264421E-01
  -32.828316     -0.10310126    
  -32.907997     -0.58789298E-01
  -32.987678      0.27110981E-01
  -33.067359     -0.55927277E-01
  -33.147040     -0.31980410E-01
  -33.226721      0.11867981    
  -33.306402      0.74816167E-01
  -33.386083     -0.20967523E-01
  -33.465764     -0.55919599E-01
  -33.545445     -0.91373116E-01
  -33.625126     -0.41218847E-02
  -33.704807      0.10205581E-01
  -33.784488     -0.42118136E-01
  -33.864169      0.22484635E-02
  -33.943850      0.50262511E-01
  -34.023531     -0.36768824E-01
  -34.103212     -0.63749932E-01
  -34.182893      0.35530623E-01
  -34.262574      0.20763302E-01
  -34.342255     -0.58788112E-02
  -34.421937      0.24409790E-02
  -34.501618     -0.34260612E-01
  -34.581299      0.66411807E-02
  -34.660980      0.88990526E-02
  -34.740661     -0.12076221E-01
  -34.820342      0.71674228E-01
  -34.900023      0.22452503E-01
  -34.979704      0.80771573E-01
  -35.059385      0.16768245    
  -35.139066      0.38768902E-01
  -35.218747      0.21759756E-01
  -35.298428      0.38194768E-02
  -35.378109      0.84628440E-01
  -35.457790      0.11220833    
  -35.537471     -0.30127155E-01
  -35.617152      0.60118526E-01
  -35.696833      0.20999561    
  -35.776514      0.15862408    
  -35.856195     -0.79868427E-02
  -35.935876     -0.12310904    
  -36.015557     -0.11417795    
  -36.095238      0.19195149E-01
  -36.174919      0.42411398E-01
  -36.254600     -0.64416021E-01
  -36.334281     -0.10177212    
  -36.413962     -0.50515879E-01
  -36.493643     -0.58498006E-01
  -36.573324     -0.12254397    
  -36.653005     -0.34872744E-01
  -36.732686      0.36716420E-01
  -36.812367      0.84929734E-01
  -36.892048      0.58242306E-01
  -36.971729     -0.23445619E-01
  -37.051410     -0.16390471E-01
  -37.131091      0.48974890E-01
  -37.210772      0.17184605    
  -37.290453      0.10526369    
  -37.370134      0.37021216E-01
  -37.449815     -0.11314563E-01
  -37.529496      0.29988436E-01
  -37.609177      0.23703009E-01
  -37.688858     -0.50617356E-01
  -37.768539      0.57661254E-01
  -37.848220     -0.29911181E-01
  -37.927901     -0.63681781E-01
  -38.007582      0.52239645E-01
  -38.087263      0.96514128E-01
  -38.166944     -0.29226944E-01
  -38.246625     -0.43805372E-01
  -38.326306      0.12566714    
  -38.405987      0.84372103E-01
  -38.485668     -0.25400219E-01
  -38.565349      0.22342816E-01
  -38.645030     -0.56718558E-01
  -38.724711     -0.72832517E-01
  -38.804392     -0.79474203E-01
  -38.884073     -0.90497136E-01
  -38.963754      0.58458850E-01
  -39.043435      0.11776564    
  -39.123116      0.15667558    
  -39.202797      0.88522851E-01
  -39.282479      0.59052125E-01
  -39.362160      0.46370491E-01
  -39.441841     -0.97546317E-01
  -39.521522      0.43137819E-02
  -39.601203      0.59097636E-01
  -39.680884      0.24323465E-01
  -39.760565      0.15200932    
  -39.840246      0.68312071E-01
  -39.919927     -0.16642299E-01
  -39.999608      0.80622286E-02
  -40.079289     -0.62692061E-01
  -40.158970     -0.30245258E-01
  -40.238651      0.10417873    
  -40.318332      0.89557864E-01
  -40.398013     -0.15792534E-02
  -40.477694     -0.64424582E-01
  -40.557375     -0.34560625E-01
  -40.637056     -0.84981015E-02
  -40.716737      0.13276584E-01
  -40.796418     -0.23568670E-03
  -40.876099      0.56481115E-02
  -40.955780      0.69226786E-01
  -41.035461      0.86116314E-01
  -41.115142      0.11150467    
  -41.194823      0.10455424    
  -41.274504     -0.43311104E-01
  -41.354185     -0.53106666E-01
  -41.433866     -0.67930490E-01
  -41.513547     -0.30467810E-01
  -41.593228      0.70358716E-01
  -41.672909     -0.57581004E-01
  -41.752590     -0.11356809    
  -41.832271     -0.43138240E-01
  -41.911952     -0.10055256E-01
  -41.991633      0.32505780E-01
  -42.071314      0.11125222E-01
  -42.150995     -0.19043092    
  -42.230676     -0.13803264    
  -42.310357     -0.44513714E-01
  -42.390038     -0.11047496E-01
  -42.469719      0.35061520E-01
  -42.549400     -0.13724562E-01
  -42.629081     -0.11711663    
  -42.708762     -0.10813773    
  -42.788443     -0.18511631E-01
  -42.868124     -0.39661046E-01
  -42.947805     -0.14463080    
  -43.027486     -0.18089171    
  -43.107167     -0.35709850E-01
  -43.186848     -0.40746905E-01
  -43.266529     -0.10951265    
  -43.346210     -0.16396290E-01
  -43.425891     -0.10623682    
  -43.505572     -0.14062572    
  -43.585253     -0.26409253E-01
  -43.664934     -0.64527310E-01
  -43.744615     -0.89507937E-01
  -43.824296     -0.11626283    
  -43.903977     -0.88155709E-01
  -43.983658     -0.58193677E-02
  -44.063340     -0.21428719E-01
  -44.143021     -0.41710448E-01
  -44.222702     -0.22067277E-01
  -44.302383     -0.92025688E-02
  -44.382064     -0.22264095E-01
  -44.461745     -0.83736576E-01
  -44.541426     -0.70035972E-01
  -44.621107      0.15171709E-01
  -44.700788     -0.24916997E-01
  -44.780469     -0.14916267    
  -44.860150     -0.57644174E-01
  -44.939831     -0.35207223E-01
  -45.019512     -0.37582119E-02
  -45.099193     -0.24400273E-01
  -45.178874     -0.16171062    
  -45.258555     -0.11052489    
  -45.338236     -0.15909976    
  -45.417917     -0.32722548    
  -45.497598     -0.19127314    
  -45.577279     -0.48499531E-02
  -45.656960     -0.10442280    
  -45.736641     -0.18395351    
  -45.816322     -0.10830221    
  -45.896003     -0.82072169E-01
  -45.975684     -0.97767077E-01
  -46.055365     -0.65582208E-01
  -46.135046     -0.76026335E-01
  -46.214727     -0.60078930E-01
  -46.294408      0.10688511E-01
  -46.374089      0.46464889E-02
  -46.453770      0.10137464E-01
  -46.533451      0.30580642E-01
  -46.613132     -0.10815781    
  -46.692813     -0.99885486E-01
  -46.772494     -0.14189453E-01
  -46.852175     -0.10112540    
  -46.931856     -0.10775139    
  -47.011537     -0.19535932E-02
  -47.091218     -0.11775042E-01
  -47.170899     -0.79818338E-01
  -47.250580     -0.14897192    
  -47.330261     -0.16959439    
  -47.409942     -0.15535483    
  -47.489623     -0.11239159    
  -47.569304     -0.11517624    
  -47.648985     -0.16278895E-01
  -47.728666     -0.11044894E-01
  -47.808347     -0.10786954    
  -47.888028     -0.14061897    
  -47.967709     -0.16222532    
  -48.047390     -0.12459096    
  -48.127071     -0.90129428E-01
  -48.206752     -0.15563381    
  -48.286433     -0.11685886    
  -48.366114      0.50562993E-01
  -48.445795      0.22772891E-01
  -48.525476     -0.22456544E-01
  -48.605157     -0.12757733    
  -48.684838     -0.12336346    
  -48.764519     -0.19874271E-01
  -48.844200     -0.46048660E-01
  -48.923882     -0.88129580E-01
  -49.003563     -0.63493587E-01
  -49.083244      0.48124105E-01
  -49.162925      0.94797015E-02
  -49.242606     -0.14583160E-01
  -49.322287     -0.97789178E-02
  -49.401968     -0.12870376    
  -49.481649     -0.17428412    
  -49.561330     -0.51005024E-01
  -49.641011     -0.96780382E-01
  -49.720692     -0.22713073    
  -49.800373     -0.17070539    
  -49.880054     -0.16364950    
  -49.959735     -0.15109819    
  -50.039416     -0.15735315E-01
  -50.119097     -0.93548251E-02
  -50.198778     -0.11385292    
  -50.278459     -0.48720479E-01
  -50.358140     -0.62253993E-01
  -50.437821     -0.10699477    
  -50.517502     -0.52614853E-01
  -50.597183     -0.23482388E-01
  -50.676864     -0.13899562E-01
  -50.756545     -0.77315517E-01
  -50.836226     -0.74339904E-01
  -50.915907      0.36685642E-01
  -50.995588      0.51261891E-01
  -51.075269     -0.56760266E-01
  -51.154950     -0.18590201E-01
  -51.234631      0.60890332E-01
  -51.314312      0.11384700E-01
  -51.393993     -0.42965245E-01
  -51.473674     -0.75064220E-01
  -51.553355      0.47599846E-02
  -51.633036      0.44179905E-01
  -51.712717     -0.14255574    
  -51.792398     -0.22850485    
  -51.872079     -0.40828783E-01
  -51.951760      0.35537262E-01
  -52.031441     -0.45248553E-01
  -52.111122     -0.29810434E-01
  -52.190803      0.12156487E-01
  -52.270484      0.75354949E-01
  -52.350165      0.46120454E-01
  -52.429846      0.30295683E-01
  -52.509527      0.70253775E-01
  -52.589208      0.46707854E-01
  -52.668889      0.99417508E-01
  -52.748570     -0.41544256E-02
  -52.828251     -0.40129356E-01
  -52.907932     -0.80408335E-01
  -52.987613     -0.14179918    
  -53.067294     -0.29538689E-01
  -53.146975      0.37920188E-01
  -53.226656     -0.68078958E-02
  -53.306337      0.81540965E-01
  -53.386018      0.77061303E-01
  -53.465699     -0.66608518E-01
  -53.545380      0.12205441E-01
  -53.625061      0.66815235E-01
  -53.704743      0.56188557E-01
  -53.784424     -0.26880069E-01
  -53.864105     -0.30166587E-01
  -53.943786      0.31004636E-01
  -54.023467      0.24626404E-01
  -54.103148      0.31225035E-01
  -54.182829     -0.15162165E-01
  -54.262510     -0.64546078E-01
  -54.342191      0.94172001E-01
  -54.421872      0.20146461    
  -54.501553      0.17846532    
  -54.581234      0.15982451    
  -54.660915      0.76558590E-01
  -54.740596     -0.54235518E-01
  -54.820277     -0.79667509E-01
  -54.899958     -0.12993957E-01
  -54.979639     -0.20120524E-01
  -55.059320      0.67861348E-01
  -55.139001      0.11929381    
  -55.218682      0.66685863E-01
  -55.298363     -0.82786471E-01
  -55.378044     -0.20651777    
  -55.457725     -0.13666376    
  -55.537406     -0.85668214E-01
  -55.617087      0.34830731E-02
  -55.696768     -0.51740706E-02
  -55.776449     -0.11482537    
  -55.856130     -0.28637620E-01
  -55.935811      0.32957669E-02
  -56.015492     -0.51386911E-01
  -56.095173     -0.73128223E-01
  -56.174854     -0.43574896E-01
  -56.254535     -0.60856950E-01
  -56.334216     -0.69886453E-01
  -56.413897     -0.91662221E-01
  -56.493578     -0.15811890    
  -56.573259     -0.12744053    
  -56.652940      0.13229218E-01
  -56.732621      0.56229830E-02
  -56.812302      0.70427358E-02
  -56.891983      0.10411668E-01
  -56.971664     -0.38233448E-02
  -57.051345     -0.61049432E-01
  -57.131026     -0.18397053    
  -57.210707     -0.47502905E-01
  -57.290388     -0.19797176E-01
  -57.370069     -0.11341903    
  -57.449750     -0.28590621E-01
  -57.529431      0.52666683E-01
  -57.609112     -0.73059224E-01
  -57.688793     -0.49035609E-01
  -57.768474      0.48196059E-01
  -57.848155     -0.10291312    
  -57.927836     -0.44880088E-01
  -58.007517      0.13848110    
  -58.087198      0.10672241E-01
  -58.166879      0.22055574E-01
  -58.246560      0.93929678E-01
  -58.326241      0.17167332E-01
  -58.405922      0.32267295E-01
  -58.485603     -0.11109108    
  -58.565285     -0.18567133    
  -58.644966     -0.46241280E-01
  -58.724647     -0.65983787E-01
  -58.804328     -0.61587065E-01
  -58.884009     -0.23754204E-01
  -58.963690      0.39562859E-01
  -59.043371     -0.36178436E-01
  -59.123052     -0.66060528E-01
  -59.202733      0.16212431    
  -59.282414      0.15440802    
  -59.362095     -0.22893207E-01
  -59.441776     -0.28938234E-01
  -59.521457      0.44503048E-01
  -59.601138      0.59700269E-01
  -59.680819     -0.29781142E-01
  -59.760500     -0.10243572    
  -59.840181     -0.28820513E-01
  -59.919862      0.67853242E-01
  -59.999543     -0.17264197E-01
  -60.079224     -0.46510119E-01
  -60.158905      0.32166809E-01
  -60.238586     -0.11515248E-01
  -60.318267     -0.73747054E-01
  -60.397948     -0.94578989E-01
  -60.477629     -0.58932096E-01
  -60.557310      0.35590637E-01
  -60.636991      0.10504241    
  -60.716672      0.79971952E-02
  -60.796353     -0.49635451E-01
  -60.876034     -0.14061339    
  -60.955715     -0.75170033E-01
  -61.035396      0.49090311E-01
  -61.115077      0.36018111E-01
  -61.194758      0.80111891E-01
  -61.274439      0.82306802E-01
  -61.354120      0.53016242E-01
  -61.433801      0.13125847    
  -61.513482      0.22034274    
  -61.593163      0.12937810    
  -61.672844     -0.18897003E-01
  -61.752525     -0.31432386E-01
  -61.832206     -0.10081679E-02
  -61.911887      0.35719167E-01
  -61.991568     -0.48720498E-01
  -62.071249      0.10585018E-01
  -62.150930      0.61096877E-01
  -62.230611     -0.25185497E-01
  -62.310292     -0.35392351E-01
  -62.389973     -0.15643214    
  -62.469654     -0.10825642    
  -62.549335      0.61936688E-01
  -62.629016      0.64379491E-01
  -62.708697      0.51440559E-02
  -62.788378      0.35664186E-01
  -62.868059     -0.89993000E-01
  -62.947740     -0.11640009    
  -63.027421      0.81959791E-01
  -63.107102      0.99234588E-01
  -63.186783     -0.67228034E-01
  -63.266464     -0.88613905E-01
  -63.346146     -0.85026644E-01
  -63.425827     -0.17585935    
  -63.505508     -0.11825007    
  -63.585189     -0.12391116E-01
  -63.664870      0.55769500E-02
  -63.744551     -0.55522401E-01
  -63.824232     -0.75957753E-01
  -63.903913     -0.16070598    
  -63.983594     -0.14897586    
  -64.063275     -0.52086283E-02
  -64.142956     -0.95351726E-01
  -64.222637     -0.57775855E-01
  -64.302318     -0.12945785E-01
  -64.381999     -0.21936150E-01
  -64.461680      0.65472364E-01
  -64.541361      0.43202541E-02
  -64.621042      0.10777764E-01
  -64.700723      0.94283663E-01
  -64.780404     -0.69322437E-03
  -64.860085     -0.10323971E-01
  -64.939766      0.62154248E-01
  -65.019447      0.54720044E-01
  -65.099128      0.21453748E-01
  -65.178809     -0.24569152E-01
  -65.258490     -0.58682259E-01
  -65.338171     -0.12527998    
  -65.417852     -0.23390651E-01
  -65.497533      0.84871642E-01
  -65.577214     -0.43587450E-01
  -65.656895     -0.10838061    
  -65.736576     -0.66251166E-01
  -65.816257     -0.45080069E-01
  -65.895938     -0.44243295E-01
  -65.975619      0.32536682E-01
  -66.055300      0.47336657E-01
  -66.134981     -0.47819536E-01
  -66.214662     -0.10351900    
  -66.294343     -0.68620779E-01
  -66.374024     -0.28328335E-01
  -66.453705     -0.78081034E-01
  -66.533386     -0.40521305E-01
  -66.613067      0.81154071E-01
  -66.692748     -0.54392717E-02
  -66.772429     -0.49716443E-01
  -66.852110     -0.25379846E-01
  -66.931791     -0.74267387E-01
  -67.011472      0.36903620E-01
  -67.091153     -0.59684042E-01
  -67.170834     -0.17553116    
  -67.250515     -0.53630471E-01
  -67.330196      0.46640079E-01
  -67.409877      0.33698786E-01
  -67.489558     -0.96679188E-01
  -67.569239     -0.16285612    
  -67.648920     -0.12769085    
  -67.728601     -0.17474048    
  -67.808282     -0.38618423E-01
  -67.887963      0.42064860E-01
  -67.967644     -0.15752561    
  -68.047325     -0.13486134    
  -68.127006      0.19138189E-01
  -68.206688     -0.28775608E-01
  -68.286369     -0.50748575E-01
  -68.366050      0.40027130E-01
  -68.445731      0.48076123E-01
  -68.525412     -0.53489078E-02
  -68.605093     -0.42451914E-01
  -68.684774     -0.10735279    
  -68.764455     -0.18600450    
  -68.844136     -0.15709344    
  -68.923817     -0.13086183    
  -69.003498     -0.63742183E-01
  -69.083179     -0.30093635E-01
  -69.162860     -0.67914516E-01
  -69.242541     -0.79205506E-01
  -69.322222      0.33575848E-01
  -69.401903     -0.55685151E-01
  -69.481584     -0.23063321    
  -69.561265     -0.12417870    
  -69.640946     -0.12064442    
  -69.720627     -0.16056181    
  -69.800308     -0.16488889    
  -69.879989     -0.12707515    
  -69.959670     -0.93746968E-01
  -70.039351     -0.11452204    
  -70.119032     -0.88940792E-01
  -70.198713     -0.15901035    
  -70.278394     -0.17316987    
  -70.358075     -0.62451918E-01
  -70.437756     -0.14098558E-01
  -70.517437      0.10035659    
  -70.597118      0.62551491E-01
  -70.676799     -0.10941371    
  -70.756480     -0.14219762    
  -70.836161     -0.13889869    
  -70.915842     -0.14784104    
  -70.995523     -0.13542505    
  -71.075204     -0.26802788E-01
  -71.154885     -0.36244221E-01
  -71.234566     -0.95099814E-01
  -71.314247     -0.15544285    
  -71.393928     -0.13101926    
  -71.473609     -0.15690317E-01
  -71.553290      0.32895166E-01
  -71.632971      0.19802054E-01
  -71.712652      0.70740387E-01
  -71.792333      0.67288741E-01
  -71.872014     -0.50891887E-01
  -71.951695     -0.21183347E-01
  -72.031376     -0.11589357    
  -72.111057     -0.12981005    
  -72.190738      0.52356418E-01
  -72.270419      0.39939195E-01
  -72.350100     -0.71041428E-01
  -72.429781      0.97079039E-01
  -72.509462      0.20806856    
  -72.589143      0.80058716E-01
  -72.668824     -0.20526936E-01
  -72.748505     -0.12111261    
  -72.828186      0.14614914    
  -72.907867      0.63718818E-01
  -72.987548     -0.53746104E-01
  -73.067230      0.81384778E-02
  -73.146911     -0.97320741E-02
  -73.226592     -0.23932556E-01
  -73.306273      0.48568916E-01
  -73.385954      0.66791989E-01
  -73.465635     -0.67091383E-01
  -73.545316     -0.44940781E-01
  -73.624997     -0.52060983E-02
  -73.704678     -0.95457338E-01
  -73.784359      0.73170015E-02
  -73.864040      0.95630735E-01
  -73.943721     -0.39745819E-01
  -74.023402     -0.10724911    
  -74.103083     -0.38738672E-01
  -74.182764     -0.22334000E-01
  -74.262445     -0.10443445E-01
  -74.342126      0.15032565E-02
  -74.421807      0.15719214E-01
  -74.501488      0.21496097E-01
  -74.581169      0.12374398E-01
  -74.660850     -0.89996517E-01
  -74.740531     -0.54986998E-02
  -74.820212      0.12970649    
  -74.899893      0.82747892E-01
  -74.979574      0.11971750    
  -75.059255      0.70984505E-01
  -75.138936      0.32956611E-01
  -75.218617      0.27694693E-01
  -75.298298      0.24289729E-01
  -75.377979     -0.43316424E-01
  -75.457660     -0.13372248    
  -75.537341     -0.14938919    
  -75.617022     -0.32542352E-01
  -75.696703      0.28707029E-01
  -75.776384     -0.26105506E-01
  -75.856065     -0.48287019E-01
  -75.935746     -0.25337210E-01
  -76.015427      0.61846539E-01
  -76.095108      0.14398912    
  -76.174789      0.13842428    
  -76.254470      0.37097823E-01
  -76.334151     -0.67807950E-01
  -76.413832     -0.40674936E-01
  -76.493513      0.30675545E-01
  -76.573194      0.64101778E-01
  -76.652875      0.68274088E-01
  -76.732556     -0.15032026E-01
  -76.812237     -0.72623275E-01
  -76.891918     -0.13797881    
  -76.971599     -0.41469045E-01
  -77.051280      0.63330300E-01
  -77.130961      0.24183601E-01
  -77.210642     -0.31434741E-01
  -77.290323     -0.26770348E-01
  -77.370004      0.66122346E-01
  -77.449685      0.10465669E-01
  -77.529366     -0.26903920E-01
  -77.609047      0.11539667    
  -77.688728      0.36389008E-01
  -77.768409     -0.13688508    
  -77.848091     -0.97853683E-01
  -77.927772      0.15285346E-01
  -78.007453     -0.64374588E-01
  -78.087134     -0.20714460    
  -78.166815     -0.18904300    
  -78.246496     -0.11201004    
  -78.326177     -0.11281786    
  -78.405858     -0.96939169E-01
  -78.485539     -0.12223818    
  -78.565220     -0.13316803    
  -78.644901     -0.21997632E-01
  -78.724582      0.87656535E-01
  -78.804263     -0.74651837E-02
  -78.883944     -0.82939900E-01
  -78.963625     -0.39877445E-01
  -79.043306     -0.92368640E-01
  -79.122987     -0.66942938E-01
  -79.202668     -0.10657478    
  -79.282349     -0.21877183    
  -79.362030     -0.22203588    
  -79.441711     -0.20581953    
  -79.521392     -0.74160822E-01
  -79.601073      0.40845349E-02
  -79.680754     -0.20793627E-02
  -79.760435      0.57152826E-01
  -79.840116     -0.23047730E-01
  -79.919797     -0.14488108E-01
  -79.999478      0.76580398E-01
  -80.079159      0.78225441E-01
  -80.158840      0.90633743E-01
  -80.238521      0.22048095E-01
  -80.318202     -0.70853174E-01
  -80.397883     -0.56181192E-01
  -80.477564     -0.34888353E-01
  -80.557245     -0.72287016E-01
  -80.636926     -0.29848063E-01
  -80.716607      0.23893910E-01
  -80.796288      0.59636548E-01
  -80.875969     -0.70578709E-01
  -80.955650     -0.88806838E-01
  -81.035331      0.10385951    
  -81.115012      0.56716863E-01
  -81.194693     -0.15078920    
  -81.274374     -0.13606082    
  -81.354055      0.58208283E-01
  -81.433736      0.15308474    
  -81.513417      0.78018814E-01
  -81.593098      0.15115124E-01
  -81.672779      0.47909375E-01
  -81.752460     -0.81199281E-01
  -81.832141     -0.26111549E-01
  -81.911822     -0.44764191E-01
  -81.991503     -0.17760825    
  -82.071184     -0.11331430    
  -82.150865     -0.25130816E-01
  -82.230546     -0.52412957E-01
  -82.310227     -0.15503187    
  -82.389908     -0.49820244E-01
  -82.469589      0.68164550E-01
  -82.549270      0.29822281E-01
  -82.628951     -0.56766588E-01
  -82.708633      0.25975861E-01
  -82.788314      0.88141359E-01
  -82.867995     -0.37846312E-01
  -82.947676     -0.35092153E-01
  -83.027357      0.94410338E-01
  -83.107038      0.14831056E-01
  -83.186719     -0.72358914E-01
  -83.266400     -0.80366068E-01
  -83.346081     -0.84929608E-01
  -83.425762     -0.43659810E-01
  -83.505443      0.27051046E-02
  -83.585124     -0.18366184E-02
  -83.664805     -0.16946536    
  -83.744486     -0.23571432    
  -83.824167     -0.10924333    
  -83.903848      0.58835815E-02
  -83.983529     -0.34314830E-01
  -84.063210      0.15533205E-01
  -84.142891     -0.33836614E-02
  -84.222572     -0.19174352E-01
  -84.302253      0.37111089E-01
  -84.381934     -0.30270981E-01
  -84.461615      0.28903194E-01
  -84.541296      0.46601295E-01
  -84.620977     -0.12990285    
  -84.700658     -0.11973974    
  -84.780339      0.59934095E-01
  -84.860020      0.70809938E-01
  -84.939701     -0.49372744E-01
  -85.019382     -0.33315867E-01
  -85.099063     -0.17961890E-01
  -85.178744     -0.30749870E-01
  -85.258425     -0.80598406E-01
  -85.338106     -0.13039458    
  -85.417787     -0.63843273E-01
  -85.497468      0.72821610E-01
  -85.577149      0.14034933    
  -85.656830      0.45579564E-01
  -85.736511     -0.10392274E-01
  -85.816192     -0.58149848E-01
  -85.895873      0.38303081E-01
  -85.975554     -0.33038582E-02
  -86.055235     -0.77186771E-01
  -86.134916     -0.10284158E-01
  -86.214597      0.38337622E-01
  -86.294278      0.29011065E-01
  -86.373959     -0.67984708E-01
  -86.453640     -0.10486919    
  -86.533321      0.40827770E-01
  -86.613002      0.18887388E-01
  -86.692683      0.46599670E-02
  -86.772364      0.60425729E-01
  -86.852045     -0.30885043E-01
  -86.931726      0.61095287E-02
  -87.011407      0.53522553E-01
  -87.091088      0.13038652    
  -87.170769      0.10656181    
  -87.250450     -0.30602787E-02
  -87.330131     -0.66971302E-01
  -87.409812      0.93057267E-01
  -87.489494      0.13123783    
  -87.569175      0.73003076E-01
  -87.648856      0.42239126E-01
  -87.728537     -0.10276680    
  -87.808218     -0.11508020    
  -87.887899     -0.84941126E-01
  -87.967580      0.53663567E-01
  -88.047261      0.96273147E-01
  -88.126942     -0.22011086E-01
  -88.206623     -0.10023278    
  -88.286304     -0.40572327E-01
  -88.365985      0.97272009E-01
  -88.445666      0.29869435E-01
  -88.525347      0.33303045E-01
  -88.605028      0.52335765E-01
  -88.684709      0.38403053E-01
  -88.764390      0.66852696E-01
  -88.844071      0.34422904E-01
  -88.923752      0.34016963E-01
  -89.003433      0.12300029    
  -89.083114     -0.52194070E-01
  -89.162795     -0.24476473    
  -89.242476      0.43876965E-01
  -89.322157      0.73046826E-01
  -89.401838     -0.80780782E-01
  -89.481519     -0.92168272E-01
  -89.561200     -0.76422356E-01
  -89.640881     -0.36037456E-01
  -89.720562     -0.65973841E-01
  -89.800243      0.31056585E-01
  -89.879924     -0.12969117E-01
  -89.959605     -0.57664573E-01
  -90.039286      0.31047866E-01
  -90.118967      0.14630319    
  -90.198648      0.14884551    
  -90.278329     -0.90185069E-01
  -90.358010     -0.15654067E-02
  -90.437691      0.66019960E-01
  -90.517372     -0.49452603E-01
  -90.597053     -0.82330674E-01
  -90.676734     -0.88717183E-02
  -90.756415      0.45257532E-02
  -90.836096      0.38168274E-01
  -90.915777      0.70516639E-02
  -90.995458     -0.49637482E-01
  -91.075139      0.64385585E-01
  -91.154820      0.61838441E-02
  -91.234501     -0.39194036E-01
  -91.314182      0.33084575E-01
  -91.393863     -0.10390618E-01
  -91.473544     -0.57774562E-01
  -91.553225     -0.86259402E-01
  -91.632906     -0.84379844E-01
  -91.712587     -0.20161681E-01
  -91.792268      0.39390281E-01
  -91.871949     -0.19323930E-01
  -91.951630     -0.79312302E-01
  -92.031311     -0.54409686E-01
  -92.110992     -0.62422570E-01
  -92.190673     -0.54830115E-01
  -92.270354     -0.66696011E-01
  -92.350036     -0.15942035E-01
  -92.429717      0.49202967E-01
  -92.509398     -0.20993946E-01
  -92.589079     -0.16795022E-01
  -92.668760     -0.57458758E-01
  -92.748441     -0.69284871E-01
  -92.828122      0.19001910E-01
  -92.907803      0.26185488E-01
  -92.987484     -0.96333353E-02
  -93.067165     -0.54109018E-01
  -93.146846     -0.56217242E-01
  -93.226527      0.16725628E-01
  -93.306208      0.10631106    
  -93.385889     -0.46875224E-01
  -93.465570     -0.35530701E-02
  -93.545251      0.42272221E-01
  -93.624932     -0.88612385E-01
  -93.704613     -0.77409379E-01
  -93.784294      0.62535256E-02
  -93.863975      0.96982745E-02
  -93.943656     -0.64009331E-01
  -94.023337     -0.20525845E-01
  -94.103018     -0.91066444E-02
  -94.182699     -0.50914049E-01
  -94.262380     -0.48262101E-01
  -94.342061     -0.38650751E-01
  -94.421742     -0.34468196E-01
  -94.501423     -0.27407639E-01
  -94.581104      0.68925507E-01
  -94.660785      0.37476432E-01
  -94.740466     -0.13182630    
  -94.820147     -0.63563116E-01
  -94.899828     -0.35340514E-02
  -94.979509      0.41891217E-01
  -95.059190      0.50291732E-01
  -95.138871     -0.10872340    
  -95.218552     -0.21856774E-02
  -95.298233      0.47258019E-01
  -95.377914     -0.77392004E-01
  -95.457595      0.16845390E-01
  -95.537276      0.11179314    
  -95.616957     -0.65216213E-01
  -95.696638     -0.90707131E-01
  -95.776319      0.54896545E-01
  -95.856000      0.26433701E-01
  -95.935681      0.46682160E-01
  -96.015362      0.25914237E-01
  -96.095043      0.20783739E-01
  -96.174724      0.75007387E-01
  -96.254405      0.39524969E-01
  -96.334086      0.27119471E-01
  -96.413767      0.21876186E-01
  -96.493448      0.17258832E-01
  -96.573129      0.67937084E-01
  -96.652810      0.97567119E-01
  -96.732491      0.16908614    
  -96.812172      0.47658712E-01
  -96.891853     -0.90628661E-01
  -96.971534      0.26141876E-01
  -97.051215     -0.12770735E-01
  -97.130896     -0.21798268E-01
  -97.210578      0.19581508E-01
  -97.290259      0.76189257E-01
  -97.369940      0.94754599E-01
  -97.449621      0.10606243    
  -97.529302      0.87748505E-01
  -97.608983     -0.18321928E-01
  -97.688664     -0.43268055E-01
  -97.768345     -0.87451063E-01
  -97.848026     -0.15470825    
  -97.927707     -0.99200346E-01
  -98.007388      0.92219412E-01
  -98.087069      0.98332524E-01
  -98.166750      0.90275183E-02
  -98.246431      0.14460378E-01
  -98.326112      0.49683481E-03
  -98.405793     -0.12980394    
  -98.485474     -0.65569185E-01
  -98.565155      0.46740875E-01
  -98.644836     -0.31743303E-01
  -98.724517     -0.73725334E-02
  -98.804198      0.17616639E-01
  -98.883879      0.93014752E-02
  -98.963560     -0.44503186E-01
  -99.043241     -0.15617193    
  -99.122922     -0.10851025    
  -99.202603     -0.36828008E-02
  -99.282284     -0.27415866E-01
  -99.361965     -0.39061926E-01
  -99.441646     -0.31237553E-02
  -99.521327     -0.10741527    
  -99.601008     -0.13439642    
  -99.680689     -0.13289216    
  -99.760370     -0.98987937E-01
  -99.840051     -0.73594362E-01
  -99.919732     -0.15984924    
  -99.999413     -0.67465924E-01
  -100.07909     -0.56223810E-01
  -100.15878     -0.11157232    
  -100.23846     -0.33739120E-01
  -100.31814      0.65762033E-02
  -100.39782     -0.92150301E-01
  -100.47750     -0.10086251    
  -100.55718     -0.10138254E-01
  -100.63686      0.19129097E-01
  -100.71654      0.51289018E-01
  -100.79622     -0.98227412E-02
  -100.87590      0.17820079E-01
  -100.95559      0.18782778E-01
  -101.03527      0.42135078E-01
  -101.11495      0.66429406E-01
  -101.19463     -0.27268261E-01
  -101.27431     -0.79090185E-01
  -101.35399     -0.15484940    
  -101.43367     -0.88752419E-01
  -101.51335      0.22680243E-01
  -101.59303     -0.12227488    
  -101.67271     -0.20065252    
  -101.75240     -0.94429523E-01
  -101.83208     -0.11326104    
  -101.91176     -0.12326614    
  -101.99144     -0.11917464    
  -102.07112     -0.88914342E-01
  -102.15080      0.35362795E-01
  -102.23048      0.39797029E-02
  -102.31016     -0.57728183E-01
  -102.38984      0.32734592E-01
  -102.46952      0.73978893E-01
  -102.54921      0.30909173E-01
  -102.62889     -0.31860355E-01
  -102.70857     -0.35241496E-01
  -102.78825     -0.85728839E-02
  -102.86793     -0.21357218E-01
  -102.94761     -0.14667132    
  -103.02729     -0.23318489    
  -103.10697     -0.16221721    
  -103.18665     -0.12912890    
  -103.26633     -0.70497156E-02
  -103.34602      0.13002458    
  -103.42570      0.47244187E-01
  -103.50538      0.40487014E-02
  -103.58506     -0.13547510E-01
  -103.66474     -0.44063255E-01
  -103.74442     -0.28707407E-01
  -103.82410     -0.22613481E-01
  -103.90378      0.33667639E-01
  -103.98346      0.24673114E-01
  -104.06314      0.20111289E-02
  -104.14283     -0.22700431E-01
  -104.22251     -0.94572067E-01
  -104.30219     -0.12547377    
  -104.38187     -0.41530382E-01
  -104.46155      0.97546905E-01
  -104.54123      0.16121102E-01
  -104.62091      0.34657931E-02
  -104.70059      0.13000402    
  -104.78027      0.96085154E-01
  -104.85996      0.10628462E-01
  -104.93964     -0.31575035E-01
  -105.01932     -0.28030992E-01
  -105.09900     -0.64429916E-02
  -105.17868      0.86661547E-01
  -105.25836      0.11085841E-01
  -105.33804     -0.26073740E-03
  -105.41772      0.72631299E-01
  -105.49740      0.95152877E-01
  -105.57708      0.87274551E-01
  -105.65677      0.75975709E-01
  -105.73645      0.24570143    
  -105.81613      0.14957239    
  -105.89581      0.14750947E-01
  -105.97549      0.48663478E-01
  -106.05517      0.21687841E-01
  -106.13485     -0.12230304E-01
  -106.21453      0.24796516E-01
  -106.29421      0.31674098E-01
  -106.37389      0.64069837E-01
  -106.45358      0.13327959    
  -106.53326      0.80525450E-01
  -106.61294      0.10429118    
  -106.69262      0.67692138E-01
  -106.77230      0.26522830E-01
  -106.85198      0.10120449    
  -106.93166      0.12581135    
  -107.01134      0.97126076E-02
  -107.09102     -0.67289226E-01
  -107.17070     -0.20303850E-02
  -107.25039     -0.15286346E-01
  -107.33007      0.38829673E-01
  -107.40975      0.43431398E-01
  -107.48943      0.42272776E-01
  -107.56911      0.42965952E-01
  -107.64879     -0.63615963E-02
  -107.72847      0.18306026E-02
  -107.80815      0.34871001E-01
  -107.88783     -0.38000651E-01
  -107.96751     -0.12637572    
  -108.04720     -0.91917910E-01
  -108.12688      0.10797906E-01
  -108.20656      0.82117887E-02
  -108.28624     -0.45266878E-01
  -108.36592     -0.40371373E-01
  -108.44560     -0.13734926E-01
  -108.52528      0.46767220E-01
  -108.60496      0.28342463E-01
  -108.68464      0.49194425E-01
  -108.76432     -0.75825402E-02
  -108.84401      0.64207363E-03
  -108.92369      0.11507917    
  -109.00337      0.11770832    
  -109.08305      0.31401280E-01
  -109.16273     -0.89471556E-01
  -109.24241     -0.10189234    
  -109.32209     -0.63771777E-01
