   111.10056      0.26630219E-01
   111.01958     -0.33672843E-01
   110.93860     -0.40098071E-01
   110.85763      0.35945930E-01
   110.77665      0.32425106E-02
   110.69567     -0.43908201E-01
   110.61470     -0.23677789E-01
   110.53372     -0.32667585E-01
   110.45274     -0.37588023E-01
   110.37177     -0.33196919E-02
   110.29079      0.23301095E-02
   110.20981     -0.24178850E-01
   110.12884     -0.21772429E-01
   110.04786      0.10871341E-01
   109.96688     -0.13810307E-01
   109.88590     -0.82539823E-02
   109.80493     -0.26413843E-02
   109.72395     -0.79470966E-02
   109.64297     -0.11491284E-01
   109.56200     -0.17482836E-01
   109.48102      0.24557835E-02
   109.40004      0.65303440E-02
   109.31907      0.41368909E-01
   109.23809     -0.89176465E-02
   109.15711     -0.51662855E-01
   109.07614     -0.18165838E-01
   108.99516     -0.29320270E-01
   108.91418     -0.20974621E-01
   108.83321     -0.53646468E-01
   108.75223     -0.15710659E-01
   108.67125      0.11639813E-01
   108.59027     -0.14536554E-01
   108.50930     -0.28455079E-01
   108.42832     -0.37457418E-01
   108.34734     -0.19281976E-01
   108.26637     -0.11519588E-01
   108.18539      0.44281058E-01
   108.10441      0.14008626E-01
   108.02344     -0.37569016E-01
   107.94246     -0.37362859E-01
   107.86148     -0.75127959E-01
   107.78051     -0.61779790E-01
   107.69953     -0.13067693E-01
   107.61855     -0.44333421E-01
   107.53757     -0.72469719E-01
   107.45660     -0.53612594E-01
   107.37562     -0.20799123E-01
   107.29464      0.32756634E-01
   107.21367      0.34475915E-01
   107.13269     -0.23571633E-01
   107.05171     -0.79396637E-02
   106.97074      0.34625940E-01
   106.88976      0.12534802E-01
   106.80878     -0.13956437E-01
   106.72781      0.68133739E-02
   106.64683     -0.10384593E-01
   106.56585     -0.27138583E-01
   106.48488     -0.43781839E-01
   106.40390     -0.16692886E-01
   106.32292     -0.91893785E-02
   106.24194     -0.78566119E-01
   106.16097     -0.49017109E-01
   106.07999      0.12727166E-01
   105.99901      0.68957158E-02
   105.91804     -0.11140693E-01
   105.83706     -0.32783978E-01
   105.75608     -0.81451610E-01
   105.67511     -0.33367272E-01
   105.59413      0.11391098E-01
   105.51315      0.14828893E-01
   105.43218     -0.15456339E-02
   105.35120      0.99317124E-02
   105.27022      0.50888903E-01
   105.18925      0.41646399E-01
   105.10827      0.37014715E-01
   105.02729      0.27539510E-01
   104.94631     -0.10400498E-01
   104.86534      0.55701910E-02
   104.78436      0.28629486E-01
   104.70338      0.49267728E-01
   104.62241      0.68379636E-03
   104.54143     -0.49993782E-02
   104.46045      0.44873610E-01
   104.37948      0.22046838E-01
   104.29850      0.63694894E-01
   104.21752      0.46005271E-01
   104.13655      0.46608999E-01
   104.05557      0.88031590E-01
   103.97459      0.56949310E-01
   103.89361      0.12926694E-01
   103.81264     -0.78766327E-02
   103.73166      0.46920009E-01
   103.65068      0.34863632E-01
   103.56971      0.11126716E-01
   103.48873      0.13364380E-01
   103.40775      0.16435936E-01
   103.32678      0.33541270E-01
   103.24580      0.25207968E-02
   103.16482      0.11368474E-01
   103.08385      0.37391908E-01
   103.00287      0.48002206E-01
   102.92189      0.23310734E-01
   102.84092      0.46431825E-01
   102.75994      0.95920548E-01
   102.67896      0.86331561E-01
   102.59798      0.80223233E-01
   102.51701      0.45761943E-01
   102.43603      0.25536202E-01
   102.35505      0.43751512E-01
   102.27408      0.37585597E-01
   102.19310      0.52640837E-01
   102.11212      0.51511340E-01
   102.03115      0.16331738E-02
   101.95017      0.65931459E-02
   101.86919      0.43910280E-01
   101.78822      0.67451209E-01
   101.70724      0.47582477E-01
   101.62626      0.99212676E-02
   101.54529      0.40260207E-01
   101.46431      0.33805367E-01
   101.38333     -0.20768547E-02
   101.30235      0.32039009E-01
   101.22138      0.98086603E-01
   101.14040      0.59761375E-01
   101.05942      0.35825890E-01
   100.97845      0.25767185E-01
   100.89747     -0.33991570E-02
   100.81649      0.36935352E-01
   100.73552      0.65042868E-01
   100.65454      0.47373153E-01
   100.57356      0.54428510E-01
   100.49259      0.10810962    
   100.41161      0.12468694    
   100.33063      0.10187095    
   100.24965      0.65250792E-01
   100.16868      0.66949010E-01
   100.08770      0.57367198E-01
   100.00672      0.42663608E-01
   99.925747      0.49166933E-01
   99.844770      0.53199984E-01
   99.763794      0.42745464E-01
   99.682817      0.28516423E-01
   99.601840      0.33462074E-01
   99.520863      0.68197086E-01
   99.439886      0.66243276E-01
   99.358909     -0.11802705E-01
   99.277932      0.16741499E-01
   99.196955      0.38708329E-01
   99.115978      0.20057699E-01
   99.035002      0.35863165E-01
   98.954025      0.29384717E-01
   98.873048      0.57258359E-02
   98.792071      0.64289927E-01
   98.711094      0.11927380    
   98.630117      0.73459968E-01
   98.549140      0.49822964E-01
   98.468163      0.10455857    
   98.387186      0.92879981E-01
   98.306210      0.21343555E-01
   98.225233      0.52871756E-01
   98.144256      0.28372809E-01
   98.063279      0.17729244E-03
   97.982302     -0.41831499E-02
   97.901325      0.43036826E-01
   97.820348      0.46311863E-01
   97.739371      0.38951498E-02
   97.658394      0.57136789E-01
   97.577418      0.22874929E-01
   97.496441     -0.21414731E-02
   97.415464      0.48902091E-02
   97.334487     -0.26815709E-01
   97.253510     -0.46653543E-02
   97.172533      0.41096620E-01
   97.091556      0.49386002E-01
   97.010579      0.22113804E-01
   96.929602     -0.25660510E-02
   96.848626     -0.29797841E-01
   96.767649      0.16262591E-01
   96.686672      0.31144200E-01
   96.605695      0.16544893E-01
   96.524718      0.47603782E-01
   96.443741      0.45579597E-01
   96.362764     -0.12017245E-01
   96.281787     -0.32158006E-01
   96.200810      0.71726469E-02
   96.119834     -0.54340484E-02
   96.038857      0.24883529E-01
   95.957880      0.39925553E-01
   95.876903     -0.15519511E-01
   95.795926     -0.26435328E-02
   95.714949      0.33123188E-01
   95.633972      0.71696592E-02
   95.552995     -0.11975596E-01
   95.472018      0.26650812E-01
   95.391042      0.29322106E-01
   95.310065      0.71942266E-02
   95.229088      0.32962210E-01
   95.148111      0.59118211E-01
   95.067134      0.56054309E-01
   94.986157     -0.15913624E-01
   94.905180     -0.15528377E-01
   94.824203      0.39553881E-01
   94.743226     -0.27964510E-01
   94.662250     -0.33839136E-01
   94.581273      0.17047446E-01
   94.500296      0.32049302E-01
   94.419319      0.39103135E-01
   94.338342      0.58931421E-01
   94.257365      0.38816743E-01
   94.176388      0.44618133E-01
   94.095411      0.39990492E-01
   94.014434      0.79691429E-02
   93.933458      0.45214958E-01
   93.852481      0.39272591E-01
   93.771504     -0.10069266E-02
   93.690527     -0.29408356E-01
   93.609550     -0.61455434E-02
   93.528573      0.46260528E-01
   93.447596      0.53139750E-01
   93.366619     -0.15164873E-01
   93.285642     -0.30155133E-01
   93.204666     -0.73050559E-02
   93.123689      0.33257861E-01
   93.042712      0.90171084E-01
   92.961735      0.79624638E-01
   92.880758      0.47666293E-01
   92.799781      0.26354156E-01
   92.718804      0.68992093E-01
   92.637827      0.70004314E-01
   92.556850      0.38885158E-01
   92.475874      0.18368773E-01
   92.394897      0.71726413E-02
   92.313920      0.33356634E-02
   92.232943     -0.15650230E-01
   92.151966     -0.37607703E-01
   92.070989      0.31759627E-01
   91.990012      0.95671639E-01
   91.909035      0.32596868E-01
   91.828058     -0.47631678E-02
   91.747082      0.45269206E-01
   91.666105      0.36152802E-01
   91.585128      0.49807122E-02
   91.504151      0.38876459E-01
   91.423174      0.45395952E-01
   91.342197      0.61656568E-01
   91.261220      0.43019321E-01
   91.180243      0.24491394E-01
   91.099266     -0.19413978E-01
   91.018290      0.49864249E-02
   90.937313      0.58560871E-01
   90.856336      0.23899598E-01
   90.775359     -0.76518359E-03
   90.694382      0.27712554E-01
   90.613405      0.14900025E-01
   90.532428     -0.29383156E-01
   90.451451      0.16004367E-01
   90.370474      0.51130928E-01
   90.289498      0.77580772E-01
   90.208521      0.67553803E-01
   90.127544      0.62421307E-01
   90.046567      0.49915664E-01
   89.965590     -0.35475238E-03
   89.884613      0.28781506E-03
   89.803636      0.43065410E-01
   89.722659      0.56808181E-01
   89.641683      0.43332532E-01
   89.560706      0.41075826E-01
   89.479729      0.91328518E-02
   89.398752      0.51175930E-01
   89.317775      0.53717539E-01
   89.236798     -0.19646816E-01
   89.155821      0.56659710E-01
   89.074844      0.47773283E-01
   88.993867     -0.27776852E-01
   88.912891     -0.77582127E-02
   88.831914      0.13772450E-01
   88.750937      0.53334780E-01
   88.669960      0.86737931E-01
   88.588983      0.58956373E-01
   88.508006      0.65700226E-01
   88.427029      0.10647519    
   88.346052      0.44296559E-01
   88.265075      0.28268116E-01
   88.184099      0.85379444E-01
   88.103122      0.78070454E-01
   88.022145      0.28423021E-01
   87.941168      0.41002240E-01
   87.860191      0.60105726E-01
   87.779214      0.42116482E-01
   87.698237      0.42138673E-01
   87.617260      0.19166626E-01
   87.536283     -0.40572893E-01
   87.455307      0.10732235E-01
   87.374330      0.30980933E-01
   87.293353      0.55147871E-01
   87.212376      0.95777214E-01
   87.131399      0.59486285E-01
   87.050422      0.84957168E-01
   86.969445      0.10042262    
   86.888468      0.68257079E-01
   86.807491      0.86122945E-01
   86.726515      0.91621950E-01
   86.645538      0.67996653E-02
   86.564561     -0.21589506E-01
   86.483584      0.25868217E-01
   86.402607      0.50931498E-01
   86.321630      0.48784465E-01
   86.240653      0.53067334E-01
   86.159676      0.40854491E-01
   86.078699     -0.40857363E-02
   85.997723     -0.23594838E-01
   85.916746     -0.84156599E-02
   85.835769      0.40340386E-01
   85.754792      0.21945529E-01
   85.673815      0.23016823E-02
   85.592838      0.64329118E-01
   85.511861      0.70254028E-01
   85.430884      0.12003432E-01
   85.349907      0.37903138E-01
   85.268931      0.95463261E-01
   85.187954      0.50959356E-01
   85.106977      0.37549835E-01
   85.026000      0.27844589E-01
   84.945023      0.60993279E-02
   84.864046      0.17068494E-01
   84.783069      0.11426330E-01
   84.702092      0.19305984E-01
   84.621115      0.12497896E-01
   84.540139     -0.95563708E-02
   84.459162      0.38157008E-02
   84.378185     -0.24826793E-01
   84.297208     -0.59602812E-01
   84.216231     -0.42140119E-01
   84.135254      0.79306401E-02
   84.054277      0.39248675E-01
   83.973300     -0.32991633E-01
   83.892323     -0.28214864E-01
   83.811347     -0.11773371E-01
   83.730370     -0.29631086E-01
   83.649393     -0.40716328E-01
   83.568416     -0.37874151E-01
   83.487439     -0.40386140E-01
   83.406462     -0.25099564E-01
   83.325485     -0.10875890E-02
   83.244508     -0.49995609E-01
   83.163531     -0.62974781E-01
   83.082555     -0.39663635E-01
   83.001578     -0.55958144E-01
   82.920601     -0.41628130E-01
   82.839624     -0.15891263E-02
   82.758647     -0.66153869E-01
   82.677670     -0.71663707E-01
   82.596693     -0.14773599E-01
   82.515716     -0.25485948E-01
   82.434739     -0.47954857E-01
   82.353763     -0.38443625E-01
   82.272786     -0.43769151E-01
   82.191809     -0.44773966E-01
   82.110832      0.26441704E-01
   82.029855      0.32672905E-02
   81.948878     -0.52074865E-01
   81.867901     -0.23226584E-02
   81.786924     -0.10118488E-01
   81.705947     -0.29556757E-01
   81.624971     -0.20904507E-01
   81.543994     -0.46096511E-01
   81.463017     -0.64180851E-01
   81.382040     -0.35502650E-01
   81.301063      0.65054307E-02
   81.220086      0.42443173E-02
   81.139109     -0.18554643E-01
   81.058132     -0.34243777E-01
   80.977155     -0.23745654E-01
   80.896179      0.83423778E-02
   80.815202      0.18883154E-01
   80.734225      0.13819420E-01
   80.653248      0.33670120E-01
   80.572271      0.21961145E-01
   80.491294      0.41872054E-01
   80.410317      0.50584570E-01
   80.329340     -0.19973142E-01
   80.248363      0.74539962E-02
   80.167387      0.11685219E-01
   80.086410     -0.10712016E-01
   80.005433     -0.21703772E-01
   79.924456      0.24156768E-01
   79.843479      0.75984389E-01
   79.762502      0.46215050E-01
   79.681525      0.82126079E-03
   79.600548     -0.13827361E-01
   79.519571      0.33624236E-01
   79.438595      0.32091741E-01
   79.357618      0.46573129E-01
   79.276641      0.35516024E-01
   79.195664      0.71515650E-01
   79.114687      0.62943012E-01
   79.033710      0.27364463E-01
   78.952733      0.65877870E-01
   78.871756      0.46358481E-01
   78.790779      0.47217868E-01
   78.709803      0.28393634E-01
   78.628826     -0.55119116E-02
   78.547849      0.81735671E-01
   78.466872      0.16602987    
   78.385895      0.11175875    
   78.304918      0.66465847E-01
   78.223941      0.78717485E-01
   78.142964      0.64756796E-01
   78.061987      0.63093543E-01
   77.981011      0.10538702    
   77.900034      0.52336775E-01
   77.819057      0.12723841E-01
   77.738080      0.74336909E-01
   77.657103      0.96588939E-01
   77.576126      0.56264505E-01
   77.495149      0.55663709E-01
   77.414172      0.74328080E-01
   77.333195      0.93939394E-01
   77.252219      0.10973437    
   77.171242      0.55219658E-01
   77.090265      0.67340575E-01
   77.009288      0.94198495E-01
   76.928311      0.44029184E-01
   76.847334      0.28478703E-01
   76.766357      0.23698349E-01
   76.685380      0.41640356E-01
   76.604403      0.71229085E-01
   76.523427      0.91732092E-01
   76.442450      0.88443890E-01
   76.361473      0.97553290E-01
   76.280496      0.11580318    
   76.199519      0.62997535E-01
   76.118542      0.49195480E-01
   76.037565      0.68750925E-01
   75.956588      0.33942424E-01
   75.875611      0.29016178E-01
   75.794635      0.71676806E-01
   75.713658      0.84204361E-01
   75.632681      0.77423736E-01
   75.551704      0.35418436E-01
   75.470727      0.60128286E-01
   75.389750      0.70478834E-01
   75.308773      0.57601418E-01
   75.227796      0.62907010E-01
   75.146819      0.73077917E-01
   75.065843      0.82299173E-01
   74.984866     -0.10189353E-01
   74.903889     -0.10113653E-01
   74.822912      0.32882795E-01
   74.741935      0.48105471E-01
   74.660958      0.43559656E-01
   74.579981      0.46761829E-01
   74.499004      0.13529866E-01
   74.418027     -0.84266793E-02
   74.337051      0.31009815E-02
   74.256074     -0.18833421E-01
   74.175097     -0.60815096E-01
   74.094120     -0.10279678    
   74.013143     -0.10227174E-02
   73.932166      0.16675210E-01
   73.851189      0.34373134E-01
   73.770212      0.52071057E-01
   73.689235      0.56978710E-01
   73.608259     -0.12431227    
   73.527282     -0.85908532E-01
   73.446305     -0.47504809E-01
   73.365328     -0.16177949E-01
   73.284351      0.45101956E-01
   73.203374      0.59897406E-02
   73.122397     -0.15529484E-01
   73.041420      0.46724658E-02
   72.960443      0.23152538E-01
   72.879467      0.47042206E-01
   72.798490      0.58130428E-01
   72.717513      0.20965520E-01
   72.636536     -0.16151557E-01
   72.555559     -0.38525596E-01
   72.474582     -0.63692983E-02
   72.393605      0.96417833E-02
   72.312628     -0.21396667E-01
   72.231651     -0.43978564E-01
   72.150675     -0.32941457E-01
   72.069698     -0.39531521E-01
   71.988721      0.70829655E-03
   71.907744      0.62116250E-01
   71.826767     -0.11725989E-01
   71.745790     -0.58395565E-01
   71.664813     -0.25570229E-01
   71.583836      0.24491693E-02
   71.502859      0.16232092E-01
   71.421883      0.77617085E-02
   71.340906      0.13208980E-01
   71.259929      0.56663334E-01
   71.178952      0.21952217E-01
   71.097975     -0.58027502E-01
   71.016998     -0.61905459E-02
   70.936021      0.33784859E-01
   70.855044     -0.11566220E-01
   70.774067     -0.71042883E-02
   70.693091      0.31442456E-01
   70.612114      0.14400998E-01
   70.531137      0.43251542E-02
   70.450160     -0.18929534E-01
   70.369183     -0.29757064E-01
   70.288206      0.47414135E-02
   70.207229      0.21185656E-02
   70.126252      0.26121266E-01
   70.045275      0.65045968E-01
   69.964299      0.60861669E-01
   69.883322      0.82299691E-02
   69.802345     -0.23524959E-01
   69.721368      0.14396489E-02
   69.640391     -0.72217882E-02
   69.559414      0.13105513E-01
   69.478437      0.68663746E-01
   69.397460      0.64179793E-01
   69.316483      0.89605115E-01
   69.235507      0.90110272E-01
   69.154530      0.41639391E-01
   69.073553      0.40841433E-02
   68.992576     -0.27732445E-01
   68.911599      0.81037078E-02
   68.830622      0.24354087E-01
   68.749645      0.70650250E-01
   68.668668      0.64739853E-01
   68.587691     -0.21288360E-01
   68.506715      0.38271569E-01
   68.425738      0.52106578E-01
   68.344761      0.13660903E-01
   68.263784      0.39861280E-01
   68.182807      0.59007868E-01
   68.101830      0.10770760    
   68.020853      0.11223574    
   67.939876      0.53003833E-01
   67.858899     -0.24042837E-02
   67.777923      0.22841018E-01
   67.696946      0.38945287E-01
   67.615969      0.64470135E-02
   67.534992     -0.42133722E-02
   67.454015     -0.51227841E-02
   67.373038     -0.22514444E-01
   67.292061     -0.17927792E-01
   67.211084     -0.89061609E-03
   67.130107      0.92357229E-02
   67.049131     -0.11107750E-02
   66.968154     -0.14822545E-01
   66.887177      0.15065793E-02
   66.806200     -0.17462117E-02
   66.725223     -0.21780651E-01
   66.644246     -0.28906809E-02
   66.563269      0.52384824E-01
   66.482292      0.42484414E-01
   66.401315      0.43411177E-01
   66.320339      0.77266037E-01
   66.239362      0.52727662E-01
   66.158385     -0.56677083E-02
   66.077408      0.33633441E-01
   65.996431      0.28411910E-01
   65.915454     -0.20659577E-01
   65.834477      0.20065267E-01
   65.753500      0.27905442E-01
   65.672523      0.63774779E-01
   65.591547      0.97884774E-01
   65.510570      0.85181266E-01
   65.429593      0.67854099E-01
   65.348616     -0.44716662E-02
   65.267639     -0.22601062E-01
   65.186662     -0.14434882E-01
   65.105685      0.10357574E-02
   65.024708      0.70709154E-01
   64.943731      0.72842017E-01
   64.862755      0.39157830E-01
   64.781778      0.18451776E-01
   64.700801     -0.66423733E-02
   64.619824     -0.15530840E-01
   64.538847      0.21095861E-01
   64.457870      0.73541133E-02
   64.376893      0.20697385E-02
   64.295916      0.46746701E-01
   64.214940      0.12659194E-01
   64.133963      0.26405197E-01
   64.052986      0.30641215E-01
   63.972009      0.29847745E-01
   63.891032      0.18025115E-01
   63.810055     -0.24954792E-01
   63.729078      0.48160963E-02
   63.648101      0.24109287E-01
   63.567124      0.40594637E-01
   63.486148      0.52457005E-01
   63.405171      0.12031389E-01
   63.324194      0.64345211E-01
   63.243217      0.72439298E-01
   63.162240      0.31682486E-02
   63.081263      0.66589624E-01
   63.000286      0.83778307E-01
   62.919309      0.14523838E-01
   62.838332      0.95269121E-02
   62.757356      0.77509675E-02
   62.676379      0.36510423E-01
   62.595402      0.42881507E-01
   62.514425     -0.19231169E-01
   62.433448      0.55932626E-02
   62.352471     -0.41347491E-02
   62.271494      0.74667379E-01
   62.190517      0.81614286E-01
   62.109540     -0.27878972E-01
   62.028564     -0.19724239E-01
   61.947587     -0.16773470E-01
   61.866610     -0.23274826E-01
   61.785633      0.25288800E-02
   61.704656      0.57265099E-01
   61.623679      0.69394156E-01
   61.542702      0.53674117E-01
   61.461725      0.88681718E-02
   61.380748      0.52095361E-01
   61.299772      0.79222314E-01
   61.218795      0.57150699E-01
   61.137818      0.38870182E-01
   61.056841      0.75188689E-02
   60.975864      0.15528299E-01
   60.894887     -0.14636738E-02
   60.813910      0.18155344E-01
   60.732933      0.22612315E-01
   60.651956      0.11694359E-01
   60.570980      0.33056580E-01
   60.490003     -0.62038940E-02
   60.409026     -0.32346725E-01
   60.328049      0.13240132E-01
   60.247072      0.42025499E-01
   60.166095      0.48782960E-01
   60.085118      0.82709985E-02
   60.004141     -0.10357194E-01
   59.923164      0.19217901E-01
   59.842188      0.53079270E-01
   59.761211      0.52204281E-01
   59.680234      0.27921375E-01
   59.599257      0.12052104E-01
   59.518280     -0.38927652E-01
   59.437303     -0.27129754E-01
   59.356326      0.57175951E-02
   59.275349     -0.32485288E-02
   59.194372      0.18306259E-01
   59.113396      0.55078864E-01
   59.032419      0.45180161E-01
   58.951442      0.30347519E-01
   58.870465      0.26363481E-01
   58.789488      0.26734222E-01
   58.708511      0.53526245E-01
   58.627534     -0.33693254E-01
   58.546557     -0.47211118E-01
   58.465580     -0.87904762E-02
   58.384604     -0.15724728E-01
   58.303627      0.27854625E-01
   58.222650      0.66061668E-01
   58.141673      0.20486642E-01
   58.060696     -0.42320430E-01
   57.979719      0.15261762E-01
   57.898742      0.28250627E-01
   57.817765      0.19347370E-01
   57.736788      0.10149945E-01
   57.655812      0.68717236E-02
   57.574835      0.24833439E-01
   57.493858      0.22415292E-01
   57.412881     -0.15370093E-01
   57.331904      0.14585918E-01
   57.250927      0.42535245E-01
   57.169950      0.23450773E-01
   57.088973      0.63075721E-01
   57.007996      0.33477828E-01
   56.927020      0.55837430E-01
   56.846043      0.10084448    
   56.765066      0.57482105E-01
   56.684089      0.36780074E-01
   56.603112      0.34181878E-01
   56.522135      0.38957976E-01
   56.441158      0.31031651E-01
   56.360181      0.13037600E-01
   56.279204      0.11392178E-01
   56.198228      0.38818777E-01
   56.117251      0.91669016E-01
   56.036274      0.83781496E-01
   55.955297      0.41036520E-01
   55.874320      0.27862594E-01
   55.793343      0.10757448E-01
   55.712366      0.68759046E-01
   55.631389      0.53232767E-01
   55.550412      0.35202518E-01
   55.469436      0.41736085E-01
   55.388459     -0.10225639E-01
   55.307482      0.95193768E-02
   55.226505      0.25449507E-01
   55.145528      0.23338761E-01
   55.064551     -0.12971517E-01
   54.983574     -0.72519658E-02
   54.902597      0.34086756E-01
   54.821620      0.65244555E-01
   54.740644      0.77412903E-01
   54.659667     -0.99533508E-02
   54.578690     -0.59588388E-01
   54.497713      0.20405423E-01
   54.416736      0.62645748E-01
   54.335759      0.53567547E-01
   54.254782      0.19586205E-01
   54.173805      0.33734325E-01
   54.092828      0.73496729E-01
   54.011852      0.30080238E-01
   53.930875      0.82395691E-02
   53.849898     -0.92713004E-02
   53.768921     -0.50246127E-01
   53.687944     -0.57121180E-02
   53.606967      0.40496431E-01
   53.525990      0.27055753E-01
   53.445013     -0.75760530E-02
   53.364036     -0.12385360E-01
   53.283060     -0.16201997E-01
   53.202083     -0.28608933E-01
   53.121106      0.38360776E-02
   53.040129      0.30550305E-01
   52.959152      0.61454168E-02
   52.878175      0.13663606E-01
   52.797198      0.93783000E-02
   52.716221      0.55490788E-02
   52.635244      0.42318199E-02
   52.554268      0.94316322E-02
   52.473291      0.16249144E-01
   52.392314     -0.15589855E-01
   52.311337      0.37956194E-02
   52.230360      0.56049250E-01
   52.149383      0.34373045E-01
   52.068406      0.17101007E-01
   51.987429      0.30708313E-01
   51.906452      0.13871119E-01
   51.825476      0.30479949E-01
   51.744499      0.34473196E-01
   51.663522      0.31225486E-01
   51.582545     -0.15760228E-01
   51.501568     -0.34180820E-01
   51.420591     -0.71121212E-02
   51.339614      0.14934884E-01
   51.258637      0.66276202E-02
   51.177660     -0.17812256E-01
   51.096684      0.95976731E-02
   51.015707      0.26634945E-01
   50.934730      0.31419054E-01
   50.853753      0.14109893E-01
   50.772776     -0.74783256E-02
   50.691799     -0.10566507E-01
   50.610822     -0.57530113E-01
   50.529845     -0.38609698E-01
   50.448868      0.60917079E-01
   50.367892      0.11250980    
   50.286915      0.23002816E-01
   50.205938     -0.43934166E-01
   50.124961      0.30109594E-02
   50.043984      0.47256779E-02
   49.963007     -0.29633410E-01
   49.882030     -0.22849295E-01
   49.801053      0.29885929E-01
   49.720076     -0.13443021E-02
   49.639100     -0.17190352E-01
   49.558123     -0.15147340E-01
   49.477146      0.26022006E-01
   49.396169      0.28755870E-01
   49.315192     -0.35463713E-01
   49.234215      0.84203631E-02
   49.153238      0.26621234E-01
   49.072261      0.19294605E-01
   48.991284      0.10276565E-01
   48.910308     -0.48805434E-01
   48.829331     -0.72214909E-01
   48.748354      0.85709535E-03
   48.667377      0.17358270E-01
   48.586400     -0.19280493E-01
   48.505423      0.10618018E-01
   48.424446      0.18008146E-01
   48.343469     -0.22403382E-01
   48.262492     -0.15342317E-01
   48.181516     -0.65410603E-02
   48.100539      0.12975718E-02
   48.019562     -0.28765285E-02
   47.938585      0.16108496E-01
   47.857608      0.79620838E-01
   47.776631      0.25011627E-01
   47.695654     -0.72823420E-01
   47.614677     -0.14957786E-02
   47.533700      0.50238229E-01
   47.452724      0.28437462E-01
   47.371747      0.13741583E-01
   47.290770     -0.82113314E-02
   47.209793      0.11494049E-01
   47.128816      0.29874213E-01
   47.047839     -0.17150346E-01
   46.966862     -0.64456820E-01
   46.885885      0.56489040E-02
   46.804908      0.49597394E-01
   46.723932      0.44823181E-01
   46.642955      0.40833842E-01
   46.561978      0.10811266E-01
   46.481001      0.10349933E-01
   46.400024     -0.44544362E-01
   46.319047     -0.48200231E-01
   46.238070      0.26302449E-01
   46.157093     -0.19674387E-01
   46.076116     -0.57201902E-02
   45.995140      0.96030496E-01
   45.914163      0.79803549E-01
   45.833186      0.42015649E-03
   45.752209      0.18325392E-01
   45.671232      0.32174699E-01
   45.590255     -0.26898654E-01
   45.509278     -0.24778545E-01
   45.428301     -0.31078862E-01
   45.347324     -0.33577465E-01
   45.266348     -0.36152075E-02
   45.185371      0.97081261E-02
   45.104394      0.23802068E-01
   45.023417      0.79979435E-01
   44.942440      0.55342294E-01
   44.861463      0.14566092E-02
   44.780486      0.21315515E-01
   44.699509      0.34096621E-01
   44.618532      0.49135961E-01
   44.537556      0.48943236E-02
   44.456579     -0.17416257E-01
   44.375602     -0.25588193E-02
   44.294625      0.16879659E-01
   44.213648      0.38251583E-01
   44.132671      0.44454239E-01
   44.051694      0.94440486E-02
   43.970717     -0.60800212E-02
   43.889740      0.56576757E-02
   43.808764     -0.41122930E-02
   43.727787      0.22964466E-01
   43.646810      0.38526729E-01
   43.565833      0.47069423E-01
   43.484856      0.81049211E-01
   43.403879      0.65829292E-01
   43.322902      0.26049681E-01
   43.241925      0.27439166E-01
   43.160948      0.64814091E-01
   43.079972      0.53300247E-01
   42.998995      0.69651701E-01
   42.918018      0.72551183E-01
   42.837041      0.27766734E-01
   42.756064      0.65227948E-01
   42.675087      0.45196436E-01
   42.594110      0.14978688E-01
   42.513133      0.22810683E-01
   42.432156      0.65799719E-02
   42.351180      0.87686293E-02
   42.270203      0.49966883E-01
   42.189226      0.46465538E-01
   42.108249      0.65854445E-01
   42.027272      0.72373532E-01
   41.946295      0.20775337E-01
   41.865318      0.42854428E-01
   41.784341      0.86188771E-01
   41.703364      0.83801255E-01
   41.622388      0.62119089E-01
   41.541411      0.41258489E-02
   41.460434     -0.35254136E-01
   41.379457      0.34416787E-01
   41.298480      0.10067196    
   41.217503      0.10557245    
   41.136526      0.75466767E-01
   41.055549      0.45200478E-01
   40.974572      0.53602941E-01
   40.893596      0.36000688E-01
   40.812619      0.32899719E-01
   40.731642      0.44046089E-01
   40.650665      0.30847490E-01
   40.569688      0.91523379E-01
   40.488711      0.32652944E-01
   40.407734     -0.74416883E-02
   40.326757      0.44965472E-01
   40.245780     -0.10185047E-01
   40.164804     -0.63352324E-02
   40.083827      0.53694203E-01
   40.002850      0.52784491E-01
   39.921873      0.80299109E-01
   39.840896      0.72079562E-01
   39.759919      0.48174210E-01
   39.678942      0.81188791E-01
   39.597965      0.48451766E-01
   39.516988      0.85778320E-02
   39.436012      0.17937038E-01
   39.355035      0.39221145E-01
   39.274058      0.59302500E-02
   39.193081      0.42491175E-01
   39.112104      0.41025251E-01
   39.031127     -0.22241415E-02
   38.950150      0.69155525E-02
   38.869173      0.17503586E-01
   38.788197      0.97044129E-02
   38.707220      0.10835782E-01
   38.626243      0.64952612E-01
   38.545266      0.67680255E-01
   38.464289      0.19205574E-01
   38.383312     -0.10972960E-03
   38.302335      0.20101797E-02
   38.221358     -0.16760651E-01
   38.140381      0.91964856E-03
   38.059405      0.15110251E-01
   37.978428     -0.51829126E-03
   37.897451     -0.19283045E-01
   37.816474      0.44185724E-02
   37.735497      0.31041671E-01
   37.654520      0.75643458E-02
   37.573543     -0.39492823E-01
   37.492566     -0.66014141E-01
   37.411589     -0.18698161E-02
   37.330613      0.26420526E-01
   37.249636      0.15299948E-01
   37.168659      0.33271168E-02
   37.087682     -0.13969573E-01
   37.006705     -0.36711160E-01
   36.925728     -0.31245563E-01
   36.844751     -0.23814891E-01
   36.763774     -0.14413565E-01
   36.682797      0.37517402E-01
   36.601821      0.42934291E-01
   36.520844      0.57194140E-01
   36.439867      0.77823438E-01
   36.358890      0.54292507E-01
   36.277913     -0.13502635E-01
   36.196936     -0.14583220E-01
   36.115959      0.35564050E-01
   36.034982      0.12060757E-01
   35.954005     -0.43409015E-02
   35.873029      0.10929774E-01
   35.792052     -0.27183837E-02
   35.711075     -0.22924788E-01
   35.630098     -0.41126296E-01
   35.549121     -0.64119259E-02
   35.468144      0.15647896E-01
   35.387167      0.16556654E-01
   35.306190      0.46503678E-01
   35.225213      0.43313760E-01
   35.144237      0.53768042E-02
   35.063260     -0.17014286E-01
   34.982283      0.40491655E-01
   34.901306      0.62059209E-01
   34.820329      0.27107180E-03
   34.739352      0.10224015E-01
   34.658375      0.15667643E-01
   34.577398     -0.25594600E-01
   34.496421     -0.53743231E-02
   34.415445      0.40874083E-01
   34.334468      0.50195821E-01
   34.253491      0.51519861E-02
   34.172514     -0.39043933E-01
   34.091537      0.87082256E-02
   34.010560      0.68156030E-02
   33.929583     -0.26541498E-01
   33.848606      0.43739740E-01
   33.767629      0.35777312E-01
   33.686653      0.12427997E-01
   33.605676      0.22323797E-01
   33.524699      0.30111162E-01
   33.443722      0.22321865E-01
   33.362745      0.66450583E-02
   33.281768      0.59184115E-01
   33.200791      0.74382491E-01
   33.119814      0.20104181E-01
   33.038837      0.21213153E-02
   32.957861      0.28504837E-01
   32.876884      0.47537428E-02
   32.795907      0.41629795E-01
   32.714930      0.70418291E-01
   32.633953      0.49184248E-01
   32.552976      0.57404889E-02
   32.471999      0.12069369E-01
   32.391022     -0.14438543E-01
   32.310045     -0.50425656E-01
   32.229069      0.68796556E-02
   32.148092      0.20561654E-01
   32.067115      0.32393519E-01
   31.986138      0.33507556E-01
   31.905161     -0.10544857E-01
   31.824184      0.44882961E-01
   31.743207      0.56746118E-01
   31.662230     -0.22217996E-01
   31.581253     -0.26498890E-01
   31.500277     -0.23147929E-01
   31.419300     -0.11901293E-01
   31.338323      0.21966476E-01
   31.257346      0.16389253E-01
   31.176369      0.31736352E-01
   31.095392      0.29856447E-01
   31.014415      0.15709419E-01
   30.933438      0.46746083E-01
   30.852461      0.35474330E-01
   30.771485     -0.11869726E-01
   30.690508     -0.12673710E-01
   30.609531      0.43509111E-01
   30.528554      0.35078380E-01
   30.447577      0.11486080E-01
   30.366600     -0.27664974E-02
   30.285623     -0.16404103E-01
   30.204646      0.23071319E-01
   30.123669      0.25752632E-01
   30.042693     -0.21623798E-01
   29.961716      0.71857544E-02
   29.880739     -0.48944233E-02
   29.799762     -0.32336079E-01
   29.718785     -0.25299587E-02
   29.637808     -0.12084806E-01
   29.556831     -0.27677109E-02
   29.475854      0.17680546E-01
   29.394877      0.13732852E-01
   29.313901      0.36319107E-01
   29.232924      0.40732816E-01
   29.151947      0.12226097E-01
   29.070970      0.64595998E-03
   28.989993      0.21222586E-01
   28.909016      0.56765579E-01
   28.828039      0.13239797E-01
   28.747062      0.36203577E-02
   28.666085      0.37195385E-01
   28.585109      0.25110787E-01
   28.504132      0.11639407E-01
   28.423155      0.19913120E-01
   28.342178     -0.15762549E-01
   28.261201     -0.83361752E-02
   28.180224      0.43494128E-01
   28.099247      0.29453967E-01
   28.018270      0.24278551E-01
   27.937293      0.10321491E-01
   27.856317      0.69260262E-02
   27.775340      0.41236106E-01
   27.694363      0.47780931E-01
   27.613386     -0.33621527E-01
   27.532409     -0.24716396E-01
   27.451432      0.62030401E-01
   27.370455      0.41014396E-01
   27.289478     -0.34404486E-01
   27.208501      0.14691237E-01
   27.127525      0.10304026    
   27.046548      0.46816882E-01
   26.965571     -0.89468798E-02
   26.884594      0.49285568E-01
   26.803617      0.26772257E-01
   26.722640      0.26237678E-01
   26.641663      0.91459289E-01
   26.560686      0.16183432E-01
   26.479709     -0.53597741E-01
   26.398733      0.13162795E-01
   26.317756      0.33161152E-01
   26.236779      0.53355796E-02
   26.155802      0.32661624E-01
   26.074825      0.32111863E-02
   25.993848      0.87699033E-02
   25.912871      0.32803081E-01
   25.831894      0.32077320E-01
   25.750917      0.15971797E-01
   25.669941      0.26220927E-01
   25.588964      0.18508632E-01
   25.507987      0.12349520E-01
   25.427010      0.37897766E-01
   25.346033     -0.16765952E-01
   25.265056      0.18114500E-01
   25.184079      0.69619849E-01
   25.103102      0.35537612E-01
   25.022125      0.50761446E-01
   24.941149      0.44732541E-01
   24.860172      0.57161499E-01
   24.779195      0.43823801E-01
   24.698218     -0.12020613E-02
   24.617241     -0.10054099E-01
   24.536264      0.10695029E-01
   24.455287      0.34505252E-01
   24.374310      0.66620279E-02
   24.293333     -0.10333490E-01
   24.212357      0.83954290E-01
   24.131380      0.10864029    
   24.050403      0.34541611E-01
   23.969426      0.13943369E-01
   23.888449      0.37242915E-01
   23.807472      0.75453989E-01
   23.726495      0.37589408E-01
   23.645518      0.20494996E-01
   23.564541      0.36816072E-01
   23.483565      0.45393057E-01
   23.402588      0.14225958E-01
   23.321611     -0.67869332E-02
   23.240634      0.15439590E-01
   23.159657      0.27225088E-01
   23.078680      0.30713160E-01
   22.997703      0.64879298E-01
   22.916726      0.96072182E-01
   22.835749      0.39889835E-01
   22.754773      0.13606334E-01
   22.673796      0.57846673E-01
   22.592819      0.41915569E-01
   22.511842      0.32648232E-01
   22.430865      0.42452224E-01
   22.349888      0.16665444E-01
   22.268911      0.18861674E-01
   22.187934      0.19158255E-01
   22.106957      0.12804064E-01
   22.025981      0.60708866E-01
   21.945004      0.47105696E-01
   21.864027     -0.70171682E-02
   21.783050      0.34173090E-01
   21.702073      0.27021229E-01
   21.621096      0.15892180E-01
   21.540119      0.33413406E-01
   21.459142      0.55262342E-01
   21.378165      0.35961833E-01
   21.297189      0.33993114E-01
   21.216212      0.11775096    
   21.135235      0.81297792E-01
   21.054258     -0.11010252E-01
   20.973281     -0.31581320E-01
   20.892304      0.43524223E-03
   20.811327      0.93885558E-03
   20.730350      0.48647593E-02
   20.649373      0.27466040E-01
   20.568397      0.10216396E-01
   20.487420      0.46869796E-02
   20.406443      0.16121641E-01
   20.325466      0.14995249E-01
   20.244489      0.60861968E-02
   20.163512     -0.17584839E-02
   20.082535      0.49838252E-01
   20.001558      0.49873527E-01
   19.920581      0.12038954E-01
   19.839605      0.15696790E-01
   19.758628     -0.32679662E-02
   19.677651      0.87023722E-02
   19.596674      0.55377450E-01
   19.515697      0.57809655E-01
   19.434720      0.28965700E-01
   19.353743     -0.12064607E-01
   19.272766      0.40149065E-02
   19.191789      0.41541703E-01
   19.110813      0.19540392E-01
   19.029836      0.32355778E-01
   18.948859      0.39550021E-01
   18.867882     -0.32254355E-03
   18.786905      0.50888099E-02
   18.705928      0.36600523E-01
   18.624951      0.34917697E-01
   18.543974      0.99868067E-02
   18.462997      0.10169379    
   18.382021      0.12504190    
   18.301044      0.32661069E-01
   18.220067     -0.15986849E-01
   18.139090     -0.45396662E-02
   18.058113      0.97493883E-02
   17.977136     -0.17583793E-01
   17.896159      0.25693905E-02
   17.815182     -0.47880989E-02
   17.734205     -0.23183815E-01
   17.653229      0.18322941E-01
   17.572252      0.47674075E-01
   17.491275      0.12322932E-01
   17.410298     -0.96796816E-02
   17.329321      0.99628344E-02
   17.248344     -0.28264918E-02
   17.167367      0.11063285E-01
   17.086390      0.75300224E-02
   17.005413     -0.93803992E-02
   16.924437      0.85937055E-02
   16.843460      0.10400601E-01
   16.762483      0.23362270E-01
   16.681506      0.49208649E-01
   16.600529      0.99812172E-01
   16.519552      0.28773339E-01
   16.438575     -0.42680860E-01
   16.357598     -0.27252097E-04
   16.276621      0.20347174E-01
   16.195645     -0.16314646E-01
   16.114668     -0.28575655E-01
   16.033691     -0.17900221E-01
   15.952714     -0.26237482E-01
   15.871737     -0.30058455E-01
   15.790760     -0.12175429E-01
   15.709783      0.27830340E-01
   15.628806      0.61380453E-01
   15.547829      0.35088077E-01
   15.466853      0.13197964E-01
   15.385876      0.38232811E-01
   15.304899      0.48748787E-01
   15.223922      0.33123590E-01
   15.142945     -0.13123695E-02
   15.061968      0.22437431E-01
   14.980991      0.48394382E-01
   14.900014      0.74196076E-02
   14.819037      0.25013208E-01
   14.738061      0.85106649E-01
   14.657084      0.45800190E-01
   14.576107      0.34172513E-01
   14.495130      0.50556874E-02
   14.414153      0.14710506E-01
   14.333176      0.70955470E-01
   14.252199      0.48271239E-01
   14.171222      0.48038408E-01
   14.090245      0.40355474E-01
   14.009269      0.54392893E-01
   13.928292      0.27636748E-01
   13.847315     -0.14835840E-01
   13.766338      0.29538905E-01
   13.685361      0.91618551E-02
   13.604384     -0.51675676E-02
   13.523407      0.15047828E-01
   13.442430      0.89809420E-02
   13.361454     -0.17138842E-01
   13.280477     -0.33989843E-01
   13.199500     -0.17463267E-01
   13.118523      0.10521213E-01
   13.037546      0.30369043E-01
   12.956569     -0.12869699E-01
   12.875592     -0.27084811E-01
   12.794615      0.63413079E-02
   12.713638      0.41082680E-01
   12.632662      0.34835353E-01
   12.551685      0.26934855E-01
   12.470708      0.21048838E-01
   12.389731     -0.19230299E-01
   12.308754      0.45739459E-02
   12.227777      0.67299521E-02
   12.146800      0.15802607E-01
   12.065823      0.51169265E-01
   11.984846      0.41276395E-01
   11.903870      0.52187875E-01
   11.822893      0.28213969E-01
   11.741916      0.33927304E-02
   11.660939      0.18593887E-01
   11.579962      0.58092764E-02
   11.498985     -0.26603470E-01
   11.418008     -0.98697478E-02
   11.337031      0.74350908E-02
   11.256054      0.45146838E-01
   11.175078      0.34787670E-01
   11.094101      0.31976953E-01
   11.013124      0.31555951E-01
   10.932147      0.15606076E-01
   10.851170      0.36816046E-01
   10.770193      0.12110671E-01
   10.689216      0.52259728E-01
   10.608239      0.64869523E-01
   10.527262     -0.14047903E-01
   10.446286     -0.82439184E-03
   10.365309      0.38703229E-01
   10.284332      0.32091297E-01
   10.203355      0.34181744E-01
   10.122378      0.43438967E-01
   10.041401      0.44713199E-01
   9.9604242      0.48351709E-01
   9.8794473      0.43329351E-01
   9.7984704      0.22740517E-03
   9.7174935      0.83287321E-02
   9.6365166      0.33195135E-02
   9.5555397     -0.15890397E-01
   9.4745629      0.44537298E-01
   9.3935860      0.36552452E-01
   9.3126091     -0.34069479E-02
   9.2316322      0.32709107E-01
   9.1506553      0.13961341E-01
   9.0696784     -0.29305536E-01
   8.9887015      0.91317929E-02
   8.9077246      0.42585671E-01
   8.8267477      0.66222280E-01
   8.7457709      0.71430087E-01
   8.6647940      0.65989688E-01
   8.5838171      0.57163663E-01
   8.5028402      0.50562322E-01
   8.4218633      0.20971593E-01
   8.3408864      0.12794605E-01
   8.2599095      0.50138384E-01
   8.1789326      0.43823261E-01
   8.0979557      0.65183327E-01
   8.0169789      0.40067960E-01
   7.9360020      0.74073714E-02
   7.8550251      0.37748508E-01
   7.7740482      0.19224791E-01
   7.6930713      0.14256565E-01
   7.6120944      0.28023198E-01
   7.5311175      0.63150145E-01
   7.4501406      0.18518094E-01
   7.3691637     -0.71786800E-02
   7.2881869      0.63808344E-01
   7.2072100      0.68850711E-01
   7.1262331      0.73059425E-01
   7.0452562      0.76320872E-01
   6.9642793      0.21364374E-01
   6.8833024      0.13850274E-01
   6.8023255      0.13629888E-01
   6.7213486      0.16530972E-01
   6.6403718      0.59724540E-01
   6.5593949      0.56560840E-01
   6.4784180      0.38993303E-01
   6.3974411      0.16930323E-01
   6.3164642      0.14991391E-01
   6.2354873     -0.85817287E-02
   6.1545104     -0.16017562E-01
   6.0735335      0.13692674E-01
   5.9925566      0.28179210E-01
   5.9115798      0.69802701E-01
   5.8306029      0.10405444    
   5.7496260      0.62551424E-01
   5.6686491      0.35146223E-02
   5.5876722      0.21723308E-01
   5.5066953      0.78450441E-01
   5.4257184      0.73131211E-01
   5.3447415      0.66641107E-01
   5.2637646      0.85221000E-01
   5.1827878      0.57383485E-01
   5.1018109      0.75569348E-02
   5.0208340     -0.37193701E-01
   4.9398571     -0.14990334E-01
   4.8588802     -0.12276037E-01
   4.7779033     -0.26934572E-01
   4.6969264      0.44807266E-02
   4.6159495     -0.11241043E-01
   4.5349726     -0.58272075E-01
   4.4539958     -0.52932996E-01
   4.3730189     -0.20744128E-01
   4.2920420      0.38990103E-01
   4.2110651      0.44148065E-01
   4.1300882     -0.39880732E-02
   4.0491113      0.40428646E-01
   3.9681344      0.82765095E-01
   3.8871575      0.97889550E-01
   3.8061807      0.50389141E-01
   3.7252038     -0.13620767E-01
   3.6442269      0.23627192E-01
   3.5632500      0.33600047E-01
   3.4822731      0.28129928E-01
   3.4012962      0.11489703E-01
   3.3203193     -0.17817359E-01
   3.2393424      0.14764849E-01
   3.1583655      0.32690324E-01
   3.0773887      0.51440187E-01
   2.9964118      0.36193244E-01
   2.9154349      0.53508438E-01
   2.8344580      0.61934322E-01
   2.7534811      0.47690850E-01
   2.6725042      0.54289475E-01
   2.5915273      0.26170380E-01
   2.5105504     -0.95163292E-03
   2.4295735      0.24663616E-01
   2.3485967      0.99854432E-02
   2.2676198     -0.77733714E-02
   2.1866429      0.24419669E-01
   2.1056660      0.18839138E-03
   2.0246891      0.29184420E-01
   1.9437122      0.25891829E-01
   1.8627353      0.36747381E-01
   1.7817584      0.63320987E-01
   1.7007816      0.29527593E-01
   1.6198047      0.34485757E-01
   1.5388278      0.23280405E-02
   1.4578509     -0.28673626E-01
   1.3768740      0.12898952E-03
   1.2958971      0.53762227E-01
   1.2149202      0.61378933E-01
   1.1339433      0.11608200E-01
   1.0529664      0.42376742E-01
  0.97198955      0.91020733E-01
  0.89101267      0.70072845E-01
  0.81003578      0.13173294E-01
  0.72905889      0.70232772E-02
  0.64808200     -0.15730798E-02
  0.56710511     -0.56632045E-02
  0.48612822      0.51154986E-01
  0.40515133      0.45536652E-01
  0.32417445      0.82785701E-02
  0.24319756      0.38866766E-01
  0.16222067      0.34578722E-01
  0.81243780E-01  0.60875613E-01
  0.26689160E-03  0.35615586E-01
 -0.80709997E-01  0.10355559E-01
 -0.16168689     -0.14904461E-01
 -0.24266377     -0.10270304E-01
 -0.32364066     -0.22662306E-01
 -0.40461755     -0.36039846E-02
 -0.48559444      0.19772805E-01
 -0.56657133      0.57854950E-02
 -0.64754822      0.10645483E-01
 -0.72852511      0.41757923E-01
 -0.80950199      0.53301759E-01
 -0.89047888      0.20668298E-01
 -0.97145577      0.33666208E-01
  -1.0524327      0.56399897E-01
  -1.1334095      0.47248580E-01
  -1.2143864      0.71790501E-01
  -1.2953633      0.38973697E-01
  -1.3763402      0.81576454E-02
  -1.4573171     -0.12300611E-01
  -1.5382940     -0.51805399E-01
  -1.6192709     -0.28935183E-01
  -1.7002478     -0.30013964E-01
  -1.7812247     -0.16301181E-01
  -1.8622015      0.73352404E-03
  -1.9431784     -0.28671138E-03
  -2.0241553      0.19196788E-01
  -2.1051322      0.48197497E-01
  -2.1861091     -0.13738752E-02
  -2.2670860     -0.24447532E-01
  -2.3480629     -0.12913349E-01
  -2.4290398      0.15067798E-01
  -2.5100167      0.26418179E-01
  -2.5909935     -0.23942113E-01
  -2.6719704      0.47120251E-01
  -2.7529473      0.67699365E-01
  -2.8339242     -0.18190838E-01
  -2.9149011     -0.30674286E-01
  -2.9958780      0.24321141E-01
  -3.0768549      0.10497605E-01
  -3.1578318     -0.11359318E-01
  -3.2388086     -0.19068889E-01
  -3.3197855     -0.26799630E-01
  -3.4007624      0.19322656E-01
  -3.4817393      0.40388346E-01
  -3.5627162      0.25379155E-01
  -3.6436931     -0.29680777E-01
  -3.7246700     -0.54448821E-01
  -3.8056469     -0.47833044E-01
  -3.8866238     -0.62282037E-01
  -3.9676006     -0.58600172E-01
  -4.0485775      0.85177198E-02
  -4.1295544      0.26482042E-01
  -4.2105313      0.21046065E-01
  -4.2915082      0.32192446E-01
  -4.3724851      0.28519001E-01
  -4.4534620      0.50818004E-01
  -4.5344389      0.13483251E-01
  -4.6154158     -0.13455525E-01
  -4.6963926      0.13181299E-01
  -4.7773695      0.39998651E-01
  -4.8583464      0.16529106E-01
  -4.9393233      0.69266028E-03
  -5.0203002     -0.30180879E-01
  -5.1012771     -0.13151187E-01
  -5.1822540      0.38317633E-02
  -5.2632309      0.17219374E-02
  -5.3442078      0.59029661E-01
  -5.4251846      0.69651499E-01
  -5.5061615      0.37412614E-01
  -5.5871384      0.41211443E-02
  -5.6681153      0.13164427E-01
  -5.7490922     -0.11088416E-01
  -5.8300691      0.11622967E-02
  -5.9110460      0.32140452E-01
  -5.9920229      0.63992202E-01
  -6.0729997      0.33325136E-01
  -6.1539766      0.21119200E-01
  -6.2349535      0.36433086E-01
  -6.3159304     -0.26264567E-01
  -6.3969073     -0.26788058E-01
  -6.4778842     -0.14073854E-01
  -6.5588611     -0.14046525E-01
  -6.6398380     -0.48554134E-01
  -6.7208149     -0.10826308E-01
  -6.8017917      0.10448817E-01
  -6.8827686     -0.14468119E-01
  -6.9637455      0.10489063E-01
  -7.0447224      0.60218781E-01
  -7.1256993      0.70159331E-01
  -7.2066762      0.14809724E-01
  -7.2876531      0.33510827E-01
  -7.3686300      0.67197666E-01
  -7.4496069      0.43700084E-01
  -7.5305837      0.46648350E-01
  -7.6115606      0.35683721E-01
  -7.6925375      0.31527333E-01
  -7.7735144      0.10868258    
  -7.8544913      0.11852585    
  -7.9354682     -0.37519113E-03
  -8.0164451     -0.40289000E-01
  -8.0974220      0.12539637E-03
  -8.1783989      0.22036057E-01
  -8.2593757     -0.25556353E-02
  -8.3403526     -0.21809382E-01
  -8.4213295      0.23435777E-01
  -8.5023064      0.20751879E-02
  -8.5832833      0.57102400E-02
  -8.6642602      0.95717069E-02
  -8.7452371      0.22079574E-01
  -8.8262140      0.13283888E-01
  -8.9071908     -0.19200267E-01
  -8.9881677     -0.34274023E-01
  -9.0691446     -0.32812707E-01
  -9.1501215     -0.13356096E-01
  -9.2310984     -0.30801466E-01
  -9.3120753      0.16662098E-01
  -9.3930522      0.26482482E-01
  -9.4740291     -0.29991087E-01
  -9.5550060     -0.18657984E-01
  -9.6359828      0.64381301E-01
  -9.7169597      0.48094708E-01
  -9.7979366     -0.12198741E-01
  -9.8789135      0.14467047E-01
  -9.9598904     -0.10775056E-01
  -10.040867      0.35270162E-01
  -10.121844      0.10417134    
  -10.202821      0.61352402E-01
  -10.283798      0.49493156E-01
  -10.364775      0.49616717E-01
  -10.445752      0.32257304E-01
  -10.526729      0.26017599E-01
  -10.607706      0.21280356E-01
  -10.688682      0.47942288E-01
  -10.769659      0.12490036    
  -10.850636      0.15833806    
  -10.931613      0.13167839    
  -11.012590      0.14882851    
  -11.093567      0.11271310    
  -11.174544      0.52355666E-01
  -11.255521      0.80206543E-01
  -11.336498      0.43475106E-01
  -11.417474     -0.24955091E-02
  -11.498451      0.46415381E-01
  -11.579428      0.39310552E-01
  -11.660405     -0.10036761E-01
  -11.741382     -0.27233552E-01
  -11.822359     -0.15300830E-01
  -11.903336      0.23928848E-02
  -11.984313     -0.51027231E-01
  -12.065290     -0.10623850    
  -12.146266     -0.43453563E-01
  -12.227243     -0.65117411E-03
  -12.308220     -0.11886026E-01
  -12.389197      0.15097368E-02
  -12.470174     -0.48156264E-02
  -12.551151      0.18198162E-01
  -12.632128     -0.22274084E-01
  -12.713105     -0.57841685E-01
  -12.794081     -0.67701317E-01
  -12.875058     -0.46072692E-01
  -12.956035      0.16757479E-01
  -13.037012      0.79869758E-02
  -13.117989     -0.13287818E-01
  -13.198966      0.25355015E-02
  -13.279943      0.52928053E-01
  -13.360920      0.46383526E-01
  -13.441897     -0.73295794E-02
  -13.522873     -0.88547133E-02
  -13.603850      0.11832966E-01
  -13.684827      0.24281463E-01
  -13.765804      0.33830695E-01
  -13.846781      0.16070779E-02
  -13.927758     -0.25678501E-01
  -14.008735      0.91101177E-03
  -14.089712      0.18085223E-01
  -14.170689     -0.26780687E-01
  -14.251665      0.20515635E-02
  -14.332642      0.30246815E-01
  -14.413619      0.28260060E-01
  -14.494596      0.68145175E-02
  -14.575573     -0.44813612E-02
  -14.656550      0.38028985E-01
  -14.737527     -0.12037663E-01
  -14.818504     -0.24393726E-01
  -14.899481     -0.37741281E-01
  -14.980457     -0.60557730E-01
  -15.061434     -0.31359851E-01
  -15.142411     -0.14831204E-01
  -15.223388     -0.20858026E-02
  -15.304365      0.22400787E-01
  -15.385342      0.42185921E-01
  -15.466319      0.27747054E-01
  -15.547296      0.30957010E-01
  -15.628273      0.30013632E-01
  -15.709249      0.49209073E-01
  -15.790226     -0.44918898E-02
  -15.871203     -0.61242852E-01
  -15.952180     -0.27121773E-01
  -16.033157      0.55912621E-02
  -16.114134      0.72513700E-01
  -16.195111      0.44094712E-01
  -16.276088     -0.43272562E-02
  -16.357065      0.46995766E-02
  -16.438041     -0.53163450E-02
  -16.519018      0.33872335E-02
  -16.599995     -0.50133709E-02
  -16.680972      0.30494362E-01
  -16.761949      0.29246610E-01
  -16.842926     -0.22568827E-01
  -16.923903      0.20939086E-01
  -17.004880      0.40514663E-01
  -17.085857     -0.24861163E-01
  -17.166833     -0.35237227E-01
  -17.247810     -0.17339602E-01
  -17.328787      0.26715390E-01
  -17.409764      0.71103521E-01
  -17.490741     -0.89969924E-02
  -17.571718     -0.59683934E-01
  -17.652695      0.11597427E-01
  -17.733672      0.21239182E-01
  -17.814649     -0.97870454E-02
  -17.895625     -0.12310633E-01
  -17.976602     -0.14955876E-01
  -18.057579     -0.97134085E-02
  -18.138556     -0.20688634E-01
  -18.219533      0.26951946E-01
  -18.300510      0.72297558E-01
  -18.381487      0.44533804E-01
  -18.462464      0.23207013E-01
  -18.543441      0.23446470E-01
  -18.624417      0.52497713E-02
  -18.705394     -0.23648883E-02
  -18.786371      0.20308308E-01
  -18.867348      0.32977119E-01
  -18.948325      0.64382747E-01
  -19.029302      0.47695003E-01
  -19.110279      0.38966119E-01
  -19.191256      0.80934048E-01
  -19.272233      0.10421184    
  -19.353209      0.10329354    
  -19.434186      0.72539791E-01
  -19.515163      0.54611173E-01
  -19.596140      0.35242543E-01
  -19.677117      0.41406937E-01
  -19.758094      0.94703823E-01
  -19.839071      0.11055922    
  -19.920048      0.57508133E-01
  -20.001025      0.23367109E-01
  -20.082001      0.30490741E-01
  -20.162978     -0.40592020E-02
  -20.243955      0.21591932E-01
  -20.324932      0.68002611E-01
  -20.405909      0.32292120E-01
  -20.486886      0.12831425E-01
  -20.567863     -0.62293531E-02
  -20.648840      0.41481748E-01
  -20.729817      0.45349933E-01
  -20.810793     -0.23411479E-01
  -20.891770     -0.19361764E-01
  -20.972747      0.70686283E-03
  -21.053724      0.40688530E-01
  -21.134701      0.77453449E-01
  -21.215678      0.92071675E-01
  -21.296655      0.61743028E-01
  -21.377632     -0.37363883E-01
  -21.458609     -0.20806909E-01
  -21.539585      0.32053247E-01
  -21.620562      0.37565049E-01
  -21.701539      0.60661808E-01
  -21.782516      0.68385839E-01
  -21.863493      0.42316128E-01
  -21.944470      0.25043335E-01
  -22.025447     -0.12256335E-01
  -22.106424     -0.28582253E-01
  -22.187401      0.42104997E-01
  -22.268377      0.27721116E-01
  -22.349354      0.30305736E-01
  -22.430331      0.31345665E-01
  -22.511308      0.11340288E-01
  -22.592285      0.35550453E-01
  -22.673262      0.42123638E-01
  -22.754239      0.15968909E-01
  -22.835216      0.16481036E-01
  -22.916193      0.66681698E-01
  -22.997169      0.20799875E-01
  -23.078146     -0.10485072E-01
  -23.159123     -0.81932545E-02
  -23.240100     -0.10602073E-01
  -23.321077     -0.60508875E-02
  -23.402054     -0.91765830E-02
  -23.483031      0.11519158E-01
  -23.564008     -0.25339503E-01
  -23.644985     -0.45922305E-01
  -23.725961      0.11035623E-02
  -23.806938      0.28125164E-02
  -23.887915      0.12119688E-01
  -23.968892      0.24316765E-01
  -24.049869      0.11200041E-01
  -24.130846      0.57605952E-01
  -24.211823      0.83528928E-01
  -24.292800      0.30857883E-01
  -24.373777     -0.33313196E-01
  -24.454753     -0.29323906E-01
  -24.535730      0.11161729E-01
  -24.616707      0.30964767E-02
  -24.697684      0.54635899E-02
  -24.778661      0.22324339E-01
  -24.859638      0.19294117E-01
  -24.940615     -0.68883873E-02
  -25.021592      0.34614496E-01
  -25.102569      0.78372896E-01
  -25.183545      0.19180272E-01
  -25.264522      0.29440721E-01
  -25.345499      0.34597956E-01
  -25.426476      0.24394705E-02
  -25.507453      0.17656434E-01
  -25.588430     -0.36214784E-01
  -25.669407     -0.56924824E-01
  -25.750384     -0.25578467E-02
  -25.831361     -0.50526718E-02
  -25.912337      0.37617888E-02
  -25.993314     -0.19467069E-02
  -26.074291     -0.61135646E-01
  -26.155268     -0.11961177E-01
  -26.236245      0.30534603E-01
  -26.317222      0.29347187E-02
  -26.398199     -0.13914697E-01
  -26.479176      0.15800618E-01
  -26.560153      0.13272803E-01
  -26.641129      0.38592960E-02
  -26.722106      0.19867688E-01
  -26.803083     -0.12361257E-01
  -26.884060      0.11425501E-01
  -26.965037      0.30321743E-01
  -27.046014      0.47077447E-01
  -27.126991      0.14808940E-01
  -27.207968     -0.96781962E-02
  -27.288945     -0.87535791E-02
  -27.369921     -0.37616394E-01
  -27.450898     -0.13872626E-03
  -27.531875     -0.18913161E-01
  -27.612852     -0.39573267E-01
  -27.693829     -0.17679887E-01
  -27.774806     -0.25663963E-01
  -27.855783     -0.11015030E-01
  -27.936760     -0.14608813E-01
  -28.017737      0.11285797E-01
  -28.098713      0.12620701E-01
  -28.179690      0.23628032E-04
  -28.260667      0.26858732E-01
  -28.341644      0.23690650E-01
  -28.422621     -0.39091781E-01
  -28.503598     -0.65236874E-01
  -28.584575      0.34550346E-01
  -28.665552      0.53879697E-01
  -28.746529     -0.21786164E-02
  -28.827505      0.48697316E-02
  -28.908482      0.25962222E-01
  -28.989459     -0.13241707E-01
  -29.070436     -0.23199722E-01
  -29.151413     -0.30589119E-01
  -29.232390     -0.39817080E-01
  -29.313367      0.12849236E-01
  -29.394344      0.91232918E-02
  -29.475321     -0.42952159E-02
  -29.556297      0.13174178E-01
  -29.637274     -0.32349534E-01
  -29.718251     -0.22292845E-01
  -29.799228     -0.25144447E-01
  -29.880205     -0.25110524E-01
  -29.961182     -0.13793733E-01
  -30.042159     -0.87181143E-02
  -30.123136      0.15871938E-01
  -30.204113     -0.88671986E-02
  -30.285089     -0.78228377E-02
  -30.366066     -0.31509898E-02
  -30.447043      0.24384484E-01
  -30.528020      0.44168726E-01
  -30.608997      0.11179632E-01
  -30.689974      0.10505578E-01
  -30.770951      0.31261824E-01
  -30.851928     -0.37241874E-02
  -30.932905      0.25330476E-01
  -31.013881      0.14628215E-01
  -31.094858     -0.17297972E-01
  -31.175835      0.20968545E-01
  -31.256812      0.23544919E-01
  -31.337789     -0.61354684E-02
  -31.418766     -0.14574396E-01
  -31.499743      0.27460581E-01
  -31.580720      0.18860143E-01
  -31.661697     -0.79035163E-02
  -31.742673      0.18540639E-01
  -31.823650      0.33978354E-01
  -31.904627     -0.57048658E-02
  -31.985604     -0.71564881E-03
  -32.066581      0.37358597E-01
  -32.147558      0.23772161E-01
  -32.228535      0.18637121E-01
  -32.309512     -0.14690293E-01
  -32.390489     -0.27337030E-01
  -32.471465      0.27483761E-01
  -32.552442      0.15472169E-01
  -32.633419      0.39211749E-02
  -32.714396      0.51189624E-01
  -32.795373      0.51048875E-01
  -32.876350      0.49864888E-01
  -32.957327      0.67609601E-01
  -33.038304      0.25499672E-01
  -33.119281      0.45869332E-02
  -33.200257      0.53283162E-02
  -33.281234      0.13929736E-02
  -33.362211      0.36165737E-01
  -33.443188      0.10017723E-01
  -33.524165      0.53856438E-02
  -33.605142      0.68704545E-01
  -33.686119      0.79799131E-01
  -33.767096      0.61334327E-01
  -33.848073      0.72609492E-01
  -33.929049      0.60399897E-01
  -34.010026      0.72862923E-01
  -34.091003      0.98843768E-01
  -34.171980      0.45277853E-01
  -34.252957      0.30410198E-01
  -34.333934      0.41844413E-01
  -34.414911      0.41026890E-01
  -34.495888      0.94019352E-02
  -34.576865      0.50258930E-02
  -34.657841      0.63976347E-01
  -34.738818      0.10536414    
  -34.819795      0.87889642E-01
  -34.900772      0.12254542E-01
  -34.981749      0.28041415E-01
  -35.062726      0.19354638E-01
  -35.143703      0.21435108E-01
  -35.224680      0.84116861E-01
  -35.305657      0.60318407E-01
  -35.386633      0.30507907E-01
  -35.467610     -0.42172680E-02
  -35.548587      0.12213491E-01
  -35.629564      0.55675954E-01
  -35.710541      0.11863387    
  -35.791518      0.12274523    
  -35.872495      0.68349555E-01
  -35.953472      0.95930248E-01
  -36.034449      0.67440525E-01
  -36.115425      0.36948320E-01
  -36.196402      0.46175674E-01
  -36.277379      0.51503517E-01
  -36.358356      0.34761418E-01
  -36.439333     -0.56211045E-02
  -36.520310     -0.11841904E-01
  -36.601287      0.21038549E-02
  -36.682264      0.92191901E-02
  -36.763241      0.62707536E-01
  -36.844217      0.38913134E-01
  -36.925194      0.13962978E-01
  -37.006171      0.31863436E-01
  -37.087148     -0.22315397E-02
  -37.168125      0.12330923E-01
  -37.249102      0.22317581E-01
  -37.330079      0.80130389E-02
  -37.411056     -0.19309059E-01
  -37.492033     -0.18668421E-01
  -37.573009      0.34601651E-02
  -37.653986     -0.83485246E-02
  -37.734963      0.30673038E-01
  -37.815940      0.40591732E-01
  -37.896917     -0.15405506E-01
  -37.977894      0.18845953E-01
  -38.058871      0.23403596E-01
  -38.139848      0.30984161E-01
  -38.220824      0.52243069E-01
  -38.301801     -0.15263407E-01
  -38.382778     -0.40280469E-01
  -38.463755     -0.36604643E-01
  -38.544732     -0.36675520E-01
  -38.625709     -0.15153044E-01
  -38.706686      0.34276366E-01
  -38.787663      0.28003550E-02
  -38.868640     -0.55085413E-01
  -38.949616     -0.32229740E-01
  -39.030593     -0.20531140E-01
  -39.111570     -0.55623543E-01
  -39.192547     -0.95366146E-02
  -39.273524      0.37773516E-01
  -39.354501      0.19108657E-01
  -39.435478      0.69619790E-02
  -39.516455     -0.24950415E-01
  -39.597432     -0.35177648E-01
  -39.678408     -0.36226738E-01
  -39.759385     -0.31537820E-01
  -39.840362     -0.29330276E-01
  -39.921339     -0.17499246E-01
  -40.002316     -0.24413435E-01
  -40.083293     -0.31882059E-01
  -40.164270     -0.33140358E-01
  -40.245247     -0.25760356E-01
  -40.326224      0.14738814E-01
  -40.407200     -0.33465192E-01
  -40.488177     -0.75159892E-01
  -40.569154     -0.23510026E-01
  -40.650131     -0.16233552E-01
  -40.731108      0.65023691E-04
  -40.812085      0.29551894E-02
  -40.893062     -0.11945875E-01
  -40.974039      0.15807096E-01
  -41.055016      0.42093158E-01
  -41.135992      0.18114462E-01
  -41.216969     -0.37555702E-01
  -41.297946     -0.41716844E-01
  -41.378923     -0.46147006E-02
  -41.459900      0.24607344E-01
  -41.540877      0.28069573E-02
  -41.621854     -0.67816712E-01
  -41.702831     -0.56217670E-01
  -41.783808      0.26254281E-01
  -41.864784      0.35059907E-01
  -41.945761     -0.25355758E-02
  -42.026738      0.23575097E-01
  -42.107715     -0.74848579E-03
  -42.188692     -0.28098784E-02
  -42.269669     -0.19025935E-02
  -42.350646     -0.87064889E-03
  -42.431623      0.20230468E-01
  -42.512600     -0.18447254E-01
  -42.593576      0.70969840E-02
  -42.674553      0.28478697E-01
  -42.755530      0.17312719E-01
  -42.836507      0.22771519E-01
  -42.917484      0.33625126E-01
  -42.998461      0.34768183E-01
  -43.079438      0.10766780E-01
  -43.160415      0.36080409E-01
  -43.241392      0.72894067E-01
  -43.322368      0.45496698E-01
  -43.403345      0.44893799E-02
  -43.484322      0.44764425E-02
  -43.565299      0.51814385E-01
  -43.646276      0.66161767E-01
  -43.727253     -0.21387674E-02
  -43.808230     -0.33558574E-01
  -43.889207      0.32906341E-02
  -43.970184      0.20389881E-01
  -44.051160      0.20604130E-01
  -44.132137      0.72786247E-03
  -44.213114     -0.37751369E-01
  -44.294091     -0.20700723E-01
  -44.375068      0.54994382E-01
  -44.456045      0.64911321E-01
  -44.537022      0.66946894E-01
  -44.617999      0.68218209E-01
  -44.698976      0.37415043E-01
  -44.779952      0.16182993E-01
  -44.860929      0.71654513E-01
  -44.941906      0.37611727E-01
  -45.022883     -0.74445223E-02
  -45.103860      0.91348566E-01
  -45.184837      0.10525766    
  -45.265814      0.71047112E-01
  -45.346791      0.81374303E-01
  -45.427768      0.35000898E-01
  -45.508744     -0.21224860E-01
  -45.589721      0.14825362E-01
  -45.670698     -0.91789901E-03
  -45.751675     -0.31346284E-01
  -45.832652      0.18326299E-01
  -45.913629      0.31472895E-01
  -45.994606     -0.25420733E-01
  -46.075583     -0.11646297E-01
  -46.156560      0.30673319E-01
  -46.237536      0.17666055E-01
  -46.318513      0.25672145E-01
  -46.399490      0.45649040E-01
  -46.480467      0.18565487E-01
  -46.561444      0.22246389E-01
  -46.642421      0.35339195E-01
  -46.723398      0.49643472E-01
  -46.804375      0.48884340E-01
  -46.885352     -0.11658799E-01
  -46.966328      0.19273639E-01
  -47.047305      0.42706154E-01
  -47.128282      0.35014357E-02
  -47.209259      0.18178578E-01
  -47.290236     -0.10999105E-01
  -47.371213     -0.43079730E-01
  -47.452190      0.17453123E-01
  -47.533167      0.23540474E-01
  -47.614144     -0.13726521E-01
  -47.695120     -0.11583689E-01
  -47.776097      0.29065732E-01
  -47.857074      0.35987157E-01
  -47.938051      0.61986268E-01
  -48.019028      0.15590546E-01
  -48.100005     -0.36452293E-01
  -48.180982      0.34579698E-01
  -48.261959      0.22742786E-01
  -48.342936      0.20089019E-01
  -48.423912      0.18012751E-01
  -48.504889     -0.34023713E-01
  -48.585866     -0.18440552E-01
  -48.666843     -0.19445308E-01
  -48.747820      0.10297552E-01
  -48.828797      0.34642749E-01
  -48.909774      0.49299687E-01
  -48.990751      0.54008931E-01
  -49.071728      0.23186423E-01
  -49.152704      0.61193042E-01
  -49.233681      0.75902216E-01
  -49.314658      0.12874877E-01
  -49.395635     -0.89729112E-02
  -49.476612      0.10919169E-01
  -49.557589      0.19122165E-01
  -49.638566      0.93713878E-02
  -49.719543      0.51364871E-02
  -49.800520     -0.14035096E-01
  -49.881496      0.23108121E-01
  -49.962473      0.59984349E-01
  -50.043450      0.28490186E-01
  -50.124427      0.55257849E-01
  -50.205404      0.64785197E-01
  -50.286381      0.62703684E-01
  -50.367358      0.20622727E-01
  -50.448335      0.19295711E-01
  -50.529312      0.17988669E-01
  -50.610288     -0.12279412E-01
  -50.691265      0.19534390E-01
  -50.772242      0.27106624E-01
  -50.853219      0.28120365E-01
  -50.934196      0.33553697E-01
  -51.015173      0.49269140E-01
  -51.096150      0.42328499E-01
  -51.177127      0.26103899E-01
  -51.258104      0.29178370E-01
  -51.339080      0.21267440E-01
  -51.420057      0.29521089E-01
  -51.501034     -0.25105488E-01
  -51.582011     -0.33408232E-01
  -51.662988      0.13253340E-01
  -51.743965      0.24368219E-01
  -51.824942      0.30387953E-01
  -51.905919      0.23534171E-01
  -51.986896      0.19257355E-01
  -52.067872     -0.91795408E-03
  -52.148849      0.15812600E-02
  -52.229826     -0.50556930E-02
  -52.310803     -0.32880023E-01
  -52.391780     -0.20906771E-01
  -52.472757     -0.23224559E-01
  -52.553734      0.13112267E-01
  -52.634711      0.20843558E-01
  -52.715688     -0.53334930E-02
  -52.796664     -0.13182187E-01
  -52.877641      0.77544232E-02
  -52.958618      0.23548715E-01
  -53.039595      0.34603877E-02
  -53.120572     -0.32772918E-02
  -53.201549     -0.47710235E-02
  -53.282526     -0.27346303E-03
  -53.363503     -0.30895220E-01
  -53.444480     -0.51885791E-01
  -53.525456     -0.18572917E-01
  -53.606433     -0.29622506E-01
  -53.687410     -0.63259184E-01
  -53.768387     -0.15246935E-01
  -53.849364      0.69028651E-02
  -53.930341     -0.95607601E-02
  -54.011318     -0.69708135E-02
  -54.092295     -0.12141116E-01
  -54.173272     -0.45712844E-01
  -54.254248     -0.70163503E-01
  -54.335225     -0.26900172E-01
  -54.416202     -0.11423398E-01
  -54.497179     -0.19742919E-02
  -54.578156      0.13164891E-01
  -54.659133      0.16659770E-01
  -54.740110      0.41488230E-01
  -54.821087      0.26915357E-01
  -54.902064     -0.10512445E-01
  -54.983040     -0.14387824E-01
  -55.064017      0.76915044E-02
  -55.144994      0.17587453E-01
  -55.225971      0.16818212E-01
  -55.306948     -0.14016916E-01
  -55.387925     -0.72259396E-01
  -55.468902     -0.47098987E-01
  -55.549879      0.77725283E-03
  -55.630856      0.17891569E-02
  -55.711832      0.17801870E-01
  -55.792809      0.10993035E-01
  -55.873786      0.19523378E-01
  -55.954763      0.20241797E-01
  -56.035740     -0.15747348E-01
  -56.116717     -0.14450628E-01
  -56.197694     -0.13239602E-01
  -56.278671     -0.24802193E-01
  -56.359648      0.24246875E-01
  -56.440624     -0.18588968E-01
  -56.521601     -0.94441317E-01
  -56.602578     -0.80842711E-02
  -56.683555      0.18779107E-02
  -56.764532     -0.58728553E-01
  -56.845509     -0.33858784E-01
  -56.926486     -0.13891531E-01
  -57.007463     -0.47165185E-01
  -57.088440     -0.53242007E-02
  -57.169416      0.44105001E-01
  -57.250393     -0.38905710E-01
  -57.331370     -0.36252454E-01
  -57.412347      0.24217272E-01
  -57.493324      0.39482370E-01
  -57.574301      0.20503332E-02
  -57.655278     -0.18557664E-01
  -57.736255      0.14869668E-01
  -57.817232      0.13622962E-01
  -57.898208      0.25864865E-02
  -57.979185      0.91646388E-02
  -58.060162      0.94614439E-02
  -58.141139      0.15376756E-01
  -58.222116     -0.27790431E-01
  -58.303093     -0.59618644E-01
  -58.384070     -0.41577676E-02
  -58.465047      0.80715967E-02
  -58.546024     -0.15374541E-01
  -58.627000     -0.21410342E-01
  -58.707977     -0.15643920E-03
  -58.788954      0.93973996E-02
  -58.869931     -0.46145365E-01
  -58.950908     -0.33434097E-01
  -59.031885      0.29606383E-01
  -59.112862     -0.17863898E-03
  -59.193839     -0.22399679E-01
  -59.274816      0.39550368E-01
  -59.355792      0.26614036E-01
  -59.436769     -0.74939691E-02
  -59.517746      0.36191311E-01
  -59.598723      0.35665780E-01
  -59.679700      0.48627958E-01
  -59.760677      0.45991395E-01
  -59.841654     -0.99892560E-02
  -59.922631      0.88401223E-02
  -60.003608      0.57237633E-01
  -60.084584      0.39856832E-01
  -60.165561     -0.14437524E-01
  -60.246538     -0.25755208E-01
  -60.327515      0.25090382E-01
  -60.408492      0.60725715E-02
  -60.489469      0.27289751E-02
  -60.570446      0.42077363E-01
  -60.651423      0.18494273E-01
  -60.732400     -0.95763383E-03
  -60.813376     -0.33857115E-03
  -60.894353      0.13364138E-01
  -60.975330      0.16725047E-01
  -61.056307      0.40707935E-01
  -61.137284      0.77196702E-01
  -61.218261      0.46258196E-01
  -61.299238      0.11385485E-01
  -61.380215      0.71132541E-01
  -61.461192      0.13293283    
  -61.542168      0.92957474E-01
  -61.623145      0.38088307E-01
  -61.704122      0.43355554E-01
  -61.785099      0.58991976E-01
  -61.866076      0.30989394E-01
  -61.947053      0.23750138E-01
  -62.028030      0.55686533E-01
  -62.109007      0.83762288E-01
  -62.189984      0.58981776E-01
  -62.270960      0.77092841E-01
  -62.351937      0.91356583E-01
  -62.432914      0.62041678E-01
  -62.513891      0.91776699E-01
  -62.594868      0.85673630E-01
  -62.675845      0.29565256E-01
  -62.756822      0.65730870E-01
  -62.837799      0.93836308E-01
  -62.918776      0.64989381E-01
  -62.999752      0.59674885E-01
  -63.080729      0.40378779E-01
  -63.161706      0.14638806E-01
  -63.242683      0.31649701E-01
  -63.323660      0.50908446E-01
  -63.404637      0.40756457E-01
  -63.485614      0.29304925E-01
  -63.566591      0.56918241E-01
  -63.647567      0.93453206E-01
  -63.728544      0.56766611E-01
  -63.809521      0.55231661E-01
  -63.890498      0.80327600E-01
  -63.971475      0.92804395E-01
  -64.052452      0.87467223E-01
  -64.133429      0.47728643E-01
  -64.214406      0.35897061E-01
  -64.295383      0.72698563E-01
  -64.376359      0.38169581E-01
  -64.457336      0.35293572E-01
  -64.538313      0.10407215    
  -64.619290      0.13736631    
  -64.700267      0.73507592E-01
  -64.781244     -0.82362138E-04
  -64.862221     -0.50336709E-02
  -64.943198      0.30933380E-01
  -65.024175      0.34540780E-01
  -65.105151      0.34602210E-01
  -65.186128      0.58681473E-01
  -65.267105      0.14523135E-01
  -65.348082      0.26857294E-02
  -65.429059      0.36995655E-02
  -65.510036     -0.19241184E-01
  -65.591013      0.18038029E-01
  -65.671990      0.77656277E-01
  -65.752967      0.43659635E-01
  -65.833943      0.39255649E-01
  -65.914920      0.41893095E-01
  -65.995897      0.22047402E-02
  -66.076874      0.47826186E-01
  -66.157851      0.72291970E-01
  -66.238828      0.43220535E-01
  -66.319805      0.45442632E-02
  -66.400782     -0.63571885E-01
  -66.481759     -0.48649468E-01
  -66.562735     -0.10744642E-01
  -66.643712      0.24790172E-01
  -66.724689      0.19397791E-01
  -66.805666     -0.75981924E-02
  -66.886643     -0.47824072E-03
  -66.967620      0.33830227E-02
  -67.048597      0.47420628E-01
  -67.129574      0.50740693E-01
  -67.210551      0.36447786E-01
  -67.291527      0.20212971E-01
  -67.372504      0.17332250E-01
  -67.453481      0.30575514E-01
  -67.534458      0.20479137E-01
  -67.615435      0.19881174E-01
  -67.696412     -0.21498758E-01
  -67.777389     -0.84703900E-02
  -67.858366      0.54569952E-01
  -67.939343      0.81721917E-02
  -68.020319     -0.41801386E-01
  -68.101296     -0.50539631E-01
  -68.182273     -0.35076579E-02
  -68.263250      0.53178255E-01
  -68.344227     -0.18501393E-01
  -68.425204     -0.18032122E-01
  -68.506181      0.23179092E-01
  -68.587158     -0.75028036E-02
  -68.668135     -0.50051480E-04
  -68.749111     -0.17030429E-01
  -68.830088     -0.52996740E-01
  -68.911065     -0.59610132E-01
  -68.992042     -0.27334975E-01
  -69.073019     -0.44772886E-02
  -69.153996      0.10074752E-01
  -69.234973     -0.33130363E-01
  -69.315950     -0.33200532E-01
  -69.396927     -0.41471727E-01
  -69.477903     -0.83142646E-01
  -69.558880     -0.49884863E-01
  -69.639857     -0.46602979E-01
  -69.720834     -0.54550998E-01
  -69.801811     -0.38189441E-01
  -69.882788     -0.54786004E-01
  -69.963765     -0.35092868E-01
  -70.044742     -0.20142708E-01
  -70.125719     -0.48739731E-01
  -70.206695     -0.40973309E-01
  -70.287672     -0.61748765E-01
  -70.368649     -0.11405212E-01
  -70.449626      0.12771165E-01
  -70.530603     -0.33233911E-01
  -70.611580     -0.23113942E-01
  -70.692557     -0.16135909E-01
  -70.773534     -0.32082558E-01
  -70.854511     -0.68153590E-01
  -70.935487     -0.57067364E-01
  -71.016464     -0.61970964E-01
  -71.097441     -0.85615493E-01
  -71.178418     -0.70561752E-01
  -71.259395     -0.59436820E-01
  -71.340372     -0.15173411E-01
  -71.421349      0.97932052E-02
  -71.502326     -0.43479219E-01
  -71.583303     -0.39729349E-01
  -71.664279      0.13085412E-01
  -71.745256     -0.43941289E-01
  -71.826233     -0.56298859E-01
  -71.907210     -0.54714870E-01
  -71.988187     -0.65042853E-01
  -72.069164     -0.27155498E-01
  -72.150141     -0.41639674E-01
  -72.231118     -0.81241712E-01
  -72.312095     -0.89666560E-01
  -72.393071     -0.87807477E-01
  -72.474048     -0.68016730E-01
  -72.555025     -0.43652482E-01
  -72.636002     -0.77641696E-01
  -72.716979     -0.58550481E-01
  -72.797956     -0.70636012E-01
  -72.878933     -0.72151624E-01
  -72.959910     -0.53594258E-01
  -73.040887     -0.73123261E-01
  -73.121863     -0.43884285E-01
  -73.202840     -0.59925601E-01
  -73.283817     -0.66075385E-01
  -73.364794     -0.88693947E-02
  -73.445771     -0.90846671E-02
  -73.526748      0.12766526E-02
  -73.607725      0.17552178E-02
  -73.688702     -0.24906211E-02
  -73.769679     -0.69408109E-02
  -73.850655     -0.18063448E-01
  -73.931632     -0.29186098E-01
  -74.012609     -0.46072997E-01
  -74.093586     -0.61918098E-01
  -74.174563     -0.12447246E-01
  -74.255540      0.16674267E-01
  -74.336517     -0.71433512E-02
  -74.417494     -0.87876171E-02
  -74.498471     -0.41716170E-01
  -74.579447     -0.67068592E-01
  -74.660424     -0.48702009E-01
  -74.741401      0.35894228E-03
  -74.822378      0.35915636E-01
  -74.903355      0.22665072E-01
  -74.984332      0.43352790E-01
  -75.065309      0.59717923E-01
  -75.146286      0.36719523E-01
  -75.227263      0.27567985E-01
  -75.308239      0.44584312E-01
  -75.389216      0.54923221E-01
  -75.470193      0.44279054E-01
  -75.551170     -0.16016439E-01
  -75.632147     -0.70491354E-02
  -75.713124      0.83895050E-01
  -75.794101      0.75064078E-01
  -75.875078      0.74083962E-01
  -75.956055      0.86357817E-01
  -76.037031      0.68871528E-01
  -76.118008      0.78700498E-01
  -76.198985      0.18491283E-01
  -76.279962     -0.12094767E-01
  -76.360939      0.68139777E-01
  -76.441916      0.11373241    
  -76.522893      0.97108088E-01
  -76.603870      0.43495666E-01
  -76.684847      0.29997699E-01
  -76.765823      0.63692898E-01
  -76.846800      0.79407722E-01
  -76.927777      0.10462385    
  -77.008754      0.81246153E-01
  -77.089731      0.81623651E-01
  -77.170708      0.10583779    
  -77.251685      0.10073614    
  -77.332662      0.94944619E-01
  -77.413639      0.98241746E-01
  -77.494615      0.72095886E-01
  -77.575592      0.43469507E-01
  -77.656569      0.10310649    
  -77.737546      0.11329377    
  -77.818523      0.44513188E-01
  -77.899500      0.50305240E-01
  -77.980477      0.71810439E-01
  -78.061454      0.39247580E-01
  -78.142431      0.23708537E-01
  -78.223407      0.54849941E-01
  -78.304384      0.69320440E-01
  -78.385361      0.54429792E-01
  -78.466338      0.11674142    
  -78.547315      0.12723750    
  -78.628292      0.62933773E-01
  -78.709269      0.25361279E-01
  -78.790246      0.53166777E-01
  -78.871223      0.55862077E-01
  -78.952199      0.25922198E-01
  -79.033176     -0.73131742E-02
  -79.114153     -0.10123442E-01
  -79.195130      0.54816514E-01
  -79.276107      0.40652085E-01
  -79.357084     -0.69673918E-02
  -79.438061     -0.51316279E-02
  -79.519038      0.29975761E-01
  -79.600015      0.54125614E-01
  -79.680991      0.18201075E-01
  -79.761968     -0.30291127E-01
  -79.842945     -0.38322222E-02
  -79.923922      0.27521595E-01
  -80.004899      0.11311596E-01
  -80.085876     -0.13450967E-01
  -80.166853     -0.56819031E-02
  -80.247830     -0.27464144E-01
  -80.328807      0.83114374E-02
  -80.409783      0.70281345E-02
  -80.490760     -0.19522911E-01
  -80.571737      0.19482968E-01
  -80.652714      0.35776861E-01
  -80.733691      0.30996662E-01
  -80.814668     -0.11427744E-01
  -80.895645     -0.55625448E-02
  -80.976622     -0.99381795E-02
  -81.057599     -0.17713796E-01
  -81.138575     -0.14467902E-01
  -81.219552     -0.21518076E-01
  -81.300529     -0.79511240E-01
  -81.381506     -0.91099463E-01
  -81.462483     -0.25484975E-01
  -81.543460     -0.97417869E-02
  -81.624437     -0.87097418E-02
  -81.705414      0.15851665E-01
  -81.786391      0.95252534E-02
  -81.867367     -0.22358373E-02
  -81.948344     -0.10458003E-01
  -82.029321     -0.52573793E-01
  -82.110298     -0.44368472E-01
  -82.191275     -0.47778204E-01
  -82.272252      0.13230907E-01
  -82.353229      0.33152506E-01
  -82.434206     -0.16575322E-01
  -82.515183      0.11951930E-01
  -82.596159      0.40248699E-01
  -82.677136      0.16253542E-01
  -82.758113     -0.46120603E-01
  -82.839090     -0.10963950E-01
  -82.920067      0.36615767E-01
  -83.001044      0.33798479E-01
  -83.082021      0.26436981E-01
  -83.162998      0.75205564E-02
  -83.243975     -0.15517091E-01
  -83.324951      0.30799469E-01
  -83.405928      0.29229660E-01
  -83.486905      0.23525474E-02
  -83.567882      0.20183168E-01
  -83.648859      0.20691207E-03
  -83.729836      0.25092699E-01
  -83.810813      0.55554062E-02
  -83.891790      0.97478572E-02
  -83.972767      0.36672957E-01
  -84.053743      0.41152933E-02
  -84.134720      0.26947305E-01
  -84.215697      0.39631546E-01
  -84.296674      0.55636298E-01
  -84.377651      0.95395818E-01
  -84.458628      0.52082703E-01
  -84.539605      0.32753475E-01
  -84.620582      0.37405886E-01
  -84.701559      0.33233646E-01
  -84.782535      0.37412245E-01
  -84.863512      0.68991207E-01
  -84.944489      0.85416369E-01
  -85.025466      0.44780090E-01
  -85.106443      0.77395692E-01
  -85.187420      0.47725379E-01
  -85.268397      0.57476036E-01
  -85.349374      0.99357232E-01
  -85.430351      0.24180418E-01
  -85.511327      0.32572642E-01
  -85.592304      0.74448392E-01
  -85.673281      0.51406503E-01
  -85.754258      0.78526601E-01
  -85.835235      0.78720823E-01
  -85.916212      0.29517852E-01
  -85.997189      0.53512514E-01
  -86.078166      0.43713607E-01
  -86.159143      0.42588301E-01
  -86.240119      0.47289677E-01
  -86.321096      0.19763211E-01
  -86.402073      0.51169149E-02
  -86.483050      0.39466480E-02
  -86.564027      0.33962470E-01
  -86.645004      0.48016913E-01
  -86.725981      0.35931021E-01
  -86.806958      0.33686981E-01
  -86.887935      0.19027706E-01
  -86.968911      0.14375726E-02
  -87.049888     -0.12068277E-01
  -87.130865     -0.67771688E-01
  -87.211842     -0.44850700E-01
  -87.292819      0.27276953E-02
  -87.373796     -0.56156409E-02
  -87.454773     -0.18284261E-01
  -87.535750     -0.32500751E-01
  -87.616727      0.12858180E-01
  -87.697703     -0.19879382E-01
  -87.778680     -0.55082768E-01
  -87.859657     -0.56662671E-01
  -87.940634     -0.78386992E-01
  -88.021611     -0.78885153E-01
  -88.102588     -0.97590297E-01
  -88.183565     -0.57481620E-01
  -88.264542     -0.38990553E-01
  -88.345519     -0.40687628E-01
  -88.426495     -0.56705616E-01
  -88.507472     -0.87484419E-01
  -88.588449     -0.28010469E-01
  -88.669426     -0.29969707E-01
  -88.750403     -0.11560199    
  -88.831380     -0.10928835    
  -88.912357     -0.91752127E-01
  -88.993334     -0.35955220E-01
  -89.074310     -0.23713917E-01
  -89.155287     -0.36219124E-01
  -89.236264     -0.29253880E-01
  -89.317241     -0.61982140E-01
  -89.398218     -0.74300595E-01
  -89.479195     -0.52149899E-01
  -89.560172     -0.52185483E-01
  -89.641149     -0.71695007E-01
  -89.722126     -0.41059516E-01
  -89.803102     -0.74649423E-01
  -89.884079     -0.78657433E-01
  -89.965056     -0.44923618E-01
  -90.046033     -0.20117186E-01
  -90.127010     -0.24826137E-01
  -90.207987     -0.64339116E-01
  -90.288964     -0.25692742E-01
  -90.369941     -0.45667529E-01
  -90.450918     -0.33255175E-01
  -90.531894      0.12944873E-01
  -90.612871     -0.24383307E-01
  -90.693848     -0.12264186E-01
  -90.774825      0.12084649E-01
  -90.855802     -0.62621757E-02
  -90.936779     -0.15354515E-01
  -91.017756      0.54194024E-02
  -91.098733     -0.61333487E-02
  -91.179710      0.14852218E-01
  -91.260686     -0.17379267E-01
  -91.341663     -0.29983336E-01
  -91.422640      0.11787226E-01
  -91.503617     -0.37855201E-02
  -91.584594      0.31361971E-01
  -91.665571      0.44752263E-01
  -91.746548      0.53710103E-01
  -91.827525      0.25038194E-01
  -91.908502      0.42612255E-01
  -91.989478      0.37287027E-01
  -92.070455      0.27886303E-02
  -92.151432      0.13314113E-01
  -92.232409      0.18703450E-01
  -92.313386      0.11592590E-01
  -92.394363      0.14841443E-01
  -92.475340      0.51214948E-01
  -92.556317     -0.60718642E-02
  -92.637294      0.13403101E-01
  -92.718270      0.43390386E-01
  -92.799247      0.95589496E-02
  -92.880224      0.48917629E-01
  -92.961201      0.85476451E-01
  -93.042178      0.55019587E-01
  -93.123155      0.70828937E-01
  -93.204132      0.80253199E-01
  -93.285109      0.48489936E-01
  -93.366086      0.67643791E-01
  -93.447062      0.44584826E-01
  -93.528039      0.13333708E-01
  -93.609016      0.37093095E-01
  -93.689993      0.37293080E-01
  -93.770970      0.55806093E-01
  -93.851947      0.64083129E-01
  -93.932924      0.85338742E-01
  -94.013901      0.67002840E-01
  -94.094878      0.38166136E-01
  -94.175854      0.68270817E-01
  -94.256831      0.34298703E-01
  -94.337808      0.11772370E-01
  -94.418785      0.12608660E-01
  -94.499762      0.16058132E-01
  -94.580739      0.42741872E-01
  -94.661716      0.73464431E-01
  -94.742693      0.38844902E-01
  -94.823670      0.43902300E-01
  -94.904646      0.68988748E-01
  -94.985623      0.53031974E-01
  -95.066600      0.69397106E-03
  -95.147577     -0.18931106E-01
  -95.228554      0.13197228E-01
  -95.309531     -0.35353221E-01
  -95.390508     -0.32301757E-01
  -95.471485      0.27295411E-01
  -95.552462      0.28397189E-01
  -95.633438      0.38793124E-01
  -95.714415      0.33529527E-01
  -95.795392      0.30152649E-01
  -95.876369      0.29622756E-01
  -95.957346     -0.50820656E-01
  -96.038323     -0.60125865E-01
  -96.119300     -0.17905345E-01
  -96.200277      0.28746558E-01
  -96.281254     -0.11018133E-02
  -96.362230     -0.46221670E-01
  -96.443207     -0.51059402E-02
  -96.524184      0.22289792E-01
  -96.605161      0.24069062E-01
  -96.686138      0.17614253E-01
  -96.767115      0.31635545E-01
  -96.848092      0.36653202E-01
  -96.929069     -0.20568170E-01
  -97.010046      0.22680741E-01
  -97.091022      0.87819874E-01
  -97.171999      0.40849462E-01
  -97.252976      0.46406638E-01
  -97.333953      0.57451911E-01
  -97.414930      0.39480075E-01
  -97.495907      0.21747157E-01
  -97.576884      0.74511684E-01
  -97.657861      0.57594843E-01
  -97.738838      0.35281621E-01
  -97.819814      0.82422554E-01
  -97.900791      0.78170761E-01
  -97.981768      0.23671664E-01
  -98.062745      0.12962920E-01
  -98.143722      0.10194667    
  -98.224699      0.60100809E-01
  -98.305676     -0.95824357E-02
  -98.386653      0.69505721E-02
  -98.467630      0.35991561E-01
  -98.548606      0.31615153E-01
  -98.629583     -0.40081665E-02
  -98.710560      0.21892197E-01
  -98.791537      0.59227146E-01
  -98.872514      0.43350928E-01
  -98.953491     -0.13955376E-02
  -99.034468     -0.18902309E-01
  -99.115445      0.22080295E-01
  -99.196422      0.54980889E-01
  -99.277398      0.62007532E-01
  -99.358375      0.61576225E-01
  -99.439352      0.35180353E-01
  -99.520329      0.42794459E-01
  -99.601306      0.84290311E-01
  -99.682283      0.29208586E-01
  -99.763260      0.25342718E-01
  -99.844237      0.68071477E-01
  -99.925214      0.44806082E-01
  -100.00619      0.36729644E-02
  -100.08717     -0.30585751E-01
  -100.16814      0.30718730E-02
  -100.24912      0.41801438E-01
  -100.33010      0.63030876E-01
  -100.41107      0.29478122E-01
  -100.49205     -0.16955936E-01
  -100.57303      0.25824357E-01
  -100.65401      0.50601497E-01
  -100.73498      0.28100954E-01
  -100.81596      0.47854483E-01
  -100.89694      0.66259995E-01
  -100.97791      0.47871128E-01
  -101.05889     -0.49245503E-01
  -101.13987     -0.80395460E-01
  -101.22084     -0.18231616E-02
  -101.30182      0.81822053E-02
  -101.38280     -0.12989355E-01
  -101.46377     -0.46987794E-01
  -101.54475     -0.71952328E-01
  -101.62573     -0.36360815E-01
  -101.70671     -0.20662975E-01
  -101.78768      0.91854185E-02
  -101.86866      0.19735271E-01
  -101.94964      0.53328155E-02
  -102.03061      0.44533450E-01
  -102.11159     -0.30489383E-01
  -102.19257     -0.62268138E-01
  -102.27354      0.15621785E-01
  -102.35452     -0.20603091E-02
  -102.43550     -0.55521000E-02
  -102.51647     -0.16516808E-01
  -102.59745     -0.59952118E-01
  -102.67843     -0.58365025E-01
  -102.75940     -0.62658913E-01
  -102.84038     -0.15412044E-01
  -102.92136     -0.83304488E-03
  -103.00234     -0.29162640E-01
  -103.08331     -0.52555297E-01
  -103.16429     -0.88840149E-01
  -103.24527     -0.73416263E-01
  -103.32624     -0.64968720E-01
  -103.40722     -0.38729347E-01
  -103.48820     -0.97529199E-02
  -103.56917     -0.51049769E-01
  -103.65015     -0.77647999E-01
  -103.73113     -0.23726080E-01
  -103.81210      0.12199042E-01
  -103.89308     -0.39437357E-02
  -103.97406     -0.68407804E-01
  -104.05503     -0.67744210E-01
  -104.13601     -0.44123981E-01
  -104.21699     -0.60893945E-01
  -104.29797     -0.80147922E-01
  -104.37894     -0.79645440E-01
  -104.45992     -0.37824407E-01
  -104.54090     -0.39935827E-01
  -104.62187     -0.48253328E-01
  -104.70285     -0.27434237E-01
  -104.78383     -0.24429798E-01
  -104.86480     -0.48662899E-02
  -104.94578     -0.43416418E-01
  -105.02676     -0.56825340E-01
  -105.10773      0.35653573E-01
  -105.18871      0.14482339E-01
  -105.26969     -0.29355675E-01
  -105.35067      0.14547205E-01
  -105.43164      0.42017683E-01
  -105.51262     -0.73366771E-02
  -105.59360     -0.44650901E-01
  -105.67457     -0.24954624E-01
  -105.75555      0.91260178E-02
  -105.83653     -0.18481009E-01
  -105.91750     -0.26477754E-01
  -105.99848     -0.42425174E-01
  -106.07946     -0.45848794E-01
  -106.16043     -0.25180483E-01
  -106.24141     -0.65117657E-01
  -106.32239     -0.35363555E-01
  -106.40336      0.32256807E-02
  -106.48434      0.90216910E-02
  -106.56532      0.22210384E-01
  -106.64630     -0.20542466E-02
  -106.72727      0.42622671E-01
  -106.80825      0.48938833E-01
  -106.88923      0.15292296E-01
  -106.97020      0.14006886E-01
  -107.05118      0.29837042E-01
  -107.13216      0.43079320E-01
  -107.21313     -0.24410747E-01
  -107.29411     -0.56709506E-01
  -107.37509      0.13814187E-01
  -107.45606      0.26252016E-01
  -107.53704     -0.16263135E-01
  -107.61802      0.54513428E-01
  -107.69899      0.94771743E-01
  -107.77997      0.29536419E-01
  -107.86095     -0.27326826E-01
  -107.94193      0.27165806E-03
  -108.02290      0.32006949E-01
  -108.10388     -0.13973454E-01
  -108.18486     -0.16893979E-01
  -108.26583      0.35718847E-01
  -108.34681      0.49961573E-02
  -108.42779      0.16292538E-01
  -108.50876      0.39301299E-01
  -108.58974      0.39811943E-01
  -108.67072      0.48488431E-01
  -108.75169      0.44378940E-01
  -108.83267      0.76216266E-01
  -108.91365      0.34128252E-01
  -108.99463     -0.21190869E-01
  -109.07560     -0.32376729E-01
  -109.15658     -0.16557667E-01
  -109.23756      0.48059672E-01
  -109.31853      0.60484342E-01
  -109.39951      0.76318018E-01
  -109.48049      0.12982881    
  -109.56146      0.96811272E-01
  -109.64244      0.60565773E-01
  -109.72342      0.41959640E-01
  -109.80439      0.37366740E-01
  -109.88537      0.23483332E-01
  -109.96635      0.21537028E-01
  -110.04732      0.72381102E-01
  -110.12830      0.65881073E-01
  -110.20928      0.11370115E-01
  -110.29026      0.55602530E-03
  -110.37123      0.13016555E-01
  -110.45221     -0.83588567E-02
  -110.53319      0.14672773E-01
  -110.61416      0.17725285E-01
  -110.69514      0.23115804E-01
  -110.77612      0.30141056E-01
  -110.85709      0.39556548E-01
  -110.93807     -0.11228912E-01
  -111.01905     -0.58416598E-01
  -111.10002     -0.17389812E-01
