0.11D+08                                              +-  H  He C  O  S  G    
 JSPACE =            1
   1 H           0  1  0  0  0  0  0  0  0  0  0  0  0  0  0.35803118D-05
   2 C           0  0  0  1  0  0  0  0  0  0  0  0  0  0  0.83580447D-05
   3 Fe          0  0  0  0  0  0  0  0  1  0  0  0  0  0  0.11700635D-09
   4 Mg          0  0  0  0  0  0  0  0  0  0  1  0  0  0  0.70198936D-09
   5 S           0  0  0  0  0  0  0  1  0  0  0  0  0  0  0.19151677D-07
   6 Si          0  0  0  0  0  0  1  0  0  0  0  0  0  0  0.38517012D-08
   7 O           0  0  0  0  0  1  0  0  0  0  0  0  0  0  0.78457759D-04
   8 N           0  0  0  0  1  0  0  0  0  0  0  0  0  0  0.53971257D-04
   9 He          0  0  1  0  0  0  0  0  0  0  0  0  0  0  0.90000000D-01
  10 Cl          0  0  0  0  0  0  0  0  0  0  0  1  0  0  0.99844115D-09
  11 Na          0  0  0  0  0  0  0  0  0  1  0  0  0  0  0.21174144D-09
  12 P           0  0  0  0  0  0  0  0  0  0  0  0  1  0  0.12286245D-10
  13 F           0  0  0  0  0  0  0  0  0  0  0  0  0  1  0.12071806D-11
  14 OH          0  1  0  0  0  1  0  0  0  0  0  0  0  0  0.21483012D-09
  15 CO          0  0  0  1  0  1  0  0  0  0  0  0  0  0  0.16153552D-03
  16 CS          0  0  0  1  0  0  0  1  0  0  0  0  0  0  0.16385961D-08
  17 HS          0  1  0  0  0  0  0  1  0  0  0  0  0  0  0.91385575D-11
  18 N2          0  0  0  0  2  0  0  0  0  0  0  0  0  0  0.40040247D-05
  19 NH          0  1  0  0  1  0  0  0  0  0  0  0  0  0  0.13166725D-11
  20 SiH         0  1  0  0  0  0  1  0  0  0  0  0  0  0  0.21614264D-10
  21 SiO         0  0  0  0  0  1  1  0  0  0  0  0  0  0  0.74754421D-09
  22 SO          0  0  0  0  0  1  0  1  0  0  0  0  0  0  0.54200765D-10
  23 CH          0  1  0  1  0  0  0  0  0  0  0  0  0  0  0.80116378D-09
  24 O2          0  0  0  0  0  2  0  0  0  0  0  0  0  0  0.79206121D-09
  25 H2          0  2  0  0  0  0  0  0  0  0  0  0  0  0  0.49999819D+00
  26 C2          0  0  0  2  0  0  0  0  0  0  0  0  0  0  0.15702231D-09
  27 CN          0  0  0  1  1  0  0  0  0  0  0  0  0  0  0.31050918D-08
  28 MgH         0  1  0  0  0  0  0  0  0  0  1  0  0  0  0.12538200D-13
  29 NaH         0  1  0  0  0  0  0  0  0  1  0  0  0  0  0.35314984D-13
  30 NO          0  0  0  0  1  1  0  0  0  0  0  0  0  0  0.19801723D-09
  31 NS          0  0  0  0  1  0  0  1  0  0  0  0  0  0  0.34521782D-11
  32 PH          0  1  0  0  0  0  0  0  0  0  0  0  1  0  0.31613107D-13
  33 PN          0  0  0  0  1  0  0  0  0  0  0  0  1  0  0.16316055D-09
  34 PO          0  0  0  0  0  1  0  0  0  0  0  0  1  0  0.63923908D-13
  35 S2          0  0  0  0  0  0  0  2  0  0  0  0  0  0  0.65148959D-14
  36 SiC         0  0  0  1  0  0  1  0  0  0  0  0  0  0  0.27703400D-11
  37 SiN         0  0  0  0  1  0  1  0  0  0  0  0  0  0  0.29974658D-10
  38 SiS         0  0  0  0  0  0  1  1  0  0  0  0  0  0  0.14155688D-11
  39 CCl         0  0  0  1  0  0  0  0  0  0  0  1  0  0  0.71838000D-16
  40 ClO         0  0  0  0  0  1  0  0  0  0  0  1  0  0  0.00000000D+00
  41 CP          0  0  0  1  0  0  0  0  0  0  0  0  1  0  0.19134737D-13
  42 HCl         0  1  0  0  0  0  0  0  0  0  0  1  0  0  0.15506273D-11
  43 HF          0  1  0  0  0  0  0  0  0  0  0  0  0  1  0.66332021D-08
  44 CCH         0  1  0  2  0  0  0  0  0  0  0  0  0  0  0.24708597D-09
  45 C3          0  0  0  3  0  0  0  0  0  0  0  0  0  0  0.27220903D-08
  46 CH2         0  2  0  1  0  0  0  0  0  0  0  0  0  0  0.31266658D-08
  47 SO2         0  0  0  0  0  2  0  1  0  0  0  0  0  0  0.13163327D-13
  48 H2O         0  2  0  0  0  1  0  0  0  0  0  0  0  0  0.88123885D-09
  49 HCN         0  1  0  1  1  0  0  0  0  0  0  0  0  0  0.14650641D-07
  50 HCSi        0  1  0  1  0  0  1  0  0  0  0  0  0  0  0.99661863D-11
  51 CCN         0  0  0  2  1  0  0  0  0  0  0  0  0  0  0.13616187D-09
  52 CCS         0  0  0  2  0  0  0  1  0  0  0  0  0  0  0.30258584D-11
  53 CCO         0  0  0  2  0  1  0  0  0  0  0  0  0  0  0.10349589D-11
  54 CCP         0  0  0  2  0  0  0  0  0  0  0  0  1  0  0.32854243D-14
  55 CO2         0  0  0  1  0  2  0  0  0  0  0  0  0  0  0.13120646D-08
  56 H2S         0  2  0  0  0  0  0  1  0  0  0  0  0  0  0.36971946D-12
  57 HCO         0  1  0  1  0  1  0  0  0  0  0  0  0  0  0.32573720D-10
  58 HCP         0  1  0  1  0  0  0  0  0  0  0  0  1  0  0.13888910D-12
  59 HCS         0  1  0  1  0  0  0  1  0  0  0  0  0  0  0.43502841D-12
  60 HNC         0  1  0  1  1  0  0  0  0  0  0  0  0  0  0.21067981D-08
  61 HNO         0  1  0  0  1  1  0  0  0  0  0  0  0  0  0.11066559D-11
  62 HNSi        0  1  0  0  1  0  1  0  0  0  0  0  0  0  0.10243670D-09
  63 HPO         0  1  0  0  0  1  0  0  0  0  0  0  1  0  0.34973829D-18
  64 HSS         0  1  0  0  0  0  0  2  0  0  0  0  0  0  0.19084534D-13
  65 N2O         0  0  0  0  2  1  0  0  0  0  0  0  0  0  0.20831061D-16
  66 NaOH        0  1  0  0  0  1  0  0  0  1  0  0  0  0  0.66658115D-17
  67 NH2         0  2  0  0  1  0  0  0  0  0  0  0  0  0  0.65561385D-12
  68 NO2         0  0  0  0  1  2  0  0  0  0  0  0  0  0  0.00000000D+00
  69 O2H         0  1  0  0  0  2  0  0  0  0  0  0  0  0  0.35475836D-16
  70 OCN         0  0  0  1  1  1  0  0  0  0  0  0  0  0  0.19454309D-10
  71 OCS         0  0  0  1  0  1  0  1  0  0  0  0  0  0  0.12545572D-11
  72 PH2         0  2  0  0  0  0  0  0  0  0  0  0  1  0  0.20169939D-18
  73 c-SiC2      0  0  0  2  0  0  1  0  0  0  0  0  0  0  0.60540607D-12
  74 SiH2        0  2  0  0  0  0  1  0  0  0  0  0  0  0  0.25254370D-15
  75 SiNC        0  0  0  1  1  0  1  0  0  0  0  0  0  0  0.17289810D-12
  76 SiO2        0  0  0  0  0  2  1  0  0  0  0  0  0  0  0.17726493D-14
  77 C4          0  0  0  4  0  0  0  0  0  0  0  0  0  0  0.58866988D-11
  78 c-C3H       0  1  0  3  0  0  0  0  0  0  0  0  0  0  0.15109114D-10
  79 l-C3H       0  1  0  3  0  0  0  0  0  0  0  0  0  0  0.65043631D-11
  80 CH3         0  3  0  1  0  0  0  0  0  0  0  0  0  0  0.94076066D-11
  81 C2H2        0  2  0  2  0  0  0  0  0  0  0  0  0  0  0.20891748D-09
  82 NH3         0  3  0  0  1  0  0  0  0  0  0  0  0  0  0.10922182D-10
  83 SiCH2       0  2  0  1  0  0  1  0  0  0  0  0  0  0  0.12323221D-13
  84 C3N         0  0  0  3  1  0  0  0  0  0  0  0  0  0  0.90705588D-11
  85 C3O         0  0  0  3  0  1  0  0  0  0  0  0  0  0  0.11388158D-10
  86 C3P         0  0  0  3  0  0  0  0  0  0  0  0  1  0  0.10550976D-17
  87 C3S         0  0  0  3  0  0  0  1  0  0  0  0  0  0  0.16409809D-10
  88 H2CO        0  2  0  1  0  1  0  0  0  0  0  0  0  0  0.12822669D-09
  89 H2CS        0  2  0  1  0  0  0  1  0  0  0  0  0  0  0.14145760D-10
  90 HOOH        0  2  0  0  0  2  0  0  0  0  0  0  0  0  0.77129320D-20
  91 HSSH        0  2  0  0  0  0  0  2  0  0  0  0  0  0  0.12328487D-13
  92 H2SiO       0  2  0  0  0  1  1  0  0  0  0  0  0  0  0.50230333D-19
  93 HCCP        0  1  0  2  0  0  0  0  0  0  0  0  1  0  0.30807541D-16
  94 HCCSi       0  1  0  2  0  0  1  0  0  0  0  0  0  0  0.76032481D-12
  95 l-SiC3      0  0  0  3  0  0  1  0  0  0  0  0  0  0  0.13231599D-12
  96 SiH3        0  3  0  0  0  0  1  0  0  0  0  0  0  0  0.33106679D-20
  97 H2CN        0  2  0  1  1  0  0  0  0  0  0  0  0  0  0.57232112D-11
  98 C5          0  0  0  5  0  0  0  0  0  0  0  0  0  0  0.16533294D-11
  99 c-C3H2      0  2  0  3  0  0  0  0  0  0  0  0  0  0  0.32838098D-10
 100 l-C3H2      0  2  0  3  0  0  0  0  0  0  0  0  0  0  0.24690144D-10
 101 C4H         0  1  0  4  0  0  0  0  0  0  0  0  0  0  0.44889800D-11
 102 CH4         0  4  0  1  0  0  0  0  0  0  0  0  0  0  0.16498688D-08
 103 HC3N        0  1  0  3  1  0  0  0  0  0  0  0  0  0  0.11436119D-10
 104 H2CCN       0  2  0  2  1  0  0  0  0  0  0  0  0  0  0.71269146D-11
 105 H2CCO       0  2  0  2  0  1  0  0  0  0  0  0  0  0  0.12049320D-09
 106 C2H3        0  3  0  2  0  0  0  0  0  0  0  0  0  0  0.46269477D-11
 107 C4N         0  0  0  4  1  0  0  0  0  0  0  0  0  0  0.24509087D-11
 108 C4P         0  0  0  4  0  0  0  0  0  0  0  0  1  0  0.15380706D-17
 109 C4S         0  0  0  4  0  0  0  1  0  0  0  0  0  0  0.70459285D-14
 110 HCOOH       0  2  0  1  0  2  0  0  0  0  0  0  0  0  0.25017471D-14
 111 CH2PH       0  3  0  1  0  0  0  0  0  0  0  0  1  0  0.34746603D-21
 112 CH2NH       0  3  0  1  1  0  0  0  0  0  0  0  0  0  0.20737694D-14
 113 c-HCCHSi    0  2  0  2  0  0  1  0  0  0  0  0  0  0  0.25004328D-13
 114 SiC3H       0  1  0  3  0  0  1  0  0  0  0  0  0  0  0.35193928D-14
 115 SiC4        0  0  0  4  0  0  1  0  0  0  0  0  0  0  0.75904240D-16
 116 SiCH3       0  3  0  1  0  0  1  0  0  0  0  0  0  0  0.18761940D-14
 117 SiH4        0  4  0  0  0  0  1  0  0  0  0  0  0  0  0.28348947D-18
 118 HCNCC       0  1  0  3  1  0  0  0  0  0  0  0  0  0  0.23546018D-12
 119 HCCNC       0  1  0  3  1  0  0  0  0  0  0  0  0  0  0.11000566D-11
 120 HNCCC       0  1  0  3  1  0  0  0  0  0  0  0  0  0  0.15170604D-12
 121 NH2CN       0  2  0  1  2  0  0  0  0  0  0  0  0  0  0.00000000D+00
 122 C6          0  0  0  6  0  0  0  0  0  0  0  0  0  0  0.36619361D-13
 123 CH3CN       0  3  0  2  1  0  0  0  0  0  0  0  0  0  0.15696981D-10
 124 CH2CCH      0  3  0  3  0  0  0  0  0  0  0  0  0  0  0.12745641D-13
 125 C2H4        0  4  0  2  0  0  0  0  0  0  0  0  0  0  0.12432546D-12
 126 NC4N        0  0  0  4  2  0  0  0  0  0  0  0  0  0  0.72757997D-11
 127 H2CSiCH     0  3  0  2  0  0  1  0  0  0  0  0  0  0  0.21357158D-13
 128 SiC4H       0  1  0  4  0  0  1  0  0  0  0  0  0  0  0.48580816D-13
 129 HC4N        0  1  0  4  1  0  0  0  0  0  0  0  0  0  0.18019265D-13
 130 C4H2        0  2  0  4  0  0  0  0  0  0  0  0  0  0  0.25488806D-12
 131 C5H         0  1  0  5  0  0  0  0  0  0  0  0  0  0  0.14103201D-12
 132 C5N         0  0  0  5  1  0  0  0  0  0  0  0  0  0  0.12834431D-12
 133 CH3OH       0  4  0  1  0  1  0  0  0  0  0  0  0  0  0.37858662D-17
 134 NH2CHO      0  3  0  1  1  1  0  0  0  0  0  0  0  0  0.11606223D-16
 135 C5O         0  0  0  5  0  1  0  0  0  0  0  0  0  0  0.44122783D-13
 136 C7          0  0  0  7  0  0  0  0  0  0  0  0  0  0  0.22979861D-14
 137 HC5N        0  1  0  5  1  0  0  0  0  0  0  0  0  0  0.68519773D-13
 138 SiC2CH3     0  3  0  3  0  0  1  0  0  0  0  0  0  0  0.19786058D-15
 139 CH3CHO      0  4  0  2  0  1  0  0  0  0  0  0  0  0  0.97405479D-18
 140 C2H5        0  5  0  2  0  0  0  0  0  0  0  0  0  0  0.12643128D-21
 141 CH2CHCN     0  3  0  3  1  0  0  0  0  0  0  0  0  0  0.26580018D-15
 142 CH3CCH      0  4  0  3  0  0  0  0  0  0  0  0  0  0  0.10381114D-14
 143 C5H2        0  2  0  5  0  0  0  0  0  0  0  0  0  0  0.92639389D-14
 144 C6H         0  1  0  6  0  0  0  0  0  0  0  0  0  0  0.18730350D-13
 145 CH3NH2      0  5  0  1  1  0  0  0  0  0  0  0  0  0  0.44683277D-14
 146 C4H3        0  3  0  4  0  0  0  0  0  0  0  0  0  0  0.84510217D-15
 147 C6N         0  0  0  6  1  0  0  0  0  0  0  0  0  0  0.19845796D-13
 148 C8          0  0  0  8  0  0  0  0  0  0  0  0  0  0  0.77036053D-15
 149 HC6N        0  1  0  6  1  0  0  0  0  0  0  0  0  0  0.10796713D-15
 150 NC6N        0  0  0  6  2  0  0  0  0  0  0  0  0  0  0.34881241D-13
 151 SiC6H       0  1  0  6  0  0  1  0  0  0  0  0  0  0  0.37065943D-15
 152 CH2CHC2H    0  4  0  4  0  0  0  0  0  0  0  0  0  0  0.32082783D-17
 153 C6H2        0  2  0  6  0  0  0  0  0  0  0  0  0  0  0.19447319D-14
 154 C7H         0  1  0  7  0  0  0  0  0  0  0  0  0  0  0.13933498D-14
 155 C7N         0  0  0  7  1  0  0  0  0  0  0  0  0  0  0.21215664D-14
 156 CH3C3N      0  3  0  4  1  0  0  0  0  0  0  0  0  0  0.76167637D-15
 157 HCOOCH3     0  4  0  2  0  2  0  0  0  0  0  0  0  0  0.48303259D-21
 158 C2H6        0  6  0  2  0  0  0  0  0  0  0  0  0  0  0.51531395D-47
 159 C7O         0  0  0  7  0  1  0  0  0  0  0  0  0  0  0.43591857D-15
 160 C9          0  0  0  9  0  0  0  0  0  0  0  0  0  0  0.57981292D-16
 161 HC7N        0  1  0  7  1  0  0  0  0  0  0  0  0  0  0.20343118D-14
 162 SiC3H5      0  5  0  3  0  0  1  0  0  0  0  0  0  0  0.00000000D+00
 163 CH3CH2OH    0  6  0  2  0  1  0  0  0  0  0  0  0  0  0.16755108D-20
 164 C7H2        0  2  0  7  0  0  0  0  0  0  0  0  0  0  0.34881562D-15
 165 C8H         0  1  0  8  0  0  0  0  0  0  0  0  0  0  0.88462624D-15
 166 CH3C4H      0  4  0  5  0  0  0  0  0  0  0  0  0  0  0.62437212D-16
 167 CH3OCH3     0  6  0  2  0  1  0  0  0  0  0  0  0  0  0.36631503D-23
 168 CH3CHCH2    0  6  0  3  0  0  0  0  0  0  0  0  0  0  0.00000000D+00
 169 C8N         0  0  0  8  1  0  0  0  0  0  0  0  0  0  0.54795138D-15
 170 C10         0  0  0 10  0  0  0  0  0  0  0  0  0  0  0.27937945D-16
 171 CH3COCH3    0  6  0  3  0  1  0  0  0  0  0  0  0  0  0.13211827D-22
 172 C8H2        0  2  0  8  0  0  0  0  0  0  0  0  0  0  0.24682830D-15
 173 C9H         0  1  0  9  0  0  0  0  0  0  0  0  0  0  0.10517364D-15
 174 C9N         0  0  0  9  1  0  0  0  0  0  0  0  0  0  0.11933747D-15
 175 CH3C5N      0  3  0  6  1  0  0  0  0  0  0  0  0  0  0.23856377D-17
 176 HC8N        0  1  0  8  1  0  0  0  0  0  0  0  0  0  0.32054807D-17
 177 NC8N        0  0  0  8  2  0  0  0  0  0  0  0  0  0  0.10356036D-14
 178 SiC8H       0  1  0  8  0  0  1  0  0  0  0  0  0  0  0.47044653D-16
 179 CH2CHCHCH2  0  6  0  4  0  0  0  0  0  0  0  0  0  0  0.00000000D+00
 180 C9O         0  0  0  9  0  1  0  0  0  0  0  0  0  0  0.32904257D-16
 181 HC9N        0  1  0  9  1  0  0  0  0  0  0  0  0  0  0.12468421D-15
 182 C10H        0  1  0 10  0  0  0  0  0  0  0  0  0  0  0.53946903D-16
 183 C9H2        0  2  0  9  0  0  0  0  0  0  0  0  0  0  0.27974084D-16
 184 CH3C6H      0  4  0  7  0  0  0  0  0  0  0  0  0  0  0.30130503D-19
 185 C11         0  0  0 11  0  0  0  0  0  0  0  0  0  0  0.57968125D-16
 186 C10N        0  0  0 10  1  0  0  0  0  0  0  0  0  0  0.27605039D-16
 187 CH3C7N      0  3  0  8  1  0  0  0  0  0  0  0  0  0  0.68912901D-19
 188 C10H2       0  2  0 10  0  0  0  0  0  0  0  0  0  0  0.24241485D-16
 189 C6H6        0  6  0  6  0  0  0  0  0  0  0  0  0  0  0.91111592D-16
 190 Si+         1  0  0  0  0  0  1  0  0  0  0  0  0  0  0.32112893D-08
 191 C+          1  0  0  1  0  0  0  0  0  0  0  0  0  0  0.66914235D-07
 192 C-         -1  0  0  1  0  0  0  0  0  0  0  0  0  0  0.13198837D-13
 193 H-         -1  1  0  0  0  0  0  0  0  0  0  0  0  0  0.67650624D-14
 194 O-         -1  0  0  0  0  1  0  0  0  0  0  0  0  0  0.45328514D-16
 195 S-         -1  0  0  0  0  0  0  1  0  0  0  0  0  0  0.64778061D-16
 196 He+         1  0  1  0  0  0  0  0  0  0  0  0  0  0  0.18579879D-11
 197 H+          1  1  0  0  0  0  0  0  0  0  0  0  0  0  0.59530306D-10
 198 Fe+         1  0  0  0  0  0  0  0  1  0  0  0  0  0  0.28829937D-08
 199 Mg+         1  0  0  0  0  0  0  0  0  0  1  0  0  0  0.62979981D-08
 200 N+          1  0  0  0  1  0  0  0  0  0  0  0  0  0  0.17408039D-15
 201 Na+         1  0  0  0  0  0  0  0  0  1  0  0  0  0  0.17882190D-08
 202 O+          1  0  0  0  0  1  0  0  0  0  0  0  0  0  0.21894532D-15
 203 S+          1  0  0  0  0  0  0  1  0  0  0  0  0  0  0.59096451D-07
 204 Cl+         1  0  0  0  0  0  0  0  0  0  0  1  0  0  0.16748653D-17
 205 F+          1  0  0  0  0  0  0  0  0  0  0  0  0  1  0.20648158D-18
 206 P+          1  0  0  0  0  0  0  0  0  0  0  0  1  0  0.24279967D-10
 207 e-         -1  0  0  0  0  0  0  0  0  0  0  0  0  0  0.14067258D-06
 208 CH+         1  1  0  1  0  0  0  0  0  0  0  0  0  0  0.19061203D-14
 209 H2+         1  2  0  0  0  0  0  0  0  0  0  0  0  0  0.57670692D-14
 210 OH+         1  1  0  0  0  1  0  0  0  0  0  0  0  0  0.19993583D-14
 211 SiH+        1  1  0  0  0  0  1  0  0  0  0  0  0  0  0.26281647D-12
 212 C2+         1  0  0  2  0  0  0  0  0  0  0  0  0  0  0.22756282D-15
 213 CN-        -1  0  0  1  1  0  0  0  0  0  0  0  0  0  0.28603630D-13
 214 OH-        -1  1  0  0  0  1  0  0  0  0  0  0  0  0  0.66820060D-14
 215 CF+         1  0  0  1  0  0  0  0  0  0  0  0  0  1  0.43898620D-10
 216 HS+         1  1  0  0  0  0  0  1  0  0  0  0  0  0  0.40567823D-12
 217 SO+         1  0  0  0  0  1  0  1  0  0  0  0  0  0  0.20929150D-11
 218 CCl+        1  0  0  1  0  0  0  0  0  0  0  1  0  0  0.43461304D-14
 219 ClO+        1  0  0  0  0  1  0  0  0  0  0  1  0  0  0.00000000D+00
 220 CN+         1  0  0  1  1  0  0  0  0  0  0  0  0  0  0.90076738D-18
 221 CO+         1  0  0  1  0  1  0  0  0  0  0  0  0  0  0.27538257D-15
 222 CP+         1  0  0  1  0  0  0  0  0  0  0  0  1  0  0.10138646D-19
 223 CS+         1  0  0  1  0  0  0  1  0  0  0  0  0  0  0.91975261D-15
 224 HCl+        1  1  0  0  0  0  0  0  0  0  0  1  0  0  0.13083297D-17
 225 HF+         1  1  0  0  0  0  0  0  0  0  0  0  0  1  0.15881824D-18
 226 HeH+        1  1  1  0  0  0  0  0  0  0  0  0  0  0  0.17972469D-21
 227 N2+         1  0  0  0  2  0  0  0  0  0  0  0  0  0  0.35035097D-17
 228 NH+         1  1  0  0  1  0  0  0  0  0  0  0  0  0  0.34790241D-16
 229 NO+         1  0  0  0  1  1  0  0  0  0  0  0  0  0  0.35738035D-12
 230 NS+         1  0  0  0  1  0  0  1  0  0  0  0  0  0  0.11395522D-11
 231 O2+         1  0  0  0  0  2  0  0  0  0  0  0  0  0  0.91992332D-14
 232 PH+         1  1  0  0  0  0  0  0  0  0  0  0  1  0  0.53197795D-16
 233 PN+         1  0  0  0  1  0  0  0  0  0  0  0  1  0  0.46917930D-14
 234 PO+         1  0  0  0  0  1  0  0  0  0  0  0  1  0  0.22104481D-14
 235 S2+         1  0  0  0  0  0  0  2  0  0  0  0  0  0  0.32431030D-14
 236 SiC+        1  0  0  1  0  0  1  0  0  0  0  0  0  0  0.31164279D-16
 237 SiN+        1  0  0  0  1  0  1  0  0  0  0  0  0  0  0.32326233D-12
 238 SiO+        1  0  0  0  0  1  1  0  0  0  0  0  0  0  0.26320962D-15
 239 SiS+        1  0  0  0  0  0  1  1  0  0  0  0  0  0  0.20146643D-17
 240 SiF+        1  0  0  0  0  0  1  0  0  0  0  0  0  1  0.16876035D-11
 241 CH2+        1  2  0  1  0  0  0  0  0  0  0  0  0  0  0.52511801D-13
 242 C2N+        1  0  0  2  1  0  0  0  0  0  0  0  0  0  0.84243199D-16
 243 CNC+        1  0  0  2  1  0  0  0  0  0  0  0  0  0  0.76901776D-10
 244 HSiO+       1  1  0  0  0  1  1  0  0  0  0  0  0  0  0.48833561D-11
 245 N2H+        1  1  0  0  2  0  0  0  0  0  0  0  0  0  0.32226690D-12
 246 C2H+        1  1  0  2  0  0  0  0  0  0  0  0  0  0  0.28231241D-14
 247 H3+         1  3  0  0  0  0  0  0  0  0  0  0  0  0  0.12116131D-10
 248 C3-        -1  0  0  3  0  0  0  0  0  0  0  0  0  0  0.17841035D-12
 249 HCO+        1  1  0  1  0  1  0  0  0  0  0  0  0  0  0.79665562D-10
 250 HSO+        1  1  0  0  0  1  0  1  0  0  0  0  0  0  0.37067719D-15
 251 H2S+        1  2  0  0  0  0  0  1  0  0  0  0  0  0  0.22477171D-11
 252 HCS+        1  1  0  1  0  0  0  1  0  0  0  0  0  0  0.16857027D-11
 253 HPO+        1  1  0  0  0  1  0  0  0  0  0  0  1  0  0.60412623D-15
 254 C2O+        1  0  0  2  0  1  0  0  0  0  0  0  0  0  0.64666838D-14
 255 C2S+        1  0  0  2  0  0  0  1  0  0  0  0  0  0  0.44402606D-12
 256 C3+         1  0  0  3  0  0  0  0  0  0  0  0  0  0  0.10324170D-14
 257 CCP+        1  0  0  2  0  0  0  0  0  0  0  0  1  0  0.13103042D-15
 258 CHSi+       1  1  0  1  0  0  1  0  0  0  0  0  0  0  0.14900811D-15
 259 CO2+        1  0  0  1  0  2  0  0  0  0  0  0  0  0  0.70369117D-21
 260 H2Cl+       1  2  0  0  0  0  0  0  0  0  0  1  0  0  0.37556356D-14
 261 H2F+        1  2  0  0  0  0  0  0  0  0  0  0  0  1  0.43588539D-14
 262 H2O+        1  2  0  0  0  1  0  0  0  0  0  0  0  0  0.49028533D-14
 263 HCN+        1  1  0  1  1  0  0  0  0  0  0  0  0  0  0.45749982D-15
 264 HCP+        1  1  0  1  0  0  0  0  0  0  0  0  1  0  0.31079137D-19
 265 HNC+        1  1  0  1  1  0  0  0  0  0  0  0  0  0  0.76266858D-16
 266 HNO+        1  1  0  0  1  1  0  0  0  0  0  0  0  0  0.60558379D-15
 267 HNS+        1  1  0  0  1  0  0  1  0  0  0  0  0  0  0.18201320D-16
 268 HNSi+       1  1  0  0  1  0  1  0  0  0  0  0  0  0  0.77709604D-16
 269 HOC+        1  1  0  1  0  1  0  0  0  0  0  0  0  0  0.46724397D-12
 270 HPN+        1  1  0  0  1  0  0  0  0  0  0  0  1  0  0.13813131D-14
 271 HSiS+       1  1  0  0  0  0  1  1  0  0  0  0  0  0  0.19705693D-13
 272 NaH2+       1  2  0  0  0  0  0  0  0  1  0  0  0  0  0.42370732D-14
 273 NCO+        1  0  0  1  1  1  0  0  0  0  0  0  0  0  0.18894949D-16
 274 NH2+        1  2  0  0  1  0  0  0  0  0  0  0  0  0  0.28956663D-15
 275 NO2+        1  0  0  0  1  2  0  0  0  0  0  0  0  0  0.63315784D-21
 276 HO2+        1  1  0  0  0  2  0  0  0  0  0  0  0  0  0.38375180D-19
 277 OCS+        1  0  0  1  0  1  0  1  0  0  0  0  0  0  0.57161901D-12
 278 PH2+        1  2  0  0  0  0  0  0  0  0  0  0  1  0  0.65403039D-14
 279 HS2+        1  1  0  0  0  0  0  2  0  0  0  0  0  0  0.11916545D-15
 280 SiC2+       1  0  0  2  0  0  1  0  0  0  0  0  0  0  0.27052457D-17
 281 SiH2+       1  2  0  0  0  0  1  0  0  0  0  0  0  0  0.71977187D-11
 282 SiNC+       1  0  0  1  1  0  1  0  0  0  0  0  0  0  0.42110648D-11
 283 SO2+        1  0  0  0  0  2  0  1  0  0  0  0  0  0  0.18394278D-22
 284 HCNH+       1  2  0  1  1  0  0  0  0  0  0  0  0  0  0.29460672D-11
 285 HC2N+       1  1  0  2  1  0  0  0  0  0  0  0  0  0  0.96375001D-16
 286 C3H+        1  1  0  3  0  0  0  0  0  0  0  0  0  0  0.35786702D-13
 287 C4+         1  0  0  4  0  0  0  0  0  0  0  0  0  0  0.50532696D-15
 288 H2CO+       1  2  0  1  0  1  0  0  0  0  0  0  0  0  0.10498561D-12
 289 CH3+        1  3  0  1  0  0  0  0  0  0  0  0  0  0  0.11475576D-09
 290 C3N-       -1  0  0  3  1  0  0  0  0  0  0  0  0  0  0.12991578D-13
 291 C4-        -1  0  0  4  0  0  0  0  0  0  0  0  0  0  0.36425818D-12
 292 H3O+        1  3  0  0  0  1  0  0  0  0  0  0  0  0  0.12366739D-10
 293 H2NO+       1  2  0  0  1  1  0  0  0  0  0  0  0  0  0.10585845D-14
 294 H3S+        1  3  0  0  0  0  0  1  0  0  0  0  0  0  0.73830912D-15
 295 HC2S+       1  1  0  2  0  0  0  1  0  0  0  0  0  0  0.14975418D-12
 296 HOCS+       1  1  0  1  0  1  0  1  0  0  0  0  0  0  0.24395645D-15
 297 PCH2+       1  2  0  1  0  0  0  0  0  0  0  0  1  0  0.65677605D-15
 298 H2S2+       1  2  0  0  0  0  0  2  0  0  0  0  0  0  0.20211706D-18
 299 C2H2+       1  2  0  2  0  0  0  0  0  0  0  0  0  0  0.82164791D-11
 300 C2HO+       1  1  0  2  0  1  0  0  0  0  0  0  0  0  0.45826557D-12
 301 C2N2+       1  0  0  2  2  0  0  0  0  0  0  0  0  0  0.12477353D-21
 302 C3N+        1  0  0  3  1  0  0  0  0  0  0  0  0  0  0.13792888D-18
 303 C3O+        1  0  0  3  0  1  0  0  0  0  0  0  0  0  0.22073781D-13
 304 C3S+        1  0  0  3  0  0  0  1  0  0  0  0  0  0  0.16530596D-12
 305 CH2Si+      1  2  0  1  0  0  1  0  0  0  0  0  0  0  0.40598524D-12
 306 H2CCl+      1  2  0  1  0  0  0  0  0  0  0  1  0  0  0.69120928D-17
 307 H2CS+       1  2  0  1  0  0  0  1  0  0  0  0  0  0  0.13162833D-15
 308 H2NC+       1  2  0  1  1  0  0  0  0  0  0  0  0  0  0.68162989D-11
 309 H2PO+       1  2  0  0  0  1  0  0  0  0  0  0  1  0  0.87747533D-21
 310 H2SiO+      1  2  0  0  0  1  1  0  0  0  0  0  0  0  0.22420366D-16
 311 HOCO+       1  1  0  1  0  2  0  0  0  0  0  0  0  0  0.10829714D-15
 312 HNCO+       1  1  0  1  1  1  0  0  0  0  0  0  0  0  0.10290042D-22
 313 HSiO2+      1  1  0  0  0  2  1  0  0  0  0  0  0  0  0.20458497D-20
 314 HSO2+       1  1  0  0  0  2  0  1  0  0  0  0  0  0  0.13578984D-19
 315 NaH2O+      1  2  0  0  0  1  0  0  0  1  0  0  0  0  0.22185874D-18
 316 NH3+        1  3  0  0  1  0  0  0  0  0  0  0  0  0  0.11319105D-12
 317 PC2H+       1  1  0  2  0  0  0  0  0  0  0  0  1  0  0.75738571D-16
 318 PH3+        1  3  0  0  0  0  0  0  0  0  0  0  1  0  0.52674437D-19
 319 PNH2+       1  2  0  0  1  0  0  0  0  0  0  0  1  0  0.65696454D-17
 320 SiC2H+      1  1  0  2  0  0  1  0  0  0  0  0  0  0  0.30150458D-13
 321 l-SiC3+     1  0  0  3  0  0  1  0  0  0  0  0  0  0  0.85291456D-14
 322 SiH3+       1  3  0  0  0  0  1  0  0  0  0  0  0  0  0.12059505D-15
 323 SiNCH+      1  1  0  1  1  0  1  0  0  0  0  0  0  0  0.38094682D-14
 324 HSiNH+      1  2  0  0  1  0  1  0  0  0  0  0  0  0  0.45337002D-12
 325 HN2O+       1  1  0  0  2  1  0  0  0  0  0  0  0  0  0.26180180D-23
 326 C2H3+       1  3  0  2  0  0  0  0  0  0  0  0  0  0  0.52448670D-12
 327 c-C3H2+     1  2  0  3  0  0  0  0  0  0  0  0  0  0  0.24238233D-12
 328 l-C3H2+     1  2  0  3  0  0  0  0  0  0  0  0  0  0  0.12736838D-12
 329 C4H+        1  1  0  4  0  0  0  0  0  0  0  0  0  0  0.83466368D-15
 330 C5+         1  0  0  5  0  0  0  0  0  0  0  0  0  0  0.11275543D-16
 331 HC3O+       1  1  0  3  0  1  0  0  0  0  0  0  0  0  0.68605371D-16
 332 C4H-       -1  1  0  4  0  0  0  0  0  0  0  0  0  0  0.19126083D-12
 333 C5-        -1  0  0  5  0  0  0  0  0  0  0  0  0  0  0.16842012D-12
 334 NH4+        1  4  0  0  1  0  0  0  0  0  0  0  0  0  0.26477288D-13
 335 H3CS+       1  3  0  1  0  0  0  1  0  0  0  0  0  0  0.80903344D-13
 336 H2COH+      1  3  0  1  0  1  0  0  0  0  0  0  0  0  0.32645376D-14
 337 H3S2+       1  3  0  0  0  0  0  2  0  0  0  0  0  0  0.28287294D-16
 338 HC3S+       1  1  0  3  0  0  0  1  0  0  0  0  0  0  0.31163585D-12
 339 PC3H+       1  1  0  3  0  0  0  0  0  0  0  0  1  0  0.53835200D-19
 340 PCH3+       1  3  0  1  0  0  0  0  0  0  0  0  1  0  0.57193412D-21
 341 PNH3+       1  3  0  0  1  0  0  0  0  0  0  0  1  0  0.95865218D-23
 342 SiC2H2+     1  2  0  2  0  0  1  0  0  0  0  0  0  0  0.58655013D-15
 343 SiC3H+      1  1  0  3  0  0  1  0  0  0  0  0  0  0  0.11662653D-13
 344 SiC4+       1  0  0  4  0  0  1  0  0  0  0  0  0  0  0.67445431D-15
 345 SiCH3+      1  3  0  1  0  0  1  0  0  0  0  0  0  0  0.13943563D-16
 346 SiH4+       1  4  0  0  0  0  1  0  0  0  0  0  0  0  0.50861294D-28
 347 CH2CN+      1  2  0  2  1  0  0  0  0  0  0  0  0  0  0.49688469D-12
 348 H2CCO+      1  2  0  2  0  1  0  0  0  0  0  0  0  0  0.28228883D-12
 349 HC3N+       1  1  0  3  1  0  0  0  0  0  0  0  0  0  0.14560436D-14
 350 C4N+        1  0  0  4  1  0  0  0  0  0  0  0  0  0  0.97127734D-17
 351 C4P+        1  0  0  4  0  0  0  0  0  0  0  0  1  0  0.42090626D-23
 352 C4S+        1  0  0  4  0  0  0  1  0  0  0  0  0  0  0.76113602D-14
 353 HCOOH+      1  2  0  1  0  2  0  0  0  0  0  0  0  0  0.35705455D-18
 354 CH4+        1  4  0  1  0  0  0  0  0  0  0  0  0  0  0.14344336D-16
 355 H3SiO+      1  3  0  0  0  1  1  0  0  0  0  0  0  0  0.12325950D-21
 356 PC2H2+      1  2  0  2  0  0  0  0  0  0  0  0  1  0  0.36717798D-17
 357 C6+         1  0  0  6  0  0  0  0  0  0  0  0  0  0  0.86310025D-17
 358 HC4N+       1  1  0  4  1  0  0  0  0  0  0  0  0  0  0.56586799D-21
 359 C5H-       -1  1  0  5  0  0  0  0  0  0  0  0  0  0  0.43212959D-13
 360 C6-        -1  0  0  6  0  0  0  0  0  0  0  0  0  0  0.25154251D-13
 361 CH3CO+      1  3  0  2  0  1  0  0  0  0  0  0  0  0  0.27127774D-12
 362 C2H4+       1  4  0  2  0  0  0  0  0  0  0  0  0  0  0.35045740D-11
 363 HC3NH+      1  2  0  3  1  0  0  0  0  0  0  0  0  0  0.48948322D-13
 364 HC4S+       1  1  0  4  0  0  0  1  0  0  0  0  0  0  0.21766177D-15
 365 CH5+        1  5  0  1  0  0  0  0  0  0  0  0  0  0  0.13379801D-11
 366 C4H2+       1  2  0  4  0  0  0  0  0  0  0  0  0  0  0.57941372D-12
 367 C5H+        1  1  0  5  0  0  0  0  0  0  0  0  0  0  0.13005872D-13
 368 CH3CN+      1  3  0  2  1  0  0  0  0  0  0  0  0  0  0.18509473D-12
 369 c-C3H3+     1  3  0  3  0  0  0  0  0  0  0  0  0  0  0.74465208D-12
 370 l-C3H3+     1  3  0  3  0  0  0  0  0  0  0  0  0  0  0.74453394D-12
 371 C5N+        1  0  0  5  1  0  0  0  0  0  0  0  0  0  0.18716449D-18
 372 CH3O2+      1  3  0  1  0  2  0  0  0  0  0  0  0  0  0.34331823D-17
 373 CH2NH2+     1  4  0  1  1  0  0  0  0  0  0  0  0  0  0.34100687D-16
 374 CH3OH+      1  4  0  1  0  1  0  0  0  0  0  0  0  0  0.36721788D-20
 375 H2C3O+      1  2  0  3  0  1  0  0  0  0  0  0  0  0  0.24908539D-15
 376 HC2NCH+     1  2  0  3  1  0  0  0  0  0  0  0  0  0  0.34321183D-13
 377 HC4O+       1  1  0  4  0  1  0  0  0  0  0  0  0  0  0.48491815D-13
 378 NH2CNH+     1  3  0  1  2  0  0  0  0  0  0  0  0  0  0.00000000D+00
 379 PC2H3+      1  3  0  2  0  0  0  0  0  0  0  0  1  0  0.14144310D-24
 380 PC4H+       1  1  0  4  0  0  0  0  0  0  0  0  1  0  0.67475678D-19
 381 PCH4+       1  4  0  1  0  0  0  0  0  0  0  0  1  0  0.28597276D-22
 382 SiC2H3+     1  3  0  2  0  0  1  0  0  0  0  0  0  0  0.24655062D-15
 383 SiC3H2+     1  2  0  3  0  0  1  0  0  0  0  0  0  0  0.18864172D-16
 384 SiC4H+      1  1  0  4  0  0  1  0  0  0  0  0  0  0  0.56645589D-17
 385 SiCH4+      1  4  0  1  0  0  1  0  0  0  0  0  0  0  0.12179343D-16
 386 SiH5+       1  5  0  0  0  0  1  0  0  0  0  0  0  0  0.12846252D-20
 387 C7+         1  0  0  7  0  0  0  0  0  0  0  0  0  0  0.40832783D-18
 388 H2C4N+      1  2  0  4  1  0  0  0  0  0  0  0  0  0  0.84300120D-21
 389 C6H-       -1  1  0  6  0  0  0  0  0  0  0  0  0  0  0.44662341D-14
 390 C7-        -1  0  0  7  0  0  0  0  0  0  0  0  0  0  0.40052256D-14
 391 C4H3+       1  3  0  4  0  0  0  0  0  0  0  0  0  0  0.19037190D-14
 392 C5H2+       1  2  0  5  0  0  0  0  0  0  0  0  0  0  0.18742281D-16
 393 CH3CNH+     1  4  0  2  1  0  0  0  0  0  0  0  0  0  0.37299187D-12
 394 C2H4O+      1  4  0  2  0  1  0  0  0  0  0  0  0  0  0.49127119D-17
 395 C2H5+       1  5  0  2  0  0  0  0  0  0  0  0  0  0  0.79243180D-15
 396 C3H3N+      1  3  0  3  1  0  0  0  0  0  0  0  0  0  0.81855500D-17
 397 C3H4+       1  4  0  3  0  0  0  0  0  0  0  0  0  0  0.92985641D-17
 398 HC5N+       1  1  0  5  1  0  0  0  0  0  0  0  0  0  0.53680635D-16
 399 C6H+        1  1  0  6  0  0  0  0  0  0  0  0  0  0  0.21369424D-15
 400 CH3NH2+     1  5  0  1  1  0  0  0  0  0  0  0  0  0  0.93894345D-17
 401 CH3OH2+     1  5  0  1  0  1  0  0  0  0  0  0  0  0  0.66411471D-18
 402 H3C3O+      1  3  0  3  0  1  0  0  0  0  0  0  0  0  0.11802083D-15
 403 NH2CH2O+    1  4  0  1  1  1  0  0  0  0  0  0  0  0  0.54013720D-22
 404 PC2H4+      1  4  0  2  0  0  0  0  0  0  0  0  1  0  0.10597172D-22
 405 PC4H2+      1  2  0  4  0  0  0  0  0  0  0  0  1  0  0.17059746D-21
 406 HC5O+       1  1  0  5  0  1  0  0  0  0  0  0  0  0  0.29320795D-18
 407 C6N+        1  0  0  6  1  0  0  0  0  0  0  0  0  0  0.65673451D-19
 408 H2C5N+      1  2  0  5  1  0  0  0  0  0  0  0  0  0  0.18110787D-15
 409 C8+         1  0  0  8  0  0  0  0  0  0  0  0  0  0  0.11557303D-17
 410 C7H-       -1  1  0  7  0  0  0  0  0  0  0  0  0  0  0.19874818D-14
 411 C8-        -1  0  0  8  0  0  0  0  0  0  0  0  0  0  0.45556598D-15
 412 C5H3+       1  3  0  5  0  0  0  0  0  0  0  0  0  0  0.12384917D-16
 413 C3H5+       1  5  0  3  0  0  0  0  0  0  0  0  0  0  0.86541636D-16
 414 C6H2+       1  2  0  6  0  0  0  0  0  0  0  0  0  0  0.27278777D-15
 415 C7H+        1  1  0  7  0  0  0  0  0  0  0  0  0  0  0.90441407D-16
 416 CH3CHOH+    1  5  0  2  0  1  0  0  0  0  0  0  0  0  0.19360221D-19
 417 C2H6+       1  6  0  2  0  0  0  0  0  0  0  0  0  0  0.32699274D-27
 418 C3H3NH+     1  4  0  3  1  0  0  0  0  0  0  0  0  0  0.45421129D-21
 419 C4H4+       1  4  0  4  0  0  0  0  0  0  0  0  0  0  0.36364536D-20
 420 C7N+        1  0  0  7  1  0  0  0  0  0  0  0  0  0  0.13296853D-20
 421 CH3NH3+     1  6  0  1  1  0  0  0  0  0  0  0  0  0  0.48622638D-16
 422 COOCH4+     1  4  0  2  0  2  0  0  0  0  0  0  0  0  0.16666745D-23
 423 H3C4N+      1  3  0  4  1  0  0  0  0  0  0  0  0  0  0.84285892D-21
 424 HC6N+       1  1  0  6  1  0  0  0  0  0  0  0  0  0  0.62463491D-23
 425 C9+         1  0  0  9  0  0  0  0  0  0  0  0  0  0  0.81096102D-19
 426 C8H-       -1  1  0  8  0  0  0  0  0  0  0  0  0  0  0.38877023D-15
 427 C9-        -1  0  0  9  0  0  0  0  0  0  0  0  0  0  0.96485943D-16
 428 C4H5+       1  5  0  4  0  0  0  0  0  0  0  0  0  0  0.11911614D-17
 429 C6H3+       1  3  0  6  0  0  0  0  0  0  0  0  0  0  0.45536744D-18
 430 C7H2+       1  2  0  7  0  0  0  0  0  0  0  0  0  0  0.25018096D-18
 431 C2H5OH+     1  6  0  2  0  1  0  0  0  0  0  0  0  0  0.15350050D-23
 432 H3C4NH+     1  4  0  4  1  0  0  0  0  0  0  0  0  0  0.27934344D-17
 433 C5H3N+      1  3  0  5  1  0  0  0  0  0  0  0  0  0  0.11237848D-18
 434 C5H4+       1  4  0  5  0  0  0  0  0  0  0  0  0  0  0.72683203D-18
 435 HC7N+       1  1  0  7  1  0  0  0  0  0  0  0  0  0  0.35309440D-18
 436 C8H+        1  1  0  8  0  0  0  0  0  0  0  0  0  0  0.55989344D-20
 437 CH3OCH3+    1  6  0  2  0  1  0  0  0  0  0  0  0  0  0.53004765D-26
 438 H5C2O2+     1  5  0  2  0  2  0  0  0  0  0  0  0  0  0.53193903D-23
 439 HC7O+       1  1  0  7  0  1  0  0  0  0  0  0  0  0  0.28967980D-20
 440 C8N+        1  0  0  8  1  0  0  0  0  0  0  0  0  0  0.21963172D-20
 441 H2C6N+      1  2  0  6  1  0  0  0  0  0  0  0  0  0  0.55134094D-19
 442 C2H7+       1  7  0  2  0  0  0  0  0  0  0  0  0  0  0.68122179D-54
 443 C10+        1  0  0 10  0  0  0  0  0  0  0  0  0  0  0.11105264D-19
 444 CH3OCH4+    1  7  0  2  0  1  0  0  0  0  0  0  0  0  0.38540722D-25
 445 C9H-       -1  1  0  9  0  0  0  0  0  0  0  0  0  0  0.14606877D-15
 446 C10-       -1  0  0 10  0  0  0  0  0  0  0  0  0  0  0.14878947D-16
 447 C7H2N+      1  2  0  7  1  0  0  0  0  0  0  0  0  0  0.79186543D-17
 448 C7H3+       1  3  0  7  0  0  0  0  0  0  0  0  0  0  0.39783707D-18
 449 C5H5+       1  5  0  5  0  0  0  0  0  0  0  0  0  0  0.27122654D-17
 450 C8H2+       1  2  0  8  0  0  0  0  0  0  0  0  0  0  0.47543726D-17
 451 C9H+        1  1  0  9  0  0  0  0  0  0  0  0  0  0  0.39197771D-17
 452 C2H5OH2+    1  7  0  2  0  1  0  0  0  0  0  0  0  0  0.34998452D-22
 453 C2H6CO+     1  6  0  3  0  1  0  0  0  0  0  0  0  0  0.73824257D-25
 454 C5H4N+      1  4  0  5  1  0  0  0  0  0  0  0  0  0  0.13327373D-18
 455 C6H4+       1  4  0  6  0  0  0  0  0  0  0  0  0  0  0.51861805D-18
 456 C9N+        1  0  0  9  1  0  0  0  0  0  0  0  0  0  0.57992820D-22
 457 HC8N+       1  1  0  8  1  0  0  0  0  0  0  0  0  0  0.25252334D-24
 458 C10H+       1  1  0 10  0  0  0  0  0  0  0  0  0  0  0.40343315D-18
 459 C10H-      -1  1  0 10  0  0  0  0  0  0  0  0  0  0  0.20180810D-16
 460 C8H3+       1  3  0  8  0  0  0  0  0  0  0  0  0  0  0.22900454D-20
 461 C9H2+       1  2  0  9  0  0  0  0  0  0  0  0  0  0  0.70313300D-20
 462 C3H6OH+     1  7  0  3  0  1  0  0  0  0  0  0  0  0  0.18856242D-24
 463 C4H7+       1  7  0  4  0  0  0  0  0  0  0  0  0  0  0.37167820D-21
 464 H3C6NH+     1  4  0  6  1  0  0  0  0  0  0  0  0  0  0.10837011D-19
 465 C6H5+       1  5  0  6  0  0  0  0  0  0  0  0  0  0  0.16659383D-22
 466 H3C7N+      1  3  0  7  1  0  0  0  0  0  0  0  0  0  0.13614058D-20
 467 C7H4+       1  4  0  7  0  0  0  0  0  0  0  0  0  0  0.35678910D-20
 468 C9HN+       1  1  0  9  1  0  0  0  0  0  0  0  0  0  0.15596109D-19
 469 C11+        1  0  0 11  0  0  0  0  0  0  0  0  0  0  0.97099028D-19
 470 HC9O+       1  1  0  9  0  1  0  0  0  0  0  0  0  0  0.21865778D-21
 471 C10N+       1  0  0 10  1  0  0  0  0  0  0  0  0  0  0.13358327D-21
 472 H2C8N+      1  2  0  8  1  0  0  0  0  0  0  0  0  0  0.22289253D-20
 473 C9H2N+      1  2  0  9  1  0  0  0  0  0  0  0  0  0  0.69035874D-19
 474 C9H3+       1  3  0  9  0  0  0  0  0  0  0  0  0  0  0.66591134D-21
 475 C10H2+      1  2  0 10  0  0  0  0  0  0  0  0  0  0  0.46509734D-21
 476 C7H5+       1  5  0  7  0  0  0  0  0  0  0  0  0  0  0.19665297D-20
 477 C8H4+       1  4  0  8  0  0  0  0  0  0  0  0  0  0  0.74710573D-21
 478 HC10N+      1  1  0 10  1  0  0  0  0  0  0  0  0  0  0.12721779D-25
 479 C6H7+       1  7  0  6  0  0  0  0  0  0  0  0  0  0  0.18414881D-20
 480 C9H4+       1  4  0  9  0  0  0  0  0  0  0  0  0  0  0.54682323D-22
 481 C8H4N+      1  4  0  8  1  0  0  0  0  0  0  0  0  0  0.32173799D-21
 482 C8H5+       1  5  0  8  0  0  0  0  0  0  0  0  0  0  0.18396771D-25
 483 C9H3N+      1  3  0  9  1  0  0  0  0  0  0  0  0  0  0.15464943D-22
 484 C10H3+      1  3  0 10  0  0  0  0  0  0  0  0  0  0  0.11818724D-22
 485 H2C10N+     1  2  0 10  1  0  0  0  0  0  0  0  0  0  0.16843530D-21
 486 C9H5+       1  5  0  9  0  0  0  0  0  0  0  0  0  0  0.11968283D-27
 487 GRAIN0      0  0  0  0  0  0  0  0  0  0  0  0  0  0  0.70961826D-14
 488 GRAIN-     -1  0  0  0  0  0  0  0  0  0  0  0  0  0  0.13144038D-11
 489 XH          0  1  0  0  0  0  0  0  0  0  0  0  0  0  0.14477817D-16
