   181.97501     -0.24839882E-01
   181.71076      0.74274689E-01
   181.44651      0.50838340E-01
   181.18225     -0.11776628E-01
   180.91800      0.13346871E-01
   180.65375      0.11459465E-01
   180.38949     -0.30168374E-02
   180.12524     -0.33309676E-01
   179.86098     -0.36514588E-01
   179.59673     -0.55375274E-01
   179.33248     -0.34440388E-02
   179.06822      0.18978259E-01
   178.80397      0.67912742E-01
   178.53972      0.44092443E-01
   178.27546     -0.30275356E-01
   178.01121     -0.23183964E-01
   177.74696      0.80905417E-02
   177.48270      0.40257260E-01
   177.21845      0.82210954E-02
   176.95419     -0.40847816E-01
   176.68994      0.48803609E-01
   176.42569     -0.22737795E-01
   176.16143     -0.43823652E-01
   175.89718     -0.83005786E-01
   175.63293      0.60078032E-01
   175.36867      0.72222427E-01
   175.10442      0.30840887E-01
   174.84017     -0.23920026E-01
   174.57591     -0.36521234E-01
   174.31166     -0.12222807E-01
   174.04740      0.62517367E-01
   173.78315     -0.17539134E-01
   173.51890      0.48458889E-01
   173.25464      0.63560322E-01
   172.99039     -0.28290320E-01
   172.72614      0.57794391E-02
   172.46188      0.19443575E-01
   172.19763     -0.24376640E-01
   171.93338      0.12910804E-01
   171.66912      0.63983314E-01
   171.40487      0.17672074E-02
   171.14062     -0.19012652E-01
   170.87636      0.54338086E-01
   170.61211     -0.10227055E-02
   170.34785      0.20736469E-01
   170.08360      0.10028478    
   169.81935      0.42193990E-01
   169.55509      0.49308930E-01
   169.29084     -0.17332718E-01
   169.02659      0.10168065E-01
   168.76233      0.46523508E-01
   168.49808     -0.32603569E-01
   168.23383     -0.68564110E-01
   167.96957     -0.22306770E-01
   167.70532      0.61822452E-01
   167.44106     -0.22074990E-02
   167.17681     -0.62063016E-01
   166.91256     -0.13991741E-01
   166.64830      0.30835582E-01
   166.38405      0.29842710E-01
   166.11980      0.88585399E-01
   165.85554     -0.19480377E-01
   165.59129     -0.70906386E-01
   165.32704      0.23514055E-01
   165.06278     -0.41354582E-01
   164.79853     -0.43856375E-01
   164.53427      0.17673802E-02
   164.27002      0.45134787E-01
   164.00577      0.53695617E-02
   163.74151      0.27761554E-01
   163.47726     -0.32953288E-01
   163.21301     -0.38985774E-01
   162.94875     -0.22712804E-01
   162.68450      0.48501786E-01
   162.42025      0.45411371E-01
   162.15599      0.32453060E-01
   161.89174      0.44886652E-01
   161.62749      0.32844312E-01
   161.36323     -0.52331869E-01
   161.09898     -0.10063347E-01
   160.83472     -0.43011766E-01
   160.57047     -0.84922966E-02
   160.30622     -0.25142716E-01
   160.04196     -0.94987927E-02
   159.77771     -0.10337042E-01
   159.51346      0.88690631E-01
   159.24920      0.46959240E-01
   158.98495     -0.22290550E-01
   158.72070      0.40401365E-02
   158.45644     -0.26221955E-01
   158.19219     -0.38640745E-01
   157.92793     -0.20740284E-01
   157.66368      0.18934801E-01
   157.39943      0.63881814E-01
   157.13517      0.95909148E-01
   156.87092      0.15736364E-01
   156.60667     -0.66840947E-01
   156.34241      0.20889562E-01
   156.07816      0.41386746E-01
   155.81391      0.38761679E-01
   155.54965      0.44324514E-03
   155.28540      0.47860328E-01
   155.02114      0.86570874E-01
   154.75689     -0.36684040E-01
   154.49264     -0.27196985E-01
   154.22838      0.37474759E-01
   153.96413     -0.12153442E-01
   153.69988      0.34708336E-01
   153.43562      0.60900655E-01
   153.17137      0.10214552E-01
   152.90712      0.95256679E-02
   152.64286      0.18736536E-01
   152.37861      0.57458632E-01
   152.11436      0.53977381E-01
   151.85010      0.30439174E-01
   151.58585      0.60132267E-02
   151.32159     -0.56438345E-01
   151.05734     -0.45428153E-01
   150.79309     -0.47142889E-01
   150.52883     -0.13900097E-01
   150.26458     -0.13789367E-02
   150.00033      0.20441871E-01
   149.73607     -0.39335750E-02
   149.47182      0.63478015E-01
   149.20757     -0.16860284E-01
   148.94331     -0.45208469E-01
   148.67906     -0.10032933E-01
   148.41480     -0.26749998E-01
   148.15055      0.44823505E-01
   147.88630      0.71724921E-01
   147.62204      0.59119117E-01
   147.35779      0.26289556E-01
   147.09354      0.87015396E-02
   146.82928     -0.34308555E-02
   146.56503      0.34110643E-01
   146.30078     -0.12548137E-01
   146.03652      0.74431434E-01
   145.77227      0.36817521E-01
   145.50801     -0.29916378E-01
   145.24376      0.35788242E-01
   144.97951     -0.73765799E-01
   144.71525     -0.73493063E-01
   144.45100      0.29616307E-01
   144.18675      0.17554432E-01
   143.92249      0.49367510E-01
   143.65824      0.44116713E-02
   143.39399     -0.76142661E-02
   143.12973      0.98570017E-02
   142.86548     -0.10151630E-02
   142.60123      0.52770466E-01
   142.33697      0.68983346E-01
   142.07272      0.43931618E-01
   141.80846      0.66481069E-01
   141.54421      0.28370213E-01
   141.27996     -0.25376696E-01
   141.01570     -0.69613285E-01
   140.75145     -0.85352220E-01
   140.48720      0.12006089E-02
   140.22294      0.58832373E-01
   139.95869     -0.47446713E-01
   139.69444     -0.46791703E-01
   139.43018      0.47635473E-01
   139.16593      0.77933788E-01
   138.90167      0.49216941E-01
   138.63742      0.10732928E-01
   138.37317      0.23553106E-02
   138.10891     -0.32641541E-01
   137.84466     -0.92590740E-02
   137.58041     -0.23416065E-01
   137.31615     -0.43670968E-02
   137.05190     -0.20398682E-01
   136.78765     -0.33211973E-01
   136.52339      0.39891087E-01
   136.25914      0.55055786E-02
   135.99488     -0.65526150E-01
   135.73063     -0.25106624E-01
   135.46638     -0.14100405E-01
   135.20212     -0.21944387E-01
   134.93787      0.17403478E-01
   134.67362     -0.23276061E-01
   134.40936      0.60740281E-02
   134.14511     -0.23588015E-01
   133.88086     -0.43755442E-01
   133.61660      0.23789534E-01
   133.35235     -0.15160226E-01
   133.08810      0.14569512E-01
   132.82384     -0.27110044E-01
   132.55959     -0.22559797E-01
   132.29533     -0.14408650E-01
   132.03108      0.11423212E-01
   131.76683     -0.11683768E-02
   131.50257      0.38296990E-01
   131.23832      0.12417593    
   130.97407      0.60361922E-02
   130.70981      0.45327216E-01
   130.44556      0.73366663E-02
   130.18131     -0.35470039E-01
   129.91705     -0.22700675E-01
   129.65280      0.87632705E-03
   129.38854     -0.47167424E-01
   129.12429     -0.41720230E-01
   128.86004     -0.26374236E-01
   128.59578      0.50649721E-01
   128.33153     -0.34080502E-01
   128.06728     -0.21208519E-01
   127.80302     -0.57085235E-01
   127.53877      0.32560926E-01
   127.27452     -0.14944048E-01
   127.01026      0.21563519E-01
   126.74601      0.51250062E-02
   126.48175      0.24255145E-01
   126.21750     -0.23400732E-02
   125.95325     -0.80753295E-02
   125.68899      0.36047272E-01
   125.42474     -0.25928216E-01
   125.16049     -0.17138710E-02
   124.89623     -0.27797692E-01
   124.63198      0.43246159E-02
   124.36773     -0.34352504E-01
   124.10347      0.62748864E-01
   123.83922      0.32252438E-01
   123.57496     -0.62202830E-02
   123.31071      0.46421841E-01
   123.04646      0.82111306E-01
   122.78220     -0.36487959E-01
   122.51795     -0.52882869E-01
   122.25370     -0.60385037E-02
   121.98944     -0.14396389    
   121.72519      -1000.0000    
   121.46094     -0.40033227E-02
   121.19668      0.26151402E-01
   120.93243      0.16259834E-01
   120.66818     -0.35480473E-01
   120.40392      0.11136545E-01
   120.13967      0.13192088E-01
   119.87541      0.63285697E-04
   119.61116      0.40921308E-02
   119.34691     -0.24110194E-01
   119.08265      0.24133627E-02
   118.81840      0.34499630E-01
   118.55415      0.15283665E-01
   118.28989      0.53820416E-01
   118.02564      0.22634117E-01
   117.76139      0.11650374E-01
   117.49713      0.33707805E-01
   117.23288      0.14531200E-01
   116.96862      0.27813038E-01
   116.70437      0.21356970E-01
   116.44012     -0.15445692E-01
   116.17586      0.46332881E-01
   115.91161     -0.51594451E-01
   115.64736      0.57550997E-01
   115.38310      0.41656416E-01
   115.11885      0.11736475E-01
   114.85460      0.28883958E-01
   114.59034     -0.33781745E-01
   114.32609     -0.18534433E-01
   114.06183     -0.15534918E-01
   113.79758      0.15537364E-01
   113.53333      0.47884531E-01
   113.26907      0.38303424E-01
   113.00482      0.13075965E-01
   112.74057      0.10576324E-01
   112.47631      0.57973497E-01
   112.21206      0.55555586E-01
   111.94781      0.36140043E-01
   111.68355     -0.12508871E-01
   111.41930     -0.14804816E-01
   111.15505      0.56826320E-01
   110.89079      0.46454944E-01
   110.62654     -0.94970772E-02
   110.36228      0.98172426E-01
   110.09803      0.30947102E-01
   109.83378     -0.55816133E-01
   109.56952     -0.29323913E-01
   109.30527     -0.29631602E-01
   109.04102      0.35249293E-01
   108.77676      0.23493260E-01
   108.51251     -0.17055911E-02
   108.24826      0.27337000E-02
   107.98400      0.56631982E-01
   107.71975     -0.57094678E-01
   107.45549      0.39804084E-02
   107.19124      0.43363687E-01
   106.92699     -0.20349842E-01
   106.66273     -0.49226262E-01
   106.39848     -0.19895541E-02
   106.13423     -0.21867704E-01
   105.86997      0.37613854E-01
   105.60572      0.95936932E-01
   105.34147      0.63958485E-02
   105.07721     -0.96392473E-02
   104.81296      0.27822632E-01
   104.54870      0.15189953E-01
   104.28445      0.17661676E-01
   104.02020      0.59161745E-01
   103.75594      0.21193944E-01
   103.49169     -0.20415986E-01
   103.22744     -0.51537991E-01
   102.96318     -0.29240446E-01
   102.69893     -0.22994079E-01
   102.43468      0.55821384E-02
   102.17042      0.44726193E-01
   101.90617      0.33472542E-01
   101.64192      0.36057368E-01
   101.37766      0.86430438E-01
   101.11341      0.15832229E-01
   100.84915      0.48799622E-02
   100.58490     -0.74633867E-01
   100.32065      0.26153427E-01
   100.05639      0.69215477E-01
   99.792140      0.24355792E-01
   99.527886     -0.23237509E-02
   99.263633      0.27903285E-01
   98.999379      0.10181535E-02
   98.735125     -0.12531897E-01
   98.470872     -0.64573078E-02
   98.206618     -0.10032021E-01
   97.942365      0.41617364E-01
   97.678111     -0.40199485E-01
   97.413857      0.28092233E-01
   97.149604     -0.49125757E-01
   96.885350     -0.35150122E-01
   96.621096     -0.11675078E-02
   96.356843      0.18600373E-01
   96.092589      0.51027335E-01
   95.828336      0.42654235E-01
   95.564082      0.33886772E-01
   95.299828      0.23712013E-01
   95.035575     -0.47266532E-01
   94.771321     -0.44289306E-01
   94.507068      0.10325363E-02
   94.242814      0.24325280E-01
   93.978560      0.10615116E-01
   93.714307     -0.53256758E-01
   93.450053      0.28814971E-02
   93.185799      0.36227807E-01
   92.921546     -0.33756658E-01
   92.657292      0.59815623E-01
   92.393039      0.44712447E-01
   92.128785     -0.13295626E-01
   91.864531     -0.68899818E-01
   91.600278      0.44678063E-02
   91.336024      0.36668357E-01
   91.071771      0.38923901E-01
   90.807517      0.33655718E-01
   90.543263     -0.22461489E-01
   90.279010     -0.46827598E-03
   90.014756     -0.58924556E-01
   89.750503      0.31287684E-02
   89.486249      0.64028557E-02
   89.221995     -0.20742623E-01
   88.957742      0.41230477E-01
   88.693488      0.44715770E-01
   88.429234     -0.10173678E-01
   88.164981     -0.53528093E-01
   87.900727     -0.74837536E-01
   87.636474      0.27197219E-01
   87.372220      0.92665544E-02
   87.107966     -0.30556437E-01
   86.843713     -0.79539850E-01
   86.579459     -0.36256429E-01
   86.315206     -0.21104545E-02
   86.050952      0.16620466E-02
   85.786698     -0.13170901E-01
   85.522445     -0.18313657E-01
   85.258191     -0.39488450E-01
   84.993937     -0.78730553E-01
   84.729684     -0.83594006E-02
   84.465430     -0.36501348E-01
   84.201177      0.58333784E-01
   83.936923      0.24846887E-01
   83.672669      0.20331930E-01
   83.408416      0.38535211E-01
   83.144162      0.34764230E-01
   82.879909      0.51427498E-01
   82.615655     -0.22808565E-01
   82.351401     -0.53476024E-01
   82.087148      0.50553814E-01
   81.822894      0.75818114E-02
   81.558641      0.59241265E-01
   81.294387      0.59819110E-01
   81.030133      0.28363368E-01
   80.765880      0.51466174E-01
   80.501626      0.24240892E-01
   80.237372     -0.96152224E-01
   79.973119     -0.75640716E-02
   79.708865     -0.59251608E-02
   79.444612      0.27106673E-01
   79.180358      0.40917369E-02
   78.916104     -0.14070274E-01
   78.651851     -0.58402494E-03
   78.387597      0.27628941E-02
   78.123344      0.30201415E-01
   77.859090      0.13041470E-01
   77.594836      0.12700190E-01
   77.330583     -0.19039832E-01
   77.066329     -0.27131818E-01
   76.802075     -0.29119201E-01
   76.537822     -0.24428582E-02
   76.273568     -0.87621855E-03
   76.009315     -0.49193114E-01
   75.745061      0.12300471E-01
   75.480807      0.92141397E-01
   75.216554     -0.90402598E-02
   74.952300     -0.27656015E-01
   74.688047      0.17746974E-01
   74.423793      0.43100890E-01
   74.159539     -0.58009602E-01
   73.895286     -0.21170257E-01
   73.631032      0.27114391E-01
   73.366779      0.29355267E-01
   73.102525      0.20622227E-01
   72.838271      0.27897473E-01
   72.574018      0.34560286E-01
   72.309764     -0.24606489E-01
   72.045510     -0.94927549E-01
   71.781257      0.91244392E-02
   71.517003     -0.46373419E-01
   71.252750      0.25651941E-01
   70.988496      0.59905726E-01
   70.724242      0.18961396E-01
   70.459989     -0.73243696E-02
   70.195735      0.21004487E-01
   69.931482      0.21900997E-01
   69.667228      0.20222671E-01
   69.402974      0.78435969E-02
   69.138721     -0.56678589E-01
   68.874467      0.39420947E-01
   68.610213     -0.15823916E-01
   68.345960     -0.69482222E-01
   68.081706     -0.97626746E-02
   67.817453     -0.41321781E-01
   67.553199      0.22224845E-01
   67.288945     -0.24071783E-01
   67.024692      0.28236998E-01
   66.760438     -0.51167067E-02
   66.496185      0.48664780E-02
   66.231931     -0.58583297E-01
   65.967677     -0.38674008E-03
   65.703424      0.11239851E-01
   65.439170     -0.17569136E-01
   65.174917      0.36268480E-01
   64.910663     -0.42367589E-01
   64.646409      0.10313429E-01
   64.382156      0.37628200E-01
   64.117902      0.27377997E-02
   63.853648      0.44435658E-01
   63.589395      0.40716678E-01
   63.325141     -0.29939972E-01
   63.060888     -0.32787982E-01
   62.796634     -0.65624632E-01
   62.532380      0.73884428E-02
   62.268127     -0.51922165E-01
   62.003873      0.27411615E-01
   61.739620      0.32939270E-01
   61.475366     -0.45408662E-01
   61.211112     -0.37929043E-01
   60.946859     -0.57035731E-02
   60.682605     -0.31920191E-01
   60.418351     -0.56324411E-01
   60.154098     -0.97585924E-01
   59.889844     -0.36594857E-01
   59.625591     -0.72416820E-01
   59.361337     -0.48506267E-01
   59.097083     -0.73317112E-02
   58.832830      0.49106590E-02
   58.568576     -0.19604410E-02
   58.304323     -0.58596199E-02
   58.040069     -0.45430623E-01
   57.775815     -0.33499859E-01
   57.511562     -0.38734242E-01
   57.247308     -0.58664240E-01
   56.983055     -0.19453408E-01
   56.718801     -0.87524727E-02
   56.454547     -0.12847434E-01
   56.190294      0.19992067E-01
   55.926040      0.12493730E-02
   55.661786     -0.35884269E-01
   55.397533     -0.29243440E-02
   55.133279      0.11933064E-01
   54.869026      0.21560989E-01
   54.604772     -0.98289093E-02
   54.340518     -0.47622770E-02
   54.076265      0.81576690E-01
   53.812011      0.54845478E-01
   53.547758      0.32966785E-01
   53.283504      0.65331310E-01
   53.019250      0.39100800E-01
   52.754997      0.78445919E-01
   52.490743     -0.17155612E-01
   52.226489      0.52145254E-02
   51.962236     -0.26038866E-02
   51.697982     -0.21825161E-01
   51.433729     -0.10846788E-01
   51.169475      0.15764261E-01
   50.905221     -0.16784295E-01
   50.640968     -0.16568089E-02
   50.376714     -0.69573703E-02
   50.112461     -0.29638823E-01
   49.848207     -0.59639201E-01
   49.583953      0.57278492E-01
   49.319700      0.24480838E-01
   49.055446     -0.23275945E-01
   48.791193     -0.37592977E-01
   48.526939     -0.79060793E-01
   48.262685     -0.89482456E-01
   47.998432      0.61972503E-01
   47.734178      0.71501940E-01
   47.469924      0.10226493E-01
   47.205671     -0.93773277E-02
   46.941417      0.13484042E-02
   46.677164     -0.31294331E-01
   46.412910      0.12352566E-01
   46.148656     -0.51855061E-01
   45.884403     -0.21774985E-01
   45.620149      0.72725154E-01
   45.355896      0.72732374E-01
   45.091642      0.65234818E-01
   44.827388     -0.14697595E-01
   44.563135      0.41946150E-01
   44.298881     -0.46219539E-01
   44.034627     -0.41269742E-01
   43.770374      0.88777225E-02
   43.506120      0.56410201E-01
   43.241867      0.46391629E-01
   42.977613      0.53387128E-01
   42.713359     -0.33097882E-01
   42.449106     -0.30036846E-01
   42.184852      0.44381544E-01
   41.920599      0.49669255E-01
   41.656345      0.11948310E-01
   41.392091     -0.48492935E-01
   41.127838     -0.84683765E-03
   40.863584     -0.75386744E-03
   40.599331      0.20150445E-01
   40.335077     -0.73952697E-01
   40.070823     -0.25575744E-01
   39.806570     -0.68800867E-01
   39.542316      0.42812962E-01
   39.278062      0.53192120E-01
   39.013809      0.14599649E-01
   38.749555     -0.66523015E-01
   38.485302     -0.25343109E-01
   38.221048     -0.39445028E-01
   37.956794      0.22387346E-01
   37.692541      0.33085164E-01
   37.428287     -0.12029894E-03
   37.164034     -0.30510120E-01
   36.899780      0.15176680E-01
   36.635526      0.10865511E-01
   36.371273     -0.33666613E-03
   36.107019      0.47427572E-01
   35.842765      0.35907544E-01
   35.578512      0.19128559E-01
   35.314258      0.39421659E-01
   35.050005      0.31315461E-01
   34.785751     -0.33794355E-01
   34.521497     -0.14822835E-01
   34.257244     -0.24747802E-03
   33.992990     -0.11038445E-01
   33.728737      0.32080575E-02
   33.464483      0.25951471E-01
   33.200229      0.55505190E-01
   32.935976     -0.69951236E-01
   32.671722     -0.39465986E-02
   32.407469     -0.17666535E-01
   32.143215     -0.18130139E-01
   31.878961      0.11121038E-01
   31.614708     -0.87084053E-02
   31.350454     -0.23067307E-01
   31.086200      0.91661066E-01
   30.821947      0.21695811E-01
   30.557693      0.45371223E-01
   30.293440     -0.12343812E-01
   30.029186      0.31819470E-01
   29.764932     -0.14931986E-01
   29.500679     -0.66843018E-01
   29.236425     -0.21009425E-01
   28.972172      0.52636033E-02
   28.707918     -0.11328899E-01
   28.443664      0.37003692E-01
   28.179411      0.59164345E-01
   27.915157     -0.44254335E-02
   27.650903     -0.62659331E-01
   27.386650     -0.53574305E-01
   27.122396      0.73794469E-01
   26.858143      0.43577328E-01
   26.593889      0.30444572E-01
   26.329635      0.50211772E-01
   26.065382      0.73863729E-02
   25.801128      0.64776339E-01
   25.536875      0.55912510E-01
   25.272621     -0.10553852E-01
   25.008367      0.12294368    
   24.744114      0.26669759E-01
   24.479860     -0.96682087E-02
   24.215607      0.15484748E-01
   23.951353     -0.54447893E-02
   23.687099     -0.28614938E-01
   23.422846     -0.19253328E-01
   23.158592     -0.40431246E-01
   22.894338     -0.28912129E-01
   22.630085     -0.41308612E-01
   22.365831      0.29632900E-01
   22.101578      0.35519045E-01
   21.837324     -0.82209352E-02
   21.573070     -0.25745673E-01
   21.308817     -0.11482110E-01
   21.044563     -0.13739625E-01
   20.780310      0.44862531E-01
   20.516056      0.46515223E-01
   20.251802      0.24956917E-01
   19.987549      0.47479995E-01
   19.723295     -0.13255278E-01
   19.459041     -0.42195395E-02
   19.194788     -0.18619191E-01
   18.930534     -0.55069663E-01
   18.666281     -0.45352466E-02
   18.402027      0.72802722E-01
   18.137773      0.81764519E-01
   17.873520      0.38498513E-01
   17.609266      0.17171558E-01
   17.345013      0.74747182E-01
   17.080759      0.75697348E-01
   16.816505      0.86155742E-01
   16.552252      0.72071441E-01
   16.287998      0.93951225E-01
   16.023745      0.15063214    
   15.759491      0.11769522    
   15.495237      0.15974666    
   15.230984      0.91863364E-01
   14.966730      0.13414036    
   14.702476      0.14646016    
   14.438223      0.15197255    
   14.173969      0.24821889    
   13.909716      0.32660252    
   13.645462      0.37936163    
   13.381208      0.40277338    
   13.116955      0.46024892    
   12.852701      0.95453286    
   12.588448       1.2403655    
   12.324194       1.4022261    
   12.059940       1.5707998    
   11.795687       1.8750648    
   11.531433       1.9561909    
   11.267179       1.4357518    
   11.002926      0.73205417    
   10.738672      0.34024015    
   10.474419      0.31350350    
   10.210165      0.22440904    
   9.9459114      0.26313657    
   9.6816578      0.23470631    
   9.4174042      0.28136867    
   9.1531506      0.33025831    
   8.8888970      0.47235578    
   8.6246434      0.54168379    
   8.3603898      0.55023825    
   8.0961361       1.2141365    
   7.8318825       2.3106420    
   7.5676289       2.7029374    
   7.3033753       2.7625847    
   7.0391217       3.1394117    
   6.7748681       3.5758991    
   6.5106145       3.2203240    
   6.2463608       1.9775062    
   5.9821072      0.83881760    
   5.7178536      0.43372613    
   5.4536000      0.26198012    
   5.1893464      0.20226334    
   4.9250928      0.18027768    
   4.6608392      0.12144977    
   4.3965856      0.10415962    
   4.1323319      0.53758223E-01
   3.8680783      0.86290821E-01
   3.6038247      0.12412006E-01
   3.3395711      0.32193296E-01
   3.0753175      0.50461721E-01
   2.8110639      0.97695909E-01
   2.5468103      0.14147153    
   2.2825567      0.23183213    
   2.0183030      0.20833850    
   1.7540494      0.29884315    
   1.4897958      0.41606370    
   1.2255422      0.50150812    
  0.96128859      0.67503607    
  0.69703498      0.84786880    
  0.43278137      0.65615106    
  0.16852775       1.1166034    
 -0.95725858E-01   1.5160336    
 -0.35997947       1.4380882    
 -0.62423308       1.0143957    
 -0.88848670      0.40796581    
  -1.1527403      0.12648623    
  -1.4169939     -0.46185884E-02
  -1.6812475      0.27234815E-02
  -1.9455011     -0.49475115E-03
  -2.2097548      0.33290707E-01
  -2.4740084      0.61471276E-01
  -2.7382620     -0.49959339E-01
  -3.0025156     -0.83937552E-02
  -3.2667692     -0.74194493E-02
  -3.5310228      0.32060724E-01
  -3.7952764     -0.26098887E-01
  -4.0595301     -0.10701992E-01
  -4.3237837     -0.11517219E-01
  -4.5880373      0.23110965E-01
  -4.8522909     -0.12808962E-01
  -5.1165445     -0.15943097E-01
  -5.3807981      0.43632865E-01
  -5.6450517     -0.53343646E-01
  -5.9093053     -0.12913566E-01
  -6.1735590     -0.70949376E-01
  -6.4378126     -0.45219935E-01
  -6.7020662     -0.55043772E-01
  -6.9663198     -0.56512017E-01
  -7.2305734     -0.18567786E-01
  -7.4948270      0.20856483E-01
  -7.7590806      0.24592048E-01
  -8.0233342      0.45238817E-02
  -8.2875879      0.44773605E-01
  -8.5518415     -0.12721311E-01
  -8.8160951      0.48651647E-01
  -9.0803487      0.10086542    
  -9.3446023      0.47768958E-01
  -9.6088559      0.22735381E-01
  -9.8731095      0.95084429E-01
  -10.137363      0.75234428E-01
  -10.401617      0.43916348E-01
  -10.665870     -0.12479793E-01
  -10.930124     -0.63358732E-01
  -11.194378      0.63410684E-01
  -11.458631     -0.47527468E-02
  -11.722885      0.10297464E-01
  -11.987138      0.19762412E-01
  -12.251392     -0.22417022E-01
  -12.515646     -0.42861849E-01
  -12.779899     -0.92970720E-02
  -13.044153     -0.25314849E-01
  -13.308406     -0.11143759E-01
  -13.572660     -0.23586933E-01
  -13.836914     -0.54290043E-02
  -14.101167     -0.66637248E-01
  -14.365421      0.38539618E-02
  -14.629675     -0.67813061E-01
  -14.893928      0.10217937E-01
  -15.158182      0.71261570E-01
  -15.422435     -0.89080771E-03
  -15.686689     -0.33975523E-01
  -15.950943      0.78015134E-01
  -16.215196     -0.20287100E-01
  -16.479450     -0.37831832E-01
  -16.743703      0.62780092E-02
  -17.007957      0.26802255E-01
  -17.272211      0.11450916E-01
  -17.536464      0.60602821E-01
  -17.800718      0.24299132E-01
  -18.064972     -0.32045792E-02
  -18.329225      0.21073051E-01
  -18.593479      0.83448544E-01
  -18.857732      0.39574616E-01
  -19.121986     -0.40469084E-01
  -19.386240      0.30660583E-01
  -19.650493      0.38006358E-01
  -19.914747     -0.75262943E-02
  -20.179000      0.11262028E-01
  -20.443254     -0.54523390E-01
  -20.707508     -0.55463996E-01
  -20.971761      0.11424848E-01
  -21.236015     -0.67368343E-01
  -21.500268     -0.88336647E-01
  -21.764522      0.42929679E-01
  -22.028776      0.28731879E-01
  -22.293029      0.61012670E-01
  -22.557283      0.38955126E-01
  -22.821537      0.36138158E-01
  -23.085790     -0.45589646E-02
  -23.350044      0.61163485E-01
  -23.614297      0.12908581E-01
  -23.878551     -0.13279013E-01
  -24.142805      0.58143586E-02
  -24.407058     -0.29239330E-01
  -24.671312     -0.22343518E-02
  -24.935565      0.46454299E-01
  -25.199819     -0.38333796E-01
  -25.464073      0.41732907E-01
  -25.728326      0.31845666E-01
  -25.992580     -0.14813659E-01
  -26.256834      0.16459532E-01
  -26.521087      0.50391406E-01
  -26.785341      0.35094738E-01
  -27.049594     -0.27745403E-02
  -27.313848      0.43042742E-01
  -27.578102     -0.18131433E-01
  -27.842355      0.43112885E-01
  -28.106609      0.85637443E-01
  -28.370862      0.47992263E-01
  -28.635116      0.39817315E-01
  -28.899370      0.13156991E-01
  -29.163623     -0.72164186E-02
  -29.427877     -0.11388596E-01
  -29.692130     -0.13261592E-01
  -29.956384     -0.64234674E-01
  -30.220638     -0.15580093E-01
  -30.484891     -0.69046542E-01
  -30.749145     -0.88189021E-01
  -31.013399      0.15903242E-01
  -31.277652     -0.55724671E-02
  -31.541906     -0.42517439E-01
  -31.806159     -0.14025791E-01
  -32.070413     -0.39524354E-01
  -32.334667     -0.29388154E-01
  -32.598920     -0.65506838E-01
  -32.863174      0.87513831E-02
  -33.127427      0.20298252E-01
  -33.391681     -0.23968704E-01
  -33.655935      0.65617915E-02
  -33.920188      0.49338486E-01
  -34.184442      0.64403817E-01
  -34.448696     -0.10716770E-01
  -34.712949     -0.40086478E-01
  -34.977203      0.19220365E-01
  -35.241456     -0.27747044E-01
  -35.505710      0.39020903E-01
  -35.769964      0.48481639E-01
  -36.034217      0.25003018E-01
  -36.298471     -0.16781816E-02
  -36.562724      0.47604181E-02
  -36.826978      0.35496596E-02
  -37.091232      0.31937726E-01
  -37.355485      0.14722860E-01
  -37.619739     -0.32009510E-03
  -37.883992     -0.47923338E-01
  -38.148246     -0.16418390E-01
  -38.412500     -0.15579734E-01
  -38.676753      0.22209706E-01
  -38.941007      0.83264522E-02
  -39.205261     -0.29519871E-01
  -39.469514     -0.27720246E-01
  -39.733768     -0.61006337E-01
  -39.998021     -0.23558889E-01
  -40.262275     -0.43968074E-01
  -40.526529     -0.26992645E-01
  -40.790782     -0.31569947E-01
  -41.055036      0.69724388E-01
  -41.319289      0.61376942E-02
  -41.583543     -0.36337897E-01
  -41.847797     -0.11391628E-01
  -42.112050      0.12590915E-01
  -42.376304      0.13503972E-02
  -42.640558      0.12742834E-01
  -42.904811      0.41797727E-01
  -43.169065      0.44022258E-01
  -43.433318      0.69925919E-01
  -43.697572     -0.58304779E-02
  -43.961826      0.41176425E-02
  -44.226079      0.55659771E-01
  -44.490333      0.15153071E-01
  -44.754586      0.18627241E-01
  -45.018840     -0.22648681E-01
  -45.283094     -0.13561285E-01
  -45.547347      0.26335395E-02
  -45.811601      0.27327601E-01
  -46.075854      0.92074811E-01
  -46.340108      0.53954072E-01
  -46.604362      0.10791749E-01
  -46.868615      0.36810305E-01
  -47.132869      0.12080893E-01
  -47.397123      0.54557614E-01
  -47.661376      0.76939210E-01
  -47.925630     -0.30698374E-01
  -48.189883     -0.34915123E-01
  -48.454137     -0.78065030E-01
  -48.718391     -0.44522978E-01
  -48.982644     -0.46356805E-01
  -49.246898      0.69736876E-01
  -49.511151      0.57730846E-01
  -49.775405      0.13622939E-01
  -50.039659      0.18316448E-01
  -50.303912     -0.60637906E-01
  -50.568166      0.21805700E-01
  -50.832420     -0.52839732E-02
  -51.096673      0.22928776E-01
  -51.360927      0.66795036E-01
  -51.625180      0.54805387E-01
  -51.889434      0.23039604E-01
  -52.153688      0.18210057E-01
  -52.417941     -0.20782081E-01
  -52.682195     -0.24810467E-01
  -52.946448     -0.16236141E-01
  -53.210702     -0.31257730E-01
  -53.474956     -0.69381669E-04
  -53.739209     -0.21308618E-01
  -54.003463      0.47566146E-01
  -54.267716      0.12910804E-02
  -54.531970      0.69967704E-02
  -54.796224      0.53805895E-01
  -55.060477      0.12734810E-01
  -55.324731     -0.85138917E-01
  -55.588985      0.11993207E-01
  -55.853238      0.29595014E-01
  -56.117492     -0.33140622E-01
  -56.381745      0.78829071E-02
  -56.645999      0.49048938E-01
  -56.910253      0.60233511E-01
  -57.174506      0.29766219E-01
  -57.438760      0.27606081E-01
  -57.703013      0.58041990E-01
  -57.967267      0.17841319E-01
  -58.231521     -0.65945834E-01
  -58.495774     -0.29161412E-01
  -58.760028      0.37334953E-01
  -59.024282      0.27226804E-01
  -59.288535     -0.50926156E-01
  -59.552789      0.66712149E-02
  -59.817042     -0.20001099E-01
  -60.081296     -0.16401721E-01
  -60.345550     -0.32725308E-01
  -60.609803     -0.40500309E-01
  -60.874057     -0.23033835E-01
  -61.138310      0.19911803E-01
  -61.402564     -0.14606470E-01
  -61.666818     -0.15149540E-01
  -61.931071      0.32298371E-01
  -62.195325     -0.40277406E-02
  -62.459578     -0.96036177E-02
  -62.723832      0.28873283E-01
  -62.988086      0.12949399E-01
  -63.252339      0.13288273E-01
  -63.516593     -0.19834782E-02
  -63.780847     -0.28965402E-01
  -64.045100      0.42831261E-01
  -64.309354     -0.23699770E-01
  -64.573607      0.35285000E-02
  -64.837861     -0.32797713E-01
  -65.102115     -0.25286006E-01
  -65.366368      0.90087391E-03
  -65.630622     -0.33676881E-01
  -65.894875      0.40599769E-02
  -66.159129     -0.72717881E-02
  -66.423383      0.13491272E-01
  -66.687636     -0.38832039E-01
  -66.951890     -0.67407958E-01
  -67.216144     -0.12443603E-01
  -67.480397     -0.69831736E-01
  -67.744651     -0.10279862E-01
  -68.008904      0.23120934E-01
  -68.273158      0.47213666E-01
  -68.537412      0.70804447E-01
  -68.801665     -0.15708622E-01
  -69.065919      0.11632457E-01
  -69.330172     -0.24879482E-01
  -69.594426     -0.15084780E-01
  -69.858680     -0.36272913E-01
  -70.122933     -0.20295508E-01
  -70.387187     -0.35133764E-01
  -70.651440      0.46048157E-01
  -70.915694     -0.56864355E-01
  -71.179948     -0.10183029E-01
  -71.444201      0.36629081E-01
  -71.708455     -0.42501785E-01
  -71.972709      0.33642426E-01
  -72.236962      0.38781896E-01
  -72.501216      0.94061187E-02
  -72.765469     -0.31052718E-01
  -73.029723     -0.11903439E-01
  -73.293977     -0.12262827E-01
  -73.558230      0.13945133E-01
  -73.822484      0.41004851E-01
  -74.086737     -0.32256451E-03
  -74.350991     -0.71144804E-01
  -74.615245     -0.37146352E-01
  -74.879498     -0.99397533E-01
  -75.143752     -0.35152912E-01
  -75.408006      0.35959933E-01
  -75.672259      0.15775744E-01
  -75.936513     -0.50962442E-02
  -76.200766      0.56932278E-01
  -76.465020      0.13661325E-01
  -76.729274     -0.31152640E-01
  -76.993527     -0.56655984E-02
  -77.257781      0.25553508E-02
  -77.522034     -0.13354979E-01
  -77.786288     -0.84781479E-02
  -78.050542     -0.92642367E-01
  -78.314795     -0.12134344    
  -78.579049     -0.77183835E-01
  -78.843302     -0.46446539E-01
  -79.107556      0.27318776E-01
  -79.371810     -0.75733170E-01
  -79.636063      0.25473475E-02
  -79.900317     -0.43424286E-01
  -80.164571     -0.98082284E-02
  -80.428824     -0.85777573E-01
  -80.693078      0.13024461E-01
  -80.957331     -0.87781437E-02
  -81.221585     -0.49934587E-02
  -81.485839     -0.36164701E-01
  -81.750092     -0.58004059E-01
  -82.014346     -0.24294330E-01
  -82.278599      0.25065314E-01
  -82.542853     -0.64833602E-02
  -82.807107     -0.21491671E-01
  -83.071360      0.41033980E-03
  -83.335614     -0.54081049E-01
  -83.599868     -0.26395768E-01
  -83.864121     -0.14886084E-01
  -84.128375     -0.14044660E-01
  -84.392628     -0.10064805    
  -84.656882     -0.52850056E-01
  -84.921136     -0.25208924E-01
  -85.185389      0.82421139E-01
  -85.449643     -0.43579131E-01
  -85.713896     -0.34388341E-03
  -85.978150      0.31365845E-01
  -86.242404     -0.17476287E-01
  -86.506657     -0.41452795E-01
  -86.770911      0.17096419E-01
  -87.035164      0.52307518E-02
  -87.299418     -0.39821765E-02
  -87.563672     -0.31424761E-01
  -87.827925     -0.43199077E-01
  -88.092179     -0.54733805E-01
  -88.356433     -0.62578671E-01
  -88.620686      0.13278015E-01
  -88.884940     -0.45542508E-01
  -89.149193      0.23792073E-01
  -89.413447      0.62463939E-01
  -89.677701      0.64983971E-01
  -89.941954      0.75667821E-01
  -90.206208      0.96811699E-02
  -90.470461     -0.31117294E-01
  -90.734715     -0.60927480E-01
  -90.998969     -0.17310740E-01
  -91.263222      0.34937102E-01
  -91.527476     -0.84564924E-01
  -91.791730     -0.61917238E-01
  -92.055983     -0.77219374E-01
  -92.320237     -0.41873455E-01
  -92.584490     -0.63936904E-01
  -92.848744      0.24218515E-01
  -93.112998      0.74818097E-01
  -93.377251      0.39073467E-01
  -93.641505      0.84601212E-02
  -93.905758      0.14091382E-01
  -94.170012     -0.38939171E-01
  -94.434266      0.46109054E-02
  -94.698519     -0.22314923E-01
  -94.962773     -0.38391680E-01
  -95.227026     -0.79406969E-01
  -95.491280      0.29894480E-01
  -95.755534      0.42287976E-01
  -96.019787     -0.45484453E-02
  -96.284041      0.15583388E-01
  -96.548295     -0.61980743E-01
  -96.812548     -0.45173407E-01
  -97.076802     -0.31927358E-01
  -97.341055     -0.67542940E-01
  -97.605309     -0.28796190E-01
  -97.869563     -0.39343428E-01
  -98.133816      0.75853072E-01
  -98.398070     -0.55213735E-01
  -98.662323      0.22239786E-01
  -98.926577      0.18223891E-01
  -99.190831      0.76335065E-01
  -99.455084      0.23644334E-01
  -99.719338      0.70412597E-02
  -99.983592     -0.42504672E-01
  -100.24785      0.63394625E-02
  -100.51210     -0.43797277E-01
  -100.77635      0.57954494E-01
  -101.04061      0.29310850E-01
  -101.30486      0.19648589E-01
  -101.56911      0.47337808E-01
  -101.83337     -0.22369960E-01
  -102.09762      0.16399335E-01
  -102.36187     -0.82659654E-01
  -102.62613     -0.19298133E-01
  -102.89038     -0.40206350E-01
  -103.15463      0.24351969E-01
  -103.41889     -0.49589105E-01
  -103.68314     -0.26739115E-01
  -103.94740      0.34941457E-01
  -104.21165      0.14212195E-01
  -104.47590      0.56456659E-01
  -104.74016     -0.56398567E-04
  -105.00441     -0.65042756E-01
  -105.26866     -0.60009360E-01
  -105.53292     -0.27559113E-01
  -105.79717     -0.36692442E-02
  -106.06142     -0.29264022E-01
  -106.32568     -0.23773586E-01
  -106.58993     -0.48331715E-01
  -106.85419     -0.14876562E-01
  -107.11844      0.34165058E-01
  -107.38269      0.14146043E-01
  -107.64695     -0.38461152E-01
  -107.91120      0.35645664E-01
  -108.17545      0.30072578E-02
  -108.43971     -0.28239470E-02
  -108.70396      0.23517869E-02
  -108.96821      0.12049437E-01
  -109.23247     -0.30435149E-01
  -109.49672     -0.18742247E-02
  -109.76098      0.28816795E-01
  -110.02523     -0.93235867E-02
  -110.28948     -0.52274078E-01
  -110.55374      0.27954709E-01
  -110.81799     -0.96883982E-01
  -111.08224      0.96506933E-02
  -111.34650      0.24984784E-01
  -111.61075     -0.40986750E-01
  -111.87500     -0.13823738E-01
  -112.13926      0.40500291E-01
  -112.40351      0.35265204E-01
  -112.66776     -0.55642221E-02
  -112.93202      0.39101381E-01
  -113.19627      0.14543506E-01
  -113.46053     -0.34065209E-01
  -113.72478     -0.70630512E-02
  -113.98903      0.43826628E-01
  -114.25329     -0.52602820E-01
  -114.51754     -0.21361198E-01
  -114.78179      0.65824859E-01
  -115.04605      0.65343611E-01
  -115.31030      0.24008555E-02
  -115.57455      0.12482593E-01
  -115.83881      0.27953604E-01
  -116.10306     -0.24082122E-01
  -116.36732      0.25771827E-01
  -116.63157      0.40974189E-01
  -116.89582     -0.91329500E-01
  -117.16008     -0.85660025E-01
  -117.42433     -0.92941392E-02
  -117.68858      0.92158383E-02
  -117.95284     -0.98432712E-02
  -118.21709     -0.11430588E-02
  -118.48134     -0.62689940E-02
  -118.74560      0.62136829E-01
  -119.00985      0.66576684E-02
  -119.27411     -0.32402705E-02
  -119.53836     -0.69556773E-01
  -119.80261     -0.39877564E-01
  -120.06687     -0.20895245E-01
  -120.33112      0.71008891E-01
  -120.59537      0.24109349E-01
  -120.85963     -0.71436107E-01
  -121.12388     -0.36993232E-02
  -121.38813      0.19086869E-01
  -121.65239     -0.79217449E-01
  -121.91664     -0.44052295E-01
  -122.18089     -0.45976732E-01
  -122.44515     -0.10646792E-01
  -122.70940     -0.35515718E-01
  -122.97366      0.79703052E-02
  -123.23791      0.38875118E-01
  -123.50216     -0.35485081E-01
  -123.76642     -0.85267276E-02
  -124.03067     -0.13496492E-01
  -124.29492      0.33866349E-02
  -124.55918      0.32815725E-01
  -124.82343      0.35619430E-01
  -125.08768      0.23865052E-01
  -125.35194     -0.50702915E-01
  -125.61619     -0.10759185E-01
  -125.88045     -0.37689008E-01
  -126.14470     -0.31664535E-01
  -126.40895      0.23487495E-01
  -126.67321     -0.74970303E-02
  -126.93746     -0.58562960E-02
  -127.20171      0.69691658E-01
  -127.46597      0.71301736E-01
  -127.73022      0.82072496E-01
  -127.99447     -0.49379855E-01
  -128.25873      0.15196675E-01
  -128.52298     -0.63302023E-02
  -128.78724     -0.30339956E-01
  -129.05149     -0.49689479E-01
  -129.31574      0.17047619E-01
  -129.58000      0.21965420E-01
  -129.84425     -0.81621513E-01
  -130.10850     -0.46470473E-02
  -130.37276      0.84846299E-02
  -130.63701     -0.26690368E-01
  -130.90126     -0.82664527E-01
  -131.16552     -0.51750257E-02
  -131.42977     -0.48556544E-01
  -131.69403     -0.60241856E-01
  -131.95828      0.17789074E-02
  -132.22253     -0.12959400E-03
  -132.48679      0.22430368E-01
  -132.75104     -0.17344104E-01
  -133.01529      0.62898703E-01
  -133.27955     -0.87308930E-02
  -133.54380      0.43155178E-02
  -133.80805     -0.57505388E-02
  -134.07231     -0.53962879E-03
  -134.33656      0.60628960E-02
  -134.60081      0.27568260E-01
  -134.86507      0.87994300E-01
  -135.12932      0.24286089E-01
  -135.39358      0.17059986E-01
  -135.65783     -0.88925868E-01
  -135.92208     -0.80920860E-01
  -136.18634     -0.17846759E-01
  -136.45059     -0.38398705E-01
  -136.71484      0.21426417E-01
  -136.97910     -0.18265337E-01
  -137.24335     -0.13096116E-01
  -137.50760      0.30084938E-01
  -137.77186      0.38197987E-01
  -138.03611      0.18600538E-01
  -138.30037      0.35784226E-02
  -138.56462     -0.87429389E-01
  -138.82887      0.80451906E-01
  -139.09313      0.62097065E-01
  -139.35738     -0.47222357E-02
  -139.62163     -0.96393444E-01
  -139.88589      0.66994190E-01
  -140.15014     -0.18542644E-01
  -140.41439     -0.36311841E-02
  -140.67865      0.15241696E-01
  -140.94290      0.14422441E-01
  -141.20716      0.54960363E-01
  -141.47141      0.19081987E-01
  -141.73566      0.40577203E-01
  -141.99992      0.37900314E-01
  -142.26417     -0.89711942E-01
  -142.52842     -0.61516106E-01
  -142.79268      0.16708616E-01
  -143.05693      0.61718725E-01
  -143.32118      0.19619148E-01
  -143.58544      0.44833202E-01
  -143.84969      0.98111145E-02
  -144.11394     -0.27525865E-01
  -144.37820      0.20743802E-01
  -144.64245      0.29330570E-01
  -144.90671      0.33961181E-01
  -145.17096      0.33515412E-03
  -145.43521     -0.42426534E-01
  -145.69947     -0.32774133E-02
  -145.96372      0.73429313E-02
  -146.22797     -0.15634945E-01
  -146.49223     -0.25416004E-01
  -146.75648     -0.10602265E-01
  -147.02073     -0.30189263E-01
  -147.28499     -0.60979605E-01
  -147.54924     -0.26075866E-01
  -147.81350     -0.53395193E-01
  -148.07775     -0.71830288E-01
  -148.34200     -0.22356180E-01
  -148.60626     -0.22819804E-01
  -148.87051     -0.32402586E-01
  -149.13476     -0.93635563E-02
  -149.39902     -0.35571728E-01
  -149.66327      0.10957653E-02
  -149.92752     -0.17458301E-01
  -150.19178      0.14972179E-01
  -150.45603      0.49198970E-01
  -150.72029     -0.23752209E-01
  -150.98454     -0.67208230E-01
  -151.24879     -0.24369698E-01
  -151.51305      0.33226456E-01
  -151.77730      0.12756145E-01
  -152.04155      0.50824545E-01
  -152.30581     -0.17161906E-01
  -152.57006      0.13822515E-01
  -152.83431      0.44228375E-01
  -153.09857      0.24597645E-01
  -153.36282     -0.15929282E-01
  -153.62707     -0.56588659E-02
  -153.89133     -0.39413057E-01
  -154.15558      0.10350699E-01
  -154.41984     -0.67172386E-02
  -154.68409      0.90416558E-02
  -154.94834      0.17028265E-01
  -155.21260     -0.28288377E-01
  -155.47685     -0.74396662E-01
  -155.74110     -0.52959301E-01
  -156.00536      0.41114621E-01
  -156.26961      0.36387142E-01
  -156.53386      0.10610610E-01
  -156.79812      0.14749777E-01
  -157.06237      0.13585623E-01
  -157.32663      0.76290891E-01
  -157.59088      0.67858063E-01
  -157.85513      0.34107655E-01
  -158.11939     -0.70842081E-02
  -158.38364      0.23181833E-01
  -158.64789      0.40798556E-01
  -158.91215     -0.18546013E-02
  -159.17640      0.13706556E-01
  -159.44065     -0.17400333E-02
  -159.70491      0.14103654E-01
  -159.96916      0.86136945E-02
  -160.23342      0.23633689E-01
  -160.49767      0.32635227E-01
  -160.76192      0.74007092E-02
  -161.02618     -0.19533807E-01
  -161.29043     -0.38029112E-01
  -161.55468     -0.35676274E-01
  -161.81894     -0.43826908E-01
  -162.08319     -0.25760852E-01
  -162.34744     -0.20571923E-01
  -162.61170     -0.20003645E-02
  -162.87595      0.73492013E-01
  -163.14020      0.54075617E-01
  -163.40446     -0.22228369E-01
  -163.66871     -0.53739920E-01
  -163.93297      0.50353523E-01
  -164.19722      0.18447332E-01
  -164.46147     -0.39406374E-01
  -164.72573     -0.49079843E-01
  -164.98998     -0.12497300E-01
  -165.25423     -0.59810984E-02
  -165.51849     -0.35103738E-01
  -165.78274     -0.44241503E-01
  -166.04699      0.28120736E-02
  -166.31125      0.31414181E-02
  -166.57550      0.78766130E-01
  -166.83976      0.29598596E-01
  -167.10401     -0.14825350E-01
  -167.36826     -0.49111780E-01
  -167.63252     -0.65381713E-02
  -167.89677     -0.13906859E-01
  -168.16102     -0.39139826E-01
  -168.42528      0.19415541E-01
  -168.68953     -0.26713457E-01
  -168.95378     -0.28419517E-01
  -169.21804      0.63408948E-02
  -169.48229     -0.31835757E-01
  -169.74655     -0.62292732E-01
  -170.01080      0.46858948E-01
  -170.27505      0.16255580E-01
  -170.53931      0.43662827E-01
  -170.80356     -0.55148989E-01
  -171.06781      0.39541934E-01
  -171.33207      0.12058474E-01
  -171.59632     -0.76447823E-02
  -171.86057     -0.51471144E-02
  -172.12483      0.36697909E-01
  -172.38908     -0.34995988E-01
  -172.65334     -0.44350296E-01
  -172.91759      0.18183054E-01
  -173.18184      0.19534230E-01
  -173.44610      0.67878015E-01
  -173.71035      0.13843207E-02
  -173.97460     -0.25203535E-02
  -174.23886      0.19976141E-01
  -174.50311     -0.38243301E-01
  -174.76736     -0.19820195E-01
  -175.03162     -0.63276820E-01
  -175.29587     -0.40994439E-01
  -175.56012     -0.52484848E-01
  -175.82438     -0.40435445E-01
  -176.08863     -0.57942562E-01
  -176.35289     -0.56590505E-01
  -176.61714     -0.11173703E-01
  -176.88139      0.56949086E-01
  -177.14565      0.17279617E-01
  -177.40990     -0.52168243E-01
  -177.67415     -0.40096354E-01
  -177.93841     -0.21374077E-01
  -178.20266     -0.45137912E-01
  -178.46691     -0.23084495E-01
  -178.73117      0.12192696E-01
  -178.99542     -0.81091195E-01
  -179.25968      0.54229565E-01
  -179.52393     -0.13000423E-01
  -179.78818     -0.12633052E-01
  -180.05244      0.57302816E-02
  -180.31669      0.30988216E-01
