   181.97501     -0.87509556E-02
   181.71076      0.72189137E-01
   181.44651      0.22067524E-01
   181.18225     -0.63541085E-02
   180.91800      0.78605097E-02
   180.65375      0.19383471E-01
   180.38949     -0.26310582E-01
   180.12524      0.60385361E-01
   179.86098      0.16554685E-01
   179.59673      0.20968083E-01
   179.33248     -0.21046598E-01
   179.06822     -0.43364204E-01
   178.80397      0.10164586    
   178.53972      0.96278422E-01
   178.27546      0.73660584E-02
   178.01121      0.28678954E-02
   177.74696     -0.17235041E-01
   177.48270     -0.17097386E-01
   177.21845     -0.49191434E-02
   176.95419     -0.20358842E-01
   176.68994      0.68860166E-02
   176.42569     -0.27355572E-01
   176.16143     -0.61840668E-01
   175.89718     -0.33590097E-01
   175.63293     -0.17513096E-01
   175.36867     -0.48679952E-01
   175.10442      0.31264494E-02
   174.84017      0.12024082E-01
   174.57591     -0.14758930E-01
   174.31166      0.67172553E-02
   174.04740      0.94673056E-02
   173.78315     -0.57940133E-01
   173.51890     -0.45552313E-01
   173.25464      0.13914950E-01
   172.99039     -0.10398567E-01
   172.72614     -0.25495574E-01
   172.46188      0.23566049E-01
   172.19763      0.21934886E-01
   171.93338      0.17328108E-01
   171.66912     -0.65045334E-01
   171.40487     -0.37676550E-01
   171.14062     -0.17208347E-01
   170.87636     -0.57272267E-01
   170.61211     -0.42773760E-02
   170.34785     -0.17616492E-01
   170.08360      0.27870152E-02
   169.81935      0.60568418E-01
   169.55509      0.53867757E-01
   169.29084     -0.44219960E-01
   169.02659     -0.23966733E-01
   168.76233      0.46290092E-01
   168.49808      0.42772051E-01
   168.23383     -0.25994835E-01
   167.96957      0.29306063E-01
   167.70532      0.79952218E-02
   167.44106      0.27036270E-01
   167.17681     -0.43226413E-01
   166.91256     -0.49745232E-01
   166.64830      0.34740217E-01
   166.38405     -0.35364736E-01
   166.11980     -0.14867092E-01
   165.85554      0.77792918E-02
   165.59129      0.22677822E-01
   165.32704     -0.47423083E-01
   165.06278     -0.67388518E-02
   164.79853     -0.15211329E-01
   164.53427      0.40164810E-01
   164.27002     -0.26139095E-01
   164.00577      0.57603054E-01
   163.74151      0.32882027E-01
   163.47726     -0.44788662E-01
   163.21301     -0.41958418E-01
   162.94875     -0.86435582E-02
   162.68450     -0.18842958E-01
   162.42025     -0.46233386E-01
   162.15599     -0.12290614E-01
   161.89174     -0.25877513E-01
   161.62749     -0.88192159E-02
   161.36323     -0.10783763E-01
   161.09898     -0.23598410E-01
   160.83472      0.21508871E-01
   160.57047     -0.33825850E-02
   160.30622      0.38413290E-01
   160.04196     -0.35799675E-01
   159.77771     -0.79049030E-02
   159.51346     -0.25634645E-01
   159.24920      0.92025157E-02
   158.98495      0.46341747E-01
   158.72070      0.18257383E-01
   158.45644     -0.51362444E-01
   158.19219     -0.23572542E-01
   157.92793      0.61855726E-02
   157.66368      0.27445663E-01
   157.39943     -0.56893475E-01
   157.13517      0.16806010E-01
   156.87092      0.20039350E-01
   156.60667      0.18633027E-01
   156.34241      0.30683786E-01
   156.07816      0.15314146E-01
   155.81391      0.18559389E-01
   155.54965     -0.27612818E-01
   155.28540     -0.18345239E-01
   155.02114     -0.62643792E-02
   154.75689     -0.16275777E-01
   154.49264     -0.27208440E-01
   154.22838      0.20819148E-01
   153.96413      0.35553835E-01
   153.69988      0.19816635E-01
   153.43562     -0.10491271E-01
   153.17137      0.10740044E-01
   152.90712      0.35156988E-01
   152.64286      0.18576825E-01
   152.37861      0.45770515E-01
   152.11436      0.34161359E-01
   151.85010      0.28484762E-01
   151.58585     -0.50495751E-03
   151.32159     -0.54648081E-02
   151.05734      0.38881261E-01
   150.79309      0.19226409E-01
   150.52883     -0.56240685E-01
   150.26458     -0.43211266E-01
   150.00033     -0.31211212E-01
   149.73607     -0.12922063E-01
   149.47182      0.72350781E-02
   149.20757      0.31961827E-03
   148.94331      0.10186782E-01
   148.67906     -0.25054809E-01
   148.41480      0.19024169E-01
   148.15055      0.26940737E-01
   147.88630      0.25416749E-01
   147.62204     -0.53590983E-02
   147.35779     -0.16758734E-01
   147.09354      0.13679813E-02
   146.82928     -0.40495917E-01
   146.56503     -0.22499271E-01
   146.30078      0.12817113E-01
   146.03652     -0.51002475E-02
   145.77227     -0.28821215E-01
   145.50801     -0.70239790E-03
   145.24376     -0.26148073E-01
   144.97951      0.10788364E-01
   144.71525     -0.75299531E-01
   144.45100     -0.11746146E-01
   144.18675      0.13535457E-01
   143.92249     -0.87442622E-02
   143.65824      0.28112633E-02
   143.39399     -0.23175437E-01
   143.12973      0.66704806E-02
   142.86548      0.71155862E-02
   142.60123      0.24708323E-01
   142.33697      0.55591282E-01
   142.07272      0.19761212E-01
   141.80846      0.91017596E-02
   141.54421      0.15052672E-01
   141.27996      0.27805166E-02
   141.01570      0.10876668E-01
   140.75145     -0.59413522E-01
   140.48720     -0.41172877E-01
   140.22294      0.75565344E-02
   139.95869      0.44550300E-01
   139.69444     -0.31778049E-01
   139.43018     -0.29854076E-01
   139.16593     -0.16961463E-01
   138.90167     -0.12113061E-01
   138.63742     -0.34043841E-01
   138.37317     -0.15120443E-01
   138.10891      0.70344687E-01
   137.84466      0.47738120E-01
   137.58041     -0.11028114E-01
   137.31615     -0.21866333E-01
   137.05190      0.14983840E-01
   136.78765     -0.98673888E-02
   136.52339     -0.35429005E-01
   136.25914     -0.36579758E-01
   135.99488     -0.20349942E-01
   135.73063     -0.44501808E-01
   135.46638      0.15951509E-02
   135.20212     -0.46182737E-01
   134.93787      0.94928714E-02
   134.67362      0.11190875E-02
   134.40936      0.97000934E-02
   134.14511     -0.35173994E-01
   133.88086      0.22440080E-02
   133.61660     -0.54934942E-02
   133.35235     -0.42654302E-01
   133.08809     -0.61810587E-01
   132.82384     -0.87033354E-01
   132.55959     -0.34261800E-01
   132.29533      0.16459389E-01
   132.03108     -0.11940248E-01
   131.76683      0.18227106E-01
   131.50257      0.35860576E-01
   131.23832      0.62502317E-01
   130.97407      0.78754127E-02
   130.70981     -0.23921065E-01
   130.44556     -0.13750861E-02
   130.18131     -0.43105293E-01
   129.91705     -0.35960715E-01
   129.65280      0.18488865E-01
   129.38854      0.14687709E-01
   129.12429     -0.93411654E-06
   128.86004      0.28616585E-01
   128.59578      0.14641434E-01
   128.33153      0.23259042E-01
   128.06728      0.15527949E-01
   127.80302      0.25666941E-01
   127.53877      0.29228809E-02
   127.27452     -0.19425777E-02
   127.01026      0.36482945E-01
   126.74601      0.18051337E-01
   126.48175      0.21791849E-02
   126.21750      0.45545977E-02
   125.95325     -0.57739113E-02
   125.68899     -0.16270261E-01
   125.42474      0.15609150E-01
   125.16049     -0.25265813E-01
   124.89623     -0.30671475E-01
   124.63198     -0.24307569E-01
   124.36773     -0.54365985E-01
   124.10347     -0.91490783E-02
   123.83922      0.10689126E-01
   123.57496      0.14970777E-01
   123.31071     -0.34343608E-01
   123.04646     -0.12617807E-01
   122.78220     -0.44098359E-01
   122.51795     -0.65121710E-01
   122.25370     -0.17080486    
   121.98944     -0.22323826E-01
   121.72519      -1000.0000    
   121.46094     -0.10445674E-01
   121.19668     -0.73596062E-02
   120.93243      0.15842246E-01
   120.66818      0.18425975E-01
   120.40392     -0.51425278E-01
   120.13967      0.18883966E-01
   119.87541     -0.35442356E-02
   119.61116     -0.41207310E-01
   119.34691     -0.30111231E-01
   119.08265     -0.70081381E-02
   118.81840      0.17275522E-02
   118.55415      0.12785269E-01
   118.28989      0.27965831E-01
   118.02564     -0.61700046E-01
   117.76139     -0.28625734E-01
   117.49713     -0.81689559E-01
   117.23288     -0.57509381E-01
   116.96862      0.36485463E-01
   116.70437      0.18521229E-01
   116.44012      0.27910335E-01
   116.17586     -0.64963847E-01
   115.91161      0.47012633E-02
   115.64736     -0.25849830E-01
   115.38310      0.22191664E-01
   115.11885      0.74929401E-01
   114.85460      0.19693753E-01
   114.59034      0.92369564E-01
   114.32609      0.64362139E-01
   114.06183      0.17411735E-01
   113.79758     -0.87840103E-01
   113.53333     -0.44451449E-01
   113.26907     -0.48726846E-01
   113.00482     -0.15245615E-01
   112.74057      0.13020476E-01
   112.47631      0.36136582E-01
   112.21206      0.30892281E-01
   111.94781     -0.44453491E-01
   111.68355     -0.29040177E-02
   111.41930      0.11219241E-01
   111.15505      0.52837741E-01
   110.89079     -0.20132940E-01
   110.62654     -0.24086372E-02
   110.36228     -0.49126070E-01
   110.09803     -0.27370483E-01
   109.83378      0.27749274E-01
   109.56952      0.41392971E-01
   109.30527     -0.39812528E-01
   109.04102     -0.27634133E-01
   108.77676     -0.24049174E-01
   108.51251      0.32612920E-01
   108.24826      0.15203971E-02
   107.98400     -0.17882079E-01
   107.71975     -0.40113643E-01
   107.45549     -0.45470383E-01
   107.19124     -0.30609570E-01
   106.92699     -0.52503891E-01
   106.66273     -0.91553241E-01
   106.39848     -0.43586005E-01
   106.13423     -0.16339185E-01
   105.86997     -0.45435019E-02
   105.60572      0.81796810E-01
   105.34147      0.31253155E-01
   105.07721     -0.34906730E-01
   104.81296     -0.18972883E-02
   104.54870      0.11973582E-01
   104.28445     -0.34245621E-01
   104.02020      0.29531512E-02
   103.75594      0.46379920E-01
   103.49169     -0.54543611E-01
   103.22744      0.21421902E-01
   102.96318      0.10130669E-01
   102.69893     -0.45585060E-02
   102.43468      0.39647005E-01
   102.17042      0.28597165E-01
   101.90617      0.18385949E-01
   101.64192      0.56784123E-01
   101.37766     -0.22203540E-02
   101.11341     -0.63084243E-02
   100.84915      0.20125531E-01
   100.58490     -0.15667979E-01
   100.32065     -0.33845836E-02
   100.05639     -0.17346037E-02
   99.792140     -0.76697506E-01
   99.527886     -0.17683957E-01
   99.263633     -0.26184795E-01
   98.999379     -0.71718642E-02
   98.735125      0.13991326E-01
   98.470872     -0.38211439E-02
   98.206618     -0.12318598E-01
   97.942364      0.82043931E-04
   97.678111     -0.73719747E-01
   97.413857     -0.92065923E-01
   97.149604     -0.24365734E-02
   96.885350     -0.38993170E-02
   96.621096      0.32860041E-01
   96.356843      0.42388231E-01
   96.092589     -0.10194037E-01
   95.828336      0.10617857E-01
   95.564082     -0.38043030E-01
   95.299828     -0.88786051E-01
   95.035575     -0.29982273E-01
   94.771321     -0.44783514E-01
   94.507067     -0.79910167E-01
   94.242814     -0.48928566E-01
   93.978560     -0.36361847E-01
   93.714307     -0.36874227E-01
   93.450053     -0.64553511E-02
   93.185799     -0.14968868E-03
   92.921546      0.35037212E-01
   92.657292      0.27138807E-01
   92.393039     -0.31085540E-01
   92.128785     -0.55104576E-01
   91.864531      0.10911130E-01
   91.600278      0.63997202E-01
   91.336024      0.19130163E-01
   91.071771      0.55032384E-01
   90.807517     -0.78385331E-01
   90.543263     -0.24174688E-01
   90.279010      0.16918052E-01
   90.014756      0.57223183E-02
   89.750502      0.41015685E-01
   89.486249      0.15900604E-01
   89.221995     -0.98228874E-02
   88.957742      0.29569659E-01
   88.693488      0.41474599E-01
   88.429234     -0.10163540E-01
   88.164981     -0.13529194E-01
   87.900727      0.13003743E-02
   87.636474     -0.52667737E-01
   87.372220      0.14705926E-02
   87.107966     -0.29366007E-02
   86.843713      0.13763452E-01
   86.579459     -0.40623259E-01
   86.315205     -0.16138896E-01
   86.050952     -0.79866111E-01
   85.786698     -0.77309974E-01
   85.522445      0.26364746E-02
   85.258191     -0.14656690E-01
   84.993937     -0.25817696E-02
   84.729684      0.11213851E-01
   84.465430     -0.53533830E-01
   84.201177     -0.48209701E-01
   83.936923      0.10198960E-01
   83.672669      0.17356877E-02
   83.408416      0.94304550E-02
   83.144162      0.62432829E-02
   82.879909     -0.15306234E-01
   82.615655     -0.36578007E-01
   82.351401     -0.48590947E-01
   82.087148      0.57533672E-02
   81.822894     -0.37474230E-01
   81.558640     -0.45766883E-01
   81.294387     -0.39438579E-01
   81.030133     -0.43347865E-01
   80.765880      0.18479931E-03
   80.501626     -0.39496649E-01
   80.237372     -0.11755330E-01
   79.973119      0.43841220E-01
   79.708865     -0.73008962E-01
   79.444612      0.10171907E-01
   79.180358     -0.80002658E-02
   78.916104      0.26673345E-01
   78.651851      0.50274927E-01
   78.387597      0.33528772E-02
   78.123343     -0.88497801E-02
   77.859090     -0.34932266E-02
   77.594836      0.97860564E-02
   77.330583     -0.38360626E-01
   77.066329     -0.64307358E-03
   76.802075      0.51016003E-01
   76.537822      0.47496330E-01
   76.273568     -0.36778476E-01
   76.009315     -0.22314426E-01
   75.745061      0.14534891E-01
   75.480807      0.47665205E-01
   75.216554     -0.14444657E-02
   74.952300     -0.20056687E-01
   74.688047      0.56245551E-03
   74.423793      0.45588758E-01
   74.159539      0.33608522E-01
   73.895286     -0.18845540E-01
   73.631032     -0.10308099E-01
   73.366778      0.62883059E-02
   73.102525     -0.18346732E-01
   72.838271      0.11597580E-01
   72.574018      0.12521883E-02
   72.309764     -0.46537776E-01
   72.045510      0.21360289E-01
   71.781257      0.15626160E-01
   71.517003     -0.37076142E-01
   71.252750      0.21136040E-01
   70.988496     -0.13785143E-02
   70.724242      0.65880399E-02
   70.459989     -0.20846253E-01
   70.195735     -0.12210548E-01
   69.931481      0.98542310E-04
   69.667228     -0.33353262E-01
   69.402974     -0.15061097E-01
   69.138721     -0.25101211E-01
   68.874467     -0.24820643E-01
   68.610213      0.56747869E-01
   68.345960      0.43183211E-01
   68.081706      0.23530807E-01
   67.817453     -0.10009410E-02
   67.553199     -0.83703417E-02
   67.288945     -0.19812008E-01
   67.024692      0.39747874E-02
   66.760438      0.69192164E-01
   66.496185      0.37465304E-01
   66.231931      0.11290526E-02
   65.967677     -0.17442081E-01
   65.703424     -0.16299432E-01
   65.439170      0.43669306E-01
   65.174916     -0.40582817E-01
   64.910663     -0.40849429E-01
   64.646409      0.41552363E-02
   64.382156     -0.18312449E-01
   64.117902      0.19265052E-01
   63.853648      0.49696252E-01
   63.589395      0.39770976E-01
   63.325141      0.56703262E-01
   63.060888     -0.23782833E-01
   62.796634      0.29357282E-01
   62.532380      0.32459147E-01
   62.268127     -0.91355732E-02
   62.003873      0.16119946E-01
   61.739619      0.94846413E-01
   61.475366      0.35973426E-01
   61.211112     -0.14959239E-01
   60.946859      0.89204021E-01
   60.682605      0.33991795E-01
   60.418351      0.57388861E-02
   60.154098     -0.15272258E-01
   59.889844     -0.47016111E-02
   59.625591     -0.34277070E-01
   59.361337     -0.24026684E-01
   59.097083     -0.57996158E-02
   58.832830      0.16477181E-01
   58.568576     -0.48977084E-01
   58.304323     -0.37439158E-02
   58.040069     -0.20726383E-01
   57.775815     -0.30708354E-01
   57.511562     -0.10761626E-01
   57.247308     -0.94071031E-04
   56.983054      0.77818511E-02
   56.718801     -0.24367448E-01
   56.454547      0.13954004E-01
   56.190294      0.12520580E-01
   55.926040      0.19277381E-01
   55.661786      0.50161228E-01
   55.397533      0.15937990E-01
   55.133279     -0.14495904E-01
   54.869026      0.77853673E-02
   54.604772     -0.78811459E-02
   54.340518      0.18432373E-01
   54.076265      0.21386795E-01
   53.812011     -0.17863898E-01
   53.547758     -0.33123314E-01
   53.283504      0.16791433E-01
   53.019250     -0.38727693E-01
   52.754997     -0.56307800E-01
   52.490743      0.32726629E-02
   52.226489     -0.33070147E-01
   51.962236     -0.66629291E-01
   51.697982      0.45773704E-02
   51.433729      0.70218846E-01
   51.169475      0.37235215E-01
   50.905221     -0.23962215E-01
   50.640968      0.39546762E-01
   50.376714      0.36292799E-01
   50.112461      0.30067788E-01
   49.848207      0.28613731E-01
   49.583953     -0.29358207E-02
   49.319700     -0.80099087E-02
   49.055446      0.10429701E-01
   48.791192     -0.34001604E-01
   48.526939     -0.29183049E-01
   48.262685     -0.95726028E-02
   47.998432      0.66778637E-01
   47.734178      0.12101958E-01
   47.469924     -0.34860272E-01
   47.205671     -0.33461429E-01
   46.941417     -0.13308579E-01
   46.677164      0.50465660E-02
   46.412910     -0.56456523E-02
   46.148656     -0.71187116E-01
   45.884403      0.20748302E-02
   45.620149      0.44012144E-02
   45.355896     -0.28961147E-02
   45.091642      0.25493287E-01
   44.827388     -0.34411874E-01
   44.563135      0.12917183E-01
   44.298881      0.30006388E-01
   44.034627     -0.10056193E-02
   43.770374     -0.19163527E-01
   43.506120      0.35480270E-03
   43.241867     -0.29711271E-01
   42.977613     -0.14645720E-01
   42.713359     -0.21496041E-01
   42.449106      0.72362814E-02
   42.184852     -0.27173989E-01
   41.920599      0.19656101E-01
   41.656345     -0.51464792E-03
   41.392091     -0.89106597E-02
   41.127838      0.32746792E-01
   40.863584      0.29631544E-01
   40.599330      0.28712172E-01
   40.335077      0.14712656E-01
   40.070823      0.19870901E-01
   39.806570      0.65740263E-02
   39.542316      0.30950632E-01
   39.278062     -0.42264216E-01
   39.013809     -0.50377026E-01
   38.749555     -0.10180373E-01
   38.485302      0.94709182E-02
   38.221048      0.17682899E-01
   37.956794      0.19943548E-01
   37.692541      0.67272693E-01
   37.428287     -0.47249071E-01
   37.164034     -0.82399145E-01
   36.899780     -0.47707416E-01
   36.635526     -0.42267255E-01
   36.371273     -0.63115798E-01
   36.107019     -0.50375316E-01
   35.842765      0.16514860E-01
   35.578512      0.12567714E-02
   35.314258     -0.13699461E-01
   35.050005      0.31170910E-02
   34.785751     -0.12036484E-01
   34.521497     -0.62561557E-01
   34.257244     -0.41365210E-01
   33.992990      0.14615290E-01
   33.728737     -0.21314925E-01
   33.464483     -0.16374825E-01
   33.200229      0.28208800E-01
   32.935976     -0.23012396E-01
   32.671722     -0.31029452E-01
   32.407468      0.34913989E-02
   32.143215      0.32416668E-01
   31.878961      0.35230562E-01
   31.614708      0.44846777E-02
   31.350454      0.23457943E-01
   31.086200      0.55161696E-02
   30.821947      0.29585732E-02
   30.557693     -0.17203616E-01
   30.293440     -0.29566821E-01
   30.029186      0.50800227E-01
   29.764932      0.35633929E-01
   29.500679     -0.66010463E-02
   29.236425      0.26004883E-01
   28.972172      0.23521667E-01
   28.707918      0.42350195E-01
   28.443664     -0.13360379E-01
   28.179411     -0.13150096E-01
   27.915157      0.50525768E-02
   27.650903     -0.18260103E-01
   27.386650      0.95977075E-02
   27.122396     -0.82423808E-02
   26.858143      0.78257192E-02
   26.593889     -0.32194927E-02
   26.329635     -0.13259705E-02
   26.065382      0.57564490E-03
   25.801128     -0.28278464E-01
   25.536875     -0.53037062E-01
   25.272621     -0.50634157E-01
   25.008367      0.15734823E-01
   24.744114      0.38492855E-01
   24.479860     -0.24625195E-01
   24.215606     -0.10215880E-01
   23.951353      0.47623049E-02
   23.687099      0.81565063E-02
   23.422846     -0.24990758E-01
   23.158592     -0.40207259E-01
   22.894338     -0.42789608E-01
   22.630085     -0.35161309E-01
   22.365831     -0.11463312E-01
   22.101578      0.20115046E-01
   21.837324      0.19660816E-01
   21.573070      0.76733022E-02
   21.308817      0.41025713E-01
   21.044563      0.32269601E-01
   20.780310      0.68231404E-01
   20.516056     -0.10359081E-01
   20.251802      0.40182017E-01
   19.987549      0.35708796E-01
   19.723295     -0.32656346E-02
   19.459041      0.31897097E-02
   19.194788     -0.20517817E-01
   18.930534      0.55338219E-02
   18.666281      0.49951434E-01
   18.402027      0.63491747E-01
   18.137773      0.11498537E-01
   17.873520      0.40088002E-01
   17.609266      0.51282171E-01
   17.345013      0.81828311E-01
   17.080759      0.83140261E-01
   16.816505      0.13421457E-02
   16.552252      0.41933198E-01
   16.287998      0.40146343E-01
   16.023744      0.51673301E-01
   15.759491      0.92314623E-01
   15.495237      0.83967924E-01
   15.230984      0.11910917    
   14.966730      0.91064036E-01
   14.702476      0.15365078    
   14.438223      0.12748519    
   14.173969      0.12084918    
   13.909716      0.16088600    
   13.645462      0.36881509    
   13.381208      0.77439415    
   13.116955       1.2020128    
   12.852701       1.7322235    
   12.588448       2.2041447    
   12.324194       2.4240801    
   12.059940       2.0283465    
   11.795687       1.3443356    
   11.531433      0.68633252    
   11.267179      0.40364543    
   11.002926      0.30856249    
   10.738672      0.29401642    
   10.474419      0.28932077    
   10.210165      0.30169243    
   9.9459114      0.27404621    
   9.6816578      0.28438768    
   9.4174042      0.21785662    
   9.1531505      0.75820476E-01
   8.8888969      0.32114160    
   8.6246433      0.99233472    
   8.3603897       1.9314415    
   8.0961361       3.0054345    
   7.8318825       4.0287905    
   7.5676289       4.6421957    
   7.3033753       4.1524687    
   7.0391216       2.9526086    
   6.7748680       1.5430636    
   6.5106144      0.73428679    
   6.2463608      0.42240971    
   5.9821072      0.27790022    
   5.7178536      0.25798550    
   5.4536000      0.25159860    
   5.1893464      0.22419778    
   4.9250927      0.20908169    
   4.6608391      0.14832991    
   4.3965855      0.16492894    
   4.1323319      0.13985512    
   3.8680783      0.11710034    
   3.6038247      0.59834231E-01
   3.3395711      0.12484288    
   3.0753175      0.10749915    
   2.8110638      0.12497348    
   2.5468102      0.11659934    
   2.2825566      0.84712669E-01
   2.0183030      0.89466363E-01
   1.7540494      0.28681690    
   1.4897958      0.33671296    
   1.2255422      0.62452120    
  0.96128855      0.97503710    
  0.69703493       1.3674490    
  0.43278132       1.5006887    
  0.16852771       1.0848954    
 -0.95725904E-01  0.66254127    
 -0.35997952      0.24939112    
 -0.62423313      0.12275001    
 -0.88848674      0.61578866E-01
  -1.1527404      0.75849429E-01
  -1.4169940      0.67278706E-02
  -1.6812476      0.77667907E-01
  -1.9455012      0.12145685E-02
  -2.2097548      0.33424146E-01
  -2.4740084      0.35202783E-03
  -2.7382620      0.30399695E-01
  -3.0025156      0.58368161E-01
  -3.2667693      0.10756387    
  -3.5310229      0.83246037E-01
  -3.7952765      0.31386245E-01
  -4.0595301      0.52276470E-01
  -4.3237837      0.10013363E-01
  -4.5880373      0.25861155E-01
  -4.8522909      0.55035219E-01
  -5.1165445      0.24640983E-01
  -5.3807982      0.12208855E-01
  -5.6450518     -0.91295447E-02
  -5.9093054      0.37960149E-01
  -6.1735590      0.96197329E-01
  -6.4378126      0.52434720E-01
  -6.7020662     -0.18063867E-01
  -6.9663198      0.37538130E-01
  -7.2305734      0.44035479E-01
  -7.4948271      0.32714251E-01
  -7.7590807      0.28745571E-01
  -8.0233343      0.42156558E-01
  -8.2875879      0.27619271E-01
  -8.5518415      0.10160374E-01
  -8.8160951      0.23831420E-01
  -9.0803487      0.16581317E-01
  -9.3446024     -0.16180299E-01
  -9.6088560      0.59764583E-01
  -9.8731096      0.29274106E-01
  -10.137363      0.15079174E-01
  -10.401617      0.36050942E-01
  -10.665870      0.47042169E-01
  -10.930124      0.19416407E-01
  -11.194378     -0.20955298E-01
  -11.458631      0.21116335E-01
  -11.722885      0.36717340E-01
  -11.987138     -0.90590119E-02
  -12.251392      0.20172948E-01
  -12.515646      0.50932340E-01
  -12.779899      0.32014925E-01
  -13.044153     -0.42217929E-01
  -13.308407      0.18210076E-01
  -13.572660      0.69438149E-02
  -13.836914     -0.41050278E-02
  -14.101167     -0.25490243E-01
  -14.365421     -0.96637439E-02
  -14.629675     -0.88974349E-02
  -14.893928     -0.23323143E-01
  -15.158182      0.34264103E-02
  -15.422435     -0.67935875E-02
  -15.686689      0.22047367E-01
  -15.950943     -0.17883681E-01
  -16.215196     -0.23979086E-01
  -16.479450      0.53388141E-02
  -16.743704      0.57654176E-01
  -17.007957     -0.85712867E-02
  -17.272211      0.49008757E-01
  -17.536464      0.80467030E-01
  -17.800718      0.31380460E-01
  -18.064972      0.68543078E-02
  -18.329225      0.43550409E-01
  -18.593479      0.16347628E-01
  -18.857732     -0.62715702E-01
  -19.121986      0.23213819E-01
  -19.386240      0.14714966E-01
  -19.650493      0.38791724E-01
  -19.914747      0.48527505E-01
  -20.179000      0.11355640E-01
  -20.443254      0.63911855E-01
  -20.707508      0.76621875E-01
  -20.971761      0.31629622E-01
  -21.236015     -0.40753618E-01
  -21.500269      0.31482384E-01
  -21.764522      0.10154920E-01
  -22.028776      0.12220365E-01
  -22.293029      0.19168539E-01
  -22.557283      0.49939984E-03
  -22.821537     -0.42344756E-01
  -23.085790     -0.21531835E-01
  -23.350044      0.16466167E-01
  -23.614297      0.20420656E-01
  -23.878551      0.60568869E-01
  -24.142805     -0.48449300E-02
  -24.407058     -0.79997428E-01
  -24.671312      0.23670174E-01
  -24.935566     -0.19513765E-01
  -25.199819     -0.42623740E-01
  -25.464073      0.94132684E-03
  -25.728326     -0.70614219E-02
  -25.992580     -0.48187072E-03
  -26.256834     -0.10921473E-01
  -26.521087      0.25154283E-01
  -26.785341      0.36391236E-01
  -27.049594      0.20171249E-01
  -27.313848      0.19262729E-01
  -27.578102      0.61525453E-01
  -27.842355     -0.53426595E-02
  -28.106609      0.20983703E-01
  -28.370862      0.30396558E-01
  -28.635116      0.44016916E-01
  -28.899370      0.16535783E-01
  -29.163623      0.10049600E-01
  -29.427877      0.33162668E-01
  -29.692131      0.91000013E-02
  -29.956384     -0.23445321E-01
  -30.220638      0.17523360E-01
  -30.484891     -0.68551421E-01
  -30.749145      0.19299200E-01
  -31.013399      0.47473516E-01
  -31.277652     -0.30103294E-01
  -31.541906     -0.86067058E-02
  -31.806159      0.81408471E-02
  -32.070413     -0.29072447E-01
  -32.334667     -0.41811790E-01
  -32.598920     -0.23684392E-01
  -32.863174     -0.95782587E-02
  -33.127428     -0.20299561E-01
  -33.391681      0.35885185E-01
  -33.655935      0.32171354E-01
  -33.920188      0.63210917E-02
  -34.184442     -0.56982655E-01
  -34.448696     -0.15429888E-01
  -34.712949      0.11180798E-01
  -34.977203     -0.25400941E-02
  -35.241456     -0.62037021E-01
  -35.505710     -0.87624103E-01
  -35.769964     -0.24077829E-01
  -36.034217     -0.21094678E-01
  -36.298471      0.34466568E-01
  -36.562724      0.58814391E-01
  -36.826978      0.96928224E-01
  -37.091232      0.16315062E-01
  -37.355485     -0.38344190E-01
  -37.619739     -0.32789722E-01
  -37.883993     -0.18188730E-03
  -38.148246     -0.26576158E-01
  -38.412500     -0.18248430E-01
  -38.676753      0.76102510E-01
  -38.941007      0.77520357E-02
  -39.205261     -0.13866520E-01
  -39.469514      0.30482233E-01
  -39.733768      0.19247117E-01
  -39.998021     -0.17451836E-01
  -40.262275      0.23973523E-01
  -40.526529     -0.20658202E-01
  -40.790782     -0.19337736E-01
  -41.055036     -0.27860384E-01
  -41.319290      0.19712724E-01
  -41.583543      0.35087418E-01
  -41.847797      0.22199228E-02
  -42.112050      0.56408439E-03
  -42.376304      0.56475598E-01
  -42.640558      0.12244223E-01
  -42.904811      0.11785084E-01
  -43.169065      0.34150265E-01
  -43.433318      0.39419971E-01
  -43.697572     -0.12511405E-01
  -43.961826     -0.20881265E-01
  -44.226079      0.22805430E-01
  -44.490333     -0.14806185E-01
  -44.754586     -0.29268926E-01
  -45.018840     -0.52466462E-02
  -45.283094      0.50117436E-03
  -45.547347      0.38359731E-01
  -45.811601      0.18921228E-01
  -46.075855     -0.86724823E-02
  -46.340108      0.37397176E-01
  -46.604362     -0.23835851E-01
  -46.868615      0.97640483E-02
  -47.132869     -0.84523037E-02
  -47.397123     -0.49554452E-01
  -47.661376     -0.25323354E-01
  -47.925630      0.34641800E-02
  -48.189883     -0.89442041E-02
  -48.454137      0.53470224E-01
  -48.718391     -0.27130332E-01
  -48.982644      0.21092003E-01
  -49.246898     -0.14917949E-01
  -49.511152      0.19822149E-01
  -49.775405     -0.89225527E-02
  -50.039659     -0.35277393E-01
  -50.303912     -0.21120945E-01
  -50.568166     -0.25719393E-01
  -50.832420     -0.23316851E-01
  -51.096673     -0.52980571E-02
  -51.360927      0.34264848E-01
  -51.625180      0.35575733E-01
  -51.889434     -0.23510566E-01
  -52.153688      0.30837286E-01
  -52.417941      0.48321307E-01
  -52.682195     -0.14439059E-01
  -52.946448     -0.31334095E-01
  -53.210702     -0.36990017E-01
  -53.474956     -0.95689967E-02
  -53.739209     -0.13435781E-01
  -54.003463     -0.16094901E-01
  -54.267717     -0.76809488E-02
  -54.531970      0.67004375E-01
  -54.796224      0.13024364E-01
  -55.060477     -0.16603168E-01
  -55.324731     -0.81299702E-02
  -55.588985     -0.92764646E-02
  -55.853238      0.13043130E-01
  -56.117492      0.25026198E-01
  -56.381745     -0.27921515E-01
  -56.645999     -0.37305839E-01
  -56.910253     -0.21110516E-01
  -57.174506     -0.56616619E-01
  -57.438760     -0.35773978E-01
  -57.703013     -0.42299446E-01
  -57.967267     -0.15447810E-01
  -58.231521     -0.46013232E-01
  -58.495774     -0.43448582E-01
  -58.760028      0.37058371E-02
  -59.024282     -0.10896735E-01
  -59.288535     -0.78101987E-02
  -59.552789     -0.14454246E-01
  -59.817042     -0.11607863E-01
  -60.081296      0.33337336E-01
  -60.345550      0.10976220E-01
  -60.609803     -0.13020867E-03
  -60.874057     -0.18992841E-01
  -61.138310      0.13413632E-01
  -61.402564      0.28390886E-01
  -61.666818      0.25774892E-01
  -61.931071      0.36642764E-01
  -62.195325      0.40705513E-01
  -62.459579      0.47401890E-01
  -62.723832      0.29054232E-01
  -62.988086      0.87924143E-02
  -63.252339     -0.13365027E-01
  -63.516593     -0.18572342E-01
  -63.780847     -0.14821935E-01
  -64.045100      0.58260236E-01
  -64.309354      0.33386284E-03
  -64.573607     -0.46421364E-02
  -64.837861     -0.49485169E-01
  -65.102115     -0.49985270E-02
  -65.366368      0.17613500E-01
  -65.630622      0.83490349E-02
  -65.894875     -0.21089688E-01
  -66.159129      0.74205175E-01
  -66.423383      0.35849135E-01
  -66.687636     -0.31435028E-01
  -66.951890      0.20784065E-02
  -67.216144      0.40826019E-01
  -67.480397      0.33799224E-01
  -67.744651      0.46395510E-01
  -68.008904      0.31739466E-01
  -68.273158      0.21160498E-01
  -68.537412     -0.32528050E-01
  -68.801665     -0.22972818E-01
  -69.065919     -0.23079103E-01
  -69.330172     -0.30655520E-01
  -69.594426      0.10822415E-02
  -69.858680     -0.63137258E-02
  -70.122933      0.35007190E-01
  -70.387187     -0.37725907E-01
  -70.651441     -0.19753093E-01
  -70.915694     -0.65999408E-02
  -71.179948     -0.47482189E-01
  -71.444201     -0.53228363E-01
  -71.708455     -0.18274773E-01
  -71.972709     -0.68606436E-02
  -72.236962     -0.24330594E-01
  -72.501216     -0.15959181E-01
  -72.765469     -0.32050889E-01
  -73.029723     -0.10516438E-01
  -73.293977     -0.18801235E-01
  -73.558230      0.40636335E-01
  -73.822484     -0.16080987E-01
  -74.086737     -0.25887489E-01
  -74.350991     -0.66492900E-01
  -74.615245     -0.72952747E-01
  -74.879498      0.19798648E-01
  -75.143752      0.92570689E-02
  -75.408006     -0.42540792E-01
  -75.672259     -0.18099414E-01
  -75.936513     -0.47511198E-01
  -76.200766     -0.33720396E-01
  -76.465020      0.17313069E-01
  -76.729274     -0.31292368E-01
  -76.993527      0.11368597E-01
  -77.257781      0.18675148E-01
  -77.522034     -0.18994907E-01
  -77.786288     -0.93231979E-03
  -78.050542     -0.85436068E-02
  -78.314795      0.25619872E-01
  -78.579049      0.17243732E-01
  -78.843303     -0.11955274E-01
  -79.107556      0.55745870E-01
  -79.371810     -0.20498615E-02
  -79.636063     -0.19757016E-01
  -79.900317      0.34732707E-01
  -80.164571      0.62124506E-01
  -80.428824     -0.71206596E-04
  -80.693078      0.65714471E-01
  -80.957331     -0.19432479E-02
  -81.221585     -0.11839530E-01
  -81.485839      0.78180172E-02
  -81.750092      0.21469800E-01
  -82.014346     -0.35417646E-01
  -82.278599     -0.33620588E-01
  -82.542853     -0.39655637E-01
  -82.807107      0.20453539E-01
  -83.071360     -0.41879009E-01
  -83.335614      0.36391512E-01
  -83.599868     -0.10202315E-01
  -83.864121     -0.51083531E-01
  -84.128375     -0.41075781E-01
  -84.392628     -0.11448762E-01
  -84.656882      0.51035397E-01
  -84.921136      0.31091927E-01
  -85.185389     -0.58245607E-01
  -85.449643     -0.28854394E-01
  -85.713896      0.59046494E-02
  -85.978150     -0.21249602E-01
  -86.242404     -0.32578565E-02
  -86.506657      0.17431170E-01
  -86.770911      0.38302183E-01
  -87.035165      0.20936981E-01
  -87.299418     -0.47161300E-02
  -87.563672      0.62633291E-01
  -87.827925      0.47745556E-01
  -88.092179      0.13888288E-01
  -88.356433     -0.37451815E-01
  -88.620686     -0.62300693E-01
  -88.884940      0.11282452E-01
  -89.149193     -0.29152079E-01
  -89.413447     -0.36482599E-01
  -89.677701     -0.19793224E-01
  -89.941954      0.14675178E-01
  -90.206208     -0.20606674E-01
  -90.470461      0.40601861E-01
  -90.734715      0.21898083E-01
  -90.998969      0.61370149E-01
  -91.263222      0.49364967E-02
  -91.527476      0.14474958E-01
  -91.791730     -0.75487578E-02
  -92.055983     -0.17906796E-01
  -92.320237     -0.10675494E-01
  -92.584490     -0.23745816E-01
  -92.848744     -0.23145402E-01
  -93.112998      0.38510557E-01
  -93.377251      0.41991848E-01
  -93.641505      0.10072740E-01
  -93.905758      0.11722215E-01
  -94.170012     -0.26754621E-01
  -94.434266      0.85406769E-02
  -94.698519      0.37880968E-01
  -94.962773      0.71173027E-01
  -95.227027      0.15124800E-01
  -95.491280      0.54591868E-01
  -95.755534      0.11000369E-01
  -96.019787      0.96549364E-02
  -96.284041      0.29904008E-01
  -96.548295      0.35424963E-01
  -96.812548      0.24040597E-01
  -97.076802     -0.11366531E-02
  -97.341055     -0.16588669E-01
  -97.605309      0.51805012E-01
  -97.869563      0.11504133E-01
  -98.133816      0.71718949E-02
  -98.398070      0.73583700E-01
  -98.662323      0.83517926E-02
  -98.926577     -0.16268950E-01
  -99.190831      0.23111243E-01
  -99.455084      0.73346375E-02
  -99.719338     -0.20402245E-01
  -99.983592      0.48794947E-02
  -100.24785     -0.35279650E-01
  -100.51210     -0.71734197E-01
  -100.77635     -0.47224637E-01
  -101.04061      0.47152597E-01
  -101.30486     -0.25805198E-01
  -101.56911     -0.21443980E-01
  -101.83337      0.23042142E-01
  -102.09762     -0.19491911E-01
  -102.36187     -0.18143293E-01
  -102.62613     -0.21967094E-01
  -102.89038      0.52462392E-01
  -103.15463      0.27805232E-02
  -103.41889     -0.41978031E-01
  -103.68314      0.58258534E-02
  -103.94740      0.22972008E-01
  -104.21165     -0.72057103E-02
  -104.47590     -0.53702626E-01
  -104.74016     -0.25549041E-01
  -105.00441      0.52450728E-01
  -105.26866      0.13579357E-01
  -105.53292     -0.85881419E-01
  -105.79717      0.19309996E-02
  -106.06142      0.43852562E-02
  -106.32568     -0.27565036E-01
  -106.58993     -0.15983313E-01
  -106.85419     -0.45169067E-01
  -107.11844      0.22582104E-01
  -107.38269     -0.23537025E-01
  -107.64695     -0.45426954E-01
  -107.91120     -0.23439951E-01
  -108.17545      0.97232629E-02
  -108.43971      0.48252508E-01
  -108.70396      0.29611968E-01
  -108.96821      0.27352637E-02
  -109.23247     -0.46327338E-02
  -109.49672      0.65192198E-02
  -109.76098     -0.77987686E-01
  -110.02523     -0.50411940E-01
  -110.28948      0.24009978E-01
  -110.55374     -0.11377471E-01
  -110.81799     -0.96083522E-01
  -111.08224      0.10552228E-01
  -111.34650     -0.10922132E-01
  -111.61075     -0.51959451E-01
  -111.87500      0.57453439E-02
  -112.13926     -0.62089704E-01
  -112.40351      0.12481277E-01
  -112.66776     -0.47006477E-01
  -112.93202     -0.26233476E-02
  -113.19627      0.14367302E-01
  -113.46053      0.42720694E-01
  -113.72478     -0.68698898E-02
  -113.98903      0.78965724E-02
  -114.25329      0.42698253E-03
  -114.51754      0.11306474E-01
  -114.78179      0.35750832E-01
  -115.04605      0.48235036E-01
  -115.31030      0.39590236E-01
  -115.57455      0.27535791E-01
  -115.83881      0.26544120E-01
  -116.10306      0.39026570E-01
  -116.36732     -0.30518927E-01
  -116.63157     -0.18172028E-01
  -116.89582      0.16727015E-01
  -117.16008     -0.92159592E-01
  -117.42433     -0.24506945E-01
  -117.68858      0.30022606E-01
  -117.95284     -0.27533427E-01
  -118.21709      0.36292151E-01
  -118.48134     -0.20886626E-01
  -118.74560     -0.27445950E-01
  -119.00985     -0.44679936E-01
  -119.27411      0.36755599E-01
  -119.53836      0.12772510E-01
  -119.80261      0.21648098E-01
  -120.06687      0.43114781E-01
  -120.33112     -0.23100043E-01
  -120.59537     -0.14304738E-01
  -120.85963      0.44073984E-01
  -121.12388     -0.11438721E-01
  -121.38813     -0.63014790E-01
  -121.65239     -0.97876489E-01
  -121.91664     -0.38453851E-01
  -122.18090     -0.17761165E-01
  -122.44515     -0.20441800E-01
  -122.70940     -0.32203894E-01
  -122.97366     -0.27205151E-01
  -123.23791     -0.23297155E-01
  -123.50216      0.16658111E-01
  -123.76642     -0.63091209E-02
  -124.03067      0.19572120E-01
  -124.29492      0.17367557E-01
  -124.55918     -0.20605918E-01
  -124.82343     -0.10061992E-01
  -125.08768     -0.51606677E-01
  -125.35194      0.38531698E-01
  -125.61619      0.52132405E-01
  -125.88045      0.55805232E-01
  -126.14470      0.37765846E-01
  -126.40895      0.39437108E-01
  -126.67321      0.50318249E-01
  -126.93746     -0.81353374E-02
  -127.20171     -0.29225348E-01
  -127.46597     -0.20334418E-02
  -127.73022      0.29676456E-01
  -127.99447      0.57219472E-01
  -128.25873     -0.29782204E-01
  -128.52298      0.42902073E-02
  -128.78724     -0.16473956E-01
  -129.05149      0.28803624E-01
  -129.31574     -0.49281117E-01
  -129.58000     -0.21255584E-01
  -129.84425     -0.12675807E-01
  -130.10850     -0.51871218E-01
  -130.37276      0.40385155E-02
  -130.63701      0.23380917E-01
  -130.90126     -0.14151714E-01
  -131.16552      0.40932685E-01
  -131.42977      0.17031271E-01
  -131.69403     -0.46278555E-01
  -131.95828     -0.69137826E-02
  -132.22253      0.24919881E-01
  -132.48679      0.14060782E-02
  -132.75104     -0.42483121E-01
  -133.01529      0.67629460E-02
  -133.27955      0.51665023E-01
  -133.54380      0.35525363E-01
  -133.80805      0.71578580E-02
  -134.07231      0.40361263E-01
  -134.33656      0.38283020E-01
  -134.60081      0.13894914E-01
  -134.86507     -0.19033093E-01
  -135.12932      0.14920134E-01
  -135.39358      0.13449609E-01
  -135.65783     -0.21543872E-01
  -135.92208      0.10841340E-01
  -136.18634      0.32029744E-01
  -136.45059     -0.32245021E-01
  -136.71484     -0.25475223E-01
  -136.97910     -0.32061040E-01
  -137.24335     -0.33532705E-01
  -137.50760      0.35652045E-01
  -137.77186     -0.10111392E-01
  -138.03611      0.24527658E-01
  -138.30037     -0.76534925E-02
  -138.56462      0.12437087E-02
  -138.82887      0.25803082E-01
  -139.09313      0.73506825E-01
  -139.35738      0.49626343E-01
  -139.62163     -0.42489588E-01
  -139.88589     -0.77374987E-01
  -140.15014      0.12782721E-01
  -140.41439     -0.23072571E-01
  -140.67865     -0.61839469E-01
  -140.94290     -0.43774873E-01
  -141.20716      0.77094776E-02
  -141.47141     -0.36979727E-01
  -141.73566      0.18480223E-01
  -141.99992      0.10692505E-01
  -142.26417     -0.33702653E-01
  -142.52842      0.26277956E-01
  -142.79268     -0.45661159E-01
  -143.05693      0.19364085E-01
  -143.32118     -0.25568642E-01
  -143.58544     -0.26316579E-01
  -143.84969     -0.23057416E-01
  -144.11394     -0.59280857E-01
  -144.37820     -0.46729166E-01
  -144.64245     -0.20255053E-01
  -144.90671     -0.27124833E-01
  -145.17096      0.37035566E-01
  -145.43521      0.26248336E-01
  -145.69947     -0.18682577E-01
  -145.96372     -0.26783565E-01
  -146.22797      0.11005664E-01
  -146.49223      0.24027103E-02
  -146.75648     -0.13333462E-01
  -147.02073      0.51569760E-01
  -147.28499      0.24127578E-01
  -147.54924     -0.25274737E-01
  -147.81350      0.32925975E-01
  -148.07775      0.94790077E-02
  -148.34200     -0.12333727E-01
  -148.60626      0.37771466E-02
  -148.87051      0.88486951E-02
  -149.13476     -0.89282007E-03
  -149.39902     -0.23625165E-01
  -149.66327      0.47271740E-01
  -149.92752     -0.28105112E-01
  -150.19178     -0.34412988E-02
  -150.45603      0.86698728E-03
  -150.72029     -0.29478550E-01
  -150.98454     -0.88616032E-02
  -151.24879     -0.15818149E-01
  -151.51305     -0.10352760    
  -151.77730     -0.38701959E-01
  -152.04155     -0.85501999E-01
  -152.30581     -0.21404589E-01
  -152.57006      0.21271218E-01
  -152.83431      0.12118069E-01
  -153.09857     -0.99971611E-03
  -153.36282     -0.30720659E-01
  -153.62707     -0.38420070E-01
  -153.89133      0.58449361E-01
  -154.15558      0.12921253E-01
  -154.41984      0.51134355E-01
  -154.68409     -0.29448345E-01
  -154.94834     -0.36867891E-01
  -155.21260      0.53232452E-02
  -155.47685     -0.20817166E-01
  -155.74110     -0.73843628E-01
  -156.00536     -0.56127906E-01
  -156.26961      0.45918547E-01
  -156.53386      0.52937090E-01
  -156.79812      0.25093552E-01
  -157.06237     -0.21217326E-02
  -157.32663      0.41409105E-01
  -157.59088      0.17815528E-01
  -157.85513     -0.82615465E-02
  -158.11939     -0.22750651E-01
  -158.38364     -0.42369589E-04
  -158.64789     -0.25138242E-01
  -158.91215     -0.30983489E-01
  -159.17640     -0.40735207E-01
  -159.44065     -0.40567175E-01
  -159.70491     -0.40962189E-01
  -159.96916     -0.36045793E-01
  -160.23342     -0.56789733E-01
  -160.49767      0.35440084E-03
  -160.76192      0.23289353E-01
  -161.02618     -0.50926767E-03
  -161.29043     -0.59624769E-01
  -161.55468     -0.38721941E-01
  -161.81894     -0.26231382E-01
  -162.08319      0.66505210E-02
  -162.34744      0.39821817E-03
  -162.61170      0.15142551E-02
  -162.87595      0.35143740E-01
  -163.14021      0.79301372E-01
  -163.40446     -0.14713064E-01
  -163.66871     -0.83224192E-01
  -163.93297     -0.56637760E-01
  -164.19722     -0.10650478E-01
  -164.46147     -0.39394483E-01
  -164.72573     -0.21543106E-01
  -164.98998     -0.30458059E-01
  -165.25423     -0.57565592E-01
  -165.51849      0.72751031E-02
  -165.78274     -0.14799420E-01
  -166.04699     -0.48205372E-01
  -166.31125      0.24360660E-01
  -166.57550      0.42320206E-02
  -166.83976      0.30760676E-01
  -167.10401      0.49379256E-01
  -167.36826      0.26701331E-01
  -167.63252      0.74673630E-01
  -167.89677     -0.25767263E-01
  -168.16102     -0.61911885E-02
  -168.42528      0.12581479E-01
  -168.68953     -0.33811959E-02
  -168.95378      0.83473377E-01
  -169.21804      0.55560384E-01
  -169.48229     -0.77466145E-02
  -169.74655      0.30954959E-01
  -170.01080      0.39540246E-01
  -170.27505     -0.53945296E-01
  -170.53931      0.43792739E-02
  -170.80356     -0.52166614E-02
  -171.06781     -0.29147111E-01
  -171.33207      0.77985730E-02
  -171.59632      0.19226480E-01
  -171.86057      0.28554602E-02
  -172.12483      0.19368602E-01
  -172.38908     -0.58866020E-01
  -172.65334     -0.78148074E-01
  -172.91759     -0.15306463E-01
  -173.18184      0.45215551E-01
  -173.44610      0.77240646E-01
  -173.71035      0.32579504E-01
  -173.97460     -0.24137262E-01
  -174.23886     -0.12063872E-02
  -174.50311     -0.44147875E-01
  -174.76736      0.11955976E-01
  -175.03162      0.44542942E-01
  -175.29587      0.32098778E-02
  -175.56012      0.71224477E-02
  -175.82438      0.34938448E-02
  -176.08863      0.75732946E-01
  -176.35289      0.61104886E-01
  -176.61714      0.12079636E-01
  -176.88139      0.23292124E-01
  -177.14565      0.26689660E-01
  -177.40990     -0.75302725E-02
  -177.67415     -0.23086702E-01
  -177.93841     -0.67980587E-03
  -178.20266     -0.40694270E-01
  -178.46691     -0.17813690E-01
  -178.73117     -0.43802507E-01
  -178.99542     -0.35636205E-01
  -179.25968      0.13696922E-01
  -179.52393      0.16615681E-01
  -179.78818     -0.44930470E-02
  -180.05244     -0.10412795E-01
  -180.31669     -0.34749158E-01
