0.11D+08                                              +-  H  He C  O  S  G    
 JSPACE =            1
   1 H           0  1  0  0  0  0  0  0  0  0  0  0  0  0  0.59316830D-05
   2 C           0  0  0  1  0  0  0  0  0  0  0  0  0  0  0.12869112D-06
   3 Fe          0  0  0  0  0  0  0  0  1  0  0  0  0  0  0.45397337D-09
   4 Mg          0  0  0  0  0  0  0  0  0  0  1  0  0  0  0.20250741D-08
   5 S           0  0  0  0  0  0  0  1  0  0  0  0  0  0  0.67173207D-07
   6 Si          0  0  0  0  0  0  1  0  0  0  0  0  0  0  0.25543327D-08
   7 O           0  0  0  0  0  1  0  0  0  0  0  0  0  0  0.69083667D-04
   8 N           0  0  0  0  1  0  0  0  0  0  0  0  0  0  0.50566456D-05
   9 He          0  0  1  0  0  0  0  0  0  0  0  0  0  0  0.90000000D-01
  10 Cl          0  0  0  0  0  0  0  0  0  0  0  1  0  0  0.98995179D-09
  11 Na          0  0  0  0  0  0  0  0  0  1  0  0  0  0  0.60961891D-09
  12 P           0  0  0  0  0  0  0  0  0  0  0  0  1  0  0.15359855D-09
  13 F           0  0  0  0  0  0  0  0  0  0  0  0  0  1  0.89654474D-13
  14 OH          0  1  0  0  0  1  0  0  0  0  0  0  0  0  0.81591808D-08
  15 CO          0  0  0  1  0  1  0  0  0  0  0  0  0  0  0.16984164D-03
  16 CS          0  0  0  1  0  0  0  1  0  0  0  0  0  0  0.47023543D-10
  17 HS          0  1  0  0  0  0  0  1  0  0  0  0  0  0  0.16149313D-11
  18 N2          0  0  0  0  2  0  0  0  0  0  0  0  0  0  0.28463908D-04
  19 NH          0  1  0  0  1  0  0  0  0  0  0  0  0  0  0.46233959D-10
  20 SiH         0  1  0  0  0  0  1  0  0  0  0  0  0  0  0.46151402D-11
  21 SiO         0  0  0  0  0  1  1  0  0  0  0  0  0  0  0.47329008D-08
  22 SO          0  0  0  0  0  1  0  1  0  0  0  0  0  0  0.10701009D-08
  23 CH          0  1  0  1  0  0  0  0  0  0  0  0  0  0  0.10415631D-09
  24 O2          0  0  0  0  0  2  0  0  0  0  0  0  0  0  0.46340689D-06
  25 H2          0  2  0  0  0  0  0  0  0  0  0  0  0  0  0.49999692D+00
  26 C2          0  0  0  2  0  0  0  0  0  0  0  0  0  0  0.72381133D-12
  27 CN          0  0  0  1  1  0  0  0  0  0  0  0  0  0  0.82145446D-10
  28 MgH         0  1  0  0  0  0  0  0  0  0  1  0  0  0  0.16027215D-13
  29 NaH         0  1  0  0  0  0  0  0  0  1  0  0  0  0  0.24692464D-13
  30 NO          0  0  0  0  1  1  0  0  0  0  0  0  0  0  0.93877929D-08
  31 NS          0  0  0  0  1  0  0  1  0  0  0  0  0  0  0.10317961D-12
  32 PH          0  1  0  0  0  0  0  0  0  0  0  0  1  0  0.13634358D-12
  33 PN          0  0  0  0  1  0  0  0  0  0  0  0  1  0  0.40125049D-10
  34 PO          0  0  0  0  0  1  0  0  0  0  0  0  1  0  0.36415341D-11
  35 S2          0  0  0  0  0  0  0  2  0  0  0  0  0  0  0.10329380D-13
  36 SiC         0  0  0  1  0  0  1  0  0  0  0  0  0  0  0.32184546D-13
  37 SiN         0  0  0  0  1  0  1  0  0  0  0  0  0  0  0.17518487D-11
  38 SiS         0  0  0  0  0  0  1  1  0  0  0  0  0  0  0.25457515D-11
  39 CCl         0  0  0  1  0  0  0  0  0  0  0  1  0  0  0.14242214D-15
  40 ClO         0  0  0  0  0  1  0  0  0  0  0  1  0  0  0.00000000D+00
  41 CP          0  0  0  1  0  0  0  0  0  0  0  0  1  0  0.35379643D-14
  42 HCl         0  1  0  0  0  0  0  0  0  0  0  1  0  0  0.10027901D-10
  43 HF          0  1  0  0  0  0  0  0  0  0  0  0  0  1  0.66583742D-08
  44 CCH         0  1  0  2  0  0  0  0  0  0  0  0  0  0  0.32671406D-11
  45 C3          0  0  0  3  0  0  0  0  0  0  0  0  0  0  0.11239481D-10
  46 CH2         0  2  0  1  0  0  0  0  0  0  0  0  0  0  0.11914471D-09
  47 SO2         0  0  0  0  0  2  0  1  0  0  0  0  0  0  0.11839619D-10
  48 H2O         0  2  0  0  0  1  0  0  0  0  0  0  0  0  0.91815737D-07
  49 HCN         0  1  0  1  1  0  0  0  0  0  0  0  0  0  0.90135291D-09
  50 HCSi        0  1  0  1  0  0  1  0  0  0  0  0  0  0  0.82186303D-13
  51 CCN         0  0  0  2  1  0  0  0  0  0  0  0  0  0  0.41352081D-12
  52 CCS         0  0  0  2  0  0  0  1  0  0  0  0  0  0  0.99449180D-13
  53 CCO         0  0  0  2  0  1  0  0  0  0  0  0  0  0  0.28836235D-13
  54 CCP         0  0  0  2  0  0  0  0  0  0  0  0  1  0  0.18362854D-15
  55 CO2         0  0  0  1  0  2  0  0  0  0  0  0  0  0  0.12909690D-07
  56 H2S         0  2  0  0  0  0  0  1  0  0  0  0  0  0  0.51615063D-11
  57 HCO         0  1  0  1  0  1  0  0  0  0  0  0  0  0  0.70145447D-11
  58 HCP         0  1  0  1  0  0  0  0  0  0  0  0  1  0  0.95089281D-13
  59 HCS         0  1  0  1  0  0  0  1  0  0  0  0  0  0  0.98409524D-13
  60 HNC         0  1  0  1  1  0  0  0  0  0  0  0  0  0  0.56688854D-09
  61 HNO         0  1  0  0  1  1  0  0  0  0  0  0  0  0  0.10088028D-09
  62 HNSi        0  1  0  0  1  0  1  0  0  0  0  0  0  0  0.96459216D-10
  63 HPO         0  1  0  0  0  1  0  0  0  0  0  0  1  0  0.23596634D-15
  64 HSS         0  1  0  0  0  0  0  2  0  0  0  0  0  0  0.58968725D-13
  65 N2O         0  0  0  0  2  1  0  0  0  0  0  0  0  0  0.27871298D-13
  66 NaOH        0  1  0  0  0  1  0  0  0  1  0  0  0  0  0.10342356D-13
  67 NH2         0  2  0  0  1  0  0  0  0  0  0  0  0  0  0.74780626D-10
  68 NO2         0  0  0  0  1  2  0  0  0  0  0  0  0  0  0.00000000D+00
  69 O2H         0  1  0  0  0  2  0  0  0  0  0  0  0  0  0.19334453D-13
  70 OCN         0  0  0  1  1  1  0  0  0  0  0  0  0  0  0.10277165D-11
  71 OCS         0  0  0  1  0  1  0  1  0  0  0  0  0  0  0.25117688D-11
  72 PH2         0  2  0  0  0  0  0  0  0  0  0  0  1  0  0.24185238D-16
  73 c-SiC2      0  0  0  2  0  0  1  0  0  0  0  0  0  0  0.22771113D-13
  74 SiH2        0  2  0  0  0  0  1  0  0  0  0  0  0  0  0.34408986D-15
  75 SiNC        0  0  0  1  1  0  1  0  0  0  0  0  0  0  0.26228725D-14
  76 SiO2        0  0  0  0  0  2  1  0  0  0  0  0  0  0  0.26116486D-11
  77 C4          0  0  0  4  0  0  0  0  0  0  0  0  0  0  0.94273444D-14
  78 c-C3H       0  1  0  3  0  0  0  0  0  0  0  0  0  0  0.19034272D-12
  79 l-C3H       0  1  0  3  0  0  0  0  0  0  0  0  0  0  0.12937578D-12
  80 CH3         0  3  0  1  0  0  0  0  0  0  0  0  0  0  0.86613742D-12
  81 C2H2        0  2  0  2  0  0  0  0  0  0  0  0  0  0  0.75086229D-10
  82 NH3         0  3  0  0  1  0  0  0  0  0  0  0  0  0  0.40544350D-08
  83 SiCH2       0  2  0  1  0  0  1  0  0  0  0  0  0  0  0.15231501D-14
  84 C3N         0  0  0  3  1  0  0  0  0  0  0  0  0  0  0.21532470D-13
  85 C3O         0  0  0  3  0  1  0  0  0  0  0  0  0  0  0.23415456D-12
  86 C3P         0  0  0  3  0  0  0  0  0  0  0  0  1  0  0.27301225D-18
  87 C3S         0  0  0  3  0  0  0  1  0  0  0  0  0  0  0.44734881D-12
  88 H2CO        0  2  0  1  0  1  0  0  0  0  0  0  0  0  0.28441501D-10
  89 H2CS        0  2  0  1  0  0  0  1  0  0  0  0  0  0  0.74692540D-11
  90 HOOH        0  2  0  0  0  2  0  0  0  0  0  0  0  0  0.50875467D-17
  91 HSSH        0  2  0  0  0  0  0  2  0  0  0  0  0  0  0.68680893D-13
  92 H2SiO       0  2  0  0  0  1  1  0  0  0  0  0  0  0  0.26508062D-17
  93 HCCP        0  1  0  2  0  0  0  0  0  0  0  0  1  0  0.14596872D-17
  94 HCCSi       0  1  0  2  0  0  1  0  0  0  0  0  0  0  0.36298472D-12
  95 l-SiC3      0  0  0  3  0  0  1  0  0  0  0  0  0  0  0.16797885D-14
  96 SiH3        0  3  0  0  0  0  1  0  0  0  0  0  0  0  0.18120655D-19
  97 H2CN        0  2  0  1  1  0  0  0  0  0  0  0  0  0  0.62091457D-13
  98 C5          0  0  0  5  0  0  0  0  0  0  0  0  0  0  0.81491507D-15
  99 c-C3H2      0  2  0  3  0  0  0  0  0  0  0  0  0  0  0.31010539D-11
 100 l-C3H2      0  2  0  3  0  0  0  0  0  0  0  0  0  0  0.95694397D-12
 101 C4H         0  1  0  4  0  0  0  0  0  0  0  0  0  0  0.15950517D-13
 102 CH4         0  4  0  1  0  0  0  0  0  0  0  0  0  0  0.15446618D-08
 103 HC3N        0  1  0  3  1  0  0  0  0  0  0  0  0  0  0.67754847D-13
 104 H2CCN       0  2  0  2  1  0  0  0  0  0  0  0  0  0  0.16862428D-12
 105 H2CCO       0  2  0  2  0  1  0  0  0  0  0  0  0  0  0.14535029D-10
 106 C2H3        0  3  0  2  0  0  0  0  0  0  0  0  0  0  0.76508105D-13
 107 C4N         0  0  0  4  1  0  0  0  0  0  0  0  0  0  0.12643301D-14
 108 C4P         0  0  0  4  0  0  0  0  0  0  0  0  1  0  0.29247190D-18
 109 C4S         0  0  0  4  0  0  0  1  0  0  0  0  0  0  0.23192514D-14
 110 HCOOH       0  2  0  1  0  2  0  0  0  0  0  0  0  0  0.19333948D-10
 111 CH2PH       0  3  0  1  0  0  0  0  0  0  0  0  1  0  0.84797958D-19
 112 CH2NH       0  3  0  1  1  0  0  0  0  0  0  0  0  0  0.59812914D-12
 113 c-HCCHSi    0  2  0  2  0  0  1  0  0  0  0  0  0  0  0.91546701D-14
 114 SiC3H       0  1  0  3  0  0  1  0  0  0  0  0  0  0  0.27129238D-15
 115 SiC4        0  0  0  4  0  0  1  0  0  0  0  0  0  0  0.66628968D-18
 116 SiCH3       0  3  0  1  0  0  1  0  0  0  0  0  0  0  0.13461291D-14
 117 SiH4        0  4  0  0  0  0  1  0  0  0  0  0  0  0  0.37756043D-17
 118 HCNCC       0  1  0  3  1  0  0  0  0  0  0  0  0  0  0.21776511D-13
 119 HCCNC       0  1  0  3  1  0  0  0  0  0  0  0  0  0  0.54871280D-13
 120 HNCCC       0  1  0  3  1  0  0  0  0  0  0  0  0  0  0.36671597D-14
 121 NH2CN       0  2  0  1  2  0  0  0  0  0  0  0  0  0  0.00000000D+00
 122 C6          0  0  0  6  0  0  0  0  0  0  0  0  0  0  0.20515135D-17
 123 CH3CN       0  3  0  2  1  0  0  0  0  0  0  0  0  0  0.22571710D-11
 124 CH2CCH      0  3  0  3  0  0  0  0  0  0  0  0  0  0  0.55057803D-15
 125 C2H4        0  4  0  2  0  0  0  0  0  0  0  0  0  0  0.24338597D-12
 126 NC4N        0  0  0  4  2  0  0  0  0  0  0  0  0  0  0.14954727D-14
 127 H2CSiCH     0  3  0  2  0  0  1  0  0  0  0  0  0  0  0.65363280D-13
 128 SiC4H       0  1  0  4  0  0  1  0  0  0  0  0  0  0  0.22116447D-13
 129 HC4N        0  1  0  4  1  0  0  0  0  0  0  0  0  0  0.42413679D-15
 130 C4H2        0  2  0  4  0  0  0  0  0  0  0  0  0  0  0.73845897D-13
 131 C5H         0  1  0  5  0  0  0  0  0  0  0  0  0  0  0.37121163D-15
 132 C5N         0  0  0  5  1  0  0  0  0  0  0  0  0  0  0.25017082D-16
 133 CH3OH       0  4  0  1  0  1  0  0  0  0  0  0  0  0  0.15849970D-14
 134 NH2CHO      0  3  0  1  1  1  0  0  0  0  0  0  0  0  0.18822569D-14
 135 C5O         0  0  0  5  0  1  0  0  0  0  0  0  0  0  0.45877266D-14
 136 C7          0  0  0  7  0  0  0  0  0  0  0  0  0  0  0.13564903D-19
 137 HC5N        0  1  0  5  1  0  0  0  0  0  0  0  0  0  0.83619832D-16
 138 SiC2CH3     0  3  0  3  0  0  1  0  0  0  0  0  0  0  0.47682626D-16
 139 CH3CHO      0  4  0  2  0  1  0  0  0  0  0  0  0  0  0.16612648D-16
 140 C2H5        0  5  0  2  0  0  0  0  0  0  0  0  0  0  0.10481264D-19
 141 CH2CHCN     0  3  0  3  1  0  0  0  0  0  0  0  0  0  0.78212964D-16
 142 CH3CCH      0  4  0  3  0  0  0  0  0  0  0  0  0  0  0.15921027D-15
 143 C5H2        0  2  0  5  0  0  0  0  0  0  0  0  0  0  0.97893808D-16
 144 C6H         0  1  0  6  0  0  0  0  0  0  0  0  0  0  0.23515885D-17
 145 CH3NH2      0  5  0  1  1  0  0  0  0  0  0  0  0  0  0.69259921D-12
 146 C4H3        0  3  0  4  0  0  0  0  0  0  0  0  0  0  0.76643575D-17
 147 C6N         0  0  0  6  1  0  0  0  0  0  0  0  0  0  0.47653246D-18
 148 C8          0  0  0  8  0  0  0  0  0  0  0  0  0  0  0.20429625D-21
 149 HC6N        0  1  0  6  1  0  0  0  0  0  0  0  0  0  0.53473457D-18
 150 NC6N        0  0  0  6  2  0  0  0  0  0  0  0  0  0  0.83908078D-18
 151 SiC6H       0  1  0  6  0  0  1  0  0  0  0  0  0  0  0.88439566D-18
 152 CH2CHC2H    0  4  0  4  0  0  0  0  0  0  0  0  0  0  0.51644805D-19
 153 C6H2        0  2  0  6  0  0  0  0  0  0  0  0  0  0  0.29529579D-17
 154 C7H         0  1  0  7  0  0  0  0  0  0  0  0  0  0  0.14866690D-19
 155 C7N         0  0  0  7  1  0  0  0  0  0  0  0  0  0  0.24722508D-20
 156 CH3C3N      0  3  0  4  1  0  0  0  0  0  0  0  0  0  0.60237792D-16
 157 HCOOCH3     0  4  0  2  0  2  0  0  0  0  0  0  0  0  0.37689749D-19
 158 C2H6        0  6  0  2  0  0  0  0  0  0  0  0  0  0  0.12256631D-33
 159 C7O         0  0  0  7  0  1  0  0  0  0  0  0  0  0  0.18373430D-18
 160 C9          0  0  0  9  0  0  0  0  0  0  0  0  0  0  0.21418279D-23
 161 HC7N        0  1  0  7  1  0  0  0  0  0  0  0  0  0  0.93181154D-20
 162 SiC3H5      0  5  0  3  0  0  1  0  0  0  0  0  0  0  0.00000000D+00
 163 CH3CH2OH    0  6  0  2  0  1  0  0  0  0  0  0  0  0  0.50654207D-18
 164 C7H2        0  2  0  7  0  0  0  0  0  0  0  0  0  0  0.10339318D-19
 165 C8H         0  1  0  8  0  0  0  0  0  0  0  0  0  0  0.31940934D-21
 166 CH3C4H      0  4  0  5  0  0  0  0  0  0  0  0  0  0  0.26691263D-16
 167 CH3OCH3     0  6  0  2  0  1  0  0  0  0  0  0  0  0  0.77399969D-21
 168 CH3CHCH2    0  6  0  3  0  0  0  0  0  0  0  0  0  0  0.00000000D+00
 169 C8N         0  0  0  8  1  0  0  0  0  0  0  0  0  0  0.50372686D-22
 170 C10         0  0  0 10  0  0  0  0  0  0  0  0  0  0  0.39318222D-25
 171 CH3COCH3    0  6  0  3  0  1  0  0  0  0  0  0  0  0  0.16552693D-21
 172 C8H2        0  2  0  8  0  0  0  0  0  0  0  0  0  0  0.43413080D-21
 173 C9H         0  1  0  9  0  0  0  0  0  0  0  0  0  0  0.24560814D-23
 174 C9N         0  0  0  9  1  0  0  0  0  0  0  0  0  0  0.49441227D-24
 175 CH3C5N      0  3  0  6  1  0  0  0  0  0  0  0  0  0  0.19536160D-20
 176 HC8N        0  1  0  8  1  0  0  0  0  0  0  0  0  0  0.59587779D-22
 177 NC8N        0  0  0  8  2  0  0  0  0  0  0  0  0  0  0.93502431D-22
 178 SiC8H       0  1  0  8  0  0  1  0  0  0  0  0  0  0  0.13002003D-21
 179 CH2CHCHCH2  0  6  0  4  0  0  0  0  0  0  0  0  0  0  0.00000000D+00
 180 C9O         0  0  0  9  0  1  0  0  0  0  0  0  0  0  0.30354195D-22
 181 HC9N        0  1  0  9  1  0  0  0  0  0  0  0  0  0  0.12812595D-23
 182 C10H        0  1  0 10  0  0  0  0  0  0  0  0  0  0  0.29320470D-25
 183 C9H2        0  2  0  9  0  0  0  0  0  0  0  0  0  0  0.13440695D-23
 184 CH3C6H      0  4  0  7  0  0  0  0  0  0  0  0  0  0  0.14120075D-20
 185 C11         0  0  0 11  0  0  0  0  0  0  0  0  0  0  0.87271469D-27
 186 C10N        0  0  0 10  1  0  0  0  0  0  0  0  0  0  0.57616852D-26
 187 CH3C7N      0  3  0  8  1  0  0  0  0  0  0  0  0  0  0.21452705D-24
 188 C10H2       0  2  0 10  0  0  0  0  0  0  0  0  0  0  0.12213743D-23
 189 C6H6        0  6  0  6  0  0  0  0  0  0  0  0  0  0  0.96481365D-18
 190 Si+         1  0  0  0  0  0  1  0  0  0  0  0  0  0  0.56122932D-09
 191 C+          1  0  0  1  0  0  0  0  0  0  0  0  0  0  0.76255686D-08
 192 C-         -1  0  0  1  0  0  0  0  0  0  0  0  0  0  0.32938667D-16
 193 H-         -1  1  0  0  0  0  0  0  0  0  0  0  0  0  0.92448443D-13
 194 O-         -1  0  0  0  0  1  0  0  0  0  0  0  0  0  0.10255895D-16
 195 S-         -1  0  0  0  0  0  0  1  0  0  0  0  0  0  0.30945929D-16
 196 He+         1  0  1  0  0  0  0  0  0  0  0  0  0  0  0.32986998D-10
 197 H+          1  1  0  0  0  0  0  0  0  0  0  0  0  0  0.34446239D-09
 198 Fe+         1  0  0  0  0  0  0  0  1  0  0  0  0  0  0.25460267D-08
 199 Mg+         1  0  0  0  0  0  0  0  0  0  1  0  0  0  0.49749099D-08
 200 N+          1  0  0  0  1  0  0  0  0  0  0  0  0  0  0.55157926D-14
 201 Na+         1  0  0  0  0  0  0  0  0  1  0  0  0  0  0.13903295D-08
 202 O+          1  0  0  0  0  1  0  0  0  0  0  0  0  0  0.53409825D-14
 203 S+          1  0  0  0  0  0  0  1  0  0  0  0  0  0  0.11623016D-07
 204 Cl+         1  0  0  0  0  0  0  0  0  0  0  1  0  0  0.16668620D-17
 205 F+          1  0  0  0  0  0  0  0  0  0  0  0  0  1  0.29209793D-17
 206 P+          1  0  0  0  0  0  0  0  0  0  0  0  1  0  0.20596860D-11
 207 e-         -1  0  0  0  0  0  0  0  0  0  0  0  0  0  0.36168932D-07
 208 CH+         1  1  0  1  0  0  0  0  0  0  0  0  0  0  0.14015329D-14
 209 H2+         1  2  0  0  0  0  0  0  0  0  0  0  0  0  0.11526128D-12
 210 OH+         1  1  0  0  0  1  0  0  0  0  0  0  0  0  0.35347468D-13
 211 SiH+        1  1  0  0  0  0  1  0  0  0  0  0  0  0  0.80326285D-12
 212 C2+         1  0  0  2  0  0  0  0  0  0  0  0  0  0  0.26405718D-17
 213 CN-        -1  0  0  1  1  0  0  0  0  0  0  0  0  0  0.12325706D-17
 214 OH-        -1  1  0  0  0  1  0  0  0  0  0  0  0  0  0.58222711D-15
 215 CF+         1  0  0  1  0  0  0  0  0  0  0  0  0  1  0.20014698D-10
 216 HS+         1  1  0  0  0  0  0  1  0  0  0  0  0  0  0.34361503D-11
 217 SO+         1  0  0  0  0  1  0  1  0  0  0  0  0  0  0.46962350D-10
 218 CCl+        1  0  0  1  0  0  0  0  0  0  0  1  0  0  0.13245370D-13
 219 ClO+        1  0  0  0  0  1  0  0  0  0  0  1  0  0  0.00000000D+00
 220 CN+         1  0  0  1  1  0  0  0  0  0  0  0  0  0  0.22804028D-17
 221 CO+         1  0  0  1  0  1  0  0  0  0  0  0  0  0  0.23142955D-14
 222 CP+         1  0  0  1  0  0  0  0  0  0  0  0  1  0  0.18580973D-21
 223 CS+         1  0  0  1  0  0  0  1  0  0  0  0  0  0  0.53675467D-16
 224 HCl+        1  1  0  0  0  0  0  0  0  0  0  1  0  0  0.16979617D-17
 225 HF+         1  1  0  0  0  0  0  0  0  0  0  0  0  1  0.22468684D-17
 226 HeH+        1  1  1  0  0  0  0  0  0  0  0  0  0  0  0.55606320D-21
 227 N2+         1  0  0  0  2  0  0  0  0  0  0  0  0  0  0.44184970D-15
 228 NH+         1  1  0  0  1  0  0  0  0  0  0  0  0  0  0.13413244D-14
 229 NO+         1  0  0  0  1  1  0  0  0  0  0  0  0  0  0.65873038D-11
 230 NS+         1  0  0  0  1  0  0  1  0  0  0  0  0  0  0.58792539D-12
 231 O2+         1  0  0  0  0  2  0  0  0  0  0  0  0  0  0.15280500D-10
 232 PH+         1  1  0  0  0  0  0  0  0  0  0  0  1  0  0.11496424D-13
 233 PN+         1  0  0  0  1  0  0  0  0  0  0  0  1  0  0.26895531D-13
 234 PO+         1  0  0  0  0  1  0  0  0  0  0  0  1  0  0.18159250D-12
 235 S2+         1  0  0  0  0  0  0  2  0  0  0  0  0  0  0.12510761D-13
 236 SiC+        1  0  0  1  0  0  1  0  0  0  0  0  0  0  0.50668274D-18
 237 SiN+        1  0  0  0  1  0  1  0  0  0  0  0  0  0  0.35280393D-13
 238 SiO+        1  0  0  0  0  1  1  0  0  0  0  0  0  0  0.54944611D-15
 239 SiS+        1  0  0  0  0  0  1  1  0  0  0  0  0  0  0.25076937D-18
 240 SiF+        1  0  0  0  0  0  1  0  0  0  0  0  0  1  0.11799827D-11
 241 CH2+        1  2  0  1  0  0  0  0  0  0  0  0  0  0  0.47197569D-14
 242 C2N+        1  0  0  2  1  0  0  0  0  0  0  0  0  0  0.10870214D-18
 243 CNC+        1  0  0  2  1  0  0  0  0  0  0  0  0  0  0.32204033D-11
 244 HSiO+       1  1  0  0  0  1  1  0  0  0  0  0  0  0  0.36582102D-10
 245 N2H+        1  1  0  0  2  0  0  0  0  0  0  0  0  0  0.69499367D-10
 246 C2H+        1  1  0  2  0  0  0  0  0  0  0  0  0  0  0.14820826D-16
 247 H3+         1  3  0  0  0  0  0  0  0  0  0  0  0  0  0.24204403D-09
 248 C3-        -1  0  0  3  0  0  0  0  0  0  0  0  0  0  0.74192435D-16
 249 HCO+        1  1  0  1  0  1  0  0  0  0  0  0  0  0  0.53804762D-08
 250 HSO+        1  1  0  0  0  1  0  1  0  0  0  0  0  0  0.16250802D-11
 251 H2S+        1  2  0  0  0  0  0  1  0  0  0  0  0  0  0.12007522D-11
 252 HCS+        1  1  0  1  0  0  0  1  0  0  0  0  0  0  0.15970296D-12
 253 HPO+        1  1  0  0  0  1  0  0  0  0  0  0  1  0  0.35886605D-13
 254 C2O+        1  0  0  2  0  1  0  0  0  0  0  0  0  0  0.90628287D-16
 255 C2S+        1  0  0  2  0  0  0  1  0  0  0  0  0  0  0.50070739D-14
 256 C3+         1  0  0  3  0  0  0  0  0  0  0  0  0  0  0.87436740D-18
 257 CCP+        1  0  0  2  0  0  0  0  0  0  0  0  1  0  0.45147875D-16
 258 CHSi+       1  1  0  1  0  0  1  0  0  0  0  0  0  0  0.13436898D-17
 259 CO2+        1  0  0  1  0  2  0  0  0  0  0  0  0  0  0.12783594D-18
 260 H2Cl+       1  2  0  0  0  0  0  0  0  0  0  1  0  0  0.68218609D-14
 261 H2F+        1  2  0  0  0  0  0  0  0  0  0  0  0  1  0.34371350D-12
 262 H2O+        1  2  0  0  0  1  0  0  0  0  0  0  0  0  0.86627610D-13
 263 HCN+        1  1  0  1  1  0  0  0  0  0  0  0  0  0  0.21741802D-16
 264 HCP+        1  1  0  1  0  0  0  0  0  0  0  0  1  0  0.22304919D-20
 265 HNC+        1  1  0  1  1  0  0  0  0  0  0  0  0  0  0.51612418D-16
 266 HNO+        1  1  0  0  1  1  0  0  0  0  0  0  0  0  0.59901280D-13
 267 HNS+        1  1  0  0  1  0  0  1  0  0  0  0  0  0  0.14017385D-15
 268 HNSi+       1  1  0  0  1  0  1  0  0  0  0  0  0  0  0.36649362D-17
 269 HOC+        1  1  0  1  0  1  0  0  0  0  0  0  0  0  0.16030755D-11
 270 HPN+        1  1  0  0  1  0  0  0  0  0  0  0  1  0  0.80685669D-13
 271 HSiS+       1  1  0  0  0  0  1  1  0  0  0  0  0  0  0.29085573D-13
 272 NaH2+       1  2  0  0  0  0  0  0  0  1  0  0  0  0  0.16191979D-13
 273 NCO+        1  0  0  1  1  1  0  0  0  0  0  0  0  0  0.37723138D-14
 274 NH2+        1  2  0  0  1  0  0  0  0  0  0  0  0  0  0.11208046D-13
 275 NO2+        1  0  0  0  1  2  0  0  0  0  0  0  0  0  0.71263497D-19
 276 HO2+        1  1  0  0  0  2  0  0  0  0  0  0  0  0  0.44864431D-15
 277 OCS+        1  0  0  1  0  1  0  1  0  0  0  0  0  0  0.25471601D-12
 278 PH2+        1  2  0  0  0  0  0  0  0  0  0  0  1  0  0.15057699D-14
 279 HS2+        1  1  0  0  0  0  0  2  0  0  0  0  0  0  0.10030778D-14
 280 SiC2+       1  0  0  2  0  0  1  0  0  0  0  0  0  0  0.44336307D-20
 281 SiH2+       1  2  0  0  0  0  1  0  0  0  0  0  0  0  0.34147917D-11
 282 SiNC+       1  0  0  1  1  0  1  0  0  0  0  0  0  0  0.25570824D-12
 283 SO2+        1  0  0  0  0  2  0  1  0  0  0  0  0  0  0.24408071D-18
 284 HCNH+       1  2  0  1  1  0  0  0  0  0  0  0  0  0  0.94155545D-11
 285 HC2N+       1  1  0  2  1  0  0  0  0  0  0  0  0  0  0.54088790D-18
 286 C3H+        1  1  0  3  0  0  0  0  0  0  0  0  0  0  0.21925420D-15
 287 C4+         1  0  0  4  0  0  0  0  0  0  0  0  0  0  0.23308984D-17
 288 H2CO+       1  2  0  1  0  1  0  0  0  0  0  0  0  0  0.53417660D-13
 289 CH3+        1  3  0  1  0  0  0  0  0  0  0  0  0  0  0.36364447D-10
 290 C3N-       -1  0  0  3  1  0  0  0  0  0  0  0  0  0  0.56717799D-16
 291 C4-        -1  0  0  4  0  0  0  0  0  0  0  0  0  0  0.15892118D-15
 292 H3O+        1  3  0  0  0  1  0  0  0  0  0  0  0  0  0.11657467D-08
 293 H2NO+       1  2  0  0  1  1  0  0  0  0  0  0  0  0  0.42162616D-12
 294 H3S+        1  3  0  0  0  0  0  1  0  0  0  0  0  0  0.34488617D-13
 295 HC2S+       1  1  0  2  0  0  0  1  0  0  0  0  0  0  0.51703008D-13
 296 HOCS+       1  1  0  1  0  1  0  1  0  0  0  0  0  0  0.73468347D-14
 297 PCH2+       1  2  0  1  0  0  0  0  0  0  0  0  1  0  0.64386845D-15
 298 H2S2+       1  2  0  0  0  0  0  2  0  0  0  0  0  0  0.86086914D-16
 299 C2H2+       1  2  0  2  0  0  0  0  0  0  0  0  0  0  0.12154974D-12
 300 C2HO+       1  1  0  2  0  1  0  0  0  0  0  0  0  0  0.30006084D-13
 301 C2N2+       1  0  0  2  2  0  0  0  0  0  0  0  0  0  0.65306560D-22
 302 C3N+        1  0  0  3  1  0  0  0  0  0  0  0  0  0  0.11573195D-20
 303 C3O+        1  0  0  3  0  1  0  0  0  0  0  0  0  0  0.29791943D-15
 304 C3S+        1  0  0  3  0  0  0  1  0  0  0  0  0  0  0.22832338D-14
 305 CH2Si+      1  2  0  1  0  0  1  0  0  0  0  0  0  0  0.11329253D-13
 306 H2CCl+      1  2  0  1  0  0  0  0  0  0  0  1  0  0  0.58578366D-16
 307 H2CS+       1  2  0  1  0  0  0  1  0  0  0  0  0  0  0.10437341D-14
 308 H2NC+       1  2  0  1  1  0  0  0  0  0  0  0  0  0  0.10172133D-11
 309 H2PO+       1  2  0  0  0  1  0  0  0  0  0  0  1  0  0.79372255D-16
 310 H2SiO+      1  2  0  0  0  1  1  0  0  0  0  0  0  0  0.47893857D-15
 311 HOCO+       1  1  0  1  0  2  0  0  0  0  0  0  0  0  0.29134286D-12
 312 HNCO+       1  1  0  1  1  1  0  0  0  0  0  0  0  0  0.10885965D-19
 313 HSiO2+      1  1  0  0  0  2  1  0  0  0  0  0  0  0  0.63363507D-15
 314 HSO2+       1  1  0  0  0  2  0  1  0  0  0  0  0  0  0.98162001D-15
 315 NaH2O+      1  2  0  0  0  1  0  0  0  1  0  0  0  0  0.39132241D-15
 316 NH3+        1  3  0  0  1  0  0  0  0  0  0  0  0  0  0.75086067D-11
 317 PC2H+       1  1  0  2  0  0  0  0  0  0  0  0  1  0  0.12781781D-16
 318 PH3+        1  3  0  0  0  0  0  0  0  0  0  0  1  0  0.27969974D-16
 319 PNH2+       1  2  0  0  1  0  0  0  0  0  0  0  1  0  0.84314644D-15
 320 SiC2H+      1  1  0  2  0  0  1  0  0  0  0  0  0  0  0.11633442D-14
 321 l-SiC3+     1  0  0  3  0  0  1  0  0  0  0  0  0  0  0.33113680D-15
 322 SiH3+       1  3  0  0  0  0  1  0  0  0  0  0  0  0  0.58267626D-15
 323 SiNCH+      1  1  0  1  1  0  1  0  0  0  0  0  0  0  0.27032841D-15
 324 HSiNH+      1  2  0  0  1  0  1  0  0  0  0  0  0  0  0.63560661D-12
 325 HN2O+       1  1  0  0  2  1  0  0  0  0  0  0  0  0  0.83324181D-18
 326 C2H3+       1  3  0  2  0  0  0  0  0  0  0  0  0  0  0.28101242D-12
 327 c-C3H2+     1  2  0  3  0  0  0  0  0  0  0  0  0  0  0.51237811D-14
 328 l-C3H2+     1  2  0  3  0  0  0  0  0  0  0  0  0  0  0.20646327D-14
 329 C4H+        1  1  0  4  0  0  0  0  0  0  0  0  0  0  0.34420322D-17
 330 C5+         1  0  0  5  0  0  0  0  0  0  0  0  0  0  0.66034639D-20
 331 HC3O+       1  1  0  3  0  1  0  0  0  0  0  0  0  0  0.32888738D-15
 332 C4H-       -1  1  0  4  0  0  0  0  0  0  0  0  0  0  0.22133715D-15
 333 C5-        -1  0  0  5  0  0  0  0  0  0  0  0  0  0  0.28100587D-16
 334 NH4+        1  4  0  0  1  0  0  0  0  0  0  0  0  0  0.10032946D-10
 335 H3CS+       1  3  0  1  0  0  0  1  0  0  0  0  0  0  0.79072718D-13
 336 H2COH+      1  3  0  1  0  1  0  0  0  0  0  0  0  0  0.31525886D-13
 337 H3S2+       1  3  0  0  0  0  0  2  0  0  0  0  0  0  0.78554494D-15
 338 HC3S+       1  1  0  3  0  0  0  1  0  0  0  0  0  0  0.18024661D-13
 339 PC3H+       1  1  0  3  0  0  0  0  0  0  0  0  1  0  0.66433204D-19
 340 PCH3+       1  3  0  1  0  0  0  0  0  0  0  0  1  0  0.58103490D-18
 341 PNH3+       1  3  0  0  1  0  0  0  0  0  0  0  1  0  0.31226809D-17
 342 SiC2H2+     1  2  0  2  0  0  1  0  0  0  0  0  0  0  0.39122925D-15
 343 SiC3H+      1  1  0  3  0  0  1  0  0  0  0  0  0  0  0.57392910D-15
 344 SiC4+       1  0  0  4  0  0  1  0  0  0  0  0  0  0  0.26251091D-17
 345 SiCH3+      1  3  0  1  0  0  1  0  0  0  0  0  0  0  0.80274575D-17
 346 SiH4+       1  4  0  0  0  0  1  0  0  0  0  0  0  0  0.39283671D-26
 347 CH2CN+      1  2  0  2  1  0  0  0  0  0  0  0  0  0  0.14122709D-13
 348 H2CCO+      1  2  0  2  0  1  0  0  0  0  0  0  0  0  0.77209970D-13
 349 HC3N+       1  1  0  3  1  0  0  0  0  0  0  0  0  0  0.33827661D-17
 350 C4N+        1  0  0  4  1  0  0  0  0  0  0  0  0  0  0.75020249D-20
 351 C4P+        1  0  0  4  0  0  0  0  0  0  0  0  1  0  0.18012366D-22
 352 C4S+        1  0  0  4  0  0  0  1  0  0  0  0  0  0  0.29869691D-16
 353 HCOOH+      1  2  0  1  0  2  0  0  0  0  0  0  0  0  0.49954433D-14
 354 CH4+        1  4  0  1  0  0  0  0  0  0  0  0  0  0  0.45403166D-16
 355 H3SiO+      1  3  0  0  0  1  1  0  0  0  0  0  0  0  0.61860392D-19
 356 PC2H2+      1  2  0  2  0  0  0  0  0  0  0  0  1  0  0.66550984D-18
 357 C6+         1  0  0  6  0  0  0  0  0  0  0  0  0  0  0.13275484D-20
 358 HC4N+       1  1  0  4  1  0  0  0  0  0  0  0  0  0  0.15287193D-22
 359 C5H-       -1  1  0  5  0  0  0  0  0  0  0  0  0  0  0.47818875D-16
 360 C6-        -1  0  0  6  0  0  0  0  0  0  0  0  0  0  0.48198797D-18
 361 CH3CO+      1  3  0  2  0  1  0  0  0  0  0  0  0  0  0.47037430D-12
 362 C2H4+       1  4  0  2  0  0  0  0  0  0  0  0  0  0  0.22774728D-12
 363 HC3NH+      1  2  0  3  1  0  0  0  0  0  0  0  0  0  0.78989602D-15
 364 HC4S+       1  1  0  4  0  0  0  1  0  0  0  0  0  0  0.61725862D-16
 365 CH5+        1  5  0  1  0  0  0  0  0  0  0  0  0  0  0.21415440D-12
 366 C4H2+       1  2  0  4  0  0  0  0  0  0  0  0  0  0  0.72618974D-14
 367 C5H+        1  1  0  5  0  0  0  0  0  0  0  0  0  0  0.31066099D-16
 368 CH3CN+      1  3  0  2  1  0  0  0  0  0  0  0  0  0  0.20351080D-14
 369 c-C3H3+     1  3  0  3  0  0  0  0  0  0  0  0  0  0  0.17868053D-13
 370 l-C3H3+     1  3  0  3  0  0  0  0  0  0  0  0  0  0  0.15869536D-13
 371 C5N+        1  0  0  5  1  0  0  0  0  0  0  0  0  0  0.41890012D-22
 372 CH3O2+      1  3  0  1  0  2  0  0  0  0  0  0  0  0  0.13742151D-12
 373 CH2NH2+     1  4  0  1  1  0  0  0  0  0  0  0  0  0  0.15053547D-13
 374 CH3OH+      1  4  0  1  0  1  0  0  0  0  0  0  0  0  0.99125700D-18
 375 H2C3O+      1  2  0  3  0  1  0  0  0  0  0  0  0  0  0.19453188D-16
 376 HC2NCH+     1  2  0  3  1  0  0  0  0  0  0  0  0  0  0.23600873D-14
 377 HC4O+       1  1  0  4  0  1  0  0  0  0  0  0  0  0  0.26865814D-14
 378 NH2CNH+     1  3  0  1  2  0  0  0  0  0  0  0  0  0  0.00000000D+00
 379 PC2H3+      1  3  0  2  0  0  0  0  0  0  0  0  1  0  0.21228513D-21
 380 PC4H+       1  1  0  4  0  0  0  0  0  0  0  0  1  0  0.53151365D-19
 381 PCH4+       1  4  0  1  0  0  0  0  0  0  0  0  1  0  0.29090381D-19
 382 SiC2H3+     1  3  0  2  0  0  1  0  0  0  0  0  0  0  0.51188617D-16
 383 SiC3H2+     1  2  0  3  0  0  1  0  0  0  0  0  0  0  0.13430196D-17
 384 SiC4H+      1  1  0  4  0  0  1  0  0  0  0  0  0  0  0.22517710D-18
 385 SiCH4+      1  4  0  1  0  0  1  0  0  0  0  0  0  0  0.80304653D-17
 386 SiH5+       1  5  0  0  0  0  1  0  0  0  0  0  0  0  0.20074027D-19
 387 C7+         1  0  0  7  0  0  0  0  0  0  0  0  0  0  0.47165124D-23
 388 H2C4N+      1  2  0  4  1  0  0  0  0  0  0  0  0  0  0.22777154D-22
 389 C6H-       -1  1  0  6  0  0  0  0  0  0  0  0  0  0  0.17862651D-18
 390 C7-        -1  0  0  7  0  0  0  0  0  0  0  0  0  0  0.81862091D-20
 391 C4H3+       1  3  0  4  0  0  0  0  0  0  0  0  0  0  0.21232874D-15
 392 C5H2+       1  2  0  5  0  0  0  0  0  0  0  0  0  0  0.23661028D-18
 393 CH3CNH+     1  4  0  2  1  0  0  0  0  0  0  0  0  0  0.46029935D-13
 394 C2H4O+      1  4  0  2  0  1  0  0  0  0  0  0  0  0  0.34734718D-16
 395 C2H5+       1  5  0  2  0  0  0  0  0  0  0  0  0  0  0.12669842D-14
 396 C3H3N+      1  3  0  3  1  0  0  0  0  0  0  0  0  0  0.56006751D-18
 397 C3H4+       1  4  0  3  0  0  0  0  0  0  0  0  0  0  0.99575966D-18
 398 HC5N+       1  1  0  5  1  0  0  0  0  0  0  0  0  0  0.13564430D-19
 399 C6H+        1  1  0  6  0  0  0  0  0  0  0  0  0  0  0.49717778D-19
 400 CH3NH2+     1  5  0  1  1  0  0  0  0  0  0  0  0  0  0.10102433D-14
 401 CH3OH2+     1  5  0  1  0  1  0  0  0  0  0  0  0  0  0.12071786D-15
 402 H3C3O+      1  3  0  3  0  1  0  0  0  0  0  0  0  0  0.33382895D-15
 403 NH2CH2O+    1  4  0  1  1  1  0  0  0  0  0  0  0  0  0.20765242D-17
 404 PC2H4+      1  4  0  2  0  0  0  0  0  0  0  0  1  0  0.23981939D-22
 405 PC4H2+      1  2  0  4  0  0  0  0  0  0  0  0  1  0  0.51955367D-22
 406 HC5O+       1  1  0  5  0  1  0  0  0  0  0  0  0  0  0.70786134D-17
 407 C6N+        1  0  0  6  1  0  0  0  0  0  0  0  0  0  0.70300229D-23
 408 H2C5N+      1  2  0  5  1  0  0  0  0  0  0  0  0  0  0.30582681D-18
 409 C8+         1  0  0  8  0  0  0  0  0  0  0  0  0  0  0.12311455D-23
 410 C7H-       -1  1  0  7  0  0  0  0  0  0  0  0  0  0  0.10263215D-19
 411 C8-        -1  0  0  8  0  0  0  0  0  0  0  0  0  0  0.44371807D-22
 412 C5H3+       1  3  0  5  0  0  0  0  0  0  0  0  0  0  0.13342725D-18
 413 C3H5+       1  5  0  3  0  0  0  0  0  0  0  0  0  0  0.78906054D-17
 414 C6H2+       1  2  0  6  0  0  0  0  0  0  0  0  0  0  0.27359773D-18
 415 C7H+        1  1  0  7  0  0  0  0  0  0  0  0  0  0  0.45329709D-20
 416 CH3CHOH+    1  5  0  2  0  1  0  0  0  0  0  0  0  0  0.10324246D-17
 417 C2H6+       1  6  0  2  0  0  0  0  0  0  0  0  0  0  0.56490053D-23
 418 C3H3NH+     1  4  0  3  1  0  0  0  0  0  0  0  0  0  0.24896943D-19
 419 C4H4+       1  4  0  4  0  0  0  0  0  0  0  0  0  0  0.31292318D-20
 420 C7N+        1  0  0  7  1  0  0  0  0  0  0  0  0  0  0.61196212D-26
 421 CH3NH3+     1  6  0  1  1  0  0  0  0  0  0  0  0  0  0.18622898D-13
 422 COOCH4+     1  4  0  2  0  2  0  0  0  0  0  0  0  0  0.65733314D-22
 423 H3C4N+      1  3  0  4  1  0  0  0  0  0  0  0  0  0  0.22776388D-22
 424 HC6N+       1  1  0  6  1  0  0  0  0  0  0  0  0  0  0.76931995D-26
 425 C9+         1  0  0  9  0  0  0  0  0  0  0  0  0  0  0.28502628D-26
 426 C8H-       -1  1  0  8  0  0  0  0  0  0  0  0  0  0  0.63000023D-22
 427 C9-        -1  0  0  9  0  0  0  0  0  0  0  0  0  0  0.13391362D-23
 428 C4H5+       1  5  0  4  0  0  0  0  0  0  0  0  0  0  0.12028185D-18
 429 C6H3+       1  3  0  6  0  0  0  0  0  0  0  0  0  0  0.36518501D-20
 430 C7H2+       1  2  0  7  0  0  0  0  0  0  0  0  0  0  0.10856648D-21
 431 C2H5OH+     1  6  0  2  0  1  0  0  0  0  0  0  0  0  0.42448968D-21
 432 H3C4NH+     1  4  0  4  1  0  0  0  0  0  0  0  0  0  0.15370780D-18
 433 C5H3N+      1  3  0  5  1  0  0  0  0  0  0  0  0  0  0.10303053D-20
 434 C5H4+       1  4  0  5  0  0  0  0  0  0  0  0  0  0  0.37687214D-19
 435 HC7N+       1  1  0  7  1  0  0  0  0  0  0  0  0  0  0.19530424D-23
 436 C8H+        1  1  0  8  0  0  0  0  0  0  0  0  0  0  0.63495590D-26
 437 CH3OCH3+    1  6  0  2  0  1  0  0  0  0  0  0  0  0  0.69922830D-24
 438 H5C2O2+     1  5  0  2  0  2  0  0  0  0  0  0  0  0  0.90305337D-21
 439 HC7O+       1  1  0  7  0  1  0  0  0  0  0  0  0  0  0.28349206D-21
 440 C8N+        1  0  0  8  1  0  0  0  0  0  0  0  0  0  0.88212832D-27
 441 H2C6N+      1  2  0  6  1  0  0  0  0  0  0  0  0  0  0.34095577D-21
 442 C2H7+       1  7  0  2  0  0  0  0  0  0  0  0  0  0  0.47053026D-38
 443 C10+        1  0  0 10  0  0  0  0  0  0  0  0  0  0  0.26452931D-28
 444 CH3OCH4+    1  7  0  2  0  1  0  0  0  0  0  0  0  0  0.28526908D-22
 445 C9H-       -1  1  0  9  0  0  0  0  0  0  0  0  0  0  0.15972733D-23
 446 C10-       -1  0  0 10  0  0  0  0  0  0  0  0  0  0  0.83191329D-26
 447 C7H2N+      1  2  0  7  1  0  0  0  0  0  0  0  0  0  0.30448731D-21
 448 C7H3+       1  3  0  7  0  0  0  0  0  0  0  0  0  0  0.11471263D-20
 449 C5H5+       1  5  0  5  0  0  0  0  0  0  0  0  0  0  0.11456422D-18
 450 C8H2+       1  2  0  8  0  0  0  0  0  0  0  0  0  0  0.29523547D-22
 451 C9H+        1  1  0  9  0  0  0  0  0  0  0  0  0  0  0.59304386D-24
 452 C2H5OH2+    1  7  0  2  0  1  0  0  0  0  0  0  0  0  0.32628296D-19
 453 C2H6CO+     1  6  0  3  0  1  0  0  0  0  0  0  0  0  0.47923000D-24
 454 C5H4N+      1  4  0  5  1  0  0  0  0  0  0  0  0  0  0.38811469D-20
 455 C6H4+       1  4  0  6  0  0  0  0  0  0  0  0  0  0  0.60714151D-20
 456 C9N+        1  0  0  9  1  0  0  0  0  0  0  0  0  0  0.80112798D-30
 457 HC8N+       1  1  0  8  1  0  0  0  0  0  0  0  0  0  0.11670464D-29
 458 C10H+       1  1  0 10  0  0  0  0  0  0  0  0  0  0  0.35075496D-26
 459 C10H-      -1  1  0 10  0  0  0  0  0  0  0  0  0  0  0.42576381D-26
 460 C8H3+       1  3  0  8  0  0  0  0  0  0  0  0  0  0  0.49897963D-24
 461 C9H2+       1  2  0  9  0  0  0  0  0  0  0  0  0  0  0.14793036D-24
 462 C3H6OH+     1  7  0  3  0  1  0  0  0  0  0  0  0  0  0.39280693D-23
 463 C4H7+       1  7  0  4  0  0  0  0  0  0  0  0  0  0  0.23742074D-21
 464 H3C6NH+     1  4  0  6  1  0  0  0  0  0  0  0  0  0  0.10303088D-22
 465 C6H5+       1  5  0  6  0  0  0  0  0  0  0  0  0  0  0.58831187D-24
 466 H3C7N+      1  3  0  7  1  0  0  0  0  0  0  0  0  0  0.36721943D-24
 467 C7H4+       1  4  0  7  0  0  0  0  0  0  0  0  0  0  0.38472000D-22
 468 C9HN+       1  1  0  9  1  0  0  0  0  0  0  0  0  0  0.31329457D-27
 469 C11+        1  0  0 11  0  0  0  0  0  0  0  0  0  0  0.26035445D-27
 470 HC9O+       1  1  0  9  0  1  0  0  0  0  0  0  0  0  0.46834877D-25
 471 C10N+       1  0  0 10  1  0  0  0  0  0  0  0  0  0  0.12127246D-30
 472 H2C8N+      1  2  0  8  1  0  0  0  0  0  0  0  0  0  0.51722462D-25
 473 C9H2N+      1  2  0  9  1  0  0  0  0  0  0  0  0  0  0.75247524D-26
 474 C9H3+       1  3  0  9  0  0  0  0  0  0  0  0  0  0  0.49702817D-25
 475 C10H2+      1  2  0 10  0  0  0  0  0  0  0  0  0  0  0.34059470D-28
 476 C7H5+       1  5  0  7  0  0  0  0  0  0  0  0  0  0  0.94930013D-23
 477 C8H4+       1  4  0  8  0  0  0  0  0  0  0  0  0  0  0.29267568D-24
 478 HC10N+      1  1  0 10  1  0  0  0  0  0  0  0  0  0  0.13348810D-33
 479 C6H7+       1  7  0  6  0  0  0  0  0  0  0  0  0  0  0.51752836D-21
 480 C9H4+       1  4  0  9  0  0  0  0  0  0  0  0  0  0  0.73113035D-27
 481 C8H4N+      1  4  0  8  1  0  0  0  0  0  0  0  0  0  0.11483421D-26
 482 C8H5+       1  5  0  8  0  0  0  0  0  0  0  0  0  0  0.83233978D-27
 483 C9H3N+      1  3  0  9  1  0  0  0  0  0  0  0  0  0  0.12092572D-27
 484 C10H3+      1  3  0 10  0  0  0  0  0  0  0  0  0  0  0.85642764D-28
 485 H2C10N+     1  2  0 10  1  0  0  0  0  0  0  0  0  0  0.88741112D-29
 486 C9H5+       1  5  0  9  0  0  0  0  0  0  0  0  0  0  0.52304164D-30
 487 GRAIN0      0  0  0  0  0  0  0  0  0  0  0  0  0  0  0.63814646D-14
 488 GRAIN-     -1  0  0  0  0  0  0  0  0  0  0  0  0  0  0.13151185D-11
 489 XH          0  1  0  0  0  0  0  0  0  0  0  0  0  0  0.25983768D-17
