!
! 05-APR-2020 19:44:29
! Input file  : serpens_hcn10_conv.30m
! Input command: ANALYSE\PRINT area 9.2 11.74 /OUTPUT serpens_hcn10_blue3.txt
!
 1     33.286   -211.850  0.45483    
 2     47.936   -211.850  0.43644    
 3     62.586   -211.850  0.52452    
 4     77.236   -211.850  0.48276    
 5     91.886   -211.850  0.64337    
 6    106.536   -211.850   1.3462    
 7    121.186   -211.850   2.0076    
 8    135.836   -211.850   2.1867    
 9    150.486   -211.850   1.5597    
 10    165.136   -211.850   1.7199    
 11    179.786   -211.850   1.8104    
 12    194.436   -211.850   2.1157    
 13    209.086   -211.850   1.7082    
 14    223.736   -211.850   1.5694    
 15    238.386   -211.850   1.0106    
 16    238.386   -197.200  0.98034    
 17    223.736   -197.200   1.0369    
 18    209.086   -197.200   1.6859    
 19    194.436   -197.200   2.1113    
 20    179.786   -197.200   1.8103    
 21    165.136   -197.200   1.7209    
 22    150.486   -197.200   1.5840    
 23    135.836   -197.200   2.1908    
 24    121.186   -197.200   2.0465    
 25    106.536   -197.200   1.3548    
 26     91.886   -197.200  0.64965    
 27     77.236   -197.200  0.48572    
 28     62.586   -197.200  0.52360    
 29     47.936   -197.200  0.44356    
 30     33.286   -197.200  0.31817    
 31     18.636   -197.200 -1.86667E-02
 32     18.636   -182.550  0.10644    
 33     33.286   -182.550  9.64116E-02
 34     47.936   -182.550  0.37082    
 35     62.586   -182.550  0.49921    
 36     77.236   -182.550  0.67930    
 37     91.886   -182.550  0.94352    
 38    106.536   -182.550   1.7825    
 39    121.186   -182.550   2.8080    
 40    135.836   -182.550   2.8930    
 41    150.486   -182.550   2.1942    
 42    165.136   -182.550   1.7794    
 43    179.786   -182.550   1.6190    
 44    194.436   -182.550   1.6265    
 45    209.086   -182.550   1.3186    
 46    223.736   -182.550  0.66314    
 47    238.386   -182.550  0.63998    
 48    238.386   -167.900  0.58631    
 49    223.736   -167.900  0.60279    
 50    209.086   -167.900   1.0136    
 51    194.436   -167.900   1.2227    
 52    179.786   -167.900   1.6962    
 53    165.136   -167.900   2.2011    
 54    150.486   -167.900   2.7729    
 55    135.836   -167.900   3.1443    
 56    121.186   -167.900   2.8678    
 57    106.536   -167.900   2.2317    
 58     91.886   -167.900   1.3551    
 59     77.236   -167.900  0.77761    
 60     62.586   -167.900  0.48816    
 61     47.936   -167.900  0.34825    
 62     33.286   -167.900  0.19134    
 63     18.636   -167.900  0.18306    
 64     18.636   -153.250  0.35579    
 65     33.286   -153.250  0.39785    
 66     47.936   -153.250  0.49102    
 67     62.586   -153.250  0.65273    
 68     77.236   -153.250  0.86667    
 69     91.886   -153.250   1.4180    
 70    106.536   -153.250   2.5388    
 71    121.186   -153.250   3.0829    
 72    135.836   -153.250   2.9269    
 73    150.486   -153.250   2.9683    
 74    165.136   -153.250   2.7450    
 75    179.786   -153.250   1.9624    
 76    194.436   -153.250   1.3012    
 77    209.086   -153.250   1.0815    
 78    223.736   -153.250  0.85533    
 79    238.386   -153.250  0.84093    
 80    238.386   -138.600  0.90318    
 81    223.736   -138.600  0.91384    
 82    209.086   -138.600   1.1589    
 83    194.436   -138.600   1.6634    
 84    179.786   -138.600   2.2475    
 85    165.136   -138.600   2.8077    
 86    150.486   -138.600   2.9872    
 87    135.836   -138.600   3.1815    
 88    121.186   -138.600   3.8399    
 89    106.536   -138.600   3.5013    
 90     91.886   -138.600   2.1942    
 91     77.236   -138.600   1.5634    
 92     62.586   -138.600   1.4658    
 93     47.936   -138.600   1.1970    
 94     33.286   -138.600   1.1414    
 95     18.636   -138.600   1.2546    
 96      3.986   -138.600   1.2310    
 97    -10.664   -138.600  0.86060    
 98    -25.314   -138.600  0.79642    
 99    -39.964   -138.600  0.49717    
 100    -54.614   -138.600  0.36498    
 101    -69.264   -138.600 -0.28510    
 102    -83.914   -138.600 -0.74738    
 103    -83.914   -123.950 -0.50276    
 104    -69.264   -123.950 -0.44514    
 105    -54.614   -123.950  0.36157    
 106    -39.964   -123.950  0.49681    
 107    -25.314   -123.950  0.79096    
 108    -10.664   -123.950  0.86128    
 109      3.986   -123.950   1.2317    
 110     18.636   -123.950   1.9054    
 111     33.286   -123.950   2.7424    
 112     47.936   -123.950   3.0218    
 113     62.586   -123.950   3.0431    
 114     77.236   -123.950   2.8454    
 115     91.886   -123.950   3.3461    
 116    106.536   -123.950   4.5230    
 117    121.186   -123.950   4.3263    
 118    135.836   -123.950   3.2380    
 119    150.486   -123.950   2.5790    
 120    165.136   -123.950   2.5154    
 121    179.786   -123.950   1.9753    
 122    194.436   -123.950   1.4492    
 123    209.086   -123.950  0.90611    
 124    223.736   -123.950  0.62261    
 125    238.386   -123.950  0.60836    
 126    238.386   -109.300  0.32860    
 127    223.736   -109.300  0.32405    
 128    209.086   -109.300  0.70992    
 129    194.436   -109.300   1.2951    
 130    179.786   -109.300   1.6737    
 131    165.136   -109.300   2.0512    
 132    150.486   -109.300   2.4110    
 133    135.836   -109.300   2.8788    
 134    121.186   -109.300   3.7196    
 135    106.536   -109.300   4.3236    
 136     91.886   -109.300   3.8858    
 137     77.236   -109.300   3.5564    
 138     62.586   -109.300   4.0635    
 139     47.936   -109.300   3.8844    
 140     33.286   -109.300   3.0099    
 141     18.636   -109.300   1.9518    
 142      3.986   -109.300   1.3662    
 143    -10.664   -109.300   1.0929    
 144    -25.314   -109.300  0.92214    
 145    -39.964   -109.300  0.65687    
 146    -54.614   -109.300  0.46120    
 147    -69.264   -109.300  0.17981    
 148    -83.914   -109.300  0.15399    
 149    -83.914    -94.650 -8.81899E-02
 150    -69.264    -94.650 -7.44038E-02
 151    -54.614    -94.650  0.35887    
 152    -39.964    -94.650  0.53709    
 153    -25.314    -94.650  0.92181    
 154    -10.664    -94.650   1.3436    
 155      3.986    -94.650   1.5519    
 156     18.636    -94.650   1.5330    
 157     33.286    -94.650   2.1229    
 158     47.936    -94.650   2.7164    
 159     62.586    -94.650   3.1447    
 160     77.236    -94.650   3.2157    
 161     91.886    -94.650   3.0419    
 162    106.536    -94.650   3.0020    
 163    121.186    -94.650   2.9232    
 164    135.836    -94.650   3.0427    
 165    150.486    -94.650   2.5674    
 166    165.136    -94.650   1.7819    
 167    179.786    -94.650   1.1647    
 168    194.436    -94.650   1.0186    
 169    209.086    -94.650  0.70142    
 170    223.736    -94.650  0.50294    
 171    238.386    -94.650  0.50105    
 172    238.386    -80.000  0.35662    
 173    223.736    -80.000  0.38028    
 174    209.086    -80.000  0.76052    
 175    194.436    -80.000   1.1281    
 176    179.786    -80.000   1.1360    
 177    165.136    -80.000   1.6726    
 178    150.486    -80.000   2.8889    
 179    135.836    -80.000   3.0977    
 180    121.186    -80.000   2.3894    
 181    106.536    -80.000   2.0474    
 182     91.886    -80.000   1.7163    
 183     77.236    -80.000   1.7202    
 184     62.586    -80.000   1.6667    
 185     47.936    -80.000   1.1960    
 186     33.286    -80.000   1.1099    
 187     18.636    -80.000   1.2414    
 188      3.986    -80.000   1.5147    
 189    -10.664    -80.000   1.2257    
 190    -25.314    -80.000  0.96950    
 191    -39.964    -80.000  0.74231    
 192    -54.614    -80.000  0.39454    
 193    -69.264    -80.000 -0.11400    
 194    -83.914    -80.000 -0.14509    
 195    -83.914    -65.350  0.11571    
 196    -69.264    -65.350  0.14412    
 197    -54.614    -65.350  0.47646    
 198    -39.964    -65.350  0.78243    
 199    -25.314    -65.350  0.90627    
 200    -10.664    -65.350   1.2574    
 201      3.986    -65.350   1.6235    
 202     18.636    -65.350   1.5352    
 203     33.286    -65.350   1.0075    
 204     47.936    -65.350  0.64683    
 205     62.586    -65.350  0.62586    
 206     77.236    -65.350  0.64387    
 207     91.886    -65.350  0.79301    
 208    106.536    -65.350   1.2836    
 209    121.186    -65.350   2.1288    
 210    135.836    -65.350   2.5577    
 211    150.486    -65.350   2.0990    
 212    165.136    -65.350   1.1524    
 213    179.786    -65.350   1.0851    
 214    194.436    -65.350   1.3052    
 215    209.086    -65.350   1.0942    
 216    223.736    -65.350  0.35604    
 217    238.386    -65.350  0.30876    
 218    238.386    -50.700  0.80879    
 219    223.736    -50.700  0.83463    
 220    209.086    -50.700   1.3003    
 221    194.436    -50.700   1.3931    
 222    179.786    -50.700   1.1443    
 223    165.136    -50.700   1.1268    
 224    150.486    -50.700   1.5863    
 225    135.836    -50.700   1.9098    
 226    121.186    -50.700   1.6782    
 227    106.536    -50.700   1.1817    
 228     91.886    -50.700  0.68042    
 229     77.236    -50.700  0.55445    
 230     62.586    -50.700  0.64122    
 231     47.936    -50.700  0.67164    
 232     33.286    -50.700   1.0798    
 233     18.636    -50.700   1.7425    
 234      3.986    -50.700   1.8956    
 235    -10.664    -50.700   1.3689    
 236    -25.314    -50.700   1.3540    
 237    -39.964    -50.700   1.1828    
 238    -54.614    -50.700  0.73580    
 239    -69.264    -50.700  0.30956    
 240    -83.914    -50.700  0.28032    
 241    -83.914    -36.050  0.55273    
 242    -69.264    -36.050  0.57318    
 243    -54.614    -36.050  0.94245    
 244    -39.964    -36.050   1.5873    
 245    -25.314    -36.050   1.5874    
 246    -10.664    -36.050   1.3357    
 247      3.986    -36.050   1.5715    
 248     18.636    -36.050   1.3902    
 249     33.286    -36.050  0.90052    
 250     47.936    -36.050  0.70370    
 251     62.586    -36.050  0.77832    
 252     77.236    -36.050  0.60360    
 253     91.886    -36.050  0.69449    
 254    106.536    -36.050  0.77397    
 255    121.186    -36.050   1.3282    
 256    135.836    -36.050   1.4237    
 257    150.486    -36.050   1.0734    
 258    165.136    -36.050  0.87149    
 259    179.786    -36.050  0.87348    
 260    194.436    -36.050   1.1103    
 261    209.086    -36.050   1.3810    
 262    223.736    -36.050   1.2574    
 263    238.386    -36.050   1.2561    
 264    238.386    -21.400   1.0918    
 265    223.736    -21.400   1.0928    
 266    209.086    -21.400   1.2414    
 267    194.436    -21.400  0.88943    
 268    179.786    -21.400  0.81142    
 269    165.136    -21.400  0.74751    
 270    150.486    -21.400   1.0240    
 271    135.836    -21.400   1.2821    
 272    121.186    -21.400   1.0977    
 273    106.536    -21.400  0.72708    
 274     91.886    -21.400  0.57920    
 275     77.236    -21.400  0.69642    
 276     62.586    -21.400  0.87639    
 277     47.936    -21.400   1.0533    
 278     33.286    -21.400   1.1280    
 279     18.636    -21.400   1.3705    
 280      3.986    -21.400   1.5619    
 281    -10.664    -21.400   1.6542    
 282    -25.314    -21.400   1.7355    
 283    -39.964    -21.400   1.4269    
 284    -54.614    -21.400  0.89588    
 285    -69.264    -21.400  0.65727    
 286    -83.914    -21.400  0.64020    
 287    -83.914     -6.750  0.85146    
 288    -69.264     -6.750  0.85200    
 289    -54.614     -6.750  0.87865    
 290    -39.964     -6.750   1.2288    
 291    -25.314     -6.750   1.5939    
 292    -10.664     -6.750   1.7927    
 293      3.986     -6.750   2.0064    
 294     18.636     -6.750   1.5358    
 295     33.286     -6.750   1.1141    
 296     47.936     -6.750   1.0891    
 297     62.586     -6.750  0.74264    
 298     77.236     -6.750  0.55198    
 299     91.886     -6.750  0.53970    
 300    106.536     -6.750  0.54313    
 301    121.186     -6.750  0.86021    
 302    135.836     -6.750  0.79107    
 303    150.486     -6.750  0.87447    
 304    165.136     -6.750  0.91829    
 305    179.786     -6.750   1.0728    
 306    194.436     -6.750  0.99961    
 307    209.086     -6.750  0.94504    
 308    223.736     -6.750   1.0611    
 309    238.386     -6.750   1.1155    
 310    223.736      7.900   1.0609    
 311    209.086      7.900  0.94018    
 312    194.436      7.900   1.0158    
 313    179.786      7.900   1.1259    
 314    165.136      7.900  0.96258    
 315    150.486      7.900  0.82868    
 316    135.836      7.900  0.71696    
 317    121.186      7.900  0.86158    
 318    106.536      7.900  0.51354    
 319     91.886      7.900  0.48523    
 320     77.236      7.900  0.56349    
 321     62.586      7.900  0.69800    
 322     47.936      7.900   1.0570    
 323     33.286      7.900   1.2386    
 324     18.636      7.900   1.4063    
 325      3.986      7.900   2.0582    
 326    -10.664      7.900   1.8667    
 327    -25.314      7.900   1.3971    
 328    -39.964      7.900   1.1489    
 329    -54.614      7.900   1.0576    
 330    -69.264      7.900  0.79781    
 331    -83.914      7.900  0.78912    
 332    -83.914     22.550  0.44953    
 333    -69.264     22.550  0.46560    
 334    -54.614     22.550  0.61877    
 335    -39.964     22.550  0.71995    
 336    -25.314     22.550  0.94564    
 337    -10.664     22.550   1.5360    
 338      3.986     22.550   1.7377    
 339     18.636     22.550   1.6088    
 340     33.286     22.550   1.8802    
 341     47.936     22.550   1.5233    
 342     62.586     22.550   1.0875    
 343     77.236     22.550   1.0967    
 344     91.886     22.550  0.48418    
 345    106.536     22.550  0.51349    
 346    121.186     22.550  0.87099    
 347    135.836     22.550  0.71328    
 348    150.486     22.550  0.82815    
 349    165.136     22.550  0.96060    
 350    179.786     22.550   1.1278    
 351    194.436     22.550   1.0139    
 352    209.086     22.550  0.93972    
 353     77.236     37.200  0.89955    
 354     62.586     37.200  0.90509    
 355     47.936     37.200   1.2840    
 356     33.286     37.200   1.5698    
 357     18.636     37.200   1.3131    
 358      3.986     37.200   1.4479    
 359    -10.664     37.200   1.6626    
 360    -25.314     37.200   1.1158    
 361    -39.964     37.200  0.75409    
 362    -54.614     37.200  0.81954    
 363    -69.264     37.200  0.72719    
 364    -83.914     37.200  0.71673    
 365    -83.914     51.850   1.0573    
 366    -69.264     51.850   1.0745    
 367    -54.614     51.850   1.0137    
 368    -39.964     51.850   1.1062    
 369    -25.314     51.850   1.7857    
 370    -10.664     51.850   2.2098    
 371      3.986     51.850   1.3165    
 372     18.636     51.850  0.70012    
 373     33.286     51.850  0.76103    
 374     47.936     51.850  0.84876    
 375     62.586     51.850  0.51373    
 376     77.236     51.850  0.51396    
 377     77.236     66.500  0.64920    
 378     62.586     66.500  0.64918    
 379     47.936     66.500  0.56034    
 380     33.286     66.500  0.71620    
 381     18.636     66.500  0.66044    
 382      3.986     66.500   2.0588    
 383    -10.664     66.500   3.9160    
 384    -25.314     66.500   3.4405    
 385    -39.964     66.500   1.9049    
 386    -54.614     66.500   2.0166    
 387    -69.264     66.500   2.1688    
 388    -83.914     66.500   2.1669    
 389    -83.914     81.150   3.2057    
 390    -69.264     81.150   3.1584    
 391    -54.614     81.150   2.2508    
 392    -39.964     81.150   3.0259    
 393    -25.314     81.150   4.5365    
 394    -10.664     81.150   4.3837    
 395      3.986     81.150   1.9541    
 396     18.636     81.150  0.62698    
 397     33.286     81.150  0.70547    
 398     47.936     81.150  0.65513    
 399     62.586     81.150  0.43212    
 400     77.236     81.150  0.42333    
 401     77.236     95.800  0.53107    
 402     62.586     95.800  0.54402    
 403     47.936     95.800  0.41894    
 404     33.286     95.800  0.64344    
 405     18.636     95.800  0.83131    
 406      3.986     95.800   1.5193    
 407    -10.664     95.800   3.3481    
 408    -25.314     95.800   4.5053    
 409    -39.964     95.800   3.2263    
 410    -54.614     95.800   1.8167    
 411    -69.264     95.800   2.6169    
 412    -83.914     95.800   2.6691    
 413    -83.914    110.450   1.9233    
 414    -69.264    110.450   1.8604    
 415    -54.614    110.450   1.1252    
 416    -39.964    110.450   2.4736    
 417    -25.314    110.450   2.8369    
 418    -10.664    110.450   1.8034    
 419      3.986    110.450  0.94402    
 420     18.636    110.450  0.68944    
 421     33.286    110.450  0.63038    
 422     47.936    110.450  0.32283    
 423     62.586    110.450  0.34460    
 424     77.236    110.450  0.35292    
 425     77.236    125.100  0.37249    
 426     62.586    125.100  0.33380    
 427     47.936    125.100  0.18418    
 428     33.286    125.100  0.41759    
 429     18.636    125.100  0.43166    
 430      3.986    125.100  0.57422    
 431    -10.664    125.100  0.94076    
 432    -25.314    125.100   1.3428    
 433    -39.964    125.100   1.2199    
 434    -54.614    125.100  0.61794    
 435    -69.264    125.100   1.0658    
 436    -83.914    125.100   1.1008    
 437    -83.914    139.750  0.28364    
 438    -69.264    139.750  0.28916    
 439    -54.614    139.750  0.40602    
 440    -39.964    139.750  0.77549    
 441    -25.314    139.750  0.86813    
 442    -10.664    139.750  0.52562    
 443      3.986    139.750  0.57613    
 444     18.636    139.750  0.20876    
 445     33.286    139.750  0.26421    
 446     47.936    139.750  0.19641    
 447     62.586    139.750  4.97027E-02
 448     77.236    139.750  5.00854E-02
 449     62.586    154.400  0.57823    
 450     47.936    154.400  0.43010    
 451     33.286    154.400  0.24292    
 452     18.636    154.400  0.45869    
 453      3.986    154.400  0.68902    
 454    -10.664    154.400  0.32891    
 455    -25.314    154.400  0.55344    
 456    -39.964    154.400  0.55201    
 457    -54.614    154.400  0.30879    
 458    -69.264    154.400  0.65555    
 459    -83.914    154.400  0.39729    
 460    -69.264    169.050  0.65762    
 461    -54.614    169.050  0.30879    
 462    -39.964    169.050  0.55201    
 463    -25.314    169.050  0.55341    
 464    -10.664    169.050  0.32890    
 465      3.986    169.050  0.68902    
 466     18.636    169.050  0.45874    
 467     33.286    169.050  0.24292    
 468     47.936    169.050  0.43010    
 469     62.586    169.050  0.57881    
