!
! 18-DEC-2018 16:23:05
! Input file  : serpens_hcn10_conv.30m
! Input command: ANALYSE\PRINT area 10.5 31 /OUTPUT serpens_hcn10_red.txt
!
 1     33.286   -211.850 -0.45433    
 2     47.936   -211.850  0.51122    
 3     62.586   -211.850  0.78018    
 4     77.236   -211.850  0.75218    
 5     91.886   -211.850   1.1547    
 6    106.536   -211.850   2.7474    
 7    121.186   -211.850   4.5569    
 8    135.836   -211.850   3.9963    
 9    150.486   -211.850   3.3285    
 10    165.136   -211.850   3.1755    
 11    179.786   -211.850   2.4652    
 12    194.436   -211.850   3.7109    
 13    209.086   -211.850   1.9525    
 14    223.736   -211.850   1.9679    
 15    238.386   -211.850   1.1273    
 16    238.386   -197.200   1.1069    
 17    223.736   -197.200   1.2120    
 18    209.086   -197.200   1.9430    
 19    194.436   -197.200   3.6919    
 20    179.786   -197.200   2.5379    
 21    165.136   -197.200   3.1756    
 22    150.486   -197.200   3.3823    
 23    135.836   -197.200   4.0642    
 24    121.186   -197.200   4.6495    
 25    106.536   -197.200   2.7921    
 26     91.886   -197.200   1.1797    
 27     77.236   -197.200  0.84837    
 28     62.586   -197.200  0.78027    
 29     47.936   -197.200  0.52903    
 30     33.286   -197.200 -0.64434    
 31     18.636   -197.200  -1.1923    
 32     18.636   -182.550 -0.25455    
 33     33.286   -182.550 -0.15692    
 34     47.936   -182.550  0.53318    
 35     62.586   -182.550  0.74660    
 36     77.236   -182.550   1.5260    
 37     91.886   -182.550   2.2058    
 38    106.536   -182.550   4.3505    
 39    121.186   -182.550   7.0249    
 40    135.836   -182.550   5.5702    
 41    150.486   -182.550   3.8708    
 42    165.136   -182.550   2.5817    
 43    179.786   -182.550   2.3610    
 44    194.436   -182.550   2.0049    
 45    209.086   -182.550   1.6070    
 46    223.736   -182.550  0.79332    
 47    238.386   -182.550  0.81146    
 48    238.386   -167.900  0.68556    
 49    223.736   -167.900  0.72804    
 50    209.086   -167.900   1.6386    
 51    194.436   -167.900   1.5887    
 52    179.786   -167.900   2.3109    
 53    165.136   -167.900   3.0325    
 54    150.486   -167.900   4.0892    
 55    135.836   -167.900   5.3548    
 56    121.186   -167.900   6.0219    
 57    106.536   -167.900   4.5312    
 58     91.886   -167.900   2.1682    
 59     77.236   -167.900   1.6464    
 60     62.586   -167.900   1.1744    
 61     47.936   -167.900  0.37823    
 62     33.286   -167.900  0.61281    
 63     18.636   -167.900  0.62415    
 64     18.636   -153.250  0.20245    
 65     33.286   -153.250  0.50462    
 66     47.936   -153.250  0.91130    
 67     62.586   -153.250   1.5245    
 68     77.236   -153.250   1.7896    
 69     91.886   -153.250   2.5492    
 70    106.536   -153.250   5.5857    
 71    121.186   -153.250   5.5982    
 72    135.836   -153.250   3.9898    
 73    150.486   -153.250   3.6047    
 74    165.136   -153.250   2.9456    
 75    179.786   -153.250   2.7494    
 76    194.436   -153.250   1.3251    
 77    209.086   -153.250   1.1856    
 78    223.736   -153.250  0.94956    
 79    238.386   -153.250  0.89728    
 80    238.386   -138.600   1.0072    
 81    223.736   -138.600   1.0190    
 82    209.086   -138.600   1.4966    
 83    194.436   -138.600   2.1169    
 84    179.786   -138.600   3.2038    
 85    165.136   -138.600   2.9773    
 86    150.486   -138.600   3.3761    
 87    135.836   -138.600   3.9678    
 88    121.186   -138.600   6.4519    
 89    106.536   -138.600   7.6370    
 90     91.886   -138.600   4.0936    
 91     77.236   -138.600   2.8859    
 92     62.586   -138.600   2.4706    
 93     47.936   -138.600   2.2024    
 94     33.286   -138.600   1.7119    
 95     18.636   -138.600   1.5961    
 96      3.986   -138.600   2.8789    
 97    -10.664   -138.600   1.9132    
 98    -25.314   -138.600   2.0149    
 99    -39.964   -138.600   1.6050    
 100    -54.614   -138.600   1.3952    
 101    -69.264   -138.600  0.81816    
 102    -83.914   -138.600  0.23042    
 103    -83.914   -123.950  0.29442    
 104    -69.264   -123.950  0.34490    
 105    -54.614   -123.950   1.3650    
 106    -39.964   -123.950   1.6029    
 107    -25.314   -123.950   2.0736    
 108    -10.664   -123.950   1.9077    
 109      3.986   -123.950   2.8137    
 110     18.636   -123.950   2.3040    
 111     33.286   -123.950   2.1830    
 112     47.936   -123.950   2.9277    
 113     62.586   -123.950   3.2247    
 114     77.236   -123.950   3.4500    
 115     91.886   -123.950   4.5185    
 116    106.536   -123.950   6.6059    
 117    121.186   -123.950   6.2772    
 118    135.836   -123.950   4.5397    
 119    150.486   -123.950   3.2324    
 120    165.136   -123.950   3.0976    
 121    179.786   -123.950   2.0872    
 122    194.436   -123.950   1.6466    
 123    209.086   -123.950  0.98047    
 124    223.736   -123.950  0.24683    
 125    238.386   -123.950  0.18234    
 126    238.386   -109.300  0.19093    
 127    223.736   -109.300  0.22814    
 128    209.086   -109.300   1.0719    
 129    194.436   -109.300   1.6297    
 130    179.786   -109.300   2.9867    
 131    165.136   -109.300   2.8585    
 132    150.486   -109.300   3.3272    
 133    135.836   -109.300   3.7257    
 134    121.186   -109.300   4.9587    
 135    106.536   -109.300   6.0036    
 136     91.886   -109.300   4.6231    
 137     77.236   -109.300   3.8132    
 138     62.586   -109.300   4.5539    
 139     47.936   -109.300   3.6358    
 140     33.286   -109.300   2.7229    
 141     18.636   -109.300   2.2112    
 142      3.986   -109.300   2.1096    
 143    -10.664   -109.300   1.6378    
 144    -25.314   -109.300   2.1260    
 145    -39.964   -109.300   1.4638    
 146    -54.614   -109.300   1.1787    
 147    -69.264   -109.300  0.45770    
 148    -83.914   -109.300  0.40440    
 149    -83.914    -94.650  0.12523    
 150    -69.264    -94.650  0.20346    
 151    -54.614    -94.650   1.2074    
 152    -39.964    -94.650   2.0684    
 153    -25.314    -94.650   1.8620    
 154    -10.664    -94.650   2.1930    
 155      3.986    -94.650   1.6830    
 156     18.636    -94.650   1.7527    
 157     33.286    -94.650   1.9713    
 158     47.936    -94.650   2.7464    
 159     62.586    -94.650   3.7560    
 160     77.236    -94.650   3.5457    
 161     91.886    -94.650   4.1688    
 162    106.536    -94.650   4.3896    
 163    121.186    -94.650   4.3218    
 164    135.836    -94.650   4.1418    
 165    150.486    -94.650   3.5282    
 166    165.136    -94.650   3.3261    
 167    179.786    -94.650   1.6465    
 168    194.436    -94.650  0.82308    
 169    209.086    -94.650   1.7116    
 170    223.736    -94.650  0.98579    
 171    238.386    -94.650  0.96453    
 172    238.386    -80.000   1.1919    
 173    223.736    -80.000   1.2048    
 174    209.086    -80.000   1.6379    
 175    194.436    -80.000   1.8523    
 176    179.786    -80.000   1.9399    
 177    165.136    -80.000   3.3003    
 178    150.486    -80.000   4.5634    
 179    135.836    -80.000   4.1628    
 180    121.186    -80.000   3.8427    
 181    106.536    -80.000   3.6072    
 182     91.886    -80.000   2.8742    
 183     77.236    -80.000   2.7976    
 184     62.586    -80.000   2.6998    
 185     47.936    -80.000   1.9121    
 186     33.286    -80.000   1.7122    
 187     18.636    -80.000   1.9798    
 188      3.986    -80.000   2.3680    
 189    -10.664    -80.000   2.5540    
 190    -25.314    -80.000   2.1079    
 191    -39.964    -80.000   1.9687    
 192    -54.614    -80.000   1.4654    
 193    -69.264    -80.000  2.19205E-02
 194    -83.914    -80.000 -0.11573    
 195    -83.914    -65.350  0.64900    
 196    -69.264    -65.350  0.73144    
 197    -54.614    -65.350   1.1901    
 198    -39.964    -65.350   2.2233    
 199    -25.314    -65.350   1.9443    
 200    -10.664    -65.350   2.6454    
 201      3.986    -65.350   1.9996    
 202     18.636    -65.350   1.4080    
 203     33.286    -65.350   1.6815    
 204     47.936    -65.350   1.0580    
 205     62.586    -65.350   1.5643    
 206     77.236    -65.350   1.6861    
 207     91.886    -65.350   1.8024    
 208    106.536    -65.350   2.6941    
 209    121.186    -65.350   3.7536    
 210    135.836    -65.350   3.8553    
 211    150.486    -65.350   3.2771    
 212    165.136    -65.350   2.3939    
 213    179.786    -65.350   2.1969    
 214    194.436    -65.350   2.3755    
 215    209.086    -65.350   1.8961    
 216    223.736    -65.350  0.77860    
 217    238.386    -65.350  0.72423    
 218    238.386    -50.700   2.6330    
 219    223.736    -50.700   2.6044    
 220    209.086    -50.700   2.7390    
 221    194.436    -50.700   1.8609    
 222    179.786    -50.700   2.6612    
 223    165.136    -50.700   2.1850    
 224    150.486    -50.700   3.4064    
 225    135.836    -50.700   3.3317    
 226    121.186    -50.700   3.0458    
 227    106.536    -50.700   2.3772    
 228     91.886    -50.700   1.3331    
 229     77.236    -50.700   1.1406    
 230     62.586    -50.700   1.4451    
 231     47.936    -50.700   1.3947    
 232     33.286    -50.700  0.86407    
 233     18.636    -50.700   2.8968    
 234      3.986    -50.700   2.5182    
 235    -10.664    -50.700   2.0080    
 236    -25.314    -50.700   2.9512    
 237    -39.964    -50.700   2.5160    
 238    -54.614    -50.700   1.7432    
 239    -69.264    -50.700  0.45721    
 240    -83.914    -50.700  0.32828    
 241    -83.914    -36.050   1.1776    
 242    -69.264    -36.050   1.2529    
 243    -54.614    -36.050   1.6361    
 244    -39.964    -36.050   2.8449    
 245    -25.314    -36.050   2.6916    
 246    -10.664    -36.050   2.6397    
 247      3.986    -36.050   2.6620    
 248     18.636    -36.050   2.0032    
 249     33.286    -36.050  0.85295    
 250     47.936    -36.050   1.4871    
 251     62.586    -36.050   1.5577    
 252     77.236    -36.050   1.0897    
 253     91.886    -36.050   1.2827    
 254    106.536    -36.050   1.4633    
 255    121.186    -36.050   2.3885    
 256    135.836    -36.050   2.7154    
 257    150.486    -36.050   2.5650    
 258    165.136    -36.050   2.5957    
 259    179.786    -36.050   2.1761    
 260    194.436    -36.050   1.8375    
 261    209.086    -36.050   2.6961    
 262    223.736    -36.050   3.1612    
 263    238.386    -36.050   3.2886    
 264    238.386    -21.400   2.0568    
 265    223.736    -21.400   2.1343    
 266    209.086    -21.400   2.4631    
 267    194.436    -21.400   2.1017    
 268    179.786    -21.400   2.4307    
 269    165.136    -21.400   2.2517    
 270    150.486    -21.400   2.3253    
 271    135.836    -21.400   2.1308    
 272    121.186    -21.400   2.2519    
 273    106.536    -21.400   1.2824    
 274     91.886    -21.400   1.4325    
 275     77.236    -21.400   1.2031    
 276     62.586    -21.400   2.2653    
 277     47.936    -21.400   1.8590    
 278     33.286    -21.400   1.5209    
 279     18.636    -21.400   2.5012    
 280      3.986    -21.400   3.2553    
 281    -10.664    -21.400   2.2090    
 282    -25.314    -21.400   3.1936    
 283    -39.964    -21.400   2.4731    
 284    -54.614    -21.400   1.5183    
 285    -69.264    -21.400   1.4464    
 286    -83.914    -21.400   1.4342    
 287    -83.914     -6.750   1.1850    
 288    -69.264     -6.750   1.2588    
 289    -54.614     -6.750   1.4939    
 290    -39.964     -6.750   2.5027    
 291    -25.314     -6.750   2.9353    
 292    -10.664     -6.750   3.9292    
 293      3.986     -6.750   3.9006    
 294     18.636     -6.750   3.0216    
 295     33.286     -6.750   2.1102    
 296     47.936     -6.750   2.4625    
 297     62.586     -6.750   1.8215    
 298     77.236     -6.750   1.3016    
 299     91.886     -6.750   1.2677    
 300    106.536     -6.750   1.3148    
 301    121.186     -6.750   2.0485    
 302    135.836     -6.750   1.7492    
 303    150.486     -6.750   2.3413    
 304    165.136     -6.750   2.0870    
 305    179.786     -6.750   2.9490    
 306    194.436     -6.750   2.2290    
 307    209.086     -6.750   1.9692    
 308    223.736     -6.750   3.3703    
 309    238.386     -6.750  0.99694    
 310    223.736      7.900   3.5096    
 311    209.086      7.900   2.0422    
 312    194.436      7.900   2.0192    
 313    179.786      7.900   3.1081    
 314    165.136      7.900   1.9075    
 315    150.486      7.900   2.2274    
 316    135.836      7.900   1.4011    
 317    121.186      7.900   2.0628    
 318    106.536      7.900   1.2503    
 319     91.886      7.900   1.2581    
 320     77.236      7.900   1.2329    
 321     62.586      7.900   2.2684    
 322     47.936      7.900   1.8723    
 323     33.286      7.900   2.1339    
 324     18.636      7.900   3.0880    
 325      3.986      7.900   3.8474    
 326    -10.664      7.900   4.2925    
 327    -25.314      7.900   2.8179    
 328    -39.964      7.900   2.6585    
 329    -54.614      7.900   2.7176    
 330    -69.264      7.900  0.52605    
 331    -83.914      7.900  0.37167    
 332    -83.914     22.550  0.33915    
 333    -69.264     22.550  0.49665    
 334    -54.614     22.550   1.9624    
 335    -39.964     22.550   1.8873    
 336    -25.314     22.550   2.5228    
 337    -10.664     22.550   3.4617    
 338      3.986     22.550   3.7464    
 339     18.636     22.550   2.8278    
 340     33.286     22.550   3.3355    
 341     47.936     22.550   2.1452    
 342     62.586     22.550   2.7788    
 343     77.236     22.550   2.9870    
 344     91.886     22.550   1.2616    
 345    106.536     22.550   1.2514    
 346    121.186     22.550   2.0822    
 347    135.836     22.550   1.3948    
 348    150.486     22.550   2.2530    
 349    165.136     22.550   1.9033    
 350    179.786     22.550   3.1122    
 351    194.436     22.550   2.0129    
 352    209.086     22.550   2.0483    
 353     77.236     37.200   2.1361    
 354     62.586     37.200   2.1322    
 355     47.936     37.200   1.9952    
 356     33.286     37.200   2.5998    
 357     18.636     37.200   2.7689    
 358      3.986     37.200   2.8332    
 359    -10.664     37.200   3.3074    
 360    -25.314     37.200   2.3795    
 361    -39.964     37.200   1.7281    
 362    -54.614     37.200   2.0413    
 363    -69.264     37.200   1.2496    
 364    -83.914     37.200   1.1663    
 365    -83.914     51.850   1.7662    
 366    -69.264     51.850   1.8587    
 367    -54.614     51.850   1.9094    
 368    -39.964     51.850   2.2959    
 369    -25.314     51.850   3.8931    
 370    -10.664     51.850   5.2396    
 371      3.986     51.850   2.4553    
 372     18.636     51.850   1.7770    
 373     33.286     51.850   1.2799    
 374     47.936     51.850   1.3517    
 375     62.586     51.850   1.5609    
 376     77.236     51.850   1.6948    
 377     77.236     66.500   2.5481    
 378     62.586     66.500   2.5171    
 379     47.936     66.500   1.0110    
 380     33.286     66.500   1.1418    
 381     18.636     66.500   1.9367    
 382      3.986     66.500   7.0327    
 383    -10.664     66.500   11.550    
 384    -25.314     66.500   8.2618    
 385    -39.964     66.500   3.8372    
 386    -54.614     66.500   3.1800    
 387    -69.264     66.500   2.1997    
 388    -83.914     66.500   2.0860    
 389    -83.914     81.150   2.9946    
 390    -69.264     81.150   3.0536    
 391    -54.614     81.150   2.8697    
 392    -39.964     81.150   4.3464    
 393    -25.314     81.150   9.1455    
 394    -10.664     81.150   11.190    
 395      3.986     81.150   5.5044    
 396     18.636     81.150   1.5862    
 397     33.286     81.150   1.3641    
 398     47.936     81.150   2.2100    
 399     62.586     81.150   1.0693    
 400     77.236     81.150   1.0579    
 401     77.236     95.800   1.7425    
 402     62.586     95.800   1.6840    
 403     47.936     95.800   1.2674    
 404     33.286     95.800  0.99756    
 405     18.636     95.800   1.8595    
 406      3.986     95.800   2.5050    
 407    -10.664     95.800   6.7722    
 408    -25.314     95.800   6.9931    
 409    -39.964     95.800   4.7955    
 410    -54.614     95.800   2.7474    
 411    -69.264     95.800   2.4515    
 412    -83.914     95.800   2.4038    
 413    -83.914    110.450   2.0252    
 414    -69.264    110.450   2.0380    
 415    -54.614    110.450   2.4130    
 416    -39.964    110.450   3.3647    
 417    -25.314    110.450   3.7878    
 418    -10.664    110.450   3.3395    
 419      3.986    110.450   1.4324    
 420     18.636    110.450   1.4202    
 421     33.286    110.450   1.4757    
 422     47.936    110.450   1.3288    
 423     62.586    110.450  0.95912    
 424     77.236    110.450  0.97291    
 425     77.236    125.100  0.42946    
 426     62.586    125.100  0.47680    
 427     47.936    125.100   1.1969    
 428     33.286    125.100   1.5938    
 429     18.636    125.100  0.98238    
 430      3.986    125.100   1.0955    
 431    -10.664    125.100   2.6732    
 432    -25.314    125.100   2.4880    
 433    -39.964    125.100   1.8827    
 434    -54.614    125.100   1.2364    
 435    -69.264    125.100  0.49701    
 436    -83.914    125.100  0.42519    
 437    -83.914    139.750  0.48304    
 438    -69.264    139.750  0.61072    
 439    -54.614    139.750   1.3193    
 440    -39.964    139.750   2.7318    
 441    -25.314    139.750   1.9335    
 442    -10.664    139.750   1.4974    
 443      3.986    139.750   1.7168    
 444     18.636    139.750   1.6464    
 445     33.286    139.750   1.4975    
 446     47.936    139.750   1.0003    
 447     62.586    139.750 -0.15757    
 448     77.236    139.750 -0.36084    
 449     62.586    154.400   1.9888    
 450     47.936    154.400   2.0822    
 451     33.286    154.400   1.5605    
 452     18.636    154.400   1.1316    
 453      3.986    154.400   1.9056    
 454    -10.664    154.400   1.2252    
 455    -25.314    154.400   1.7811    
 456    -39.964    154.400  0.91589    
 457    -54.614    154.400   1.2740    
 458    -69.264    154.400   1.4199    
 459    -83.914    154.400  0.73388    
 460    -69.264    169.050   1.4239    
 461    -54.614    169.050   1.2740    
 462    -39.964    169.050  0.91584    
 463    -25.314    169.050   1.7811    
 464    -10.664    169.050   1.2252    
 465      3.986    169.050   1.9056    
 466     18.636    169.050   1.1315    
 467     33.286    169.050   1.5605    
 468     47.936    169.050   2.0822    
 469     62.586    169.050   1.9888    
