   109.32262     -0.16130386E-01
   109.24294      0.83281048E-01
   109.16326      0.95874339E-01
   109.08357      0.24311304E-01
   109.00389      0.25197262E-01
   108.92421     -0.33699166E-01
   108.84453      0.59232462E-01
   108.76485      0.13726597    
   108.68517      0.32879339E-03
   108.60549     -0.25811566E-01
   108.52581     -0.17491968E-01
   108.44613     -0.33383754E-02
   108.36645     -0.87957336E-02
   108.28676      0.67129978E-02
   108.20708      0.44873203E-02
   108.12740     -0.10715189E-01
   108.04772      0.35768375E-01
   107.96804      0.91859348E-01
   107.88836      0.11482366    
   107.80868      0.54834783E-01
   107.72900      0.40794764E-01
   107.64932     -0.31458970E-01
   107.56963     -0.86509116E-01
   107.48995     -0.39007004E-01
   107.41027     -0.61604031E-02
   107.33059      0.30297780E-01
   107.25091      0.57678685E-01
   107.17123      0.63366301E-01
   107.09155      0.58847304E-01
   107.01187     -0.59826866E-01
   106.93219     -0.50650913E-01
   106.85251      0.89602433E-01
   106.77282      0.38099095E-01
   106.69314     -0.19198092E-01
   106.61346     -0.19197175E-01
   106.53378      0.39541889E-01
   106.45410      0.36823485E-01
   106.37442     -0.16532781E-01
   106.29474      0.50144102E-01
   106.21506      0.44151466E-01
   106.13538     -0.28083287E-01
   106.05570     -0.32364648E-01
   105.97601      0.37821960E-01
   105.89633      0.53165048E-01
   105.81665      0.55907801E-01
   105.73697      0.79563074E-02
   105.65729     -0.34264687E-01
   105.57761      0.59713751E-01
   105.49793      0.12262332    
   105.41825      0.75325549E-01
   105.33857     -0.14748866E-02
   105.25889     -0.45205463E-01
   105.17920     -0.71939103E-01
   105.09952     -0.80424614E-01
   105.01984     -0.10971078    
   104.94016     -0.26529454E-01
   104.86048     -0.20576846E-02
   104.78080     -0.23035353E-01
   104.70112     -0.92433309E-02
   104.62144     -0.33976171E-01
   104.54176     -0.17689737E-01
   104.46208      0.50161604E-01
   104.38239     -0.24637086E-01
   104.30271     -0.17314462E-01
   104.22303      0.55401918E-01
   104.14335     -0.13942831E-02
   104.06367     -0.14884445E-01
   103.98399     -0.98469062E-02
   103.90431      0.40606026E-01
   103.82463      0.11408496    
   103.74495      0.36483768E-01
   103.66527     -0.61164264E-01
   103.58558     -0.56260180E-01
   103.50590     -0.32342046E-01
   103.42622      0.54275505E-02
   103.34654      0.21442242E-02
   103.26686     -0.17797801E-02
   103.18718      0.43909685E-03
   103.10750     -0.30772673E-01
   103.02782     -0.66149831E-01
   102.94814      0.10673352E-01
   102.86845      0.41150264E-01
   102.78877      0.23859257E-01
   102.70909     -0.23382848E-01
   102.62941      0.16655972E-01
   102.54973      0.45767296E-01
   102.47005     -0.64262576E-01
   102.39037      0.13291315E-01
   102.31069      0.66892736E-01
   102.23101      0.80562206E-02
   102.15133     -0.67381717E-01
   102.07164     -0.11936221    
   101.99196     -0.46171322E-02
   101.91228      0.23644971E-01
   101.83260     -0.28533165E-02
   101.75292      0.54723229E-01
   101.67324     -0.59456795E-01
   101.59356     -0.13517070    
   101.51388     -0.41587353E-01
   101.43420      0.35132486E-01
   101.35452      0.76748349E-01
   101.27483     -0.15422282E-01
   101.19515     -0.69045879E-01
   101.11547      0.18355517E-02
   101.03579      0.24846612E-01
   100.95611      0.77508725E-01
   100.87643      0.14338939    
   100.79675      0.71366780E-01
   100.71707      0.50019126E-01
   100.63739      0.45579236E-01
   100.55771     -0.87128378E-01
   100.47802     -0.21808235E-01
   100.39834      0.26965881E-01
   100.31866     -0.25566772E-01
   100.23898      0.64402789E-01
   100.15930      0.82048856E-01
   100.07962      0.49240749E-01
   99.999938      0.28696982E-01
   99.920257      0.45417577E-01
   99.840576      0.79578660E-01
   99.760895      0.40362179E-01
   99.681214      0.12023265E-01
   99.601533      0.63378073E-01
   99.521852      0.47999233E-01
   99.442171     -0.19115055E-01
   99.362490     -0.32412644E-01
   99.282809     -0.16828440E-01
   99.203128      0.70397712E-01
   99.123447      0.85753381E-01
   99.043766      0.39638873E-01
   98.964085      0.92510954E-02
   98.884404      0.53330824E-01
   98.804723      0.18530698E-01
   98.725042     -0.13017580E-01
   98.645361      0.35138216E-01
   98.565680      0.38853284E-01
   98.485999      0.24396976E-01
   98.406318     -0.41393377E-02
   98.326637      0.35375379E-01
   98.246956     -0.24974905E-01
   98.167275     -0.72439663E-01
   98.087594     -0.57539437E-02
   98.007913      0.11145893E-01
   97.928232      0.43009538E-01
   97.848551      0.11228900    
   97.768870      0.12136375    
   97.689189      0.19512577E-01
   97.609508     -0.93657024E-01
   97.529827     -0.60799539E-01
   97.450146      0.46850260E-01
   97.370465      0.45404714E-01
   97.290784      0.70714377E-01
   97.211103      0.89322776E-01
   97.131422     -0.18587462E-02
   97.051741     -0.56388706E-01
   96.972060      0.11420039E-01
   96.892379      0.10252521E-01
   96.812698     -0.31861402E-01
   96.733017      0.12519111E-01
   96.653336      0.11507840E-01
   96.573655      0.45925211E-02
   96.493974      0.71169607E-01
   96.414293      0.93750000E-01
   96.334612      0.26294747E-02
   96.254931      0.30629804E-01
   96.175250      0.42445961E-01
   96.095569      0.32677177E-01
   96.015888     -0.15251208E-01
   95.936206      0.33518862E-01
   95.856525      0.10998660    
   95.776844      0.36620181E-01
   95.697163      0.84382268E-02
   95.617482     -0.15620619E-01
   95.537801     -0.23172647E-01
   95.458120     -0.72956823E-01
   95.378439     -0.11805408E-01
   95.298758     -0.52898601E-01
   95.219077     -0.78907184E-01
   95.139396      0.24923151E-01
   95.059715      0.30094603E-01
   94.980034      0.13033192    
   94.900353      0.74815840E-01
   94.820672     -0.58507945E-01
   94.740991     -0.87336242E-01
   94.661310      0.70297800E-01
   94.581629      0.93448728E-01
   94.501948     -0.95224477E-01
   94.422267     -0.15580232E-01
   94.342586      0.16213259E-01
   94.262905     -0.10124686    
   94.183224     -0.39116889E-01
   94.103543      0.30555589E-01
   94.023862     -0.21466045E-01
   93.944181      0.95935250E-02
   93.864500     -0.29201554E-01
   93.784819      0.31176431E-01
   93.705138      0.70301257E-01
   93.625457      0.28117957E-01
   93.545776      0.79119332E-01
   93.466095      0.21402568E-01
   93.386414     -0.26421582E-01
   93.306733      0.57670295E-01
   93.227052      0.14733738    
   93.147371      0.76656319E-01
   93.067690     -0.52063584E-01
   92.988009     -0.20935507E-01
   92.908328      0.20393735E-01
   92.828647      0.28136050E-01
   92.748966      0.51453929E-01
   92.669285     -0.37344005E-01
   92.589604     -0.21919854E-01
   92.509923      0.46597021E-02
   92.430242     -0.44226930E-02
   92.350561      0.66160366E-01
   92.270880      0.31353708E-01
   92.191199      0.31132882E-01
   92.111518      0.23173979E-01
   92.031837     -0.37599877E-01
   91.952156     -0.51101297E-01
   91.872475     -0.25672639E-01
   91.792794     -0.25729811E-01
   91.713113     -0.75916626E-01
   91.633432     -0.59149902E-01
   91.553751      0.93849767E-02
   91.474070      0.18703438E-01
   91.394389      0.34042697E-02
   91.314708      0.50807152E-01
   91.235027      0.11245637    
   91.155346      0.10042360    
   91.075664      0.80693163E-01
   90.995983      0.12485436    
   90.916302      0.11244503    
   90.836621      0.95109224E-01
   90.756940     -0.27496891E-01
   90.677259     -0.85993685E-01
   90.597578      0.20325296E-01
   90.517897      0.78905381E-01
   90.438216      0.35479095E-01
   90.358535     -0.47478527E-01
   90.278854     -0.39151687E-01
   90.199173     -0.97775133E-03
   90.119492     -0.55339932E-03
   90.039811     -0.95839808E-02
   89.960130      0.80513395E-02
   89.880449      0.14645508E-01
   89.800768      0.13253546E-01
   89.721087     -0.34350339E-01
   89.641406     -0.65242194E-01
   89.561725      0.95649362E-02
   89.482044      0.40240724E-01
   89.402363     -0.21917773E-01
   89.322682     -0.33061791E-01
   89.243001      0.82374904E-02
   89.163320      0.54213371E-01
   89.083639      0.54927196E-01
   89.003958      0.27408203E-01
   88.924277      0.79011261E-01
   88.844596      0.14570816    
   88.764915      0.16559476    
   88.685234      0.70960104E-01
   88.605553     -0.63013673E-01
   88.525872     -0.74964307E-01
   88.446191     -0.19249717E-01
   88.366510      0.43749441E-02
   88.286829      0.13269768E-01
   88.207148      0.20794643E-01
   88.127467     -0.43876432E-02
   88.047786     -0.34982774E-01
   87.968105     -0.76070689E-01
   87.888424     -0.57704090E-02
   87.808743      0.48307229E-01
   87.729062      0.48952270E-01
   87.649381      0.62017802E-01
   87.569700      0.36769561E-01
   87.490019      0.56326609E-01
   87.410338      0.39584529E-01
   87.330657      0.46984121E-01
   87.250976      0.95773507E-02
   87.171295     -0.26688993E-01
   87.091614     -0.19432198E-01
   87.011933     -0.67466475E-01
   86.932252     -0.68066597E-01
   86.852571     -0.30571790E-01
   86.772890     -0.60467925E-01
   86.693209     -0.92029003E-02
   86.613528      0.53880185E-01
   86.533847      0.39575975E-01
   86.454166     -0.86858096E-02
   86.374485      0.39119846E-02
   86.294803      0.72714244E-02
   86.215122      0.18803818E-01
   86.135441      0.23453953E-01
   86.055760     -0.56759436E-01
   85.976079     -0.43412734E-01
   85.896398     -0.16873043E-01
   85.816717     -0.49496576E-01
   85.737036     -0.11295444    
   85.657355     -0.54869279E-01
   85.577674     -0.24335144E-01
   85.497993     -0.52145138E-01
   85.418312     -0.40978704E-01
   85.338631     -0.78018524E-01
   85.258950      0.11797504E-01
   85.179269      0.79033181E-01
   85.099588      0.53919334E-01
   85.019907      0.77419616E-01
   84.940226      0.64210400E-01
   84.860545      0.30396072E-01
   84.780864     -0.14473026E-01
   84.701183     -0.20917453E-01
   84.621502      0.12992195E-01
   84.541821      0.19810272E-01
   84.462140     -0.12957305E-01
   84.382459     -0.22601577E-01
   84.302778     -0.52049782E-01
   84.223097     -0.18546889E-01
   84.143416      0.90062253E-01
   84.063735      0.38397852E-01
   83.984054     -0.15988996E-01
   83.904373      0.27035112E-01
   83.824692      0.29883891E-01
   83.745011      0.94694771E-01
   83.665330      0.74600346E-01
   83.585649     -0.90618372E-01
   83.505968     -0.18815012    
   83.426287     -0.67107014E-01
   83.346606      0.26368909E-02
   83.266925     -0.18190473E-01
   83.187244      0.23484522E-01
   83.107563     -0.10943100E-01
   83.027882     -0.20362990E-01
   82.948201      0.47542840E-01
   82.868520      0.47173981E-01
   82.788839     -0.72008044E-01
   82.709158      0.21533927E-01
   82.629477      0.43723345E-01
   82.549796      0.44274190E-02
   82.470115      0.11375915    
   82.390434      0.97551584E-01
   82.310753      0.94514035E-01
   82.231072      0.57441074E-01
   82.151391      0.11102777E-01
   82.071710     -0.41509952E-01
   81.992029     -0.21460401E-01
   81.912348     -0.61322894E-01
   81.832667     -0.73584162E-01
   81.752986     -0.34859519E-01
   81.673305     -0.48616052E-01
   81.593624     -0.54077785E-01
   81.513943     -0.80608569E-01
   81.434261     -0.67032869E-02
   81.354580      0.45080330E-01
   81.274899      0.56110706E-01
   81.195218      0.57432640E-01
   81.115537     -0.31387966E-01
   81.035856     -0.46643555E-01
   80.956175     -0.49936124E-02
   80.876494      0.73047586E-01
   80.796813      0.55391360E-01
   80.717132      0.23858875E-01
   80.637451      0.92587791E-01
   80.557770      0.12091739    
   80.478089      0.82688533E-01
   80.398408     -0.57842240E-01
   80.318727     -0.45693498E-01
   80.239046      0.63865684E-01
   80.159365      0.26380375E-01
   80.079684     -0.40293749E-01
   80.000003      0.20722235E-02
   79.920322     -0.18501574E-01
   79.840641     -0.30353602E-02
   79.760960      0.29336927E-01
   79.681279      0.44314016E-01
   79.601598      0.84432237E-01
   79.521917      0.11531388    
   79.442236      0.89281797E-01
   79.362555      0.85789822E-01
   79.282874      0.80434464E-01
   79.203193     -0.10928835E-01
   79.123512     -0.86126095E-02
   79.043831      0.25078868E-01
   78.964150      0.48699845E-01
   78.884469      0.59101433E-01
   78.804788      0.14009442E-01
   78.725107     -0.61042015E-01
   78.645426     -0.22059834E-01
   78.565745     -0.14632707E-01
   78.486064     -0.26546350E-01
   78.406383      0.47539216E-01
   78.326702     -0.31661954E-01
   78.247021      0.51298970E-02
   78.167340      0.29417688E-01
   78.087659     -0.95883198E-01
   78.007978     -0.78095883E-01
   77.928297      0.70746387E-02
   77.848616     -0.68522371E-01
   77.768935     -0.10317437    
   77.689254     -0.23980672E-01
   77.609573     -0.56548759E-01
   77.529892     -0.45545351E-01
   77.450211     -0.11191578E-01
   77.370530     -0.35860784E-01
   77.290849      0.56832124E-01
   77.211168      0.53671245E-01
   77.131487      0.48469543E-01
   77.051806      0.57207093E-01
   76.972125      0.81167109E-02
   76.892444      0.11045794E-01
   76.812763      0.33776003E-02
   76.733082      0.44871271E-01
   76.653400      0.42360920E-01
   76.573719     -0.56483313E-02
   76.494038     -0.17042978E-01
   76.414357      0.11849714E-01
   76.334676     -0.69756530E-01
   76.254995      0.86548328E-02
   76.175314      0.62783308E-01
   76.095633     -0.10196122E-01
   76.015952     -0.12898397E-01
   75.936271     -0.32448217E-01
   75.856590      0.21014048E-01
   75.776909      0.49126428E-01
   75.697228     -0.89990906E-03
   75.617547     -0.18760609E-01
   75.537866     -0.37734708E-03
   75.458185      0.33030748E-01
   75.378504      0.37654217E-01
   75.298823     -0.33701409E-02
   75.219142     -0.48771340E-01
   75.139461     -0.16935403E-01
   75.059780     -0.29829256E-01
   74.980099     -0.61537266E-01
   74.900418     -0.95122606E-02
   74.820737      0.36575470E-01
   74.741056      0.57407483E-02
   74.661375      0.22948323E-01
   74.581694      0.45996200E-01
   74.502013     -0.12007575E-01
   74.422332     -0.72879151E-01
   74.342651     -0.80399275E-01
   74.262970     -0.55316221E-01
   74.183289     -0.73017277E-01
   74.103608     -0.64684249E-01
   74.023927     -0.27990550E-01
   73.944246     -0.24583930E-01
   73.864565     -0.67358933E-01
   73.784884     -0.49754839E-01
   73.705203     -0.10071971    
   73.625522     -0.75064488E-01
   73.545841     -0.86551361E-01
   73.466160     -0.13014066    
   73.386479      0.22349441E-01
   73.306798      0.14832256E-02
   73.227117     -0.96947633E-01
   73.147436     -0.13737585    
   73.067755     -0.53204756E-01
   72.988074     -0.51454458E-01
   72.908393     -0.49704093E-01
   72.828712     -0.47953788E-01
   72.749031      -514.65283    
   72.669350      0.10295346E-02
   72.589669      0.48262518E-01
   72.509988     -0.42629912E-02
   72.430307     -0.17933410E-01
   72.350626     -0.31603817E-01
   72.270945     -0.45274243E-01
   72.191264      0.32355325E-03
   72.111583      0.73592372E-01
   72.031902      0.14990183E-02
   71.952221     -0.49517080E-01
   71.872540      0.39627928E-01
   71.792858     -0.20669948E-01
   71.713177     -0.96808719E-02
   71.633496      0.44201270E-01
   71.553815      0.23573607E-01
   71.474134     -0.29263260E-01
   71.394453     -0.53276915E-01
   71.314772     -0.79933263E-01
   71.235091     -0.94227202E-01
   71.155410      0.51637767E-02
   71.075729      0.98915525E-01
   70.996048      0.14165251    
   70.916367      0.68741299E-01
   70.836686      0.10109056E-01
   70.757005      0.84212711E-02
   70.677324     -0.24550624E-01
   70.597643      0.14786779E-01
   70.517962      0.36405068E-01
   70.438281      0.82670480E-01
   70.358600      0.97395480E-01
   70.278919      0.19063227E-01
   70.199238      0.55527452E-01
   70.119557      0.43733727E-01
   70.039876     -0.21862334E-01
   69.960195      0.21648740E-01
   69.880514      0.12680660    
   69.800833      0.14359204    
   69.721152      0.88282367E-02
   69.641471     -0.12608665E-01
   69.561790      0.12910475E-01
   69.482109     -0.38608771E-01
   69.402428     -0.54835912E-01
   69.322747      0.16737623E-01
   69.243066     -0.63299281E-02
   69.163385     -0.26471987E-01
   69.083704      0.52571326E-03
   69.004023      0.40636376E-01
   68.924342      0.53985406E-01
   68.844661      0.95186932E-02
   68.764980      0.28374234E-01
   68.685299      0.57894334E-01
   68.605618      0.13097651E-01
   68.525937      0.87693138E-02
   68.446256      0.84143631E-01
   68.366575      0.43355182E-01
   68.286894      0.66232696E-01
   68.207213      0.77012412E-01
   68.127532      0.73591247E-01
   68.047851     -0.21481626E-02
   67.968170     -0.56036115E-01
   67.888489      0.54605946E-01
   67.808808     -0.11346602E-01
   67.729127     -0.37254054E-01
   67.649446      0.10120180    
   67.569765      0.10526600    
   67.490084     -0.82951359E-01
   67.410403     -0.12801586    
   67.330722     -0.50196458E-01
   67.251041     -0.79293996E-01
   67.171360     -0.59036896E-01
   67.091679      0.27507890E-02
   67.011998     -0.27439579E-01
   66.932316     -0.86173154E-01
   66.852635     -0.32314103E-01
   66.772954      0.51001132E-01
   66.693273     -0.63662991E-01
   66.613592     -0.12938641    
   66.533911      0.10052059E-01
   66.454230     -0.78698257E-02
   66.374549      0.12178817E-01
   66.294868      0.82163341E-01
   66.215187     -0.16015982E-01
   66.135506     -0.28367519E-01
   66.055825      0.24152899E-02
   65.976144      0.56664180E-01
   65.896463      0.50914288E-01
   65.816782     -0.91077434E-02
   65.737101     -0.22712771E-02
   65.657420     -0.47331214E-01
   65.577739     -0.58863506E-01
   65.498058     -0.39465889E-01
   65.418377     -0.24094775E-01
   65.338696     -0.24156136E-01
   65.259015      0.39906739E-03
   65.179334      0.41875418E-01
   65.099653      0.55776183E-01
   65.019972      0.37202898E-01
   64.940291     -0.86718462E-02
   64.860610     -0.19701598E-01
   64.780929     -0.59174728E-01
   64.701248     -0.86094074E-01
   64.621567     -0.82371840E-02
   64.541886      0.25538536E-01
   64.462205      0.26537880E-01
   64.382524      0.86492084E-01
   64.302843      0.10394458    
   64.223162     -0.13036825E-01
   64.143481     -0.36368046E-01
   64.063800     -0.46887893E-01
   63.984119     -0.20472622E-01
   63.904438      0.13286114E-01
   63.824757     -0.10835510    
   63.745076     -0.82534201E-01
   63.665395      0.78026734E-01
   63.585714      0.10619304    
   63.506033      0.64508747E-02
   63.426352     -0.19022180E-01
   63.346671     -0.32704625E-01
   63.266990     -0.32070544E-01
   63.187309     -0.48027158E-01
   63.107628     -0.24560107E-01
   63.027947     -0.84365634E-02
   62.948266     -0.47616318E-01
   62.868585     -0.86619325E-01
   62.788904     -0.41321453E-01
   62.709223      0.32711439E-01
   62.629542     -0.43465991E-01
   62.549861     -0.57344958E-01
   62.470180      0.13986004E-01
   62.390499     -0.61349380E-02
   62.310818     -0.76225273E-01
   62.231137     -0.63711815E-01
   62.151455      0.97203841E-02
   62.071774     -0.65003359E-02
   61.992093     -0.45291301E-01
   61.912412      0.87402435E-02
   61.832731      0.20826949E-01
   61.753050      0.18584145E-01
   61.673369      0.27846405E-01
   61.593688     -0.30185424E-02
   61.514007      0.54032017E-01
   61.434326      0.75454101E-01
   61.354645      0.90365130E-02
   61.274964     -0.92064898E-03
   61.195283     -0.73503428E-02
   61.115602     -0.37600532E-01
   61.035921     -0.37412807E-01
   60.956240     -0.67472041E-01
   60.876559     -0.65727055E-01
   60.796878      0.63008688E-01
   60.717197      0.73169813E-01
   60.637516      0.41851047E-01
   60.557835      0.29211132E-01
   60.478154      0.12355201E-01
   60.398473      0.10243446    
   60.318792      0.58705281E-01
   60.239111     -0.27669057E-01
   60.159430      0.24641166E-01
   60.079749      0.96778862E-01
   60.000068      0.10142407    
   59.920387      0.28608151E-01
   59.840706      0.82195856E-01
   59.761025      0.97399205E-01
   59.681344      0.85989805E-02
   59.601663      0.75474903E-02
   59.521982      0.31519834E-01
   59.442301      0.65075800E-01
   59.362620      0.13066360    
   59.282939      0.11115382    
   59.203258     -0.13588319E-02
   59.123577     -0.88690348E-01
   59.043896     -0.71486801E-01
   58.964215     -0.20712118E-03
   58.884534     -0.86117527E-02
   58.804853     -0.45976979E-02
   58.725172      0.69811322E-01
   58.645491      0.58813456E-01
   58.565810      0.54148608E-02
   58.486129      0.26297418E-01
   58.406448      0.86685479E-01
   58.326767      0.98623671E-01
   58.247086     -0.22037029E-01
   58.167405     -0.81421658E-01
   58.087724     -0.65089494E-01
   58.008043     -0.10100377E-01
   57.928362      0.23147471E-01
   57.848681      0.44404756E-01
   57.769000      0.31140322E-01
   57.689319      0.25375476E-01
   57.609638      0.39529551E-01
   57.529957      0.42291475E-02
   57.450276     -0.39553016E-01
   57.370595     -0.62216360E-01
   57.290913     -0.71976535E-01
   57.211232     -0.58557335E-01
   57.131551     -0.33575383E-02
   57.051870      0.79383269E-01
   56.972189      0.27671760E-01
   56.892508     -0.35673860E-01
   56.812827     -0.34860816E-01
   56.733146     -0.32987647E-01
   56.653465      0.52705899E-01
   56.573784      0.11306653    
   56.494103      0.18844375E-02
   56.414422     -0.74414723E-01
   56.334741      0.36250334E-01
   56.255060      0.51492043E-02
   56.175379      0.36345724E-01
   56.095698      0.83843000E-01
   56.016017      0.39893560E-01
   55.936336     -0.15290771E-02
   55.856655     -0.10576046    
   55.776974     -0.67268528E-01
   55.697293      0.11416518E-01
   55.617612      0.53329780E-02
   55.537931      0.59109624E-01
   55.458250      0.54517020E-01
   55.378569      0.17182274E-01
   55.298888      0.51104378E-01
   55.219207      0.59042085E-01
   55.139526      0.29901227E-01
   55.059845     -0.16350372E-01
   54.980164     -0.65431081E-01
   54.900483     -0.17686751E-01
   54.820802      0.42960059E-01
   54.741121      0.68072870E-01
   54.661440      0.10534834    
   54.581759      0.33126295E-01
   54.502078      0.27065041E-01
   54.422397      0.68502650E-01
   54.342716      0.73820569E-01
   54.263035      0.88599354E-01
   54.183354      0.15562235E-01
   54.103673      0.28837884E-01
   54.023992      0.74827210E-02
   53.944311     -0.22022577E-01
   53.864630     -0.16151782E-01
   53.784949     -0.87420374E-01
   53.705268     -0.72883464E-01
   53.625587      0.65494827E-02
   53.545906      0.18264530E-01
   53.466225      0.23362398E-01
   53.386544      0.61262328E-01
   53.306863      0.84280679E-02
   53.227182      0.94206691E-01
   53.147501      0.10913151    
   53.067820      0.96951211E-02
   52.988139     -0.43200147E-02
   52.908458     -0.50086215E-01
   52.828777     -0.11635419E-01
   52.749096      0.23388973E-01
   52.669415     -0.13052774E-01
   52.589734     -0.12997843E-01
   52.510052      0.31506035E-01
   52.430371     -0.10508851E-01
   52.350690     -0.46181839E-01
   52.271009      0.33019006E-01
   52.191328      0.79920828E-01
   52.111647      0.10640413    
   52.031966      0.10956794    
   51.952285      0.33546031E-01
   51.872604     -0.62793377E-02
   51.792923      0.13371534E-01
   51.713242      0.44234175E-01
   51.633561      0.16357163E-01
   51.553880      0.21327722E-03
   51.474199      0.18466251E-01
   51.394518      0.26169792E-01
   51.314837     -0.35140641E-01
   51.235156     -0.43716419E-01
   51.155475      0.42843819E-01
   51.075794     -0.60803983E-01
   50.996113     -0.49114913E-01
   50.916432      0.28739622E-01
   50.836751      0.82353344E-02
   50.757070      0.32752026E-01
   50.677389     -0.96883783E-02
   50.597708     -0.45395331E-02
   50.518027      0.80018742E-02
   50.438346      0.11259779E-01
   50.358665      0.73046535E-01
   50.278984      0.16995240E-02
   50.199303     -0.81286673E-02
   50.119622      0.59453588E-01
   50.039941      0.27999947E-01
   49.960260     -0.22783158E-01
   49.880579     -0.55594325E-01
   49.800898      0.48561066E-01
   49.721217      0.90481997E-01
   49.641536     -0.17936001E-01
   49.561855      0.21607047E-01
   49.482174      0.62676378E-01
   49.402493      0.13619986E-01
   49.322812     -0.13649563E-01
   49.243131     -0.22559971E-01
   49.163450      0.60695265E-02
   49.083769      0.13014299E-01
   49.004088     -0.69019906E-01
   48.924407     -0.12382001    
   48.844726      0.60179051E-01
   48.765045      0.15027823    
   48.685364      0.46577156E-01
   48.605683     -0.64791082E-02
   48.526002     -0.12014321E-01
   48.446321     -0.52110758E-01
   48.366640     -0.63593954E-01
   48.286959      0.98071760E-03
   48.207278     -0.12335003E-01
   48.127597     -0.55980314E-01
   48.047916      0.41524410E-01
   47.968235      0.85871160E-01
   47.888554     -0.98166810E-02
   47.808873     -0.78564391E-01
   47.729192     -0.41079368E-01
   47.649510      0.67617588E-01
   47.569829      0.33306714E-01
   47.490148     -0.20587394E-01
   47.410467      0.46837837E-01
   47.330786      0.14950216E-01
   47.251105     -0.76992132E-01
   47.171424     -0.26226187E-01
   47.091743     -0.54160606E-01
   47.012062     -0.58365524E-01
   46.932381     -0.20707047E-01
   46.852700     -0.11973925E-01
   46.773019      0.17125387E-01
   46.693338      0.34471437E-01
   46.613657     -0.38854405E-03
   46.533976     -0.99518232E-01
   46.454295     -0.10228450    
   46.374614     -0.26296785E-01
   46.294933      0.47573210E-02
   46.215252     -0.44999972E-01
   46.135571      0.33448245E-01
   46.055890      0.14308183    
   45.976209      0.60338929E-01
   45.896528     -0.64477888E-02
   45.816847     -0.70645608E-01
   45.737166     -0.69481090E-01
   45.657485      0.55924069E-01
   45.577804      0.25269696E-01
   45.498123      0.24453975E-01
   45.418442      0.12315979    
   45.338761      0.15573914    
   45.259080      0.11389110    
   45.179399      0.10032538    
   45.099718      0.42140808E-01
   45.020037     -0.40042743E-01
   44.940356     -0.29123276E-01
   44.860675      0.44418991E-01
   44.780994      0.37486639E-01
   44.701313     -0.14343855E-01
   44.621632      0.15609118E-01
   44.541951     -0.45557301E-01
   44.462270     -0.12685929E-01
   44.382589      0.63770086E-01
   44.302908      0.70664324E-01
   44.223227     -0.16981114E-03
   44.143546     -0.28278410E-01
   44.063865     -0.26309110E-01
   43.984184     -0.37029002E-01
   43.904503      0.37727471E-01
   43.824822      0.54679323E-01
   43.745141      0.64527325E-01
   43.665460      0.30558541E-01
   43.585779      0.75620455E-02
   43.506098      0.18395655E-01
   43.426417      0.97536240E-02
   43.346736     -0.13258089E-01
   43.267055     -0.13278487E-01
   43.187374     -0.18890174E-01
   43.107693      0.88251300E-01
   43.028012      0.66450499E-01
   42.948331     -0.26269028E-01
   42.868650      0.90033926E-01
   42.788968      0.90790922E-02
   42.709287     -0.11580487    
   42.629606     -0.45721013E-01
   42.549925     -0.41682363E-01
   42.470244     -0.41664120E-01
   42.390563      0.41467030E-01
   42.310882      0.28469628E-01
   42.231201     -0.37658367E-01
   42.151520     -0.70818462E-02
   42.071839     -0.29629299E-01
   41.992158     -0.48450317E-01
   41.912477      0.29138855E-02
   41.832796     -0.11769575E-01
   41.753115     -0.83836047E-02
   41.673434     -0.29418960E-02
   41.593753     -0.29852822E-01
   41.514072     -0.41653473E-01
   41.434391     -0.69328822E-01
   41.354710      0.15020847E-01
   41.275029      0.13075276    
   41.195348      0.19053845    
   41.115667      0.12601383    
   41.035986      0.30123249E-01
   40.956305     -0.33032913E-01
   40.876624     -0.48464391E-01
   40.796943      0.14223223E-01
   40.717262      0.60263652E-01
   40.637581      0.61588138E-01
   40.557900      0.47869865E-01
   40.478219      0.58611650E-01
   40.398538      0.75685070E-02
   40.318857      0.72853349E-01
   40.239176      0.76302618E-01
   40.159495      0.68733416E-01
   40.079814      0.96196629E-01
   40.000133      0.35124522E-01
   39.920452      0.69353655E-01
   39.840771      0.19799775E-01
   39.761090     -0.51343483E-02
   39.681409      0.10538847    
   39.601728      0.73032953E-01
   39.522047      0.39336372E-01
   39.442366      0.16167702    
   39.362685      0.14718096    
   39.283004      0.34226540E-02
   39.203323      0.20170150E-01
   39.123642      0.74074380E-01
   39.043961      0.50810664E-02
   38.964280     -0.55588532E-01
   38.884599     -0.10371932E-01
   38.804918     -0.15122849E-01
   38.725237     -0.58626737E-01
   38.645556     -0.50933030E-01
   38.565875      0.14778686E-01
   38.486194      0.35508562E-01
   38.406513      0.71033120E-01
   38.326832      0.78781009E-01
   38.247151     -0.24990611E-01
   38.167470     -0.36165386E-01
   38.087789      0.46014369E-01
   38.008107      0.26720986E-01
   37.928426     -0.66202030E-01
   37.848745      0.79937112E-02
   37.769064      0.82330428E-01
   37.689383      0.13560902E-01
   37.609702      0.18235618E-01
   37.530021      0.60484856E-02
   37.450340      0.39951939E-01
   37.370659      0.98155744E-01
   37.290978     -0.81129828E-02
   37.211297     -0.17386667E-01
   37.131616      0.29239291E-01
   37.051935     -0.56811911E-02
   36.972254     -0.41763127E-01
   36.892573     -0.33269491E-01
   36.812892      0.25861075E-01
   36.733211     -0.24749326E-01
   36.653530     -0.12427781    
   36.573849     -0.16289139E-01
   36.494168      0.33497922E-01
   36.414487     -0.14708514E-01
   36.334806     -0.63914753E-01
   36.255125     -0.24767654E-01
   36.175444      0.33341881E-01
   36.095763      0.17661279E-02
   36.016082     -0.41941758E-01
   35.936401     -0.41255180E-01
   35.856720     -0.26732631E-01
   35.777039     -0.20293195E-02
   35.697358      0.34902133E-01
   35.617677      0.16484100E-01
   35.537996     -0.83338685E-01
   35.458315     -0.62845990E-01
   35.378634     -0.13419305E-01
   35.298953     -0.63320026E-01
   35.219272     -0.44830110E-01
   35.139591     -0.12165169E-01
   35.059910     -0.81443138E-01
   34.980229     -0.11696378    
   34.900548     -0.82393877E-01
   34.820867     -0.39761934E-01
   34.741186     -0.66286199E-01
   34.661505     -0.42398382E-01
   34.581824     -0.53620350E-01
   34.502143     -0.45987606E-01
   34.422462     -0.52004717E-02
   34.342781     -0.33065617E-01
   34.263100      0.66735242E-02
   34.183419     -0.16368376E-01
   34.103738     -0.60271472E-03
   34.024057     -0.22456793E-01
   33.944376     -0.80654807E-01
   33.864695     -0.56129441E-01
   33.785014     -0.42665124E-01
   33.705333     -0.12150855E-01
   33.625652     -0.57483077E-01
   33.545971     -0.89107044E-01
   33.466290     -0.61162964E-01
   33.386609     -0.55765207E-02
   33.306928      0.28971536E-02
   33.227247     -0.36428902E-01
   33.147565     -0.36092926E-01
   33.067884     -0.67538150E-01
   32.988203     -0.10496181    
   32.908522     -0.11290533    
   32.828841     -0.51801082E-01
   32.749160      0.11019201E-01
   32.669479     -0.27081639E-01
   32.589798      0.83145853E-02
   32.510117     -0.32496374E-01
   32.430436     -0.21736836E-01
   32.350755      0.36837395E-01
   32.271074     -0.63845865E-01
   32.191393     -0.27666328E-01
   32.111712     -0.58256418E-01
   32.032031     -0.13447177    
   31.952350     -0.21348581E-01
   31.872669      0.70785806E-01
   31.792988     -0.33422142E-01
   31.713307     -0.97900011E-01
   31.633626     -0.69147147E-01
   31.553945     -0.14722347E-01
   31.474264     -0.72090658E-02
   31.394583     -0.57376865E-01
   31.314902     -0.27537160E-02
   31.235221     -0.49001772E-01
   31.155540     -0.52377868E-01
   31.075859      0.86919209E-02
   30.996178     -0.12578689E-01
   30.916497      0.77630676E-01
   30.836816      0.29906617E-01
   30.757135     -0.50220728E-01
   30.677454     -0.12997034E-01
   30.597773     -0.96325576E-01
   30.518092     -0.14444165    
   30.438411     -0.10933429    
   30.358730     -0.48519269E-01
   30.279049     -0.37141144E-02
   30.199368     -0.20220373E-02
   30.119687     -0.77971704E-01
   30.040006     -0.89440137E-01
   29.960325     -0.75242467E-01
   29.880644     -0.61904624E-01
   29.800963     -0.16603602E-01
   29.721282      0.99829827E-02
   29.641601     -0.68492717E-02
   29.561920     -0.25185332E-01
   29.482239     -0.11590240E-01
   29.402558     -0.14883305    
   29.322877     -0.84922194E-01
   29.243196      0.40054962E-01
   29.163515      0.67473738E-02
   29.083834      0.17816296E-01
   29.004153     -0.30118616E-01
   28.924472     -0.50237879E-01
   28.844791     -0.69207393E-01
   28.765110     -0.56772050E-01
   28.685429     -0.15102644E-01
   28.605748     -0.55811740E-03
   28.526067     -0.19750306E-01
   28.446386     -0.56679551E-01
   28.366704     -0.32047164E-02
   28.287023      0.10502025E-02
   28.207342     -0.14451024E-01
   28.127661      0.93891108E-02
   28.047980     -0.22163795E-01
   27.968299     -0.55023119E-01
   27.888618      0.19033918E-01
   27.808937      0.78556844E-03
   27.729256     -0.84299617E-01
   27.649575     -0.30384183E-01
   27.569894     -0.39584648E-01
   27.490213     -0.15225475E-01
   27.410532      0.40945238E-02
   27.330851     -0.28664309E-02
   27.251170     -0.31783309E-01
   27.171489     -0.64457525E-02
   27.091808     -0.29687149E-01
   27.012127     -0.35812020E-01
   26.932446      0.44623032E-01
   26.852765     -0.57788130E-01
   26.773084     -0.30826338E-01
   26.693403      0.43059472E-01
   26.613722     -0.60786527E-01
   26.534041     -0.84284358E-01
   26.454360     -0.16172618E-01
   26.374679      0.70143054E-03
   26.294998     -0.47007341E-01
   26.215317     -0.59093278E-01
   26.135636      0.45616613E-03
   26.055955     -0.22117814E-01
   25.976274      0.27540147E-01
   25.896593      0.27377704E-01
   25.816912     -0.37679102E-01
   25.737231      0.17047441E-01
   25.657550      0.47345322E-01
   25.577869     -0.31069189E-01
   25.498188     -0.20646172E-01
   25.418507      0.11272063E-01
   25.338826     -0.34713991E-01
   25.259145      0.67826949E-01
   25.179464      0.54823115E-01
   25.099783      0.37898067E-01
   25.020102      0.60945380E-01
   24.940421      0.24510294E-01
   24.860740      0.16105892E-01
   24.781059     -0.62304381E-01
   24.701378     -0.22232575E-01
   24.621697      0.55515632E-01
   24.542016      0.40941995E-01
   24.462335      0.36537729E-01
   24.382654     -0.20421660E-02
   24.302973      0.37165552E-01
   24.223292      0.40635470E-01
   24.143611     -0.95437849E-02
   24.063930     -0.32975993E-02
   23.984249      0.44587150E-01
   23.904568      0.61550442E-01
   23.824887      0.12358894E-01
   23.745206      0.52545816E-01
   23.665525      0.42995956E-01
   23.585844     -0.21605976E-01
   23.506162     -0.95296144E-01
   23.426481     -0.75611301E-01
   23.346800      0.41478720E-01
   23.267119      0.57021230E-01
   23.187438     -0.96256239E-02
   23.107757      0.26129588E-01
   23.028076      0.13096694E-01
   22.948395     -0.58870722E-01
   22.868714      0.32787804E-01
   22.789033      0.92803240E-01
   22.709352      0.24782384E-01
   22.629671      0.15625618E-01
   22.549990     -0.13621545E-01
   22.470309      0.12402151E-01
   22.390628      0.58978811E-01
   22.310947      0.77666380E-01
   22.231266      0.16207133    
   22.151585      0.10112008    
   22.071904      0.14293073    
   21.992223      0.11016133    
   21.912542     -0.46177749E-01
   21.832861     -0.64223609E-02
   21.753180      0.27866462E-01
   21.673499      0.83598673E-01
   21.593818      0.13355593E-01
   21.514137     -0.51654964E-02
   21.434456      0.55487588E-01
   21.354775      0.26857195E-01
   21.275094      0.34911830E-01
   21.195413      0.68995677E-01
   21.115732      0.11542854E-01
   21.036051     -0.56892812E-01
   20.956370     -0.19418841E-01
   20.876689      0.57661217E-01
   20.797008      0.10544225    
   20.717327      0.12418897    
   20.637646      0.12378775    
   20.557965      0.35382681E-01
   20.478284      0.43942463E-01
   20.398603      0.62550493E-01
   20.318922     -0.66909469E-02
   20.239241      0.24840700E-01
   20.159560      0.61808255E-01
   20.079879      0.57510909E-01
   20.000198      0.71736105E-01
   19.920517      0.32243460E-01
   19.840836      0.37935708E-01
   19.761155      0.12061123    
   19.681474      0.14604095    
   19.601793      0.10469830    
   19.522112      0.10815358    
   19.442431      0.15505853    
   19.362750      0.78643315E-01
   19.283069     -0.14201086E-01
   19.203388     -0.96204439E-02
   19.123707      0.28204197E-01
   19.044026      0.15595692    
   18.964345      0.24025975    
   18.884664      0.14928903    
   18.804983      0.67507364E-01
   18.725301      0.14895789    
   18.645620      0.15838805    
   18.565939      0.12019344    
   18.486258      0.15085123    
   18.406577      0.14037201    
   18.326896      0.11481881    
   18.247215      0.14002104    
   18.167534      0.17324732    
   18.087853      0.19243102    
   18.008172      0.18778272    
   17.928491      0.13171797    
   17.848810      0.14105497    
   17.769129      0.17018776    
   17.689448      0.17946558    
   17.609767      0.13192235    
   17.530086      0.15131748    
   17.450405      0.28147450    
   17.370724      0.25557962    
   17.291043      0.12664793    
   17.211362      0.18156080    
   17.131681      0.24091512    
   17.052000      0.22740155    
   16.972319      0.23747088    
   16.892638      0.23108907    
   16.812957      0.19121586    
   16.733276      0.17317916    
   16.653595      0.19539721    
   16.573914      0.21680637    
   16.494233      0.28433949    
   16.414552      0.26459041    
   16.334871      0.24671848    
   16.255190      0.28101388    
   16.175509      0.29294613    
   16.095828      0.29657200    
   16.016147      0.19779386    
   15.936466      0.19328113    
   15.856785      0.26159844    
   15.777104      0.24717873    
   15.697423      0.20789985    
   15.617742      0.20293824    
   15.538061      0.28953183    
   15.458380      0.31620979    
   15.378699      0.29360577    
   15.299018      0.35673794    
   15.219337      0.36904970    
   15.139656      0.37007114    
   15.059975      0.27297372    
   14.980294      0.28620255    
   14.900613      0.37745354    
   14.820932      0.35298392    
   14.741251      0.40038204    
   14.661570      0.28697762    
   14.581889      0.32054839    
   14.502208      0.38698673    
   14.422527      0.35179052    
   14.342846      0.37015724    
   14.263165      0.31185061    
   14.183484      0.27268472    
   14.103803      0.26111591    
   14.024122      0.34840164    
   13.944441      0.37995696    
   13.864759      0.36383879    
   13.785078      0.38840613    
   13.705397      0.35704541    
   13.625716      0.33207056    
   13.546035      0.28417239    
   13.466354      0.34734038    
   13.386673      0.39900139    
   13.306992      0.41195560    
   13.227311      0.39273658    
   13.147630      0.40199110    
   13.067949      0.41844273    
   12.988268      0.32141137    
   12.908587      0.31889382    
   12.828906      0.41833374    
   12.749225      0.44925502    
   12.669544      0.38222918    
   12.589863      0.43788251    
   12.510182      0.53873318    
   12.430501      0.48292673    
   12.350820      0.49510562    
   12.271139      0.52734119    
   12.191458      0.48341402    
   12.111777      0.47822264    
   12.032096      0.54664040    
   11.952415      0.66695398    
   11.872734      0.60193759    
   11.793053      0.60679603    
   11.713372      0.70192486    
   11.633691      0.65116841    
   11.554010      0.64647466    
   11.474329      0.65538388    
   11.394648      0.67821437    
   11.314967      0.70625019    
   11.235286      0.75591642    
   11.155605      0.83765632    
   11.075924      0.82574916    
   10.996243      0.77778530    
   10.916562      0.82892519    
   10.836881      0.98400038    
   10.757200       1.0219561    
   10.677519       1.0988841    
   10.597838       1.1597840    
   10.518157       1.2262286    
   10.438476       1.3084134    
   10.358795       1.3383718    
   10.279114       1.4305416    
   10.199433       1.5278395    
   10.119752       1.7150273    
   10.040071       1.8766342    
   9.9603897       2.0431588    
   9.8807087       2.1884964    
   9.8010277       2.3610089    
   9.7213466       2.5192692    
   9.6416656       2.6283548    
   9.5619846       2.6741650    
   9.4823036       2.7001362    
   9.4026226       2.6870253    
   9.3229416       2.5314391    
   9.2432605       2.4636881    
   9.1635795       2.1957352    
   9.0838985       1.8227133    
   9.0042175       1.5175220    
   8.9245365       1.1656202    
   8.8448555      0.85433125    
   8.7651744      0.64487171    
   8.6854934      0.67905903    
   8.6058124      0.69324142    
   8.5261314      0.59857279    
   8.4464504      0.65290797    
   8.3667694      0.71076846    
   8.2870883      0.65591037    
   8.2074073      0.71723777    
   8.1277263      0.88785487    
   8.0480453      0.99631310    
   7.9683643       1.1770869    
   7.8886833       1.5068702    
   7.8090022       1.7682124    
   7.7293212       1.8405987    
   7.6496402       1.9348507    
   7.5699592       2.0424457    
   7.4902782       2.0647023    
   7.4105972       2.0757954    
   7.3309161       1.9242725    
   7.2512351       1.7922255    
   7.1715541       1.8064299    
   7.0918731       1.7711018    
   7.0121921       1.6401606    
   6.9325111       1.5244951    
   6.8528300       1.4845700    
   6.7731490       1.4247855    
   6.6934680       1.4292885    
   6.6137870       1.4172601    
   6.5341060       1.2965670    
   6.4544250       1.3033196    
   6.3747439       1.2538027    
   6.2950629       1.1361499    
   6.2153819       1.1272252    
   6.1357009       1.0937093    
   6.0560199       1.0295992    
   5.9763389      0.90199715    
   5.8966578      0.84065795    
   5.8169768      0.87599999    
   5.7372958      0.86965913    
   5.6576148      0.86702150    
   5.5779338      0.86395282    
   5.4982528      0.82830906    
   5.4185717      0.72040892    
   5.3388907      0.68077469    
   5.2592097      0.67873359    
   5.1795287      0.55272740    
   5.0998477      0.52797419    
   5.0201667      0.48400405    
   4.9404856      0.55234396    
   4.8608046      0.67692184    
   4.7811236      0.62632352    
   4.7014426      0.54525673    
   4.6217616      0.50050122    
   4.5420806      0.49529538    
   4.4623995      0.50484324    
   4.3827185      0.45808554    
   4.3030375      0.41090873    
   4.2233565      0.43231300    
   4.1436755      0.47455239    
   4.0639945      0.40618464    
   3.9843134      0.29106563    
   3.9046324      0.32817796    
   3.8249514      0.34492493    
   3.7452704      0.35598704    
   3.6655894      0.31481746    
   3.5859084      0.17912716    
   3.5062273      0.17939870    
   3.4265463      0.29784465    
   3.3468653      0.22621302    
   3.2671843      0.19218145    
   3.1875033      0.25658211    
   3.1078223      0.24128504    
   3.0281412      0.21560718    
   2.9484602      0.17333287    
   2.8687792      0.20177935    
   2.7890982      0.24226499    
   2.7094172      0.22986169    
   2.6297362      0.15810823    
   2.5500551      0.18094771    
   2.4703741      0.20414871    
   2.3906931      0.21655340    
   2.3110121      0.19919628    
   2.2313311      0.14571323    
   2.1516501      0.23231365    
   2.0719690      0.22892360    
   1.9922880      0.17464627    
   1.9126070      0.14658019    
   1.8329260      0.12619160    
   1.7532450      0.16659603    
   1.6735640      0.16617183    
   1.5938830      0.14518319    
   1.5142019      0.11133042    
   1.4345209      0.74645929E-01
   1.3548399      0.74723847E-01
   1.2751589      0.12136021    
   1.1954779      0.14179191    
   1.1157969      0.13109611    
   1.0361158      0.14876299    
  0.95643482      0.97574048E-01
  0.87675380      0.24484547E-02
  0.79707279      0.10219016    
  0.71739177      0.18441184    
  0.63771075      0.83402283E-01
  0.55802974      0.95219456E-01
  0.47834872      0.12465951    
  0.39866770      0.74166954E-01
  0.31898669      0.22731841E-01
  0.23930567     -0.44743791E-02
  0.15962465      0.76245256E-01
  0.79943637E-01  0.69750108E-01
  0.26262054E-03  0.64380236E-01
 -0.79418396E-01  0.59010401E-01
 -0.15909941      0.85216966E-02
 -0.23878043     -0.42583137E-02
 -0.31846145      0.72304331E-01
 -0.39814246      0.10218004    
 -0.47782348     -0.32829850E-02
 -0.55750449     -0.32592800E-01
 -0.63718551      0.60379814E-01
 -0.71686653      0.14583838    
 -0.79654754      0.51724989E-01
 -0.87622856      0.25332747E-01
 -0.95590958      0.52341383E-01
  -1.0355906      0.46186496E-01
  -1.1152716      0.77400319E-02
  -1.1949526     -0.73232621E-01
  -1.2746336     -0.79529084E-01
  -1.3543147     -0.76903864E-02
  -1.4339957      0.20077301E-01
  -1.5136767     -0.65487780E-01
  -1.5933577     -0.52807748E-01
  -1.6730387      0.90011023E-01
  -1.7527197      0.40335629E-01
  -1.8324008     -0.69241919E-01
  -1.9120818      0.10644575E-01
  -1.9917628      0.80724157E-01
  -2.0714438      0.18616198E-01
  -2.1511248     -0.83642639E-01
  -2.2308058     -0.94196357E-01
  -2.3104869     -0.12909864E-01
  -2.3901679     -0.12830966E-01
  -2.4698489     -0.31684492E-01
  -2.5495299     -0.66052699E-02
  -2.6292109      0.12794402E-01
  -2.7088919      0.50486396E-02
  -2.7885730     -0.43236163E-01
  -2.8682540     -0.49057696E-01
  -2.9479350     -0.63028768E-01
  -3.0276160     -0.28335616E-01
  -3.1072970      0.26999585E-01
  -3.1869780      0.42897961E-02
  -3.2666591     -0.13208332E-01
  -3.3463401     -0.19881738E-01
  -3.4260211      0.88509554E-02
  -3.5057021      0.29173389E-01
  -3.5853831      0.15651701E-01
  -3.6650641     -0.53361491E-02
  -3.7447452     -0.22830976E-01
  -3.8244262     -0.13247845E-01
  -3.9041072     -0.53141814E-01
  -3.9837882      0.10567284E-01
  -4.0634692      0.44741213E-01
  -4.1431502      0.15721058E-01
  -4.2228313      0.26505588E-01
  -4.3025123      0.22137584E-01
  -4.3821933     -0.25097087E-01
  -4.4618743     -0.90046264E-01
  -4.5415553     -0.11774105    
  -4.6212363     -0.58366340E-01
  -4.7009174      0.46472739E-01
  -4.7805984      0.16472684E-01
  -4.8602794      0.31312693E-01
  -4.9399604      0.72034322E-01
  -5.0196414      0.81180654E-01
  -5.0993224      0.57451982E-01
  -5.1790035      0.13000459E-01
  -5.2586845      0.66898696E-01
  -5.3383655      0.30064955E-02
  -5.4180465     -0.40453974E-01
  -5.4977275     -0.23946673E-01
  -5.5774085     -0.42542685E-01
  -5.6570896      0.50486285E-01
  -5.7367706      0.59600633E-01
  -5.8164516     -0.25996512E-02
  -5.8961326      0.66281177E-01
  -5.9758136      0.51412117E-01
  -6.0554946     -0.51495198E-01
  -6.1351757     -0.32453932E-01
  -6.2148567     -0.12291383E-01
  -6.2945377     -0.41679978E-01
  -6.3742187     -0.72235115E-01
  -6.4538997     -0.55397760E-01
  -6.5335807     -0.35664916E-01
  -6.6132617     -0.24049593E-01
  -6.6929428      0.44579491E-01
  -6.7726238      0.47356203E-01
  -6.8523048      0.65924965E-01
  -6.9319858     -0.53583533E-02
  -7.0116668     -0.11585460E-01
  -7.0913478      0.26410408E-01
  -7.1710289     -0.65424349E-02
  -7.2507099      0.45030396E-02
  -7.3303909     -0.16563734E-01
  -7.4100719     -0.63356303E-01
  -7.4897529     -0.57117809E-01
  -7.5694339     -0.99853298E-03
  -7.6491150      0.64915777E-02
  -7.7287960      0.69165431E-01
  -7.8084770      0.11388654    
  -7.8881580      0.81704162E-01
  -7.9678390      0.16035343E-01
  -8.0475200     -0.19962631E-01
  -8.1272011      0.37840251E-01
  -8.2068821      0.50058264E-01
  -8.2865631      0.32947440E-01
  -8.3662441      0.21773078E-01
  -8.4459251     -0.12064260E-01
  -8.5256061      0.83478518E-01
  -8.6052872      0.11408613    
  -8.6849682      0.31364765E-01
  -8.7646492      0.11943174E-01
  -8.8443302      0.34283105E-01
  -8.9240112     -0.80312947E-02
  -9.0036922     -0.37439957E-01
  -9.0833733     -0.64312495E-01
  -9.1630543     -0.30546067E-01
  -9.2427353     -0.39084502E-01
  -9.3224163     -0.18018581E-01
  -9.4020973      0.59575487E-01
  -9.4817783      0.19582435E-01
  -9.5614594      0.32913424E-02
  -9.6411404      0.59784174E-01
  -9.7208214     -0.13523472E-01
  -9.8005024     -0.77533849E-01
  -9.8801834     -0.23447692E-01
  -9.9598644     -0.62135160E-01
  -10.039545     -0.35933103E-01
  -10.119226      0.23835018E-01
  -10.198907     -0.46596210E-01
  -10.278589     -0.45642287E-01
  -10.358270     -0.37618846E-01
  -10.437951     -0.61284911E-01
  -10.517632      0.10444104E-01
  -10.597313     -0.52918881E-01
  -10.676994     -0.11933824    
  -10.756675     -0.12455794    
  -10.836356     -0.44789612E-01
  -10.916037      0.53800076E-01
  -10.995718      0.11031038E-01
  -11.075399      0.14471875E-01
  -11.155080      0.13840544E-01
  -11.234761      0.57270195E-01
  -11.314442      0.41136979E-02
  -11.394123     -0.66404074E-01
  -11.473804      0.79187443E-02
  -11.553485     -0.50342415E-01
  -11.633166     -0.22763079E-01
  -11.712847      0.63111983E-01
  -11.792528      0.39969120E-01
  -11.872209      0.20391343E-01
  -11.951890     -0.10757911E-01
  -12.031571     -0.36486495E-01
  -12.111252     -0.18967468E-01
  -12.190933     -0.43997645E-01
  -12.270614     -0.38831640E-01
  -12.350295      0.65686963E-02
  -12.429976      0.22159604E-01
  -12.509657      0.62603004E-01
  -12.589338      0.38162731E-01
  -12.669019     -0.11313916E-01
  -12.748700     -0.29852964E-01
  -12.828381     -0.60429703E-01
  -12.908062     -0.15153063E-01
  -12.987743      0.43613270E-01
  -13.067424      0.41082822E-01
  -13.147105     -0.74348859E-01
  -13.226786     -0.84623553E-01
  -13.306467      0.23513341E-01
  -13.386148      0.19665049E-01
  -13.465829     -0.90134824E-02
  -13.545510     -0.11932307E-01
  -13.625191     -0.15330840E-01
  -13.704872     -0.42440783E-01
  -13.784553      0.15403103E-02
  -13.864234      0.56552786E-01
  -13.943915      0.44482849E-02
  -14.023596      0.39826214E-01
  -14.103277      0.10352220    
  -14.182958      0.54185603E-01
  -14.262639      0.10702341E-01
  -14.342320     -0.88545181E-01
  -14.422001     -0.57828087E-01
  -14.501682      0.58086988E-01
  -14.581363     -0.17905260E-01
  -14.661044     -0.60534522E-01
  -14.740725     -0.80913631E-02
  -14.820406     -0.98313980E-01
  -14.900087     -0.14587195    
  -14.979768     -0.94611324E-01
  -15.059449     -0.60117368E-01
  -15.139131     -0.31656478E-01
  -15.218812     -0.99158056E-01
  -15.298493     -0.34767363E-01
  -15.378174      0.43087110E-01
  -15.457855      0.17269539E-01
  -15.537536      0.43910656E-01
  -15.617217      0.27006062E-01
  -15.696898     -0.11438447E-01
  -15.776579      0.59579063E-03
  -15.856260      0.27384313E-01
  -15.935941      0.49252775E-01
  -16.015622      0.18296752E-01
  -16.095303     -0.48331078E-01
  -16.174984     -0.67134403E-01
  -16.254665     -0.59878767E-01
  -16.334346     -0.13901315E-01
  -16.414027     -0.10414741E-01
  -16.493708     -0.13896014E-01
  -16.573389      0.22782499E-01
  -16.653070      0.11204646E-01
  -16.732751     -0.35523903E-02
  -16.812432     -0.30138558E-01
  -16.892113     -0.13906944E-03
  -16.971794      0.37301641E-04
  -17.051475     -0.10317542E-01
  -17.131156      0.12206870E-01
  -17.210837      0.23550564E-01
  -17.290518      0.32962393E-01
  -17.370199      0.10808207E-01
  -17.449880      0.36262367E-01
  -17.529561      0.43447345E-01
  -17.609242     -0.29747779E-01
  -17.688923     -0.23235096E-01
  -17.768604      0.39978046E-01
  -17.848285      0.22808896E-01
  -17.927966      0.54894343E-01
  -18.007647      0.11965042    
  -18.087328     -0.28876984E-01
  -18.167009     -0.10462097    
  -18.246690     -0.57269510E-01
  -18.326371      0.72781682E-01
  -18.406052      0.16688983    
  -18.485733      0.35923108E-01
  -18.565414     -0.42191461E-01
  -18.645095     -0.10638017    
  -18.724776     -0.92815809E-01
  -18.804457     -0.31078031E-01
  -18.884138     -0.56281645E-01
  -18.963819     -0.77337354E-01
  -19.043500     -0.68520658E-01
  -19.123181     -0.73242180E-01
  -19.202862     -0.48692916E-01
  -19.282543     -0.34499120E-01
  -19.362224     -0.47479987E-01
  -19.441905     -0.75481467E-01
  -19.521586     -0.45990359E-01
  -19.601267      0.35171125E-01
  -19.680948      0.13534098E-01
  -19.760629     -0.35057742E-01
  -19.840310     -0.33199724E-01
  -19.919992     -0.16798377E-01
  -19.999673      0.11821379E-01
  -20.079354      0.15018923E-02
  -20.159035     -0.22898303E-01
  -20.238716     -0.49203057E-02
  -20.318397     -0.34234636E-02
  -20.398078     -0.37678573E-01
  -20.477759     -0.61690029E-01
  -20.557440     -0.57856753E-01
  -20.637121     -0.72335966E-01
  -20.716802     -0.86997867E-01
  -20.796483     -0.48021197E-01
  -20.876164     -0.40294595E-01
  -20.955845     -0.18650236E-01
  -21.035526      0.12726896E-02
  -21.115207      0.22366442E-01
  -21.194888     -0.54568570E-01
  -21.274569     -0.12408371    
  -21.354250     -0.15996536E-01
  -21.433931      0.50896641E-01
  -21.513612     -0.24984946E-01
  -21.593293     -0.84823109E-01
  -21.672974     -0.36751654E-01
  -21.752655     -0.30487433E-01
  -21.832336      0.29286584E-01
  -21.912017      0.35007257E-01
  -21.991698     -0.16378410E-01
  -22.071379      0.12262701E-01
  -22.151060      0.31717192E-01
  -22.230741     -0.70555598E-01
  -22.310422     -0.56306679E-01
  -22.390103      0.53846508E-01
  -22.469784      0.26016047E-01
  -22.549465     -0.90719583E-02
  -22.629146      0.84499223E-03
  -22.708827      0.67082666E-01
  -22.788508      0.52350544E-03
  -22.868189      0.27301706E-01
  -22.947870      0.23108335E-01
  -23.027551      0.10168078E-01
  -23.107232      0.48926014E-01
  -23.186913      0.82918860E-01
  -23.266594      0.20179699    
  -23.346275      0.12108210    
  -23.425956      0.29233836E-02
  -23.505637     -0.72738416E-01
  -23.585318     -0.21329254E-01
  -23.664999      0.13449225E-01
  -23.744680      0.61426241E-01
  -23.824361      0.25844879E-01
  -23.904042     -0.13260822    
  -23.983723      0.28295288E-01
  -24.063404      0.17687427    
  -24.143085      0.80906145E-01
  -24.222766      0.57750497E-01
  -24.302447      0.74388102E-01
  -24.382128      0.11942328E-01
  -24.461809      0.24697380E-01
  -24.541490      0.57687074E-01
  -24.621171      0.28573414E-01
  -24.700852     -0.80207922E-03
  -24.780534     -0.10831782E-01
  -24.860215     -0.91226421E-01
  -24.939896     -0.11369876    
  -25.019577     -0.14421633E-01
  -25.099258     -0.18695295E-02
  -25.178939     -0.42402640E-01
  -25.258620     -0.13007175E-01
  -25.338301     -0.37710108E-02
  -25.417982     -0.26186494E-01
  -25.497663     -0.13752631E-01
  -25.577344      0.29708659E-01
  -25.657025      0.38185034E-01
  -25.736706      0.39692283E-01
  -25.816387     -0.10178189E-01
  -25.896068     -0.79672635E-01
  -25.975749     -0.69550596E-01
  -26.055430     -0.28298849E-01
  -26.135111     -0.19312867E-03
  -26.214792     -0.42155582E-01
  -26.294473     -0.94593503E-02
  -26.374154     -0.31976991E-02
  -26.453835     -0.74100666E-01
  -26.533516     -0.11166734    
  -26.613197     -0.78238830E-01
  -26.692878     -0.23848189E-01
  -26.772559      0.15202555E-01
  -26.852240     -0.63017630E-02
  -26.931921      0.52798014E-01
  -27.011602      0.82576320E-01
  -27.091283     -0.44852987E-01
  -27.170964     -0.12509362E-01
  -27.250645     -0.85530261E-03
  -27.330326     -0.74203812E-01
  -27.410007     -0.73907979E-01
  -27.489688     -0.15160616E-01
  -27.569369     -0.46614916E-02
  -27.649050     -0.61274130E-01
  -27.728731     -0.10172089    
  -27.808412     -0.19945500E-01
  -27.888093      0.12071071    
  -27.967774      0.27077064E-01
  -28.047455     -0.17266624E-01
  -28.127136      0.22423930E-01
  -28.206817     -0.90528755E-02
  -28.286498      0.16114501E-01
  -28.366179      0.20714626E-02
  -28.445860     -0.42633753E-01
  -28.525541     -0.41359033E-01
  -28.605222     -0.13669564E-04
  -28.684903      0.11286341E-01
  -28.764584      0.50757062E-01
  -28.844265      0.16685617E-02
  -28.923946     -0.28661214E-01
  -29.003627      0.18438259E-01
  -29.083308     -0.16694851E-02
  -29.162989     -0.59957236E-01
  -29.242670     -0.40847514E-01
  -29.322351      0.74947417E-01
  -29.402032      0.33747256E-01
  -29.481713     -0.52127045E-01
  -29.561395     -0.85110776E-01
  -29.641076     -0.88093884E-01
  -29.720757     -0.91145851E-01
  -29.800438     -0.23492424E-01
  -29.880119      0.59944212E-01
  -29.959800     -0.58669616E-01
  -30.039481     -0.59079450E-01
  -30.119162     -0.21175608E-01
  -30.198843     -0.30418904E-01
  -30.278524     -0.24750510E-01
  -30.358205     -0.32895017E-01
  -30.437886     -0.60820654E-02
  -30.517567     -0.10060415    
  -30.597248     -0.11117817    
  -30.676929      0.53277943E-01
  -30.756610      0.52889589E-01
  -30.836291     -0.36729511E-01
  -30.915972     -0.18187225E-02
  -30.995653     -0.55517692E-01
  -31.075334     -0.39516862E-01
  -31.155015     -0.21753028E-01
  -31.234696     -0.10825813    
  -31.314377     -0.93153566E-01
  -31.394058     -0.24211286E-01
  -31.473739      0.45395861E-02
  -31.553420     -0.86033843E-01
  -31.633101     -0.22832761E-01
  -31.712782      0.67345418E-01
  -31.792463     -0.32399755E-01
  -31.872144     -0.21744810E-01
  -31.951825     -0.40575019E-02
  -32.031506      0.24746165E-01
  -32.111187      0.18391298E-01
  -32.190868      0.71928860E-02
  -32.270549     -0.75440231E-03
  -32.350230     -0.48201334E-01
  -32.429911      0.72122999E-01
  -32.509592     -0.12849740E-01
  -32.589273     -0.10609674    
  -32.668954     -0.24704499E-01
  -32.748635     -0.73254623E-01
  -32.828316     -0.10775697    
  -32.907997     -0.60110699E-01
  -32.987678     -0.12546413E-01
  -33.067359      0.46775997E-01
  -33.147040      0.60919762E-01
  -33.226721     -0.15751578E-01
  -33.306402     -0.90169972E-02
  -33.386083     -0.50242066E-01
  -33.465764     -0.10359260    
  -33.545445      0.18307354E-01
  -33.625126      0.12009746    
  -33.704807      0.38489733E-01
  -33.784488     -0.47353510E-01
  -33.864169     -0.17642172E-01
  -33.943850     -0.90586273E-02
  -34.023531     -0.17656397E-01
  -34.103212     -0.19208368E-01
  -34.182893      0.15426330E-01
  -34.262574     -0.19415785E-02
  -34.342255     -0.35991058E-01
  -34.421937     -0.45765158E-01
  -34.501618     -0.94883509E-01
  -34.581299     -0.43888122E-01
  -34.660980     -0.10982886E-01
  -34.740661     -0.10657721    
  -34.820342     -0.61133903E-01
  -34.900023      0.89173513E-02
  -34.979704     -0.82812138E-01
  -35.059385     -0.22134133E-01
  -35.139066      0.46622665E-02
  -35.218747     -0.78033514E-01
  -35.298428     -0.11900726E-01
  -35.378109      0.39957453E-01
  -35.457790      0.18710518E-01
  -35.537471     -0.35678241E-01
  -35.617152     -0.71756914E-01
  -35.696833     -0.60008597E-01
  -35.776514     -0.48143598E-02
  -35.856195      0.82321232E-02
  -35.935876     -0.28615242E-01
  -36.015557      0.24514420E-01
  -36.095238     -0.23569003E-01
  -36.174919     -0.23809386E-01
  -36.254600      0.11599050E-01
  -36.334281     -0.74432403E-01
  -36.413962     -0.31747248E-01
  -36.493643     -0.18931087E-02
  -36.573324     -0.23036063E-01
  -36.653005     -0.17187206E-01
  -36.732686      0.18301280E-01
  -36.812367      0.33736523E-01
  -36.892048     -0.27503641E-02
  -36.971729     -0.58352362E-01
  -37.051410     -0.35146300E-01
  -37.131091     -0.23380175E-01
  -37.210772     -0.45278694E-01
  -37.290453     -0.17079988E-01
  -37.370134     -0.47824163E-01
  -37.449815     -0.28051078E-01
  -37.529496     -0.10374660E-01
  -37.609177     -0.56206420E-01
  -37.688858     -0.31922191E-01
  -37.768539      0.13435632E-03
  -37.848220     -0.27250759E-02
  -37.927901     -0.70224762E-01
  -38.007582     -0.87166220E-01
  -38.087263     -0.62015202E-01
  -38.166944     -0.70935905E-01
  -38.246625     -0.48570644E-01
  -38.326306     -0.85909225E-01
  -38.405987     -0.54122973E-01
  -38.485668      0.25818616E-01
  -38.565349      0.72662443E-01
  -38.645030      0.86594922E-02
  -38.724711     -0.73765689E-02
  -38.804392      0.35279583E-01
  -38.884073     -0.14387198E-02
  -38.963754     -0.93650363E-01
  -39.043435     -0.69110103E-01
  -39.123116      0.37740599E-01
  -39.202797     -0.32019828E-01
  -39.282479     -0.76209337E-01
  -39.362160     -0.85364170E-01
  -39.441841     -0.15573224    
  -39.521522     -0.22951594E-01
  -39.601203     -0.13065022E-01
  -39.680884     -0.10302254    
  -39.760565     -0.71810655E-01
  -39.840246     -0.14759687    
  -39.919927     -0.12916075    
  -39.999608     -0.22941059E-01
  -40.079289      0.16752232E-01
  -40.158970     -0.36622871E-01
  -40.238651     -0.19849457E-01
  -40.318332     -0.30080397E-02
  -40.398013     -0.18482948E-01
  -40.477694     -0.33357896E-01
  -40.557375     -0.11022136    
  -40.637056     -0.14510222    
  -40.716737     -0.58419611E-01
  -40.796418     -0.22074675E-01
  -40.876099     -0.73422417E-01
  -40.955780     -0.55163234E-01
  -41.035461     -0.27480384E-01
  -41.115142      0.75115883E-02
  -41.194823      0.23862263E-01
  -41.274504     -0.55132698E-01
  -41.354185     -0.10697565    
  -41.433866      0.18061592E-02
  -41.513547      0.37017632E-01
  -41.593228     -0.37196804E-01
  -41.672909     -0.86818285E-01
  -41.752590     -0.34862161E-01
  -41.832271      0.44159483E-01
  -41.911952     -0.88874167E-02
  -41.991633     -0.79347556E-02
  -42.071314      0.80392472E-02
  -42.150995     -0.17604841E-02
  -42.230676     -0.12313235E-01
  -42.310357     -0.27395613E-01
  -42.390038      0.22883974E-01
  -42.469719     -0.17234172E-02
  -42.549400     -0.46153545E-01
  -42.629081     -0.92049493E-02
  -42.708762     -0.49248610E-01
  -42.788443     -0.11766858    
  -42.868124     -0.83172567E-01
  -42.947805     -0.88120932E-02
  -43.027486     -0.13617001E-01
  -43.107167     -0.27955474E-01
  -43.186848     -0.37247319E-01
  -43.266529     -0.92305683E-01
  -43.346210     -0.66373557E-01
  -43.425891      0.15790394E-01
  -43.505572     -0.59815798E-01
  -43.585253     -0.68456136E-01
  -43.664934      0.41390911E-01
  -43.744615      0.21098366E-01
  -43.824296     -0.52614078E-01
  -43.903977     -0.12660615    
  -43.983658     -0.93902297E-01
  -44.063340     -0.88277915E-02
  -44.143021     -0.54692786E-01
  -44.222702     -0.50864089E-01
  -44.302383     -0.21242121E-01
  -44.382064      0.85788192E-02
  -44.461745     -0.23418136E-01
  -44.541426     -0.10105904    
  -44.621107     -0.67776255E-01
  -44.700788     -0.73590375E-01
  -44.780469     -0.79490215E-01
  -44.860150     -0.90673767E-01
  -44.939831     -0.11600810    
  -45.019512     -0.12339833    
  -45.099193     -0.35081059E-01
  -45.178874      0.16276577E-01
  -45.258555     -0.64026251E-01
  -45.338236     -0.46310250E-01
  -45.417917      0.20380623E-02
  -45.497598     -0.47764849E-01
  -45.577279     -0.22974290E-01
  -45.656960      0.50506953E-01
  -45.736641      0.30433051E-01
  -45.816322     -0.10167933E-01
  -45.896003     -0.47041785E-01
  -45.975684     -0.61335664E-01
  -46.055365      0.61543062E-02
  -46.135046      0.84737979E-01
  -46.214727     -0.66258155E-01
  -46.294408     -0.67860357E-01
  -46.374089      0.50680074E-02
  -46.453770     -0.10720038    
  -46.533451     -0.78691818E-01
  -46.613132     -0.48906919E-01
  -46.692813     -0.38606573E-01
  -46.772494     -0.32533031E-01
  -46.852175      0.33655033E-01
  -46.931856      0.96826263E-01
  -47.011537      0.29612558E-01
  -47.091218     -0.37909996E-01
  -47.170899     -0.42143292E-02
  -47.250580     -0.89567840E-01
  -47.330261     -0.12677948    
  -47.409942     -0.11972527E-01
  -47.489623     -0.38676657E-01
  -47.569304     -0.18397262E-01
  -47.648985      0.83137073E-01
  -47.728666      0.51294014E-01
  -47.808347     -0.21127097E-01
  -47.888028      0.58214399E-02
  -47.967709     -0.24285955E-01
  -48.047390     -0.66504657E-01
  -48.127071      0.80582164E-02
  -48.206752      0.28641565E-01
  -48.286433      0.17314835E-01
  -48.366114     -0.60602318E-01
  -48.445795     -0.16977091    
  -48.525476     -0.64571925E-01
  -48.605157     -0.32361348E-02
  -48.684838     -0.35531111E-01
  -48.764519      0.84315361E-02
  -48.844200      0.11830222E-01
  -48.923882     -0.49414013E-01
  -49.003563     -0.63705765E-01
  -49.083244     -0.47450136E-01
  -49.162925     -0.52219357E-01
  -49.242606     -0.59178267E-01
  -49.322287     -0.93980066E-01
  -49.401968      0.60009908E-01
  -49.481649      0.13199840    
  -49.561330     -0.29200321E-01
  -49.641011     -0.34136910E-01
  -49.720692     -0.65306969E-01
  -49.800373     -0.12253945    
  -49.880054     -0.80035567E-01
  -49.959735     -0.98592423E-01
  -50.039416     -0.81219599E-01
  -50.119097     -0.67532621E-01
  -50.198778     -0.49693346E-01
  -50.278459      0.28683191E-01
  -50.358140      0.39441109E-01
  -50.437821     -0.37245903E-01
  -50.517502     -0.27892858E-01
  -50.597183      0.24177197E-02
  -50.676864     -0.10313716E-01
  -50.756545      0.37354659E-02
  -50.836226     -0.28683348E-01
  -50.915907     -0.16938621E-01
  -50.995588      0.43266129E-01
  -51.075269      0.80296196E-01
  -51.154950     -0.75467140E-02
  -51.234631     -0.91532856E-01
  -51.314312     -0.76243900E-01
  -51.393993     -0.34782559E-01
  -51.473674     -0.47406748E-01
  -51.553355     -0.32484572E-01
  -51.633036      0.19321507E-01
  -51.712717      0.23362713E-01
  -51.792398     -0.33185642E-01
  -51.872079     -0.12289160E-01
  -51.951760      0.40053532E-01
  -52.031441     -0.42082448E-01
  -52.111122     -0.11550064    
  -52.190803     -0.14928956    
  -52.270484     -0.99955648E-01
  -52.350165     -0.61609399E-01
  -52.429846     -0.77772938E-01
  -52.509527     -0.20899147E-01
  -52.589208      0.48236687E-01
  -52.668889     -0.38295843E-01
  -52.748570     -0.93189627E-01
  -52.828251      0.19355478E-01
  -52.907932     -0.11811295E-01
  -52.987613      0.53577315E-01
  -53.067294      0.14413041    
  -53.146975      0.59651192E-01
  -53.226656      0.38827118E-02
  -53.306337     -0.23524592E-01
  -53.386018     -0.51615614E-01
  -53.465699     -0.28674560E-01
  -53.545380      0.20896079E-01
  -53.625061      0.25264472E-01
  -53.704743      0.54449118E-02
  -53.784424     -0.61407790E-01
  -53.864105      0.16846383E-01
  -53.943786      0.99696331E-01
  -54.023467      0.20533985E-01
  -54.103148     -0.64352259E-01
  -54.182829     -0.10628915    
  -54.262510     -0.57701688E-01
  -54.342191      0.36047969E-01
  -54.421872     -0.17109714E-01
  -54.501553     -0.12404708    
  -54.581234     -0.73593348E-01
  -54.660915     -0.19015582E-01
  -54.740596     -0.35148475E-01
  -54.820277      0.65701515E-02
  -54.899958      0.10110225E-01
  -54.979639      0.36556192E-01
  -55.059320      0.26357291E-01
  -55.139001     -0.48342872E-01
  -55.218682     -0.22992149E-01
  -55.298363      0.40349144E-01
  -55.378044      0.27972905E-01
  -55.457725     -0.72185956E-01
  -55.537406     -0.11571357    
  -55.617087     -0.53539619E-01
  -55.696768     -0.32080930E-01
  -55.776449     -0.63778795E-01
  -55.856130     -0.85863091E-01
  -55.935811     -0.10119687E-01
  -56.015492      0.50981861E-01
  -56.095173     -0.46252269E-01
  -56.174854     -0.69937654E-01
  -56.254535     -0.22331087E-01
  -56.334216      0.45073584E-01
  -56.413897      0.67134418E-01
  -56.493578      0.23950107E-01
  -56.573259      0.81780218E-01
  -56.652940      0.10152491    
  -56.732621      0.47710035E-01
  -56.812302      0.29876878E-01
  -56.891983      0.14453948E-01
  -56.971664      0.47669936E-01
  -57.051345      0.53205941E-01
  -57.131026     -0.55163454E-01
  -57.210707     -0.47392756E-01
  -57.290388      0.35836607E-01
  -57.370069      0.76864265E-01
  -57.449750     -0.72718612E-02
  -57.529431     -0.99906534E-01
  -57.609112     -0.45287874E-01
  -57.688793     -0.31105347E-02
  -57.768474      0.31703860E-01
  -57.848155     -0.55751536E-01
  -57.927836     -0.78496180E-01
  -58.007517      0.66688047E-02
  -58.087198     -0.23168853E-01
  -58.166879     -0.16196942E-01
  -58.246560      0.22526629E-01
  -58.326241      0.55476613E-02
  -58.405922     -0.33772241E-04
  -58.485603      0.46505406E-02
  -58.565285      0.21211261E-01
  -58.644966      0.73487774E-01
  -58.724647      0.65319404E-01
  -58.804328      0.56368899E-01
  -58.884009      0.41056801E-01
  -58.963690     -0.32896690E-01
  -59.043371     -0.94111031E-02
  -59.123052     -0.22433316E-01
  -59.202733     -0.60153678E-01
  -59.282414     -0.72130680E-01
  -59.362095     -0.20573808E-01
  -59.441776      0.21367116E-01
  -59.521457     -0.35832215E-01
  -59.601138     -0.16031649E-01
  -59.680819      0.19318486E-01
  -59.760500     -0.32665238E-01
  -59.840181     -0.56410968E-01
  -59.919862      0.30572334E-01
  -59.999543      0.60219675E-01
  -60.079224      0.21021282E-01
  -60.158905      0.38730416E-01
  -60.238586      0.44514388E-01
  -60.318267      0.56834321E-01
  -60.397948      0.12875460E-01
  -60.477629     -0.68750836E-01
  -60.557310     -0.58136169E-01
  -60.636991     -0.25248347E-01
  -60.716672      0.15819875E-02
  -60.796353     -0.91738850E-01
  -60.876034     -0.65807693E-01
  -60.955715      0.73789775E-01
  -61.035396      0.82384527E-01
  -61.115077      0.20693315E-01
  -61.194758     -0.12618978E-01
  -61.274439     -0.88923909E-01
  -61.354120     -0.68821751E-01
  -61.433801     -0.52088331E-01
  -61.513482     -0.16790579    
  -61.593163     -0.98253131E-01
  -61.672844     -0.57466041E-01
  -61.752525     -0.12547983    
  -61.832206     -0.16466139    
  -61.911887      0.52892058E-02
  -61.991568      0.41396175E-01
  -62.071249     -0.10879433    
  -62.150930     -0.91640890E-01
  -62.230611     -0.91986351E-01
  -62.310292     -0.20005235E-01
  -62.389973     -0.53806383E-01
  -62.469654     -0.98174490E-01
  -62.549335     -0.42160776E-01
  -62.629016     -0.72881944E-01
  -62.708697     -0.42045131E-01
  -62.788378     -0.20905437E-02
  -62.868059      0.23556973E-02
  -62.947740      0.21904534E-01
  -63.027421      0.21505030E-03
  -63.107102     -0.19479260E-01
  -63.186783     -0.18453423E-01
  -63.266464     -0.17760890E-01
  -63.346146     -0.44829059E-01
  -63.425827     -0.14753577    
  -63.505508     -0.13508175    
  -63.585189     -0.72709180E-01
  -63.664870     -0.75085126E-01
  -63.744551     -0.13069184    
  -63.824232     -0.10805956    
  -63.903913     -0.45218512E-01
  -63.983594     -0.63534550E-01
  -64.063275     -0.11578581    
  -64.142956     -0.14017409    
  -64.222637     -0.74979611E-01
  -64.302318     -0.21613220E-01
  -64.381999     -0.14768824E-01
  -64.461680      0.51013790E-02
  -64.541361      0.40984105E-01
  -64.621042     -0.40895049E-01
  -64.700723     -0.80975078E-01
  -64.780404     -0.84982485E-01
  -64.860085     -0.83020618E-02
  -64.939766      0.76121539E-02
  -65.019447     -0.15101662    
  -65.099128     -0.10554162    
  -65.178809      0.39896513E-02
  -65.258490     -0.62407661E-01
  -65.338171     -0.11627120    
  -65.417852     -0.23342952E-01
  -65.497533     -0.51674206E-01
  -65.577214     -0.32838434E-01
  -65.656895      0.21277407E-01
  -65.736576     -0.56765068E-01
  -65.816257     -0.10965154    
  -65.895938     -0.99805862E-01
  -65.975619     -0.49761653E-01
  -66.055300     -0.75286925E-01
  -66.134981     -0.72773829E-01
  -66.214662     -0.27762830E-01
  -66.294343     -0.26763188E-01
  -66.374024      0.13402727E-01
  -66.453705     -0.28370418E-01
  -66.533386     -0.70084304E-01
  -66.613067     -0.59917461E-01
  -66.692748     -0.52635733E-01
  -66.772429     -0.62806971E-01
  -66.852110     -0.10125113    
  -66.931791     -0.12156946E-01
  -67.011472     -0.42082179E-01
  -67.091153      0.33465099E-01
  -67.170834      0.61523676E-01
  -67.250515     -0.97925760E-01
  -67.330196     -0.59074003E-01
  -67.409877     -0.90712704E-01
  -67.489558     -0.46822757E-01
  -67.569239      0.24980092E-01
  -67.648920     -0.65677673E-01
  -67.728601     -0.27887272E-01
  -67.808282      0.24229107E-01
  -67.887963      0.30799128E-01
  -67.967644     -0.19296007E-01
  -68.047325     -0.73037036E-01
  -68.127006     -0.76613069E-01
  -68.206688     -0.58834646E-02
  -68.286369     -0.38818099E-01
  -68.366050     -0.13723525    
  -68.445731     -0.13807175    
  -68.525412     -0.16419443    
  -68.605093     -0.90206407E-01
  -68.684774      0.15190546E-01
  -68.764455     -0.44709135E-01
  -68.844136     -0.73977076E-02
  -68.923817      0.14264775E-01
  -69.003498     -0.88557504E-01
  -69.083179     -0.83606280E-01
  -69.162860     -0.45190111E-01
  -69.242541     -0.73943660E-01
  -69.322222     -0.81455916E-01
  -69.401903     -0.53520877E-01
  -69.481584     -0.10881359    
  -69.561265     -0.11411560    
  -69.640946     -0.56754410E-01
  -69.720627     -0.34818906E-01
  -69.800308     -0.34521632E-01
  -69.879989     -0.72122373E-01
  -69.959670     -0.21465274E-01
  -70.039351      0.15803078E-01
  -70.119032     -0.98977156E-01
  -70.198713     -0.11794078    
  -70.278394     -0.53303853E-01
  -70.358075     -0.66563852E-01
  -70.437756     -0.10471547    
  -70.517437     -0.31858142E-01
  -70.597118      0.23274677E-01
  -70.676799     -0.10380490E-03
  -70.756480     -0.55213824E-01
  -70.836161     -0.69199406E-01
  -70.915842     -0.22319773E-01
  -70.995523     -0.13074869    
  -71.075204     -0.14142777    
  -71.154885     -0.47991607E-01
  -71.234566     -0.13650268    
  -71.314247     -0.12348396    
  -71.393928     -0.14845960E-01
  -71.473609     -0.23784365E-03
  -71.553290     -0.53961623E-01
  -71.632971     -0.41577432E-01
  -71.712652      0.80132764E-03
  -71.792333     -0.59588376E-01
  -71.872014     -0.92010342E-01
  -71.951695     -0.10284222    
  -72.031376     -0.93660869E-01
  -72.111057     -0.96223958E-01
  -72.190738     -0.11636747    
  -72.270419     -0.84789962E-01
  -72.350100     -0.11868024    
  -72.429781     -0.45501035E-01
  -72.509462      0.75215474E-01
  -72.589143     -0.98972976E-01
  -72.668824     -0.28901452E-01
  -72.748505      0.41170087E-01
  -72.828186      0.18007552E-01
  -72.907867     -0.11017386    
  -72.987548     -0.53959787E-01
  -73.067230      0.21488177E-01
  -73.146911      0.31434979E-01
  -73.226592     -0.72079279E-01
  -73.306273     -0.10719105    
  -73.385954      0.20835763E-01
  -73.465635     -0.45874376E-01
  -73.545316     -0.46208501E-01
  -73.624997      0.11293520E-01
  -73.704678     -0.44048857E-01
  -73.784359     -0.22517530E-01
  -73.864040     -0.18724008E-02
  -73.943721      0.31229213E-01
  -74.023402     -0.52542444E-01
  -74.103083     -0.13089286    
  -74.182764     -0.96909679E-01
  -74.262445     -0.42135745E-01
  -74.342126      0.48363488E-01
  -74.421807      0.42708237E-01
  -74.501488      0.61587203E-01
  -74.581169      0.21614224E-01
  -74.660850     -0.45433927E-01
  -74.740531     -0.11522219    
  -74.820212     -0.14282502    
  -74.899893     -0.77151887E-01
  -74.979574     -0.49540821E-01
  -75.059255      0.86915223E-02
  -75.138936      0.17161415E-02
  -75.218617      0.20606176E-02
  -75.298298      0.40464271E-01
  -75.377979      0.74261166E-02
  -75.457660     -0.52325755E-01
  -75.537341     -0.53658608E-01
  -75.617022     -0.38837325E-01
  -75.696703     -0.13416030E-01
  -75.776384     -0.52224509E-02
  -75.856065      0.42008664E-01
  -75.935746      0.52574858E-01
  -76.015427     -0.36235496E-01
  -76.095108      0.16777582E-01
  -76.174789     -0.21182925E-01
  -76.254470     -0.53150963E-01
  -76.334151     -0.71476117E-01
  -76.413832     -0.10163807    
  -76.493513     -0.39203420E-01
  -76.573194     -0.52749563E-01
  -76.652875     -0.79018749E-01
  -76.732556     -0.43942351E-01
  -76.812237     -0.31192178E-01
  -76.891918     -0.75836084E-02
  -76.971599     -0.45018990E-01
  -77.051280     -0.90640187E-01
  -77.130961     -0.50531458E-01
  -77.210642     -0.61169356E-01
  -77.290323     -0.11765880E-01
  -77.370004      0.34686521E-01
  -77.449685     -0.20805610E-01
  -77.529366     -0.37074003E-01
  -77.609047     -0.37704039E-01
  -77.688728     -0.22839742E-01
  -77.768409     -0.64502619E-01
  -77.848091     -0.93582660E-01
  -77.927772      0.26044471E-01
  -78.007453      0.27796309E-02
  -78.087134     -0.45664389E-01
  -78.166815      0.75031474E-01
  -78.246496      0.10879306    
  -78.326177      0.21704547E-01
  -78.405858     -0.48993337E-02
  -78.485539      0.59353077E-03
  -78.565220     -0.67827605E-01
  -78.644901     -0.95451258E-01
  -78.724582     -0.10535825E-01
  -78.804263     -0.45476645E-01
  -78.883944     -0.20713627E-01
  -78.963625      0.27517864E-01
  -79.043306      0.38631201E-01
  -79.122987      0.80895973E-02
  -79.202668     -0.23733551E-01
  -79.282349      0.43773413E-01
  -79.362030     -0.14542900E-01
  -79.441711     -0.77363744E-01
  -79.521392      0.10477897E-01
  -79.601073      0.40737577E-01
  -79.680754     -0.32824937E-01
  -79.760435     -0.16698553E-02
  -79.840116      0.19187188E-02
  -79.919797      0.88715954E-02
  -79.999478      0.16829437E-01
  -80.079159     -0.12606484E-01
  -80.158840      0.96864849E-01
  -80.238521      0.10243860    
  -80.318202      0.20681076E-01
  -80.397883      0.63229091E-02
  -80.477564      0.35569903E-01
  -80.557245      0.93324624E-01
  -80.636926      0.49194146E-01
  -80.716607      0.92021458E-01
  -80.796288      0.89490078E-01
  -80.875969     -0.41685294E-01
  -80.955650     -0.28491026E-01
  -81.035331      0.51923543E-01
  -81.115012      0.30442884E-01
  -81.194693     -0.28657580E-01
  -81.274374     -0.38701252E-02
  -81.354055      0.14878879E-01
  -81.433736      0.55891294E-01
  -81.513417     -0.22543132E-01
  -81.593098     -0.10310331    
  -81.672779      0.22321805E-01
  -81.752460      0.15369208    
  -81.832141      0.11183903    
  -81.911822     -0.12310512E-01
  -81.991503      0.60206223E-02
  -82.071184     -0.15215576E-01
  -82.150865     -0.34781221E-01
  -82.230546      0.12352069E-01
  -82.310227      0.41861087E-03
  -82.389908      0.77633499E-02
  -82.469589     -0.18155234E-01
  -82.549270     -0.47301412E-01
  -82.628951     -0.34931477E-01
  -82.708633     -0.18141443E-01
  -82.788314      0.92896735E-02
  -82.867995      0.21974757E-01
  -82.947676     -0.18865958E-01
  -83.027357     -0.80613226E-01
  -83.107038     -0.33388563E-01
  -83.186719     -0.57877716E-01
  -83.266400     -0.73826857E-01
  -83.346081     -0.44923097E-01
  -83.425762      0.17211786E-01
  -83.505443     -0.55444408E-02
  -83.585124      0.27229294E-01
  -83.664805      0.10079918    
  -83.744486     -0.44565614E-01
  -83.824167     -0.51434357E-01
  -83.903848     -0.66770292E-02
  -83.983529      0.12551685E-01
  -84.063210     -0.22516659E-01
  -84.142891     -0.10620409    
  -84.222572     -0.85762233E-01
  -84.302253      0.63063358E-02
  -84.381934     -0.11374804E-01
  -84.461615     -0.86394347E-01
  -84.541296     -0.84743527E-03
  -84.620977      0.97198440E-02
  -84.700658     -0.55476502E-01
  -84.780339     -0.16467303E-01
  -84.860020     -0.36492806E-01
  -84.939701     -0.61730538E-01
  -85.019382     -0.35554219E-01
  -85.099063      0.15996899E-02
  -85.178744     -0.11209103E-01
  -85.258425     -0.61366793E-01
  -85.338106      0.29587412E-01
  -85.417787      0.24552004E-01
  -85.497468     -0.45578729E-01
  -85.577149     -0.60380351E-01
  -85.656830     -0.62224094E-01
  -85.736511      0.58837771E-01
  -85.816192     -0.11460453E-01
  -85.895873     -0.55091668E-01
  -85.975554      0.55838656E-02
  -86.055235     -0.43158878E-01
  -86.134916     -0.48501328E-01
  -86.214597     -0.67001425E-01
  -86.294278     -0.88401092E-02
  -86.373959      0.11754873E-01
  -86.453640     -0.92859365E-01
  -86.533321     -0.43908816E-01
  -86.613002     -0.21793919E-01
  -86.692683     -0.41160490E-01
  -86.772364     -0.26919395E-01
  -86.852045     -0.46258796E-01
  -86.931726     -0.91622643E-01
  -87.011407     -0.94524674E-01
  -87.091088     -0.85897602E-01
  -87.170769     -0.10646021    
  -87.250450     -0.10290014    
  -87.330131     -0.32964978E-01
  -87.409812      0.55554669E-01
  -87.489494      0.27607277E-01
  -87.569175      0.70386892E-03
  -87.648856      0.32775152E-01
  -87.728537     -0.45977306E-01
  -87.808218     -0.90407610E-01
  -87.887899     -0.69575988E-01
  -87.967580     -0.11678370    
  -88.047261     -0.25610080E-01
  -88.126942      0.30113698E-02
  -88.206623     -0.53687532E-01
  -88.286304     -0.66541515E-01
  -88.365985     -0.10370608    
  -88.445666     -0.98240502E-01
  -88.525347     -0.52215204E-01
  -88.605028     -0.81260566E-03
  -88.684709      0.10947570E-01
  -88.764390     -0.48286140E-01
  -88.844071     -0.70493124E-01
  -88.923752     -0.62589861E-01
  -89.003433     -0.14965136    
  -89.083114     -0.86990468E-01
  -89.162795     -0.12692958E-02
  -89.242476     -0.26481597E-01
  -89.322157     -0.64389296E-01
  -89.401838      0.28779588E-02
  -89.481519      0.28988014E-02
  -89.561200     -0.58615785E-01
  -89.640881     -0.59505567E-01
  -89.720562     -0.13635769E-01
  -89.800243      0.61888799E-01
  -89.879924     -0.28719174E-01
  -89.959605     -0.14074402    
  -90.039286     -0.10825906    
  -90.118967     -0.28596237E-01
  -90.198648     -0.86398341E-01
  -90.278329     -0.39727870E-01
  -90.358010      0.45283094E-01
  -90.437691      0.27394518E-01
  -90.517372     -0.64080797E-01
  -90.597053     -0.99833250E-01
  -90.676734     -0.84429868E-01
  -90.756415     -0.41085888E-01
  -90.836096     -0.75046711E-01
  -90.915777     -0.91703661E-01
  -90.995458     -0.27435953E-01
  -91.075139     -0.20188594E-01
  -91.154820      0.48506882E-01
  -91.234501      0.31497162E-02
  -91.314182     -0.90322018E-01
  -91.393863     -0.15420713E-01
  -91.473544     -0.36215980E-01
  -91.553225     -0.18171901E-01
  -91.632906      0.28694049E-01
  -91.712587     -0.65697223E-01
  -91.792268     -0.99850535E-01
  -91.871949     -0.12953334    
  -91.951630     -0.70778854E-01
  -92.031311     -0.46369951E-01
  -92.110992     -0.71778886E-01
  -92.190673     -0.47666144E-01
  -92.270354     -0.11438084    
  -92.350036     -0.98199897E-01
  -92.429717     -0.10787472E-01
  -92.509398     -0.88441253E-01
  -92.589079     -0.11415571    
  -92.668760     -0.62008306E-01
  -92.748441     -0.63771009E-01
  -92.828122     -0.89408331E-01
  -92.907803     -0.10763109    
  -92.987484      0.31657644E-01
  -93.067165      0.58819309E-01
  -93.146846      0.23566503E-02
  -93.226527      0.12397808E-01
  -93.306208      0.67092299E-01
  -93.385889      0.12788782    
  -93.465570     -0.51189847E-02
  -93.545251     -0.12344038    
  -93.624932     -0.76524325E-01
  -93.704613     -0.37168201E-01
  -93.784294     -0.63111328E-01
  -93.863975      0.20017846E-01
  -93.943656     -0.22511028E-01
  -94.023337     -0.95994972E-01
  -94.103018     -0.36107387E-01
  -94.182699     -0.34175999E-01
  -94.262380     -0.43648556E-01
  -94.342061     -0.89987330E-01
  -94.421742     -0.81905790E-01
  -94.501423      0.86533055E-02
  -94.581104      0.26335599E-01
  -94.660785     -0.69621556E-01
  -94.740466     -0.75775489E-01
  -94.820147     -0.60136621E-02
  -94.899828     -0.77607870E-01
  -94.979509     -0.68030715E-01
  -95.059190     -0.37677307E-01
  -95.138871     -0.88097215E-01
  -95.218552     -0.13712882    
  -95.298233     -0.13483049    
  -95.377914     -0.22725655E-01
  -95.457595     -0.20813476E-01
  -95.537276     -0.54288197E-01
  -95.616957     -0.60485478E-01
  -95.696638     -0.66469997E-01
  -95.776319      0.39472803E-02
  -95.856000     -0.46480488E-01
  -95.935681     -0.10831206    
  -96.015362     -0.73608354E-01
  -96.095043     -0.11073396    
  -96.174724     -0.12426654    
  -96.254405     -0.93079418E-01
  -96.334086     -0.11505391    
  -96.413767     -0.25374835E-01
  -96.493448      0.33448108E-01
  -96.573129     -0.88269949E-01
  -96.652810     -0.61226591E-01
  -96.732491      0.46573612E-02
  -96.812172     -0.70523053E-01
  -96.891853     -0.78371309E-01
  -96.971534     -0.14714658E-01
  -97.051215      0.22611829E-01
  -97.130896      0.20745171E-02
  -97.210578     -0.41238703E-01
  -97.290259      0.22814447E-01
  -97.369940      0.11016908    
  -97.449621      0.28955715E-01
  -97.529302     -0.63253686E-01
  -97.608983     -0.58596890E-01
  -97.688664     -0.66434465E-01
  -97.768345     -0.13515261E-01
  -97.848026     -0.82193529E-02
  -97.927707     -0.22599921E-01
  -98.007388     -0.29122844E-01
  -98.087069     -0.72944798E-01
  -98.166750     -0.99240951E-01
  -98.246431     -0.36048293E-01
  -98.326112     -0.31479247E-01
  -98.405793     -0.50111290E-01
  -98.485474     -0.14996622E-01
  -98.565155     -0.10121826    
  -98.644836     -0.98024249E-01
  -98.724517     -0.47133393E-02
  -98.804198      0.14281797E-01
  -98.883879      0.25018446E-01
  -98.963560     -0.24122694E-02
  -99.043241     -0.61833888E-01
  -99.122922     -0.83451010E-01
  -99.202603     -0.49053241E-01
  -99.282284     -0.10909655    
  -99.361965     -0.90547942E-01
  -99.441646      0.38380623E-02
  -99.521327     -0.68206690E-01
  -99.601008     -0.99118076E-01
  -99.680689     -0.48128173E-01
  -99.760370     -0.13474817E-01
  -99.840051     -0.41119333E-01
  -99.919732     -0.12220286E-01
  -99.999413      0.34287069E-01
  -100.07909      0.42737951E-02
  -100.15878     -0.89744506E-02
  -100.23846     -0.56216065E-01
  -100.31814     -0.11754555    
  -100.39782     -0.10046525    
  -100.47750     -0.10075342    
  -100.55718     -0.12442397    
  -100.63686     -0.31589534E-01
  -100.71654      0.15367387E-02
  -100.79622     -0.10533682    
  -100.87590     -0.12070537    
  -100.95559     -0.19169439E-01
  -101.03527      0.46583410E-01
  -101.11495      0.52924097E-01
  -101.19463     -0.90841233E-03
  -101.27431      0.46771333E-01
  -101.35399      0.53278144E-01
  -101.43367     -0.45310955E-01
  -101.51335     -0.11278383E-01
  -101.59303     -0.49686123E-01
  -101.67271     -0.22088274E-01
  -101.75240      0.19013504E-01
  -101.83208      0.68538166E-02
  -101.91176      0.17657541E-01
  -101.99144     -0.38270254E-01
  -102.07112     -0.48259705E-01
  -102.15080      0.28659657E-02
  -102.23048      0.40503852E-01
  -102.31016      0.38982142E-01
  -102.38984     -0.88076154E-02
  -102.46952     -0.35804585E-01
  -102.54921     -0.10320203E-01
  -102.62889     -0.35203993E-01
  -102.70857     -0.89014444E-03
  -102.78825      0.55387679E-01
  -102.86793     -0.21426819E-01
  -102.94761     -0.79811467E-02
  -103.02729     -0.10039880E-01
  -103.10697     -0.42942348E-02
  -103.18665      0.45024529E-01
  -103.26633      0.40946614E-01
  -103.34602      0.26088277E-01
  -103.42570     -0.36204349E-01
  -103.50538     -0.23375772E-01
  -103.58506      0.35468470E-01
  -103.66474      0.29205462E-01
  -103.74442      0.77305086E-01
  -103.82410      0.10746684    
  -103.90378      0.33406574E-01
  -103.98346      0.39943983E-02
  -104.06314      0.51144671E-01
  -104.14283      0.45839857E-01
  -104.22251     -0.23869589E-01
  -104.30219     -0.30825676E-01
  -104.38187     -0.62251743E-01
  -104.46155     -0.35944920E-01
  -104.54123      0.12898624E-01
  -104.62091     -0.34812894E-01
  -104.70059     -0.29886017E-01
  -104.78027      0.51726568E-01
  -104.85996      0.58663864E-01
  -104.93964     -0.39022513E-01
  -105.01932     -0.69656856E-01
  -105.09900      0.67150690E-01
  -105.17868      0.46552196E-01
  -105.25836     -0.61792620E-02
  -105.33804      0.41710470E-01
  -105.41772     -0.52296862E-01
  -105.49740     -0.58536779E-01
  -105.57708      0.96607292E-02
  -105.65677     -0.67519099E-02
  -105.73645      0.34625158E-02
  -105.81613     -0.14277980E-01
  -105.89581     -0.10441050    
  -105.97549     -0.13223381    
  -106.05517     -0.24199721E-02
  -106.13485      0.41640490E-01
  -106.21453      0.36093835E-01
  -106.29421      0.47473997E-01
  -106.37389     -0.82478799E-01
  -106.45358     -0.10952369    
  -106.53326     -0.54902535E-01
  -106.61294     -0.95422063E-02
  -106.69262      0.22173099E-01
  -106.77230     -0.18726585E-01
  -106.85198     -0.24083562E-01
  -106.93166      0.26407069E-01
  -107.01134      0.90474505E-02
  -107.09102      0.68002023E-01
  -107.17070      0.48533920E-01
  -107.25039     -0.37910651E-01
  -107.33007     -0.28098593E-01
  -107.40975     -0.16793715E-01
  -107.48943     -0.17217982    
  -107.56911     -0.13897651    
  -107.64879      0.85620821E-01
  -107.72847      0.51208790E-01
  -107.80815     -0.55917654E-01
  -107.88783     -0.17143308    
  -107.96751     -0.74601532E-02
  -108.04720      0.82479827E-01
  -108.12688     -0.73569231E-01
  -108.20656     -0.88082761E-01
  -108.28624     -0.82668453E-01
  -108.36592     -0.41018512E-01
  -108.44560      0.14896424E-01
  -108.52528     -0.11183310E-01
  -108.60496      0.22272786E-01
  -108.68464     -0.87430933E-02
  -108.76432     -0.46443593E-01
  -108.84401     -0.13126728E-01
  -108.92369     -0.44100106E-01
  -109.00337      0.77183037E-02
  -109.08305      0.36547761E-01
  -109.16273      0.44775814E-01
  -109.24241      0.56941997E-01
  -109.32209     -0.19835271E-01
