   111.10056     -0.57661072E-02
   111.01958     -0.14935760E-01
   110.93860      0.15394209    
   110.85763      0.11986417    
   110.77665     -0.58377169E-01
   110.69567     -0.56041192E-01
   110.61470      0.22856673E-01
   110.53372      0.53321607E-01
   110.45274     -0.73315702E-01
   110.37177     -0.95671847E-01
   110.29079      0.45292027E-01
   110.20981      0.73126085E-01
   110.12884      0.25741318E-01
   110.04786     -0.51627704E-03
   109.96688      0.17792378E-01
   109.88590      0.14222629    
   109.80493      0.16274653    
   109.72395      0.31888778E-02
   109.64297      0.22407176E-01
   109.56200      0.68503015E-01
   109.48102      0.36114674E-01
   109.40004     -0.11962246E-01
   109.31907     -0.10034263    
   109.23809     -0.12044283E-01
   109.15711      0.44985402E-01
   109.07614     -0.14281177E-01
   108.99516      0.47472809E-01
   108.91418      0.14009639E-01
   108.83321     -0.10368820    
   108.75223     -0.91581553E-01
   108.67125     -0.74114494E-01
   108.59027      0.43119080E-01
   108.50930      0.22712458E-01
   108.42832     -0.54052755E-01
   108.34734      0.10742231    
   108.26637      0.58110308E-01
   108.18539      0.14631979    
   108.10441      0.24483170    
   108.02344      0.10151578    
   107.94246     -0.37437242E-01
   107.86148     -0.71504883E-01
   107.78051      0.39837312E-01
   107.69953      0.54870650E-01
   107.61855      0.77915597E-02
   107.53757      0.60687978E-01
   107.45660      0.10645755    
   107.37562     -0.32785680E-01
   107.29464      0.14093446E-01
   107.21367      0.21131004    
   107.13269      0.59898697E-01
   107.05171     -0.11137016    
   106.97074     -0.39354984E-01
   106.88976      0.55054110E-01
   106.80878      0.49850658E-01
   106.72781      0.66523314E-01
   106.64683      0.93304761E-01
   106.56585      0.52677389E-01
   106.48488      0.79196997E-01
   106.40390      0.78322634E-01
   106.32292      0.15424943    
   106.24194      0.29479305E-02
   106.16097     -0.67487262E-01
   106.07999      0.81178568E-01
   105.99901      0.34084916E-01
   105.91804      0.12806749    
   105.83706      0.25473797    
   105.75608      0.10460651    
   105.67511     -0.12108983    
   105.59413     -0.71265362E-01
   105.51315      0.26071204E-01
   105.43218     -0.20428309E-01
   105.35120     -0.11495278    
   105.27022     -0.15449916    
   105.18925     -0.64007871E-01
   105.10827      0.44940267E-01
   105.02729      0.27728908E-01
   104.94631     -0.49215119E-01
   104.86534     -0.21533472E-01
   104.78436     -0.31919871E-01
   104.70338     -0.52583404E-01
   104.62241     -0.60631521E-01
   104.54143     -0.95975310E-01
   104.46045     -0.58046211E-01
   104.37948     -0.14040079E-02
   104.29850     -0.38297821E-01
   104.21752     -0.58425300E-01
   104.13655     -0.48600867E-01
   104.05557     -0.78366145E-01
   103.97459     -0.31648040E-01
   103.89361      0.49009580E-01
   103.81264      0.30964112E-01
   103.73166     -0.13753875    
   103.65068     -0.24685723    
   103.56971     -0.14385554    
   103.48873     -0.19257385E-01
   103.40775     -0.10604882    
   103.32678     -0.10848095    
   103.24580     -0.10280798    
   103.16482     -0.10968801    
   103.08385     -0.82130477E-01
   103.00287     -0.19865794    
   102.92189     -0.15981078    
   102.84092     -0.10269666E-01
   102.75994      0.10421155    
   102.67896      0.33826280E-01
   102.59798     -0.12713678    
   102.51701     -0.16154794    
   102.43603     -0.13930738    
   102.35505     -0.68146780E-01
   102.27408      0.55514459E-01
   102.19310      0.36838055E-01
   102.11212      0.98477468E-01
   102.03115      0.12881541    
   101.95017      0.78713223E-01
   101.86919      0.97140014E-01
   101.78822      0.34927368E-01
   101.70724     -0.73385082E-01
   101.62626     -0.95291778E-01
   101.54529     -0.11203736    
   101.46431     -0.17687133    
   101.38333     -0.13920163    
   101.30235     -0.15952444    
   101.22138      0.14331612E-01
   101.14040      0.96258491E-01
   101.05942     -0.16860565E-01
   100.97845      0.37290782E-01
   100.89747      0.91247901E-01
   100.81649      0.37242845E-01
   100.73552     -0.63241601E-01
   100.65454      0.14181479E-01
   100.57356     -0.40106922E-01
   100.49259     -0.11038406    
   100.41161     -0.44930391E-01
   100.33063     -0.39321467E-01
   100.24965     -0.10820273    
   100.16868     -0.74666321E-01
   100.08770     -0.73254691E-02
   100.00672      0.88153267E-02
   99.925747     -0.33888809E-01
   99.844770     -0.14794990    
   99.763794     -0.12190116    
   99.682817     -0.11911178    
   99.601840     -0.52843239E-01
   99.520863      0.97146839E-01
   99.439886      0.31051753E-01
   99.358909     -0.25625702E-01
   99.277932     -0.56344833E-01
   99.196955     -0.24016801E-01
   99.115978     -0.65117059E-02
   99.035002     -0.70331775E-01
   98.954025      0.46188056E-01
   98.873048     -0.54652095E-02
   98.792071      0.10976048E-01
   98.711094      0.40646132E-01
   98.630117     -0.34241501E-01
   98.549140     -0.64838111E-01
   98.468163     -0.96942440E-01
   98.387186      0.18107807E-01
   98.306210     -0.35359137E-01
   98.225233     -0.64962380E-01
   98.144256     -0.52669537E-02
   98.063279     -0.41575648E-01
   97.982302     -0.50536714E-01
   97.901325     -0.69591850E-01
   97.820348      0.96897751E-01
   97.739371     -0.89145172E-03
   97.658394     -0.67137122E-01
   97.577418     -0.17899871E-01
   97.496441     -0.12645689    
   97.415464      0.84840944E-02
   97.334487     -0.11017315E-03
   97.253510     -0.71700335E-01
   97.172533     -0.48836287E-01
   97.091556     -0.39969467E-01
   97.010579     -0.65773964E-01
   96.929602     -0.31959534E-01
   96.848626      0.38662158E-01
   96.767649      0.35147108E-01
   96.686672      0.17189128E-01
   96.605695      0.10065625E-01
   96.524718      0.83974630E-01
   96.443741      0.31602047E-01
   96.362764     -0.79748966E-01
   96.281787     -0.90354428E-01
   96.200810     -0.50390903E-01
   96.119834     -0.63842066E-01
   96.038857     -0.63540667E-01
   95.957880     -0.56234963E-01
   95.876903      0.20098740E-02
   95.795926      0.62385526E-01
   95.714949     -0.95401198E-01
   95.633972     -0.96102983E-01
   95.552995     -0.83428696E-01
   95.472018     -0.12668493    
   95.391042     -0.67444675E-01
   95.310065     -0.61403930E-01
   95.229088      0.50341342E-01
   95.148111      0.95209442E-01
   95.067134      0.12550176E-01
   94.986157     -0.98990418E-01
   94.905180     -0.45178723E-01
   94.824203      0.52769277E-01
   94.743226      0.29467368E-01
   94.662250      0.20173152E-02
   94.581273     -0.16161039E-01
   94.500296     -0.84883437E-01
   94.419319     -0.13725126    
   94.338342      0.44325944E-01
   94.257365      0.16926462E-01
   94.176388     -0.16405258    
   94.095411     -0.91023900E-01
   94.014434      0.13724077    
   93.933458      0.13403261    
   93.852481      0.36942933E-01
   93.771504      0.67462740E-02
   93.690527      0.83736554E-01
   93.609550      0.59288297E-01
   93.528573     -0.18349656    
   93.447596     -0.22207661    
   93.366619     -0.16527109E-01
   93.285642      0.69839465E-02
   93.204666     -0.73710382E-01
   93.123689     -0.38851507E-01
   93.042712     -0.15248115    
   92.961735     -0.42380001E-01
   92.880758      0.38306829E-01
   92.799781     -0.51400241E-01
   92.718804      0.14613125E-01
   92.637827      0.92971168E-01
   92.556850     -0.20805813E-01
   92.475874     -0.78891896E-01
   92.394897      0.11965377E-01
   92.313920      0.17919002E-01
   92.232943     -0.10422149    
   92.151966     -0.69757532E-02
   92.070989      0.25785103    
   91.990012      0.11486854    
   91.909035     -0.39069563E-01
   91.828058      0.89750253E-01
   91.747082      0.37463918E-01
   91.666105     -0.61375476E-01
   91.585128     -0.11145974    
   91.504151     -0.11337105    
   91.423174     -0.81593134E-01
   91.342197     -0.79756632E-01
   91.261220      0.37480820E-01
   91.180243     -0.21257507E-01
   91.099266     -0.20802477E-01
   91.018290      0.97296119E-01
   90.937313      0.56924351E-01
   90.856336      0.20464940    
   90.775359      0.12636153    
   90.694382      0.28618433E-01
   90.613405      0.12720203    
   90.532428      0.73110841E-01
   90.451451      0.50135765E-01
   90.370474     -0.16642068E-01
   90.289498     -0.22641083E-01
   90.208521      0.12629140E-01
   90.127544     -0.25739230E-01
   90.046567     -0.73976338E-01
   89.965590     -0.27084438E-01
   89.884613      0.56257132E-02
   89.803636     -0.95431050E-02
   89.722659      0.26114834E-01
   89.641683      0.12431672    
   89.560706      0.10991739    
   89.479729     -0.45296207E-01
   89.398752     -0.11831058    
   89.317775     -0.24336332E-01
   89.236798      0.91123857E-01
   89.155821     -0.83491363E-01
   89.074844     -0.10824888    
   88.993867      0.52572846E-01
   88.912891     -0.71280128E-02
   88.831914      0.46926718E-01
   88.750937      0.59730027E-01
   88.669960     -0.20131757E-01
   88.588983      0.57237592E-01
   88.508006      0.97211868E-01
   88.427029      0.65580033E-01
   88.346052      0.47700845E-01
   88.265075     -0.32867562E-01
   88.184099     -0.12185468    
   88.103122     -0.83725266E-01
   88.022145      0.72256528E-01
   87.941168      0.93265846E-01
   87.860191      0.97416677E-01
   87.779214      0.22892401E-01
   87.698237     -0.45540133E-02
   87.617260      0.85437626E-01
   87.536283      0.70859656E-01
   87.455307      0.62294845E-01
   87.374330      0.11425295E-01
   87.293353      0.20511521E-01
   87.212376      0.77996245E-02
   87.131399     -0.32289136E-01
   87.050422      0.49865674E-01
   86.969445      0.10238350    
   86.888468      0.94012372E-01
   86.807491      0.34129478E-01
   86.726515     -0.52598044E-01
   86.645538     -0.50300371E-01
   86.564561      0.24659641E-01
   86.483584      0.81709772E-01
   86.402607      0.69745131E-01
   86.321630     -0.35895430E-01
   86.240653     -0.89508832E-01
   86.159676     -0.28461928E-03
   86.078699     -0.87034486E-01
   85.997723     -0.15699390E-01
   85.916746      0.55860572E-01
   85.835769     -0.82826555E-01
   85.754792     -0.59113219E-01
   85.673815      0.57972479E-03
   85.592838      0.34971073E-01
   85.511861      0.52673556E-01
   85.430884     -0.46669755E-01
   85.349907     -0.97525798E-01
   85.268931     -0.48856165E-01
   85.187954     -0.17053731E-01
   85.106977      0.18943442E-01
   85.026000      0.94924532E-01
   84.945023      0.12079091    
   84.864046      0.98635428E-01
   84.783069     -0.37899762E-01
   84.702092     -0.49221307E-01
   84.621115      0.15440150E-01
   84.540139      0.15179692E-01
   84.459162      0.88198498E-01
   84.378185      0.36474254E-01
   84.297208      0.49366463E-01
   84.216231      0.27308436E-01
   84.135254     -0.32901324E-01
   84.054277     -0.85939907E-01
   83.973300     -0.10733172    
   83.892323      0.52516203E-01
   83.811347      0.16000329    
   83.730370      0.19411634    
   83.649393      0.18478413    
   83.568416      0.10427414E-01
   83.487439      0.81920810E-01
   83.406462      0.19595866    
   83.325485      0.67216396E-01
   83.244508      0.25304778E-01
   83.163531     -0.15529839E-01
   83.082555     -0.24149705E-01
   83.001578     -0.65319106E-01
   82.920601     -0.12519202    
   82.839624      0.10264231    
   82.758647      0.15024319    
   82.677670     -0.58578990E-01
   82.596693     -0.89007653E-01
   82.515716     -0.67215376E-01
   82.434739     -0.18876012E-01
   82.353763      0.27429134E-01
   82.272786      0.15043539    
   82.191809      0.10432186    
   82.110832     -0.13023531E-01
   82.029855     -0.38811333E-01
   81.948878     -0.78453176E-01
   81.867901      0.46475500E-01
   81.786924      0.32430992E-01
   81.705947     -0.87446213E-01
   81.624971     -0.11585952    
   81.543994     -0.44328377E-01
   81.463017      0.47807362E-01
   81.382040      0.53240024E-01
   81.301063     -0.16864559E-01
   81.220086     -0.74569561E-01
   81.139109     -0.10967924    
   81.058132     -0.12797859    
   80.977155      0.20800456E-02
   80.896179      0.55937000E-01
   80.815202      0.10565514    
   80.734225      0.16940740    
   80.653248      0.63263965E-02
   80.572271     -0.90383049E-02
   80.491294      0.71452849E-03
   80.410317     -0.87905340E-01
   80.329340     -0.53070743E-01
   80.248363      0.67513608E-02
   80.167387      0.51524542E-01
   80.086410     -0.68911411E-01
   80.005433     -0.98211467E-01
   79.924456      0.36009301E-01
   79.843479     -0.29866045E-01
   79.762502     -0.43423861E-01
   79.681525      0.12274142    
   79.600548      0.21771367    
   79.519571      0.56026272E-01
   79.438595     -0.55759873E-01
   79.357618     -0.46104137E-01
   79.276641      0.72931740E-02
   79.195664      0.48960764E-01
   79.114687     -0.34499194E-01
   79.033710     -0.83569530E-02
   78.952733      0.75192682E-01
   78.871756      0.49395472E-01
   78.790779     -0.15144458    
   78.709803     -0.18050355    
   78.628826     -0.58662679E-01
   78.547849      0.82916273E-02
   78.466872      0.11547701    
   78.385895      0.13549435    
   78.304918      0.15826615E-01
   78.223941     -0.94001755E-01
   78.142964     -0.83697379E-01
   78.061987      0.70336577E-02
   77.981011     -0.82430683E-01
   77.900034     -0.59906755E-01
   77.819057     -0.58848676E-02
   77.738080     -0.17163247E-01
   77.657103      0.59016500E-01
   77.576126     -0.12424183    
   77.495149     -0.94629768E-02
   77.414172      0.84399335E-01
   77.333195      0.39191965E-01
   77.252219      0.84203392E-01
   77.171242     -0.42132463E-01
   77.090265     -0.64780049E-01
   77.009288      0.79171089E-02
   76.928311     -0.29244713E-01
   76.847334     -0.73212637E-02
   76.766357      0.67861922E-01
   76.685380      0.81816480E-01
   76.604403      0.11207010    
   76.523427     -0.35475116E-01
   76.442450      0.35252857E-02
   76.361473      0.28919785E-02
   76.280496     -0.10643099    
   76.199519     -0.41522332E-01
   76.118542     -0.58670379E-01
   76.037565     -0.48267287E-02
   75.956588     -0.25325667E-01
   75.875611     -0.57781555E-01
   75.794635      0.33215322E-01
   75.713658      0.23198116E-02
   75.632681     -0.14091341    
   75.551704     -0.15486526    
   75.470727     -0.74082636E-02
   75.389750     -0.14208963E-01
   75.308773     -0.75983764E-02
   75.227796      0.11826014E-01
   75.146819     -0.90764925E-01
   75.065843     -0.67503065E-01
   74.984866     -0.23279462E-01
   74.903889     -0.17849540E-01
   74.822912     -0.10892653    
   74.741935     -0.10945861    
   74.660958     -0.68362005E-01
   74.579981     -0.70519254E-01
   74.499004     -0.15815854E-01
   74.418027     -0.39482143E-01
   74.337051     -0.24133068E-01
   74.256074      0.43191224E-01
   74.175097      0.17485376    
   74.094120      0.35034239    
   74.013143      0.13448045    
   73.932166      -1000.0000    
   73.851189     -0.72820564E-02
   73.770212     -0.36896523E-01
   73.689235     -0.66510998E-01
   73.608259     -0.96125469E-01
   73.527282     -0.12573993    
   73.446305     -0.15535438    
   73.365328     -0.71310773E-01
   73.284351      0.43173630E-01
   73.203374      0.44282511E-01
   73.122397      0.27952073E-01
   73.041420      0.16050275E-01
   72.960443      0.27926022E-01
   72.879467      0.11789858    
   72.798490      0.69982544E-01
   72.717513     -0.60332544E-01
   72.636536     -0.49463399E-01
   72.555559      0.44540953E-01
   72.474582      0.84300516E-02
   72.393605      0.19192304E-01
   72.312628      0.35163715E-01
   72.231651     -0.12162323    
   72.150675     -0.43227505E-01
   72.069698      0.58008268E-01
   71.988721      0.20782230E-01
   71.907744     -0.33552069E-01
   71.826767     -0.68138897E-01
   71.745790     -0.11040216E-01
   71.664813      0.75825505E-01
   71.583836     -0.91687851E-01
   71.502859     -0.29128721    
   71.421883     -0.11265710    
   71.340906     -0.66567287E-01
   71.259929     -0.95375054E-01
   71.178952     -0.21863583E-01
   71.097975     -0.25112086E-02
   71.016998     -0.82813129E-01
   70.936021     -0.79680271E-01
   70.855044     -0.50013125E-01
   70.774067     -0.13027376    
   70.693091     -0.32330185E-01
   70.612114      0.32671984E-01
   70.531137     -0.11844382    
   70.450160     -0.15993975    
   70.369183     -0.63508041E-01
   70.288206     -0.73162168E-01
   70.207229     -0.56945961E-01
   70.126252     -0.30616300E-01
   70.045275     -0.12904345E-01
   69.964299      0.38974199E-01
   69.883322      0.18585287E-01
   69.802345     -0.32543644E-01
   69.721368     -0.90883821E-01
   69.640391     -0.82283035E-01
   69.559414     -0.80851600E-01
   69.478437      0.44393916E-01
   69.397460      0.16234683E-01
   69.316483     -0.10483427    
   69.235507     -0.62235668E-01
   69.154530      0.14288658E-01
   69.073553      0.39477713E-01
   68.992576      0.41553963E-01
   68.911599      0.13048081E-01
   68.830622     -0.43057505E-01
   68.749645     -0.37972655E-01
   68.668668     -0.26290448E-01
   68.587691     -0.40811669E-01
   68.506715     -0.68096712E-01
   68.425738     -0.46642218E-01
   68.344761     -0.86455710E-01
   68.263784     -0.86028703E-01
   68.182807      0.40044226E-01
   68.101830      0.11482453    
   68.020853     -0.15031643    
   67.939876     -0.22908109    
   67.858899     -0.44885155E-01
   67.777923      0.76149464E-01
   67.696946      0.10750046    
   67.615969      0.10038831    
   67.534992     -0.18474255E-01
   67.454015     -0.15039442    
   67.373038     -0.69308646E-01
   67.292061      0.18141985E-01
   67.211084      0.48773576E-01
   67.130107      0.89532122E-01
   67.049131      0.48765700E-01
   66.968154      0.70732608E-01
   66.887177      0.11496578    
   66.806200      0.74413553E-01
   66.725223      0.99369712E-01
   66.644246      0.13494192    
   66.563269      0.95951699E-01
   66.482292     -0.11460341E-01
   66.401315     -0.10533813E-01
   66.320339      0.15013835E-01
   66.239362     -0.61824745E-02
   66.158385     -0.98549560E-01
   66.077408     -0.28398734E-01
   65.996431      0.62110826E-01
   65.915454     -0.38444251E-01
   65.834477     -0.82801066E-01
   65.753500     -0.23632498E-01
   65.672523     -0.93569368E-01
   65.591547     -0.77685565E-01
   65.510570      0.12867904    
   65.429593      0.16306195    
   65.348616      0.38285360E-01
   65.267639     -0.34362655E-01
   65.186662     -0.18452460E-01
   65.105685     -0.86266272E-01
   65.024708     -0.10897224    
   64.943731      0.22928875E-02
   64.862755      0.11916643    
   64.781778      0.39318584E-01
   64.700801     -0.35130344E-01
   64.619824     -0.26575135E-01
   64.538847     -0.14603443E-01
   64.457870      0.47489502E-02
   64.376893      0.45785205E-02
   64.295916      0.49478903E-01
   64.214940     -0.32007927E-02
   64.133963     -0.10711255    
   64.052986     -0.94971448E-01
   63.972009      0.91967531E-01
   63.891032      0.10398009    
   63.810055     -0.53520217E-02
   63.729078     -0.31381998E-01
   63.648101     -0.60262840E-01
   63.567124      0.47733724E-01
   63.486148      0.76768987E-01
   63.405171     -0.70247054E-01
   63.324194     -0.73300041E-01
   63.243217     -0.42906087E-02
   63.162240     -0.80702387E-01
   63.081263     -0.63069545E-01
   63.000286      0.15304510E-01
   62.919309      0.55893913E-01
   62.838332      0.18060946    
   62.757356      0.18425249    
   62.676379     -0.23396845E-06
   62.595402     -0.28408853E-01
   62.514425     -0.50939672E-01
   62.433448     -0.80677614E-01
   62.352471      0.11606896    
   62.271494      0.12566392    
   62.190517      0.11429572    
   62.109540      0.11971121    
   62.028564      0.11213066    
   61.947587      0.12183393    
   61.866610      0.12083835E-01
   61.785633      0.62024653E-01
   61.704656      0.14245740    
   61.623679      0.67703925E-01
   61.542702      0.55336831E-02
   61.461725     -0.37778593E-02
   61.380748      0.70628218E-01
   61.299772      0.12530844    
   61.218795      0.26218262E-01
   61.137818      0.45626204E-01
   61.056841      0.16338286    
   60.975864      0.56638774E-01
   60.894887     -0.42636614E-01
   60.813910      0.72214700E-01
   60.732933      0.13529204    
   60.651956     -0.30141143E-01
   60.570980     -0.38571827E-01
   60.490003     -0.29581361E-01
   60.409026     -0.13705976E-01
   60.328049      0.42210542E-01
   60.247072     -0.81300445E-01
   60.166095     -0.55953763E-01
   60.085118      0.58714752E-02
   60.004141     -0.12294643    
   59.923164     -0.92299111E-01
   59.842188      0.64310402E-01
   59.761211      0.11232743    
   59.680234      0.10027503    
   59.599257      0.77184834E-01
   59.518280     -0.14097712E-01
   59.437303     -0.56922134E-01
   59.356326     -0.16039025E-01
   59.275349      0.55678752E-02
   59.194372      0.35555352E-01
   59.113396     -0.17905924E-02
   59.032419      0.20984361E-01
   58.951442      0.92010632E-01
   58.870465      0.38829245E-01
   58.789488     -0.75256482E-01
   58.708511     -0.73214327E-02
   58.627534     -0.60883790E-01
   58.546557     -0.15892714    
   58.465580      0.17034965E-01
   58.384604      0.92771664E-01
   58.303627     -0.90125531E-01
   58.222650     -0.19888388    
   58.141673     -0.25770001E-01
   58.060696      0.38488917E-01
   57.979719     -0.38158581E-01
   57.898742      0.45239784E-01
   57.817765     -0.11482790E-01
   57.736788     -0.87544955E-01
   57.655812     -0.65411322E-01
   57.574835     -0.21514975E-01
   57.493858     -0.13914291E-02
   57.412881     -0.42368673E-01
   57.331904     -0.36830816E-01
   57.250927     -0.18813804    
   57.169950     -0.20025972    
   57.088973     -0.55195216E-01
   57.007996     -0.25336899E-01
   56.927020     -0.55724893E-01
   56.846043     -0.91229267E-01
   56.765066     -0.10365991    
   56.684089     -0.14418630    
   56.603112     -0.14623165    
   56.522135     -0.11714005    
   56.441158     -0.17059928    
   56.360181     -0.92198119E-01
   56.279204      0.27009938E-02
   56.198228     -0.19375652E-01
   56.117251     -0.23405276E-01
   56.036274     -0.67789458E-01
   55.955297     -0.98931812E-01
   55.874320     -0.57356134E-01
   55.793343      0.74223373E-02
   55.712366     -0.51577035E-01
   55.631389     -0.15192306    
   55.550412     -0.15868722    
   55.469436     -0.16743496E-01
   55.388459      0.19781677E-01
   55.307482      0.90449909E-02
   55.226505      0.10025623E-01
   55.145528     -0.54098722E-01
   55.064551     -0.69848828E-01
   54.983574     -0.10630669    
   54.902597     -0.12758175    
   54.821620     -0.37304215E-01
   54.740644     -0.12942146E-01
   54.659667     -0.78651875E-01
   54.578690     -0.16796861E-01
   54.497713     -0.45108926E-02
   54.416736      0.49939130E-01
   54.335759      0.20687759E-01
   54.254782      0.20366155E-01
   54.173805     -0.16493527E-01
   54.092828     -0.15612403    
   54.011852     -0.20789932    
   53.930875     -0.12347193    
   53.849898     -0.18257927E-01
   53.768921     -0.33905692E-01
   53.687944      0.35280582E-01
   53.606967      0.13250719    
   53.525990      0.99149443E-01
   53.445013      0.74567713E-01
   53.364036      0.45902506E-01
   53.283060     -0.37956651E-01
   53.202083      0.51325828E-01
   53.121106      0.72934538E-01
   53.040129      0.11586331    
   52.959152      0.80379575E-01
   52.878175     -0.45164604E-01
   52.797198      0.21651862E-01
   52.716221      0.60540862E-01
   52.635244      0.93187682E-01
   52.554268      0.81463963E-01
   52.473291     -0.31785676E-02
   52.392314     -0.69323871E-02
   52.311337      0.36972031E-01
   52.230360     -0.19911975E-01
   52.149383     -0.43959826E-01
   52.068406      0.10164355    
   51.987429      0.11276331    
   51.906452     -0.67318683E-02
   51.825476     -0.17322652E-01
   51.744499      0.20733565E-01
   51.663522      0.74860409E-01
   51.582545      0.93756862E-01
   51.501568     -0.53182036E-01
   51.420591     -0.60981043E-01
   51.339614     -0.85763693E-01
   51.258637     -0.11915291    
   51.177660     -0.11209135    
   51.096684     -0.51136199E-01
   51.015707      0.78311510E-01
   50.934730     -0.30940425E-01
   50.853753     -0.11290038    
   50.772776     -0.41366301E-01
   50.691799      0.10167418    
   50.610822      0.64825177E-01
   50.529845      0.10426527E-01
   50.448868      0.95986523E-01
   50.367892      0.13247786    
   50.286915      0.97042300E-01
   50.205938      0.81747130E-01
   50.124961      0.91485819E-02
   50.043984     -0.43588694E-01
   49.963007      0.63722610E-01
   49.882030      0.40026885E-01
   49.801053     -0.41489661E-01
   49.720076     -0.50649650E-01
   49.639100     -0.21439188E-02
   49.558123      0.26669880E-01
   49.477146      0.11228517E-02
   49.396169      0.49937773E-02
   49.315192     -0.22924650E-01
   49.234215     -0.14978209E-01
   49.153238      0.79066865E-01
   49.072261      0.56684405E-01
   48.991284     -0.12265436    
   48.910308     -0.11939253    
   48.829331     -0.29056070E-01
   48.748354     -0.14009438    
   48.667377     -0.14029390    
   48.586400     -0.54063477E-01
   48.505423      0.47428086E-01
   48.424446      0.12701863    
   48.343469      0.10148667    
   48.262492      0.54752950E-01
   48.181516     -0.46616305E-01
   48.100539     -0.10003769    
   48.019562     -0.85284770E-01
   47.938585      0.11218085E-01
   47.857608     -0.27988641E-01
   47.776631     -0.98792441E-01
   47.695654     -0.90722881E-01
   47.614677     -0.13316721    
   47.533700     -0.62686279E-01
   47.452724      0.55492491E-01
   47.371747      0.13693017    
   47.290770      0.13179132    
   47.209793      0.12384117    
   47.128816      0.27656777E-01
   47.047839     -0.12015012    
   46.966862     -0.27140709E-01
   46.885885      0.52194905E-01
   46.804908      0.87628655E-01
   46.723932      0.11236549    
   46.642955      0.44851992E-01
   46.561978      0.75010277E-01
   46.481001     -0.24467591E-01
   46.400024     -0.20059299E-01
   46.319047      0.80338709E-01
   46.238070      0.88006360E-02
   46.157093      0.15330675E-01
   46.076116      0.34292109E-01
   45.995140      0.51587217E-01
   45.914163     -0.57021361E-01
   45.833186     -0.47714752E-02
   45.752209      0.40242951E-01
   45.671232     -0.28190971E-04
   45.590255      0.10906187    
   45.509278      0.11327234    
   45.428301      0.63077837E-01
   45.347324      0.35279229E-01
   45.266348      0.75718760E-01
   45.185371     -0.60249954E-02
   45.104394      0.27027616E-01
   45.023417      0.13665415    
   44.942440      0.65542674E-02
   44.861463     -0.20204742    
   44.780486     -0.25661281    
   44.699509     -0.13345218    
   44.618532     -0.17655037E-01
   44.537556      0.72679445E-01
   44.456579      0.54532070E-01
   44.375602     -0.42297918E-01
   44.294625     -0.19507570E-01
   44.213648      0.13092732E-01
   44.132671      0.21976762E-01
   44.051694      0.10516655    
   43.970717      0.34462474E-01
   43.889740     -0.39299004E-01
   43.808764     -0.97431056E-01
   43.727787     -0.10532559    
   43.646810     -0.38557291E-01
   43.565833      0.38191830E-02
   43.484856     -0.23967311E-01
   43.403879     -0.14022514    
   43.322902     -0.82609981E-01
   43.241925      0.14290319E-01
   43.160948      0.37173992E-02
   43.079972      0.77146530E-01
   42.998995      0.10976336E-01
   42.918018     -0.77312492E-01
   42.837041     -0.95126266E-02
   42.756064     -0.27622018E-01
   42.675087     -0.55847008E-01
   42.594110     -0.80816582E-01
   42.513133     -0.65241560E-01
   42.432156      0.81960711E-03
   42.351180      0.50510172E-01
   42.270203      0.81944518E-01
   42.189226      0.37080925E-01
   42.108249      0.10982162E-01
   42.027272      0.27902320E-01
   41.946295     -0.96292168E-01
   41.865318     -0.55022623E-01
   41.784341      0.13675193E-01
   41.703364     -0.11329919    
   41.622388     -0.12350743    
   41.541411     -0.22200014E-01
   41.460434     -0.49754012E-01
   41.379457     -0.60915075E-01
   41.298480     -0.27206767E-01
   41.217503     -0.46250645E-01
   41.136526     -0.61128056E-02
   41.055549     -0.27584936E-01
   40.974572     -0.16397802E-01
   40.893596      0.29556574E-01
   40.812619      0.12588456E-01
   40.731642     -0.90344273E-01
   40.650665     -0.12514566    
   40.569688     -0.40522818E-01
   40.488711     -0.27480386E-01
   40.407734     -0.73024556E-02
   40.326757     -0.12898874E-01
   40.245780     -0.10224414    
   40.164804     -0.13203356    
   40.083827     -0.59869584E-01
   40.002850      0.63651890E-01
   39.921873      0.40477272E-01
   39.840896     -0.13106138E-01
   39.759919      0.13292515    
   39.678942      0.91195308E-01
   39.597965     -0.34622412E-01
   39.516988     -0.77210288E-02
   39.436012      0.62387079E-01
   39.355035      0.11142858    
   39.274058      0.52205369E-01
   39.193081      0.57423564E-04
   39.112104      0.12712997    
   39.031127      0.17347443    
   38.950150      0.23064984E-01
   38.869173     -0.44922382E-01
   38.788197      0.48767142E-01
   38.707220      0.49750097E-01
   38.626243     -0.24543244E-01
   38.545266     -0.64957455E-01
   38.464289     -0.93808146E-02
   38.383312      0.11840677E-01
   38.302335     -0.72388356E-02
   38.221358      0.25796542E-01
   38.140381     -0.76877110E-01
   38.059405     -0.84439747E-01
   37.978428      0.15034992E-01
   37.897451     -0.41698185E-02
   37.816474      0.14521077E-01
   37.735497      0.59522301E-01
   37.654520      0.57292964E-01
   37.573543      0.17322103E-02
   37.492566     -0.19339113E-03
   37.411589      0.37545051E-01
   37.330613     -0.17099831E-02
   37.249636     -0.30538740E-01
   37.168659      0.72007015E-01
   37.087682      0.85689858E-01
   37.006705      0.78132376E-01
   36.925728      0.19052796E-01
   36.844751     -0.31820219E-01
   36.763774      0.50883085E-01
   36.682797     -0.17785279E-02
   36.601821     -0.33652697E-01
   36.520844      0.54504845E-01
   36.439867      0.86680487E-01
   36.358890      0.39894977E-02
   36.277913     -0.56229249E-01
   36.196936      0.82240731E-01
   36.115959      0.21855781E-01
   36.034982     -0.78556038E-01
   35.954005      0.82213301E-02
   35.873029     -0.29774163E-01
   35.792052      0.42910632E-02
   35.711075      0.40584467E-01
   35.630098      0.41324057E-01
   35.549121      0.50317883E-01
   35.468144      0.24845248E-01
   35.387167     -0.54652501E-01
   35.306190     -0.87879181E-01
   35.225213     -0.13272363    
   35.144237     -0.92953712E-01
   35.063260     -0.57607800E-01
   34.982283     -0.68865776E-01
   34.901306     -0.21136034E-01
   34.820329      0.23110643E-01
   34.739352      0.21958919E-01
   34.658375      0.23132381E-02
   34.577398      0.61362304E-01
   34.496421     -0.88736176E-01
   34.415445     -0.13534205    
   34.334468      0.34258179E-01
   34.253491      0.29940169E-01
   34.172514     -0.10165904E-01
   34.091537     -0.10539257    
   34.010560     -0.10972900    
   33.929583      0.40764999E-01
   33.848606      0.22596534E-01
   33.767629     -0.47941983E-01
   33.686653     -0.11397754    
   33.605676     -0.62990531E-01
   33.524699     -0.51490916E-02
   33.443722     -0.55619005E-01
   33.362745     -0.48592474E-01
   33.281768     -0.50282106E-01
   33.200791      0.39370641E-01
   33.119814     -0.33814110E-01
   33.038837     -0.12740609    
   32.957861      0.24291594E-01
   32.876884     -0.33733852E-01
   32.795907     -0.73376512E-02
   32.714930      0.97155429E-01
   32.633953     -0.28780045E-01
   32.552976      0.19143744E-02
   32.471999      0.31842515E-01
   32.391022     -0.96801288E-01
   32.310045     -0.98551363E-01
   32.229069     -0.79323187E-01
   32.148092     -0.36484990E-01
   32.067115      0.40138988E-02
   31.986138      0.21192277E-01
   31.905161      0.93197577E-01
   31.824184      0.94931729E-01
   31.743207     -0.11163758    
   31.662230     -0.97733356E-01
   31.581253      0.55331100E-01
   31.500277     -0.33961091E-01
   31.419300     -0.86909570E-01
   31.338323      0.30745992E-01
   31.257346      0.34124676E-01
   31.176369      0.46146786E-03
   31.095392      0.27349809E-01
   31.014415      0.13383055    
   30.933438      0.18692338    
   30.852461      0.20295464E-01
   30.771485      0.42145193E-01
   30.690508      0.12654962    
   30.609531     -0.39129402E-01
   30.528554     -0.17306577E-01
   30.447577      0.77877618E-01
   30.366600     -0.22423513E-01
   30.285623     -0.12741200E-01
   30.204646     -0.37779100E-02
   30.123669     -0.54268986E-01
   30.042693     -0.86591601E-01
   29.961716     -0.31127485E-02
   29.880739      0.98642148E-01
   29.799762      0.14791700    
   29.718785      0.12779406    
   29.637808      0.45079730E-01
   29.556831      0.23179596E-01
   29.475854     -0.12620730E-01
   29.394877      0.59886139E-01
   29.313901      0.13081503    
   29.232924      0.15731154    
   29.151947      0.10946659    
   29.070970      0.13058581E-01
   28.989993      0.49297042E-01
   28.909016      0.59330557E-01
   28.828039      0.33136785E-01
   28.747062      0.39388694E-01
   28.666085     -0.17588420E-01
   28.585109     -0.10396901    
   28.504132     -0.56215264E-01
   28.423155      0.56794748E-01
   28.342178      0.10004898E-01
   28.261201     -0.83629273E-01
   28.180224     -0.37721571E-01
   28.099247     -0.46950363E-01
   28.018270      0.77781230E-01
   27.937293      0.14733113    
   27.856317      0.50940819E-01
   27.775340      0.84640086E-01
   27.694363      0.73295899E-01
   27.613386      0.21459103E-01
   27.532409      0.16733731    
   27.451432      0.10811430    
   27.370455      0.11195672E-01
   27.289478      0.37526537E-01
   27.208501     -0.72765097E-01
   27.127525     -0.12601392    
   27.046548     -0.64827964E-01
   26.965571     -0.34598564E-02
   26.884594      0.53592447E-01
   26.803617      0.55675139E-02
   26.722640     -0.91236599E-01
   26.641663     -0.12249430    
   26.560686     -0.13466679    
   26.479709     -0.10765673    
   26.398733     -0.10806599    
   26.317756     -0.16322751    
   26.236779     -0.24831600    
   26.155802     -0.12004223    
   26.074825     -0.22393139E-01
   25.993848     -0.67082852E-01
   25.912871     -0.32862898E-01
   25.831894     -0.61000124E-01
   25.750917      0.60443021E-02
   25.669941      0.40473279E-01
   25.588964     -0.10298415    
   25.507987      0.13920891E-01
   25.427010      0.77796102E-01
   25.346033     -0.93349077E-01
   25.265056     -0.63084565E-01
   25.184079     -0.12894425    
   25.103102     -0.18055926    
   25.022125     -0.20681877E-01
   24.941149     -0.50210811E-01
   24.860172     -0.16217922    
   24.779195     -0.97359389E-01
   24.698218     -0.66168785E-01
   24.617241     -0.19254319E-01
   24.536264      0.15648646E-01
   24.455287     -0.91665134E-01
   24.374310     -0.16807640E-02
   24.293333     -0.95115639E-02
   24.212357     -0.14929901    
   24.131380     -0.83704777E-01
   24.050403     -0.52366067E-01
   23.969426     -0.51466495E-01
   23.888449     -0.92996858E-01
   23.807472     -0.74605465E-01
   23.726495      0.29643182E-01
   23.645518     -0.55604525E-01
   23.564541     -0.16589510    
   23.483565     -0.17550984    
   23.402588     -0.20704295E-01
   23.321611      0.57318237E-01
   23.240634      0.37416846E-01
   23.159657      0.13152569E-01
   23.078680     -0.46596732E-01
   22.997703     -0.12589057    
   22.916726     -0.66692308E-01
   22.835749      0.11022703    
   22.754773      0.94673336E-01
   22.673796      0.19326456E-01
   22.592819      0.38494468E-01
   22.511842     -0.62356677E-01
   22.430865     -0.17464583    
   22.349888     -0.22478776E-01
   22.268911      0.13289340    
   22.187934      0.14245883    
   22.106957      0.64646555E-02
   22.025981      0.29408649E-01
   21.945004     -0.59335884E-02
   21.864027     -0.74709706E-01
   21.783050      0.95882602E-02
   21.702073     -0.36238901E-01
   21.621096     -0.60567155E-01
   21.540119     -0.26179453E-01
   21.459142      0.79359256E-01
   21.378165      0.14864404    
   21.297189      0.47846396E-01
   21.216212     -0.78547977E-01
   21.135235      0.55885736E-01
   21.054258      0.25365106E-02
   20.973281     -0.12805803    
   20.892304     -0.57943448E-01
   20.811327     -0.13166660    
   20.730350     -0.12082242    
   20.649373      0.41778781E-01
   20.568397      0.11185566    
   20.487420      0.77669688E-01
   20.406443      0.10867420    
   20.325466      0.48082724E-01
   20.244489      0.16952101E-01
   20.163512      0.84417500E-02
   20.082535     -0.18554876E-01
   20.001558     -0.20310475E-01
   19.920581      0.35963960E-01
   19.839605      0.24510548E-01
   19.758628      0.34258712E-01
   19.677651      0.17401156    
   19.596674      0.59529204E-01
   19.515697     -0.92446633E-01
   19.434720     -0.56282036E-01
   19.353743     -0.30619884E-01
   19.272766     -0.64198203E-01
   19.191789     -0.12432145E-01
   19.110813      0.11610270    
   19.029836      0.14732730    
   18.948859      0.98817997E-01
   18.867882     -0.43386854E-01
   18.786905     -0.25331166    
   18.705928     -0.18728711    
   18.624951      0.16406766E-02
   18.543974     -0.34206454E-01
   18.462997     -0.69616519E-01
   18.382021     -0.95756939E-02
   18.301044     -0.12073661E-01
   18.220067     -0.35694789E-01
   18.139090      0.42194266E-01
   18.058113      0.32718364E-01
   17.977136     -0.83967522E-01
   17.896159     -0.15021330    
   17.815182     -0.10796157    
   17.734205     -0.61090201E-01
   17.653229     -0.70863910E-01
   17.572252     -0.62683582E-01
   17.491275     -0.11036560    
   17.410298     -0.75624667E-01
   17.329321     -0.97522110E-01
   17.248344     -0.26043454E-01
   17.167367      0.82906187E-01
   17.086390     -0.81683129E-01
   17.005413     -0.99169172E-01
   16.924437     -0.43534145E-01
   16.843460      0.35986472E-01
   16.762483      0.56795366E-01
   16.681506     -0.59553720E-01
   16.600529     -0.85639536E-01
   16.519552     -0.97752117E-01
   16.438575     -0.11424563    
   16.357598     -0.33526260E-01
   16.276621      0.37298001E-01
   16.195645     -0.59251703E-01
   16.114668     -0.74062847E-01
   16.033691      0.32154229E-01
   15.952714     -0.31865399E-01
   15.871737     -0.59091393E-01
   15.790760      0.91002425E-02
   15.709783      0.34552088E-02
   15.628806     -0.50778337E-01
   15.547829     -0.65126203E-01
   15.466853     -0.60413096E-01
   15.385876     -0.85773565E-01
   15.304899      0.11939178    
   15.223922      0.98148257E-01
   15.142945     -0.84223419E-01
   15.061968     -0.20319702E-01
   14.980991     -0.30893428E-01
   14.900014     -0.77329107E-01
   14.819037     -0.30589122E-01
   14.738061     -0.14092771E-01
   14.657084      0.39254941E-01
   14.576107      0.58954362E-01
   14.495130     -0.46108458E-01
   14.414153     -0.39984945E-01
   14.333176      0.80558367E-01
   14.252199      0.17686952E-01
   14.171222     -0.51233649E-01
   14.090245      0.66747129E-01
   14.009269      0.15004969E-01
   13.928292     -0.18499566E-01
   13.847315      0.39307106E-01
   13.766338     -0.98138437E-01
   13.685361     -0.13050535    
   13.604384     -0.22576246E-01
   13.523407     -0.25560336E-01
   13.442430     -0.53821534E-01
   13.361454     -0.72108470E-01
   13.280477     -0.90949811E-01
   13.199500      0.13443830E-01
   13.118523      0.23924077E-01
   13.037546     -0.71377821E-01
   12.956569      0.60982689E-01
   12.875592      0.43341052E-01
   12.794615      0.61628725E-02
   12.713638     -0.68238177E-02
   12.632662     -0.94515905E-01
   12.551685      0.17873824E-01
   12.470708      0.12885475    
   12.389731      0.66115096E-01
   12.308754     -0.92789762E-01
   12.227777      0.89433668E-02
   12.146800      0.54704357E-01
   12.065823     -0.52841241E-02
   11.984846      0.38024504E-01
   11.903870     -0.75645715E-01
   11.822893     -0.19782819E-01
   11.741916      0.35672717E-01
   11.660939      0.31044349E-01
   11.579962      0.89188673E-01
   11.498985     -0.19871883E-01
   11.418008     -0.26220933E-01
   11.337031     -0.84532589E-01
   11.256054     -0.15710853    
   11.175078      0.18989228E-01
   11.094101      0.39987396E-01
   11.013124     -0.52804809E-01
   10.932147      0.84744478E-02
   10.851170      0.53072564E-01
   10.770193      0.29236082E-01
   10.689216     -0.59451554E-01
   10.608239      0.23208132E-01
   10.527262      0.11018930    
   10.446286      0.43362197E-01
   10.365309      0.90976823E-02
   10.284332     -0.75270452E-01
   10.203355     -0.58463745E-01
   10.122378     -0.80498472E-01
   10.041401     -0.12601620    
   9.9604242     -0.32898027E-01
   9.8794473     -0.16391931E-01
   9.7984704     -0.49353596E-01
   9.7174935      0.37900466E-01
   9.6365166      0.64553238E-01
   9.5555397      0.53817416E-02
   9.4745629      0.12428968    
   9.3935860      0.93589135E-01
   9.3126091     -0.20808578E-01
   9.2316322     -0.83185539E-01
   9.1506553     -0.46963252E-01
   9.0696784     -0.18140413E-02
   8.9887015      0.45952614E-01
   8.9077246      0.21254061    
   8.8267477      0.19577385    
   8.7457709      0.16714397    
   8.6647940      0.11221833    
   8.5838171      0.84574640E-01
   8.5028402      0.17180037    
   8.4218633      0.20353225    
   8.3408864      0.29971859    
   8.2599095      0.41610163    
   8.1789326      0.29528898    
   8.0979557      0.13884030    
   8.0169789      0.92225835E-01
   7.9360020      0.22376532E-01
   7.8550251     -0.51166575E-01
   7.7740482     -0.14982078E-01
   7.6930713      0.17683537    
   7.6120944      0.16525628    
   7.5311175      0.36680117E-01
   7.4501406     -0.95350540E-03
   7.3691637      0.38070738E-01
   7.2881869      0.18190292    
   7.2072100      0.22271161    
   7.1262331      0.11552615    
   7.0452562      0.35241641E-01
   6.9642793      0.82674257E-01
   6.8833024      0.71432054E-01
   6.8023255     -0.61479495E-02
   6.7213486     -0.57867812E-02
   6.6403718     -0.90343289E-01
   6.5593949     -0.49599528E-01
   6.4784180      0.96275814E-01
   6.3974411      0.40468112E-01
   6.3164642     -0.16238222    
   6.2354873     -0.17662008    
   6.1545104     -0.37289269E-01
   6.0735335      0.46888616E-01
   5.9925566      0.14276510    
   5.9115798     -0.10864343E-01
   5.8306029     -0.80165319E-01
   5.7496260     -0.13844773E-01
   5.6686491     -0.33257643E-02
   5.5876722     -0.40512588E-01
   5.5066953     -0.89168452E-01
   5.4257184     -0.32575431E-02
   5.3447415      0.65966085E-01
   5.2637646      0.24867401E-01
   5.1827878      0.14274727    
   5.1018109      0.11298905    
   5.0208340     -0.44260696E-01
   4.9398571      0.17502694    
   4.8588802      0.22326933    
   4.7779033      0.46381019E-01
   4.6969264     -0.27942158E-01
   4.6159495     -0.54728528E-02
   4.5349726      0.10387466E-01
   4.4539958     -0.91448994E-02
   4.3730189     -0.68517536E-01
   4.2920420      0.27685091E-01
   4.2110651      0.24320187E-01
   4.1300882     -0.50905921E-01
   4.0491113      0.60749020E-01
   3.9681344      0.42454660E-01
   3.8871575     -0.34898452E-01
   3.8061807     -0.37296444E-01
   3.7252038      0.77574827E-01
   3.6442269      0.20030865E-01
   3.5632500     -0.78595772E-01
   3.4822731     -0.38447067E-01
   3.4012962     -0.10139360    
   3.3203193     -0.80102548E-01
   3.2393424      0.74372925E-01
   3.1583655      0.16725972    
   3.0773887      0.93672037E-01
   2.9964118      0.56115743E-01
   2.9154349      0.67676090E-01
   2.8344580      0.93623959E-02
   2.7534811     -0.64444520E-01
   2.6725042     -0.17189744    
   2.5915273     -0.13751386    
   2.5105504     -0.99334739E-01
   2.4295735     -0.11583026    
   2.3485967      0.15883690E-01
   2.2676198      0.70501000E-01
   2.1866429     -0.39712698E-02
   2.1056660     -0.99626714E-02
   2.0246891     -0.10240856E-01
   1.9437122      0.56156147E-01
   1.8627353      0.11735667    
   1.7817584     -0.12186039    
   1.7007816     -0.52582655E-01
   1.6198047      0.14597562    
   1.5388278      0.13053044E-01
   1.4578509     -0.83963684E-03
   1.3768740     -0.23952877E-01
   1.2958971     -0.40409323E-01
   1.2149202     -0.28364731E-01
   1.1339433     -0.11584813    
   1.0529664     -0.16062230    
  0.97198955     -0.11436520E-01
  0.89101267      0.79864234E-01
  0.81003578      0.66011377E-01
  0.72905889      0.29232625E-01
  0.64808200     -0.66006623E-01
  0.56710511     -0.27193807E-01
  0.48612822      0.44358116E-01
  0.40515133     -0.36128107E-01
  0.32417445     -0.37560093E-02
  0.24319756     -0.11187963E-01
  0.16222067      0.32183987E-02
  0.81243780E-01 -0.30339941E-01
  0.26689160E-03 -0.35705749E-01
 -0.80709997E-01 -0.41071579E-01
 -0.16168689     -0.95446005E-01
 -0.24266377     -0.11431025    
 -0.32364066      0.22655651E-01
 -0.40461755      0.16769195E-01
 -0.48559444     -0.56940518E-01
 -0.56657133     -0.25975969E-01
 -0.64754822     -0.25186690E-01
 -0.72852511      0.53158037E-01
 -0.80950199      0.15360340E-01
 -0.89047888     -0.56512695E-01
 -0.97145577     -0.41260209E-01
  -1.0524327     -0.25904432E-01
  -1.1334095     -0.17163849E-01
  -1.2143864     -0.63304849E-01
  -1.2953633      0.25336320E-01
  -1.3763402     -0.78860074E-02
  -1.4573171     -0.69617227E-01
  -1.5382940      0.65267488E-01
  -1.6192709      0.69083788E-01
  -1.7002478     -0.72941408E-01
  -1.7812247     -0.20376723E-01
  -1.8622015      0.62432028E-01
  -1.9431784     -0.21551576E-01
  -2.0241553     -0.12625231    
  -2.1051322     -0.18976189    
  -2.1861091     -0.57560071E-01
  -2.2670860     -0.14794681E-01
  -2.3480629     -0.81611671E-01
  -2.4290398      0.12360255E-01
  -2.5100167      0.10217350E-02
  -2.5909935      0.15452403E-01
  -2.6719704      0.45137320E-01
  -2.7529473     -0.10989911    
  -2.8339242     -0.14167249    
  -2.9149011     -0.94746232E-01
  -2.9958780     -0.95284201E-01
  -3.0768549     -0.90406403E-01
  -3.1578318     -0.67604989E-01
  -3.2388086     -0.65376185E-01
  -3.3197855     -0.43904189E-01
  -3.4007624     -0.74375167E-01
  -3.4817393     -0.13820603    
  -3.5627162     -0.26796741E-01
  -3.6436931     -0.33930689E-01
  -3.7246700     -0.12491162    
  -3.8056469     -0.16801110    
  -3.8866238     -0.20965631    
  -3.9676006     -0.17914617    
  -4.0485775     -0.47770474E-01
  -4.1295544     -0.26283546E-02
  -4.2105313     -0.10191655    
  -4.2915082     -0.88969044E-01
  -4.3724851     -0.52174829E-01
  -4.4534620      0.10019670    
  -4.5344389      0.66432334E-01
  -4.6154158     -0.51126499E-02
  -4.6963926     -0.20607773E-01
  -4.7773695     -0.95175415E-01
  -4.8583464     -0.36966536E-01
  -4.9393233      0.25488449E-04
  -5.0203002      0.22087757E-01
  -5.1012771     -0.19043617E-01
  -5.1822540      0.47593080E-01
  -5.2632309      0.94569689E-02
  -5.3442078     -0.81410132E-01
  -5.4251846     -0.37780146E-02
  -5.5061615     -0.34958716E-01
  -5.5871384     -0.36459841E-01
  -5.6681153     -0.52838959E-01
  -5.7490922      0.31958431E-01
  -5.8300691      0.21478122E-01
  -5.9110460     -0.57543054E-01
  -5.9920229      0.43352216E-01
  -6.0729997     -0.39001711E-01
  -6.1539766     -0.74118041E-01
  -6.2349535     -0.53597387E-01
  -6.3159304      0.29784802E-01
  -6.3969073      0.96643396E-01
  -6.4778842     -0.80549112E-02
  -6.5588611      0.13471209E-01
  -6.6398380      0.16394646    
  -6.7208149      0.94921209E-01
  -6.8017917     -0.28369850E-01
  -6.8827686      0.41494105E-01
  -6.9637455      0.88210285E-01
  -7.0447224     -0.31513073E-02
  -7.1256993      0.44793222E-01
  -7.2066762      0.68455391E-01
  -7.2876531      0.51073949E-02
  -7.3686300     -0.19858899E-01
  -7.4496069     -0.13135779    
  -7.5305837     -0.99420093E-01
  -7.6115606     -0.89920178E-01
  -7.6925375     -0.11595291    
  -7.7735144     -0.90544606E-02
  -7.8544913      0.77138172E-03
  -7.9354682      0.79573870E-01
  -8.0164451      0.23379865    
  -8.0974220      0.90840414E-01
  -8.1783989      0.64063378E-01
  -8.2593757      0.12521183    
  -8.3403526      0.36100648E-01
  -8.4213295     -0.58293589E-02
  -8.5023064     -0.27246263E-01
  -8.5832833     -0.75827323E-01
  -8.6642602      0.31629398E-01
  -8.7452371      0.10747488    
  -8.8262140      0.29389465E-01
  -8.9071908     -0.10793461    
  -8.9881677     -0.74102402E-01
  -9.0691446      0.62232584E-01
  -9.1501215      0.12595439    
  -9.2310984      0.74532114E-01
  -9.3120753     -0.38932353E-01
  -9.3930522      0.30259570E-01
  -9.4740291     -0.61968841E-01
  -9.5550060     -0.47012206E-01
  -9.6359828     -0.36785517E-01
  -9.7169597     -0.29855542E-01
  -9.7979366      0.64485982E-01
  -9.8789135     -0.53778071E-01
  -9.9598904     -0.45218650E-01
  -10.040867     -0.27081678E-01
  -10.121844      0.50411457E-02
  -10.202821      0.75457729E-01
  -10.283798      0.67345396E-01
  -10.364775      0.11072082E-02
  -10.445752     -0.10958306E-01
  -10.526729     -0.20655680E-01
  -10.607706     -0.23758093E-01
  -10.688682      0.13730234E-01
  -10.769659     -0.19038947E-01
  -10.850636      0.12545438E-01
  -10.931613     -0.15922053E-01
  -11.012590     -0.30362843E-01
  -11.093567     -0.15919287E-01
  -11.174544      0.43724939E-01
  -11.255521      0.84873579E-01
  -11.336498      0.64166725E-01
  -11.417474     -0.39146733E-01
  -11.498451     -0.32811921E-01
  -11.579428     -0.37257739E-02
  -11.660405     -0.60528301E-01
  -11.741382     -0.99955555E-02
  -11.822359     -0.64972460E-01
  -11.903336     -0.99773392E-01
  -11.984313     -0.68674184E-01
  -12.065290     -0.35021897E-01
  -12.146266     -0.10054612    
  -12.227243     -0.16548628    
  -12.308220     -0.24532676E-01
  -12.389197      0.95309407E-01
  -12.470174     -0.62071327E-01
  -12.551151     -0.94374619E-01
  -12.632128     -0.64764105E-01
  -12.713105     -0.56772053E-01
  -12.794081     -0.86308882E-01
  -12.875058     -0.21053505    
  -12.956035     -0.99814266E-01
  -13.037012     -0.11698824    
  -13.117989     -0.12916705E-01
  -13.198966      0.13664001    
  -13.279943     -0.18824551E-01
  -13.360920     -0.17105453    
  -13.441897     -0.16390567    
  -13.522873     -0.58500681E-01
  -13.603850      0.38323585E-01
  -13.684827      0.90975218E-01
  -13.765804      0.94786055E-01
  -13.846781     -0.87995715E-02
  -13.927758     -0.74918211E-01
  -14.008735      0.31067092E-01
  -14.089712     -0.10040198E-01
  -14.170689     -0.86303778E-01
  -14.251665     -0.38410973E-01
  -14.332642     -0.28611695E-01
  -14.413619      0.23286991E-01
  -14.494596      0.84540874E-01
  -14.575573      0.78752942E-01
  -14.656550      0.15241763E-01
  -14.737527      0.82594901E-02
  -14.818504     -0.12841805E-01
  -14.899481      0.80947923E-02
  -14.980457      0.54550298E-01
  -15.061434     -0.47194552E-01
  -15.142411     -0.57319064E-01
  -15.223388     -0.55557288E-01
  -15.304365     -0.17584333    
  -15.385342     -0.88508613E-01
  -15.466319     -0.11572681    
  -15.547296     -0.13530226    
  -15.628273     -0.37592098E-01
  -15.709249      0.57640811E-02
  -15.790226      0.48540268E-01
  -15.871203     -0.14499960E-01
  -15.952180     -0.63528724E-01
  -16.033157     -0.70765950E-01
  -16.114134      0.60512431E-01
  -16.195111      0.11091191    
  -16.276088      0.94219260E-01
  -16.357065      0.89822017E-01
  -16.438041      0.35294726E-01
  -16.519018     -0.10166679    
  -16.599995     -0.12978488    
  -16.680972     -0.53068668E-01
  -16.761949     -0.54659896E-01
  -16.842926     -0.10941333    
  -16.923903     -0.29486388E-01
  -17.004880      0.10402758E-01
  -17.085857     -0.63395500E-01
  -17.166833      0.59332508E-02
  -17.247810      0.33797506E-01
  -17.328787      0.14150124E-01
  -17.409764      0.46325393E-01
  -17.490741      0.93633585E-01
  -17.571718      0.12008987    
  -17.652695     -0.38514810E-02
  -17.733672      0.39298716E-02
  -17.814649      0.11585309    
  -17.895625      0.12271773E-01
  -17.976602     -0.50469525E-01
  -18.057579     -0.67713901E-01
  -18.138556     -0.11528089    
  -18.219533     -0.52509233E-01
  -18.300510     -0.26717565E-02
  -18.381487      0.78973904E-01
  -18.462464      0.12109489E-01
  -18.543441     -0.44943437E-01
  -18.624417      0.97555451E-01
  -18.705394      0.14520378    
  -18.786371      0.46486016E-01
  -18.867348      0.73601410E-01
  -18.948325      0.10825479    
  -19.029302      0.11367454    
  -19.110279      0.19087793E-01
  -19.191256     -0.46025500E-01
  -19.272233     -0.60758241E-01
  -19.353209     -0.86964661E-03
  -19.434186      0.62802210E-01
  -19.515163      0.71814895E-01
  -19.596140      0.23689984    
  -19.677117      0.13976288    
  -19.758094     -0.73304608E-01
  -19.839071     -0.89696787E-01
  -19.920048      0.83548175E-02
  -20.001025     -0.52718539E-02
  -20.082001     -0.79114195E-02
  -20.162978      0.11011782    
  -20.243955      0.72769128E-01
  -20.324932     -0.68224691E-01
  -20.405909     -0.14346233E-02
  -20.486886     -0.17973270E-01
  -20.567863     -0.29678542E-01
  -20.648840     -0.11216754    
  -20.729817     -0.59464797E-01
  -20.810793     -0.14985915E-01
  -20.891770     -0.12436391    
  -20.972747      0.27330916E-01
  -21.053724     -0.23554467E-01
  -21.134701     -0.22720595    
  -21.215678     -0.12813202    
  -21.296655      0.57148109E-02
  -21.377632     -0.48389859E-01
  -21.458609     -0.11210945E-01
  -21.539585      0.60798474E-01
  -21.620562     -0.34730642E-02
  -21.701539      0.74380205E-03
  -21.782516     -0.47170080E-01
  -21.863493     -0.56071140E-01
  -21.944470      0.28766084E-02
  -22.025447     -0.52132461E-01
  -22.106424     -0.10640235    
  -22.187401     -0.64679906E-01
  -22.268377      0.51348604E-01
  -22.349354      0.84687702E-01
  -22.430331      0.47983211E-02
  -22.511308     -0.81873685E-01
  -22.592285     -0.65344982E-01
  -22.673262     -0.11614565    
  -22.754239      0.17735958E-01
  -22.835216      0.70596218E-01
  -22.916193     -0.14526972E-01
  -22.997169     -0.22507333E-02
  -23.078146     -0.64908460E-01
  -23.159123     -0.75672001E-01
  -23.240100     -0.60637791E-01
  -23.321077     -0.16831116    
  -23.402054     -0.16072485    
  -23.483031     -0.15604869    
  -23.564008     -0.54838695E-01
  -23.644985      0.93887113E-01
  -23.725961     -0.51593676E-01
  -23.806938     -0.11389014E-01
  -23.887915      0.40144358E-01
  -23.968892      0.70608683E-01
  -24.049869      0.15589616    
  -24.130846      0.29243434E-01
  -24.211823     -0.11469875    
  -24.292800     -0.48773244E-01
  -24.373777     -0.38449980E-01
  -24.454753     -0.14267358    
  -24.535730     -0.11197012E-01
  -24.616707      0.10480022    
  -24.697684     -0.38852119E-02
  -24.778661     -0.97648293E-01
  -24.859638     -0.31110501E-01
  -24.940615      0.32365989E-01
  -25.021592     -0.78030348E-01
  -25.102569     -0.66514619E-01
  -25.183545      0.10432503E-01
  -25.264522      0.70191056E-01
  -25.345499      0.69855705E-01
  -25.426476      0.32009073E-01
  -25.507453     -0.11820734E-02
  -25.588430     -0.96559800E-01
  -25.669407     -0.70314921E-01
  -25.750384     -0.78966077E-02
  -25.831361      0.97491210E-02
  -25.912337     -0.93722895E-01
  -25.993314     -0.26175728E-01
  -26.074291     -0.15646648E-01
  -26.155268     -0.53414792E-01
  -26.236245     -0.14658257E-01
  -26.317222      0.31592406E-01
  -26.398199      0.70371397E-01
  -26.479176     -0.80775194E-01
  -26.560153     -0.19732341E-01
  -26.641129      0.74144073E-01
  -26.722106     -0.20412110E-01
  -26.803083     -0.38870689E-01
  -26.884060     -0.45530703E-01
  -26.965037     -0.69825716E-01
  -27.046014     -0.17634099E-01
  -27.126991     -0.51961370E-01
  -27.207968     -0.10466038    
  -27.288945     -0.90480164E-01
  -27.369921     -0.87803788E-01
  -27.450898     -0.73992968E-01
  -27.531875     -0.54114737E-01
  -27.612852     -0.18079698E-01
  -27.693829     -0.28174350E-01
  -27.774806     -0.10574841    
  -27.855783     -0.72688982E-01
  -27.936760      0.93194414E-02
  -28.017737     -0.66565298E-01
  -28.098713     -0.12353905E-01
  -28.179690      0.34221232E-01
  -28.260667      0.32564778E-01
  -28.341644     -0.48713326E-01
  -28.422621     -0.13585089    
  -28.503598      0.12081400E-01
  -28.584575     -0.51703206E-02
  -28.665552     -0.59583066E-02
  -28.746529      0.10476151    
  -28.827505      0.93777306E-01
  -28.908482      0.55702269E-01
  -28.989459      0.53438554E-02
  -29.070436      0.28082585E-01
  -29.151413      0.87924413E-01
  -29.232390      0.11991596E-01
  -29.313367     -0.22376543E-02
  -29.394344     -0.61964959E-01
  -29.475321     -0.31914145E-01
  -29.556297      0.57217635E-01
  -29.637274     -0.36112778E-01
  -29.718251     -0.66797197E-01
  -29.799228     -0.50809812E-01
  -29.880205      0.12288464E-01
  -29.961182      0.10388722    
  -30.042159      0.25139692    
  -30.123136      0.19028862    
  -30.204113     -0.59669342E-01
  -30.285089     -0.17292989E-01
  -30.366066     -0.61579421E-01
  -30.447043     -0.59096523E-01
  -30.528020      0.10234634    
  -30.608997      0.42536366E-02
  -30.689974     -0.82854137E-01
  -30.770951     -0.70314713E-01
  -30.851928     -0.44172015E-01
  -30.932905     -0.10154558    
  -31.013881      0.63529730E-01
  -31.094858      0.17033634    
  -31.175835     -0.20500349E-01
  -31.256812     -0.89335302E-02
  -31.337789      0.16133873E-01
  -31.418766     -0.12288517E-02
  -31.499743     -0.21891173E-01
  -31.580720     -0.14539805E-01
  -31.661697      0.51527053E-01
  -31.742673     -0.80680467E-01
  -31.823650     -0.80892384E-01
  -31.904627      0.40333793E-01
  -31.985604     -0.15363780E-01
  -32.066581      0.10278353E-01
  -32.147558      0.13681631    
  -32.228535      0.20215060    
  -32.309512      0.69941849E-01
  -32.390489     -0.20981425E-01
  -32.471465      0.22621652E-01
  -32.552442      0.21713255E-01
  -32.633419     -0.21256737E-01
  -32.714396     -0.58019083E-01
  -32.795373     -0.45194834E-01
  -32.876350     -0.10822485    
  -32.957327     -0.69270529E-01
  -33.038304      0.12975508    
  -33.119281      0.76382890E-01
  -33.200257      0.65686494E-01
  -33.281234      0.29555988E-02
  -33.362211     -0.80076449E-01
  -33.443188     -0.25182208E-01
  -33.524165      0.37270550E-01
  -33.605142      0.30403132E-01
  -33.686119     -0.44881161E-01
  -33.767096     -0.69046706E-01
  -33.848073     -0.30064682E-01
  -33.929049      0.14070690    
  -34.010026      0.12178180    
  -34.091003      0.13602223E-01
  -34.171980     -0.30872216E-01
  -34.252957     -0.32511298E-02
  -34.333934      0.10371666    
  -34.414911      0.84155433E-01
  -34.495888     -0.35828926E-01
  -34.576865     -0.13254926    
  -34.657841     -0.98519422E-01
  -34.738818     -0.32176074E-01
  -34.819795      0.21262383E-01
  -34.900772      0.94960764E-01
  -34.981749      0.32613922E-01
  -35.062726     -0.84599473E-01
  -35.143703     -0.12806924    
  -35.224680     -0.16267021    
  -35.305657     -0.40164128E-01
  -35.386633      0.41948646E-01
  -35.467610     -0.75362427E-02
  -35.548587      0.52703280E-01
  -35.629564     -0.23609975E-01
  -35.710541     -0.30363549E-01
  -35.791518      0.45467485E-02
  -35.872495     -0.10093694    
  -35.953472     -0.51190235E-01
  -36.034449      0.57678431E-01
  -36.115425      0.26943658E-01
  -36.196402      0.77201232E-01
  -36.277379      0.29294926E-02
  -36.358356     -0.89385062E-01
  -36.439333     -0.57086021E-01
  -36.520310     -0.17490114    
  -36.601287     -0.15076229    
  -36.682264     -0.22704586E-01
  -36.763241      0.10679054    
  -36.844217      0.58333995E-02
  -36.925194      0.16317548E-01
  -37.006171      0.97199216E-01
  -37.087148      0.41430969E-01
  -37.168125      0.12123859E-01
  -37.249102     -0.82442440E-01
  -37.330079     -0.77800333E-01
  -37.411056      0.10276584    
  -37.492033      0.15622896    
  -37.573009     -0.15239988E-01
  -37.653986     -0.17420730    
  -37.734963     -0.19661345E-01
  -37.815940     -0.61830911E-02
  -37.896917     -0.11775322    
  -37.977894     -0.12272912    
  -38.058871     -0.13610379    
  -38.139848     -0.11610014    
  -38.220824     -0.12814851    
  -38.301801     -0.13738988    
  -38.382778     -0.85381702E-01
  -38.463755     -0.25559379E-01
  -38.544732     -0.40157549E-01
  -38.625709     -0.53390954E-01
  -38.706686     -0.43218397E-01
  -38.787663      0.20211764E-01
  -38.868640     -0.67740664E-01
  -38.949616     -0.12168677    
  -39.030593     -0.15588253E-01
  -39.111570     -0.73082577E-02
  -39.192547     -0.18810680E-01
  -39.273524     -0.60810298E-01
  -39.354501     -0.43552354E-01
  -39.435478     -0.52301589E-01
  -39.516455     -0.74458510E-01
  -39.597432      0.10653284E-01
  -39.678408      0.73598534E-01
  -39.759385      0.40800128E-01
  -39.840362     -0.56598172E-01
  -39.921339     -0.10010406    
  -40.002316     -0.77886261E-01
  -40.083293     -0.21171600E-01
  -40.164270     -0.25985433E-01
  -40.245247     -0.37657425E-01
  -40.326224      0.13146817E-01
  -40.407200      0.27997684E-01
  -40.488177      0.13033842E-01
  -40.569154      0.31517837E-02
  -40.650131     -0.45485415E-01
  -40.731108     -0.55211205E-01
  -40.812085     -0.50334539E-01
  -40.893062     -0.64850330E-01
  -40.974039     -0.16293209E-01
  -41.055016      0.45456871E-01
  -41.135992      0.35991240E-01
  -41.216969      0.88409089E-01
  -41.297946      0.81763066E-01
  -41.378923     -0.22421392E-01
  -41.459900      0.41278609E-03
  -41.540877      0.24566719E-01
  -41.621854     -0.80520455E-02
  -41.702831      0.14255401E-02
  -41.783808     -0.57234443E-02
  -41.864784     -0.57873681E-01
  -41.945761     -0.24837587E-01
  -42.026738     -0.56194961E-01
  -42.107715     -0.19242916    
  -42.188692     -0.14363205    
  -42.269669     -0.25091125E-01
  -42.350646     -0.38067102E-01
  -42.431623     -0.17835986E-01
  -42.512600     -0.92001729E-01
  -42.593576     -0.24421889E-01
  -42.674553      0.13229328    
  -42.755530      0.38519406E-02
  -42.836507      0.17712183E-01
  -42.917484     -0.34622468E-01
  -42.998461     -0.10322659    
  -43.079438     -0.93170784E-04
  -43.160415      0.10934385    
  -43.241392      0.36293180E-02
  -43.322368     -0.36114696E-01
  -43.403345      0.12478270    
  -43.484322      0.22173159E-01
  -43.565299     -0.63426471E-02
  -43.646276      0.11774489E-01
  -43.727253      0.18724510E-02
  -43.808230     -0.90679573E-02
  -43.889207     -0.90401895E-01
  -43.970184     -0.41654006E-01
  -44.051160      0.55844173E-01
  -44.132137      0.10734951    
  -44.213114      0.68465345E-01
  -44.294091      0.37970781E-01
  -44.375068      0.18178457E-01
  -44.456045     -0.65566085E-01
  -44.537022     -0.75602611E-02
  -44.617999      0.10858639E-02
  -44.698976     -0.62207051E-01
  -44.779952     -0.90247341E-01
  -44.860929     -0.10031594    
  -44.941906     -0.44681918E-01
  -45.022883     -0.43678135E-02
  -45.103860      0.25796844E-01
  -45.184837      0.28955642E-01
  -45.265814      0.42432826E-01
  -45.346791      0.61947200E-01
  -45.427768      0.51609073E-01
  -45.508744     -0.32705825E-01
  -45.589721     -0.39782856E-01
  -45.670698      0.78490183E-01
  -45.751675      0.41576914E-01
  -45.832652      0.86884322E-02
  -45.913629      0.67352906E-01
  -45.994606      0.72510219E-02
  -46.075583     -0.23327960E-01
  -46.156560      0.41033790E-01
  -46.237536      0.65610319E-01
  -46.318513      0.54138165E-01
  -46.399490      0.47202110E-01
  -46.480467      0.14325917E-01
  -46.561444     -0.97990714E-01
  -46.642421     -0.13616718    
  -46.723398     -0.67259066E-01
  -46.804375     -0.74896909E-01
  -46.885352     -0.69341615E-01
  -46.966328     -0.42103078E-01
  -47.047305     -0.73790967E-01
  -47.128282     -0.59653874E-01
  -47.209259     -0.81979997E-01
  -47.290236     -0.80534987E-01
  -47.371213     -0.71836472E-01
  -47.452190     -0.13701242    
  -47.533167     -0.98948829E-01
  -47.614144     -0.42930588E-01
  -47.695120     -0.30071069E-01
  -47.776097      0.10415586E-01
  -47.857074      0.32691758E-02
  -47.938051     -0.60951803E-01
  -48.019028     -0.11761584    
  -48.100005     -0.76499388E-01
  -48.180982     -0.92945822E-01
  -48.261959     -0.12595654    
  -48.342936     -0.11398924    
  -48.423912     -0.31477779E-01
  -48.504889     -0.11227555    
  -48.585866     -0.15994205    
  -48.666843      0.34448102E-01
  -48.747820      0.33794779E-01
  -48.828797     -0.43702833E-02
  -48.909774      0.10156007E-01
  -48.990751     -0.11879330E-01
  -49.071728     -0.18977299E-01
  -49.152704      0.39626807E-01
  -49.233681      0.78648277E-01
  -49.314658      0.21737823E-01
  -49.395635     -0.51627453E-01
  -49.476612     -0.43527134E-01
  -49.557589     -0.35884585E-01
  -49.638566     -0.10380434E-01
  -49.719543     -0.51945628E-03
  -49.800520      0.11963149    
  -49.881496      0.92188366E-01
  -49.962473     -0.32480150E-01
  -50.043450      0.40913504E-01
  -50.124427     -0.56065757E-01
  -50.205404     -0.16997992    
  -50.286381     -0.60286440E-01
  -50.367358     -0.23328872E-01
  -50.448335     -0.72324261E-01
  -50.529312      0.43482471E-01
  -50.610288      0.13439420    
  -50.691265      0.87106273E-01
  -50.772242      0.69510661E-01
  -50.853219     -0.91687037E-03
  -50.934196     -0.23619225E-01
  -51.015173      0.43866154E-01
  -51.096150      0.18525699E-01
  -51.177127      0.78498662E-01
  -51.258104     -0.22786869E-01
  -51.339080      0.62527903E-02
  -51.420057      0.16630140    
  -51.501034      0.11101410    
  -51.582011      0.64648189E-01
  -51.662988     -0.96569970E-01
  -51.743965     -0.13568442    
  -51.824942     -0.52371226E-01
  -51.905919      0.18103609E-02
  -51.986896      0.16504219    
  -52.067872      0.78119062E-01
  -52.148849     -0.30191179E-01
  -52.229826      0.43556258E-01
  -52.310803     -0.40687695E-01
  -52.391780     -0.48236445E-01
  -52.472757     -0.17522458E-01
  -52.553734     -0.31133655E-02
  -52.634711     -0.13123717E-01
  -52.715688     -0.81687450E-01
  -52.796664      0.12115436E-02
  -52.877641      0.11932582E-02
  -52.958618     -0.61100390E-01
  -53.039595      0.44286111E-02
  -53.120572      0.48077580E-01
  -53.201549      0.62626064E-01
  -53.282526      0.17176309    
  -53.363503      0.16909686    
  -53.444480      0.42284030E-01
  -53.525456     -0.35889824E-02
  -53.606433     -0.95984511E-01
  -53.687410     -0.27963927E-01
  -53.768387      0.33206798E-01
  -53.849364     -0.40047448E-01
  -53.930341     -0.80848552E-01
  -54.011318      0.45102570E-01
  -54.092295      0.55378035E-01
  -54.173272     -0.20643596E-01
  -54.254248      0.79976253E-01
  -54.335225      0.33326559E-01
  -54.416202     -0.12526857E-02
  -54.497179     -0.22099635E-01
  -54.578156     -0.89089476E-01
  -54.659133     -0.14373568    
  -54.740110     -0.15862745    
  -54.821087      0.65920022E-02
  -54.902064      0.15635498    
  -54.983040      0.12223705    
  -55.064017      0.14159936E-01
  -55.144994     -0.47846951E-01
  -55.225971      0.41589901E-01
  -55.306948     -0.58459886E-02
  -55.387925     -0.68029545E-01
  -55.468902      0.14847693    
  -55.549879      0.16124558    
  -55.630856      0.23124257E-01
  -55.711832     -0.74753001E-01
  -55.792809      0.27553320E-01
  -55.873786      0.13531859    
  -55.954763      0.48077875E-02
  -56.035740      0.54921258E-01
  -56.116717     -0.43613508E-01
  -56.197694     -0.97935863E-01
  -56.278671     -0.31899087E-01
  -56.359648      0.18908160E-01
  -56.440624     -0.29449621E-02
  -56.521601     -0.32808986E-01
  -56.602578      0.39371088E-01
  -56.683555      0.23201544E-01
  -56.764532      0.55683315E-01
  -56.845509      0.31130442E-01
  -56.926486     -0.11964768E-01
  -57.007463     -0.57951719E-01
  -57.088440     -0.21410368E-01
  -57.169416     -0.61850894E-01
  -57.250393     -0.14349851    
  -57.331370     -0.24732983E-01
  -57.412347      0.11377435    
  -57.493324      0.13006341    
  -57.574301     -0.25905335E-01
  -57.655278     -0.28933037E-01
  -57.736255     -0.80603575E-02
  -57.817232     -0.64295463E-01
  -57.898208     -0.86481392E-01
  -57.979185     -0.15081289    
  -58.060162     -0.10485585    
  -58.141139      0.93931332E-02
  -58.222116      0.16792968E-01
  -58.303093     -0.11993657    
  -58.384070     -0.11737397    
  -58.465047     -0.10534719    
  -58.546024     -0.13570167    
  -58.627000     -0.10743515    
  -58.707977     -0.10200385    
  -58.788954     -0.11639327    
  -58.869931     -0.93753874E-01
  -58.950908     -0.84292933E-01
  -59.031885     -0.16634716    
  -59.112862     -0.18486455    
  -59.193839     -0.90411447E-01
  -59.274816     -0.39387703E-01
  -59.355792      0.18578133E-01
  -59.436769     -0.13456228E-01
  -59.517746      0.65811388E-02
  -59.598723      0.28602883E-01
  -59.679700     -0.44742826E-01
  -59.760677      0.18705966E-01
  -59.841654     -0.34807681E-02
  -59.922631      0.32159787E-01
  -60.003608      0.76053195E-01
  -60.084584      0.45075707E-01
  -60.165561      0.16862677E-01
  -60.246538     -0.76867826E-01
  -60.327515     -0.13044585    
  -60.408492     -0.29782297E-02
  -60.489469      0.93892790E-01
  -60.570446      0.96157558E-01
  -60.651423      0.68752438E-01
  -60.732400      0.37008166E-01
  -60.813376     -0.12580378E-01
  -60.894353     -0.50184745E-01
  -60.975330      0.17945766E-01
  -61.056307      0.13938121    
  -61.137284      0.13565212    
  -61.218261      0.85568734E-01
  -61.299238      0.98412074E-01
  -61.380215      0.45195989E-01
  -61.461192      0.73999189E-01
  -61.542168      0.50988283E-01
  -61.623145     -0.19405901E-01
  -61.704122     -0.13268302    
  -61.785099     -0.16392356    
  -61.866076      0.48789397E-01
  -61.947053      0.38440425E-01
  -62.028030     -0.27093889E-01
  -62.109007     -0.96580107E-02
  -62.189984     -0.48553344E-01
  -62.270960      0.77799521E-01
  -62.351937      0.97720683E-01
  -62.432914     -0.10244795    
  -62.513891     -0.91289781E-01
  -62.594868      0.29804209E-01
  -62.675845     -0.72264396E-01
  -62.756822     -0.46897702E-01
  -62.837799     -0.13843627E-01
  -62.918776     -0.80776036E-01
  -62.999752      0.59797868E-01
  -63.080729      0.11328162    
  -63.161706      0.63516170E-01
  -63.242683     -0.44562891E-01
  -63.323660     -0.19070433    
  -63.404637     -0.10449537    
  -63.485614     -0.13695416    
  -63.566591     -0.91318548E-01
  -63.647567     -0.41899532E-01
  -63.728544     -0.16060063    
  -63.809521     -0.41571416E-01
  -63.890498      0.10162333    
  -63.971475      0.13648389E-01
  -64.052452     -0.19893257E-01
  -64.133429      0.31991124E-01
  -64.214406      0.16603937E-01
  -64.295383      0.10533603    
  -64.376359      0.77898502E-01
  -64.457336     -0.18617406E-01
  -64.538313     -0.89102998E-01
  -64.619290     -0.75477704E-01
  -64.700267      0.21807738E-01
  -64.781244      0.75710565E-01
  -64.862221      0.69186270E-01
  -64.943198      0.54191239E-02
  -65.024175     -0.29772110E-01
  -65.105151     -0.86207956E-01
  -65.186128     -0.12079946E-01
  -65.267105      0.65202370E-01
  -65.348082      0.15619381E-01
  -65.429059     -0.41016359E-01
  -65.510036     -0.48948217E-01
  -65.591013      0.65428257E-01
  -65.671990      0.94202101E-01
  -65.752967      0.63101180E-01
  -65.833943      0.43807104E-01
  -65.914920      0.76260276E-01
  -65.995897      0.82617722E-01
  -66.076874     -0.99324934E-01
  -66.157851     -0.12785333    
  -66.238828     -0.27120387E-01
  -66.319805     -0.12967135E-01
  -66.400782     -0.44349059E-02
  -66.481759      0.57060611E-01
  -66.562735      0.55260193E-01
  -66.643712     -0.72845951E-01
  -66.724689      0.16729059E-01
  -66.805666      0.38572680E-01
  -66.886643     -0.10371618E-01
  -66.967620      0.35217062E-01
  -67.048597      0.62652282E-01
  -67.129574      0.14863321E-01
  -67.210551     -0.10980437    
  -67.291527     -0.23671610E-01
  -67.372504      0.16479380E-01
  -67.453481     -0.79370879E-01
  -67.534458     -0.23335852    
  -67.615435     -0.22626095    
  -67.696412     -0.34926818E-02
  -67.777389      0.78817554E-01
  -67.858366     -0.27679861E-01
  -67.939343      0.53566499E-02
  -68.020319      0.68257689E-01
  -68.101296     -0.64468659E-01
  -68.182273      0.27613126E-01
  -68.263250      0.89621648E-01
  -68.344227      0.82359776E-01
  -68.425204      0.69893047E-01
  -68.506181     -0.91875769E-01
  -68.587158     -0.11545403    
  -68.668135      0.48893839E-02
  -68.749111     -0.61287981E-01
  -68.830088     -0.25586680    
  -68.911065     -0.48464678E-01
  -68.992042      0.12300965    
  -69.073019     -0.56003097E-01
  -69.153996     -0.13605122E-01
  -69.234973     -0.18957088E-01
  -69.315950     -0.60974717E-01
  -69.396927      0.46563048E-01
  -69.477903     -0.38227155E-02
  -69.558880      0.51721748E-01
  -69.639857      0.26403232E-01
  -69.720834      0.21933202E-01
  -69.801811      0.10903338    
  -69.882788      0.11737093    
  -69.963765      0.71223460E-01
  -70.044742     -0.55843797E-01
  -70.125719      0.53607613E-01
  -70.206695      0.41267067E-01
  -70.287672     -0.13817173    
  -70.368649     -0.13110501    
  -70.449626     -0.97178355E-01
  -70.530603     -0.15671788    
  -70.611580      0.30430909E-02
  -70.692557      0.14085913    
  -70.773534     -0.50221324E-01
  -70.854511     -0.77356525E-01
  -70.935487     -0.29071176E-01
  -71.016464     -0.88453822E-01
  -71.097441     -0.97205177E-01
  -71.178418     -0.10211025    
  -71.259395     -0.55129811E-01
  -71.340372      0.56851119E-01
  -71.421349     -0.33590045E-01
  -71.502326     -0.14018007    
  -71.583303     -0.14648625    
  -71.664279     -0.12335245    
  -71.745256     -0.12704678    
  -71.826233     -0.16734187    
  -71.907210     -0.14312199    
  -71.988187     -0.60796257E-01
  -72.069164     -0.41419137E-01
  -72.150141      0.21099174E-01
  -72.231118      0.38140252E-01
  -72.312095     -0.61536081E-01
  -72.393071     -0.59188664E-01
  -72.474048     -0.46108197E-01
  -72.555025     -0.60626350E-01
  -72.636002     -0.26223481E-01
  -72.716979     -0.37920654E-01
  -72.797956     -0.11419409    
  -72.878933     -0.33497758E-01
  -72.959910     -0.42701237E-01
  -73.040887     -0.80643773E-01
  -73.121863     -0.62485971E-01
  -73.202840     -0.33127900E-01
  -73.283817     -0.15212218E-02
  -73.364794      0.42549856E-01
  -73.445771     -0.72446279E-01
  -73.526748     -0.75529762E-01
  -73.607725      0.70846356E-01
  -73.688702      0.51330440E-01
  -73.769679     -0.70552960E-01
  -73.850655     -0.68065436E-02
  -73.931632      0.56939889E-01
  -74.012609      0.53793877E-01
  -74.093586     -0.38778033E-01
  -74.174563     -0.91030136E-01
  -74.255540      0.22853177E-01
  -74.336517     -0.86814146E-02
  -74.417494     -0.17369001    
  -74.498471     -0.95357873E-01
  -74.579447     -0.51024023E-01
  -74.660424     -0.38435005E-01
  -74.741401     -0.47973715E-01
  -74.822378     -0.23505512    
  -74.903355     -0.25117868    
  -74.984332     -0.14240453    
  -75.065309     -0.66637196E-01
  -75.146286      0.12646270    
  -75.227263      0.69711864E-01
  -75.308239     -0.18806615    
  -75.389216     -0.14160304    
  -75.470193     -0.19837415E-01
  -75.551170     -0.18426843    
  -75.632147     -0.11415770    
  -75.713124     -0.18725978E-01
  -75.794101     -0.11655987    
  -75.875078     -0.64207956E-01
  -75.956055     -0.37350461E-01
  -76.037031     -0.16450172E-01
  -76.118008      0.47306471E-01
  -76.198985     -0.43025985E-01
  -76.279962     -0.12493719    
  -76.360939      0.14244549    
  -76.441916      0.19073391    
  -76.522893     -0.32509185E-01
  -76.603870     -0.12896781    
  -76.684847     -0.15419872    
  -76.765823     -0.16869779    
  -76.846800     -0.18283974    
  -76.927777     -0.18959722    
  -77.008754     -0.10659669    
  -77.089731      0.24429172E-01
  -77.170708      0.70118964E-01
  -77.251685      0.58825187E-01
  -77.332662     -0.10039837E-01
  -77.413639     -0.13605405    
  -77.494615     -0.23924738    
  -77.575592     -0.15485273    
  -77.656569      0.49123082E-01
  -77.737546     -0.40977318E-02
  -77.818523     -0.13157803    
  -77.899500     -0.41969463E-01
  -77.980477      0.30376649E-01
  -78.061454      0.98044174E-02
  -78.142431      0.24495214E-01
  -78.223407     -0.22673147E-01
  -78.304384      0.53790100E-01
  -78.385361     -0.66807233E-01
  -78.466338     -0.20646949    
  -78.547315     -0.11625966    
  -78.628292     -0.72528236E-01
  -78.709269      0.40067263E-01
  -78.790246      0.37987478E-01
  -78.871223      0.51335596E-01
  -78.952199      0.15463172E-01
  -79.033176     -0.81017055E-02
  -79.114153      0.11025157E-01
  -79.195130      0.27848752E-02
  -79.276107      0.55921651E-01
  -79.357084     -0.45591142E-01
  -79.438061     -0.10692622    
  -79.519038     -0.12469684E-01
  -79.600015      0.67933507E-01
  -79.680991      0.20173024    
  -79.761968      0.15899219    
  -79.842945      0.18145030E-01
  -79.923922     -0.89842901E-02
  -80.004899      0.75952769E-02
  -80.085876     -0.73327334E-02
  -80.166853      0.26189430E-01
  -80.247830      0.51036097E-01
  -80.328807      0.63122980E-01
  -80.409783      0.70560053E-01
  -80.490760      0.75587362E-01
  -80.571737      0.10520477    
  -80.652714     -0.44957951E-01
  -80.733691     -0.11979490E-01
  -80.814668      0.65895043E-01
  -80.895645     -0.25151104E-01
  -80.976622      0.34814194E-01
  -81.057599      0.45665726E-01
  -81.138575     -0.38624607E-01
  -81.219552      0.29082175E-01
  -81.300529      0.66402759E-02
  -81.381506     -0.82580127E-01
  -81.462483     -0.10554478    
  -81.543460     -0.13640115    
  -81.624437     -0.54730874E-01
  -81.705414      0.53015545E-01
  -81.786391     -0.17238695E-01
  -81.867367     -0.22958487E-01
  -81.948344     -0.46415459E-01
  -82.029321     -0.19400288    
  -82.110298     -0.12642545    
  -82.191275     -0.10775315    
  -82.272252      0.20349808E-01
  -82.353229      0.15541318    
  -82.434206     -0.87510189E-02
  -82.515183     -0.12304846    
  -82.596159     -0.17280312E-01
  -82.677136      0.13789479E-02
  -82.758113     -0.10202526    
  -82.839090     -0.63192122E-01
  -82.920067     -0.14310211    
  -83.001044     -0.16506517    
  -83.082021     -0.69118276E-01
  -83.162998     -0.36991294E-01
  -83.243975      0.13571964E-01
  -83.324951     -0.51130831E-01
  -83.405928     -0.12035618    
  -83.486905     -0.16566182E-01
  -83.567882     -0.87531842E-01
  -83.648859     -0.12354637    
  -83.729836     -0.39222311E-01
  -83.810813     -0.99450096E-01
  -83.891790     -0.12751900    
  -83.972767     -0.43353494E-01
  -84.053743     -0.40642023E-01
  -84.134720     -0.59160545E-01
  -84.215697      0.19455412E-01
  -84.296674     -0.67653194E-01
  -84.377651     -0.77675767E-01
  -84.458628     -0.27158609E-01
  -84.539605     -0.91004364E-01
  -84.620582     -0.15793180    
  -84.701559     -0.21848659    
  -84.782535     -0.19335292    
  -84.863512     -0.14672486    
  -84.944489     -0.16919634    
  -85.025466     -0.17693828    
  -85.106443     -0.16757648    
  -85.187420     -0.20546879    
  -85.268397     -0.14525214E-01
  -85.349374      0.69129281E-01
  -85.430351     -0.70573254E-02
  -85.511327     -0.44053685E-01
  -85.592304     -0.12282296    
  -85.673281     -0.12777460    
  -85.754258     -0.39822858E-01
  -85.835235     -0.70700511E-01
  -85.916212     -0.11164683    
  -85.997189     -0.25147453E-01
  -86.078166     -0.68524987E-01
  -86.159143     -0.63780539E-01
  -86.240119     -0.87406166E-01
  -86.321096     -0.75328492E-01
  -86.402073     -0.10973413    
  -86.483050     -0.25765449E-01
  -86.564027      0.14908305    
  -86.645004      0.54767996E-01
  -86.725981     -0.86985128E-02
  -86.806958     -0.99552805E-02
  -86.887935     -0.55087049E-01
  -86.968911     -0.82474403E-01
  -87.049888     -0.43413434E-01
  -87.130865      0.39248526E-01
  -87.211842     -0.65572448E-01
  -87.292819     -0.12337770    
  -87.373796      0.40734559E-01
  -87.454773      0.82310140E-01
  -87.535750      0.16217716E-01
  -87.616727     -0.13850410E-01
  -87.697703     -0.60352031E-01
  -87.778680      0.25530683E-01
  -87.859657      0.16065160E-01
  -87.940634     -0.68325385E-01
  -88.021611     -0.19369135E-01
  -88.102588      0.17314265E-01
  -88.183565      0.71779095E-01
  -88.264542      0.10834774    
  -88.345519      0.11005777    
  -88.426495      0.33186801E-01
  -88.507472      0.72081476E-01
  -88.588449      0.65943569E-01
  -88.669426     -0.64879134E-01
  -88.750403     -0.21706887E-01
  -88.831380      0.59163187E-01
  -88.912357      0.28999550E-01
  -88.993334     -0.31532150E-01
  -89.074310      0.26553860E-01
  -89.155287      0.20712201E-01
  -89.236264      0.40298969E-01
  -89.317241      0.37690114E-01
  -89.398218      0.30883836E-01
  -89.479195      0.80294713E-01
  -89.560172      0.54085520E-02
  -89.641149      0.27068114E-01
  -89.722126      0.13125886    
  -89.803102      0.95774099E-01
  -89.884079     -0.27518027E-01
  -89.965056      0.10873656    
  -90.046033      0.21847245    
  -90.127010      0.10466373    
  -90.207987      0.68142511E-01
  -90.288964      0.35883117E-01
  -90.369941      0.49581401E-01
  -90.450918      0.19225529    
  -90.531894      0.33993322E-01
  -90.612871     -0.14711079    
  -90.693848     -0.13564807    
  -90.774825     -0.62116541E-01
  -90.855802     -0.30921066E-01
  -90.936779     -0.11500414    
  -91.017756     -0.13820414    
  -91.098733     -0.10109486    
  -91.179710     -0.84627680E-02
  -91.260686     -0.25991078E-01
  -91.341663     -0.10148282    
  -91.422640     -0.12430547E-01
  -91.503617      0.35759280E-02
  -91.584594     -0.96836582E-01
  -91.665571      0.41215882E-01
  -91.746548      0.19225046    
  -91.827525      0.71224153E-01
  -91.908502      0.12963710E-01
  -91.989478     -0.46377056E-02
  -92.070455     -0.11571777E-01
  -92.151432     -0.81624836E-01
  -92.232409     -0.77413432E-01
  -92.313386      0.45478377E-01
  -92.394363     -0.35223037E-01
  -92.475340     -0.35499215E-01
  -92.556317     -0.28267670E-02
  -92.637294      0.17170249E-01
  -92.718270     -0.68319991E-01
  -92.799247     -0.12648031    
  -92.880224     -0.65798171E-01
  -92.961201     -0.71888089E-01
  -93.042178      0.13274711E-01
  -93.123155     -0.54773189E-01
  -93.204132     -0.78591973E-01
  -93.285109      0.28550109E-01
  -93.366086      0.38231656E-01
  -93.447062     -0.74393414E-01
  -93.528039     -0.22976628    
  -93.609016     -0.19922595    
  -93.689993     -0.73090248E-01
  -93.770970      0.18653611E-01
  -93.851947     -0.79350330E-01
  -93.932924     -0.66992886E-01
  -94.013901     -0.27348319E-01
  -94.094878     -0.11009807    
  -94.175854     -0.58878276E-01
  -94.256831      0.25215533E-01
  -94.337808     -0.77019095E-01
  -94.418785     -0.13141979    
  -94.499762     -0.52953750E-01
  -94.580739     -0.74099965E-01
  -94.661716     -0.10110142    
  -94.742693     -0.13452098    
  -94.823670     -0.12658913    
  -94.904646     -0.10355871    
  -94.985623     -0.51492423E-01
  -95.066600     -0.27821811E-01
  -95.147577     -0.10728996    
  -95.228554     -0.19270280E-01
  -95.309531      0.84176168E-01
  -95.390508      0.90431254E-02
  -95.471485     -0.97245343E-01
  -95.552462     -0.35600923E-01
  -95.633438      0.37495259E-01
  -95.714415     -0.45593642E-01
  -95.795392     -0.11210624    
  -95.876369     -0.10762674    
  -95.957346      0.18794462E-01
  -96.038323      0.53858493E-01
  -96.119300      0.31267069E-01
  -96.200277      0.72485216E-01
  -96.281254      0.31172661E-01
  -96.362230      0.33820495E-01
  -96.443207      0.33901811E-01
  -96.524184     -0.45961022E-01
  -96.605161     -0.91098212E-01
  -96.686138     -0.11360072    
  -96.767115     -0.13267478    
  -96.848092     -0.99106662E-01
  -96.929069     -0.42778168E-01
  -97.010046     -0.25088379E-01
  -97.091022     -0.67185998E-01
  -97.171999     -0.63259818E-01
  -97.252976      0.22127260E-01
  -97.333953     -0.14100343    
  -97.414930     -0.27687496    
  -97.495907     -0.18088825    
  -97.576884     -0.19600537E-01
  -97.657861      0.58835030E-01
  -97.738838     -0.50370432E-01
  -97.819814      0.71841893E-02
  -97.900791      0.13409366    
  -97.981768      0.67578465E-01
  -98.062745     -0.20309169E-01
  -98.143722     -0.71362995E-01
  -98.224699     -0.70425898E-01
  -98.305676      0.12883180E-01
  -98.386653      0.43541208E-01
  -98.467630      0.76141760E-01
  -98.548606      0.76672502E-01
  -98.629583     -0.24646156E-01
  -98.710560     -0.57093747E-01
  -98.791537     -0.40460892E-01
  -98.872514     -0.34099545E-01
  -98.953491      0.31479310E-01
  -99.034468      0.21261523E-01
  -99.115445     -0.29533619E-01
  -99.196422      0.26443530E-01
  -99.277398     -0.42345099E-01
  -99.358375     -0.10607930    
  -99.439352     -0.91971243E-02
  -99.520329      0.77687837E-02
  -99.601306      0.10554744E-02
  -99.682283      0.10703207    
  -99.763260      0.14084673    
  -99.844237      0.46165295E-01
  -99.925214     -0.28946782E-01
  -100.00619     -0.17448405E-02
  -100.08717      0.45676429E-01
  -100.16814      0.42239029E-01
  -100.24912      0.21471474    
  -100.33010      0.13600138    
  -100.41107     -0.72911344E-01
  -100.49205      0.11603357    
  -100.57303      0.95750459E-01
  -100.65401     -0.52236274E-01
  -100.73498     -0.23916617E-01
  -100.81596     -0.22131137E-02
  -100.89694      0.21654613E-01
  -100.97791      0.49707796E-01
  -101.05889      0.97122274E-01
  -101.13987      0.88316418E-01
  -101.22084      0.44685651E-01
  -101.30182      0.56118648E-01
  -101.38280      0.67719772E-01
  -101.46377      0.11258745    
  -101.54475      0.14467889    
  -101.62573      0.42676967E-01
  -101.70671     -0.92499211E-01
  -101.78768     -0.80251629E-02
  -101.86866     -0.20661754E-03
  -101.94964     -0.81060708E-01
  -102.03061      0.70037460E-02
  -102.11159      0.61966795E-02
  -102.19257     -0.97863160E-01
  -102.27354     -0.53947832E-01
  -102.35452      0.45576286E-01
  -102.43550      0.41157110E-02
  -102.51647     -0.98303318E-01
  -102.59745     -0.12317473    
  -102.67843     -0.14049378    
  -102.75940     -0.93848608E-01
  -102.84038      0.66985674E-01
  -102.92136      0.61238173E-01
  -103.00234      0.70229149E-02
  -103.08331     -0.51413782E-01
  -103.16429     -0.87245721E-02
  -103.24527     -0.15469683E-01
  -103.32624     -0.13016614    
  -103.40722     -0.54557621E-01
  -103.48820      0.85189715E-02
  -103.56917      0.23492221E-01
  -103.65015      0.54148499E-01
  -103.73113      0.36567733E-01
  -103.81210     -0.51805560E-01
  -103.89308     -0.28461253E-01
  -103.97406     -0.44949640E-01
  -104.05503      0.49003504E-01
  -104.13601      0.11076619    
  -104.21699     -0.41653834E-01
  -104.29797      0.63296877E-01
  -104.37894      0.80915302E-01
  -104.45992      0.43272944E-02
  -104.54090      0.33639804E-01
  -104.62187      0.16287597    
  -104.70285      0.26364174E-01
  -104.78383     -0.93635455E-01
  -104.86480      0.30706860E-01
  -104.94578     -0.31860732E-01
  -105.02676     -0.72223365E-01
  -105.10773     -0.40998578E-01
  -105.18871     -0.12490557    
  -105.26969     -0.21698084    
  -105.35067     -0.10392042    
  -105.43164     -0.33896811E-01
  -105.51262     -0.51413566E-01
  -105.59360      0.58413233E-03
  -105.67457      0.38600534E-01
  -105.75555     -0.28422084E-01
  -105.83653     -0.10232899    
  -105.91750      0.79788618E-01
  -105.99848      0.63367061E-01
  -106.07946     -0.98704584E-01
  -106.16043     -0.51992361E-01
  -106.24141     -0.27879434E-01
  -106.32239      0.20676013E-01
  -106.40336     -0.23532653E-01
  -106.48434     -0.12614693    
  -106.56532     -0.12628405    
  -106.64630     -0.16404513    
  -106.72727     -0.10933744    
  -106.80825     -0.26769964E-02
  -106.88923      0.24382899E-01
  -106.97020     -0.11717074    
  -107.05118     -0.14180388    
  -107.13216      0.30252011E-01
  -107.21313      0.97565809E-02
  -107.29411     -0.39730668E-01
  -107.37509     -0.10416758    
  -107.45606     -0.55986498E-01
  -107.53704      0.21439418E-01
  -107.61802      0.35490401E-02
  -107.69899     -0.60213229E-03
  -107.77997     -0.71630538E-01
  -107.86095     -0.11149824    
  -107.94193     -0.48015352E-01
  -108.02290      0.74321277E-01
  -108.10388      0.45871705E-01
  -108.18486     -0.72094165E-01
  -108.26583      0.39198991E-01
  -108.34681      0.16880478    
  -108.42779      0.16751161    
  -108.50876      0.45277424E-01
  -108.58974     -0.18943834    
  -108.67072     -0.16132085    
  -108.75169      0.50413132E-01
  -108.83267      0.69765605E-01
  -108.91365      0.38967192E-01
  -108.99463      0.61857749E-01
  -109.07560      0.50287956E-03
  -109.15658      0.17263154E-01
  -109.23756     -0.24345504E-01
  -109.31853     -0.12129407E-04
  -109.39951      0.73676385E-01
  -109.48049     -0.59157986E-01
  -109.56146     -0.49734510E-01
  -109.64244      0.47487281E-01
  -109.72342      0.63256249E-01
  -109.80439     -0.12735495E-01
  -109.88537     -0.28659159E-01
  -109.96635     -0.86751953E-02
  -110.04732      0.10761356E-01
  -110.12830      0.13463666    
  -110.20928      0.11320449    
  -110.29026     -0.29633995E-01
  -110.37123     -0.39090279E-01
  -110.45221     -0.50220724E-01
  -110.53319     -0.45442516E-02
  -110.61416      0.27787846E-01
  -110.69514     -0.23218992E-03
  -110.77612      0.35680532E-01
  -110.85709      0.28671041E-01
  -110.93807     -0.11942057E-01
  -111.01905     -0.70546336E-01
  -111.10002     -0.21384329    
