!
! 04-MAR-2019 20:03:06
! Input file  : serpens_hcn10_conv.30m
! Input command: ANALYSE\PRINT area -6.1 0.3 /OUTPUT smm1_hcn10_v2_blue.txt
!
 1     33.286   -211.850 -0.57649    
 2     47.936   -211.850  0.35040    
 3     62.586   -211.850  9.10069E-02
 4     77.236   -211.850  0.39371    
 5     91.886   -211.850 -9.88095E-02
 6    106.536   -211.850  0.31082    
 7    121.186   -211.850  0.54542    
 8    135.836   -211.850  0.87028    
 9    150.486   -211.850   1.0495    
 10    165.136   -211.850   1.4202    
 11    179.786   -211.850   2.0290    
 12    194.436   -211.850   1.9700    
 13    209.086   -211.850  0.94521    
 14    223.736   -211.850   1.0150    
 15    238.386   -211.850  0.23687    
 16    238.386   -197.200  0.44152    
 17    223.736   -197.200  0.51608    
 18    209.086   -197.200  0.93666    
 19    194.436   -197.200   1.9684    
 20    179.786   -197.200   2.0238    
 21    165.136   -197.200   1.4213    
 22    150.486   -197.200   1.0695    
 23    135.836   -197.200  0.87378    
 24    121.186   -197.200  0.55633    
 25    106.536   -197.200  0.31389    
 26     91.886   -197.200 -9.07837E-02
 27     77.236   -197.200  0.36382    
 28     62.586   -197.200  8.75923E-02
 29     47.936   -197.200  0.31916    
 30     33.286   -197.200 -0.69018    
 31     18.636   -197.200  -1.0234    
 32     18.636   -182.550 -0.33754    
 33     33.286   -182.550 -0.23262    
 34     47.936   -182.550  1.17193E-02
 35     62.586   -182.550 -0.25436    
 36     77.236   -182.550  0.13004    
 37     91.886   -182.550  0.34995    
 38    106.536   -182.550  0.32637    
 39    121.186   -182.550   1.0504    
 40    135.836   -182.550   1.0822    
 41    150.486   -182.550   1.5924    
 42    165.136   -182.550   1.5747    
 43    179.786   -182.550   1.3882    
 44    194.436   -182.550   1.0078    
 45    209.086   -182.550  0.81034    
 46    223.736   -182.550  0.67618    
 47    238.386   -182.550  0.67200    
 48    238.386   -167.900  0.51164    
 49    223.736   -167.900  0.54857    
 50    209.086   -167.900  0.82569    
 51    194.436   -167.900   1.0078    
 52    179.786   -167.900   1.1634    
 53    165.136   -167.900   1.6517    
 54    150.486   -167.900   1.6823    
 55    135.836   -167.900   1.1998    
 56    121.186   -167.900  0.81054    
 57    106.536   -167.900  0.74314    
 58     91.886   -167.900  6.90637E-02
 59     77.236   -167.900  0.13739    
 60     62.586   -167.900  7.16959E-02
 61     47.936   -167.900  8.11050E-02
 62     33.286   -167.900  0.13525    
 63     18.636   -167.900  0.13869    
 64     18.636   -153.250  2.32167E-02
 65     33.286   -153.250  0.11727    
 66     47.936   -153.250 -1.29205E-03
 67     62.586   -153.250  9.63105E-02
 68     77.236   -153.250  0.15462    
 69     91.886   -153.250  0.57360    
 70    106.536   -153.250  0.82218    
 71    121.186   -153.250  0.92707    
 72    135.836   -153.250   1.0786    
 73    150.486   -153.250   2.0391    
 74    165.136   -153.250   2.2825    
 75    179.786   -153.250   1.3149    
 76    194.436   -153.250  0.91762    
 77    209.086   -153.250  0.59296    
 78    223.736   -153.250  0.90831    
 79    238.386   -153.250  0.94052    
 80    238.386   -138.600  0.55173    
 81    223.736   -138.600  0.60211    
 82    209.086   -138.600   1.0438    
 83    194.436   -138.600   1.0128    
 84    179.786   -138.600   1.8345    
 85    165.136   -138.600   2.0311    
 86    150.486   -138.600   2.1314    
 87    135.836   -138.600   1.5009    
 88    121.186   -138.600   1.9022    
 89    106.536   -138.600   1.5560    
 90     91.886   -138.600   1.1910    
 91     77.236   -138.600  0.87609    
 92     62.586   -138.600  0.26550    
 93     47.936   -138.600  0.54686    
 94     33.286   -138.600  0.52802    
 95     18.636   -138.600  0.65001    
 96      3.986   -138.600  0.33343    
 97    -10.664   -138.600 -0.14685    
 98    -25.314   -138.600  5.08693E-02
 99    -39.964   -138.600  0.24769    
 100    -54.614   -138.600 -0.11050    
 101    -69.264   -138.600 -8.74555E-02
 102    -83.914   -138.600 -0.17652    
 103    -83.914   -123.950 -9.08673E-02
 104    -69.264   -123.950 -0.13140    
 105    -54.614   -123.950 -0.14423    
 106    -39.964   -123.950  0.25845    
 107    -25.314   -123.950  0.11108    
 108    -10.664   -123.950 -0.14092    
 109      3.986   -123.950  0.35614    
 110     18.636   -123.950   1.4669    
 111     33.286   -123.950   1.7284    
 112     47.936   -123.950   2.2444    
 113     62.586   -123.950   2.1583    
 114     77.236   -123.950   1.7489    
 115     91.886   -123.950   2.0212    
 116    106.536   -123.950   2.4619    
 117    121.186   -123.950   2.3406    
 118    135.836   -123.950   1.7894    
 119    150.486   -123.950   1.8481    
 120    165.136   -123.950   1.6997    
 121    179.786   -123.950   1.4362    
 122    194.436   -123.950  0.81158    
 123    209.086   -123.950  0.97893    
 124    223.736   -123.950  0.43925    
 125    238.386   -123.950  0.40292    
 126    238.386   -109.300  0.16497    
 127    223.736   -109.300  0.18334    
 128    209.086   -109.300  0.61433    
 129    194.436   -109.300   1.0998    
 130    179.786   -109.300   1.1268    
 131    165.136   -109.300   1.4198    
 132    150.486   -109.300   2.1629    
 133    135.836   -109.300   1.9215    
 134    121.186   -109.300   2.2902    
 135    106.536   -109.300   2.5217    
 136     91.886   -109.300   2.4209    
 137     77.236   -109.300   2.6186    
 138     62.586   -109.300   3.4741    
 139     47.936   -109.300   3.6810    
 140     33.286   -109.300   3.2670    
 141     18.636   -109.300   2.9744    
 142      3.986   -109.300  0.50406    
 143    -10.664   -109.300  0.53778    
 144    -25.314   -109.300  0.88660    
 145    -39.964   -109.300  0.79639    
 146    -54.614   -109.300 -0.11431    
 147    -69.264   -109.300  0.39936    
 148    -83.914   -109.300  0.49773    
 149    -83.914    -94.650 -8.52753E-02
 150    -69.264    -94.650 -0.16703    
 151    -54.614    -94.650 -0.30472    
 152    -39.964    -94.650   1.2044    
 153    -25.314    -94.650  0.67151    
 154    -10.664    -94.650   1.1452    
 155      3.986    -94.650  0.70036    
 156     18.636    -94.650   2.6920    
 157     33.286    -94.650   1.9810    
 158     47.936    -94.650   2.5455    
 159     62.586    -94.650   2.7145    
 160     77.236    -94.650   1.9126    
 161     91.886    -94.650   1.3141    
 162    106.536    -94.650   1.6066    
 163    121.186    -94.650   1.9376    
 164    135.836    -94.650   2.1136    
 165    150.486    -94.650   1.8946    
 166    165.136    -94.650  0.97316    
 167    179.786    -94.650  0.60592    
 168    194.436    -94.650  0.11084    
 169    209.086    -94.650  0.53155    
 170    223.736    -94.650  0.34609    
 171    238.386    -94.650  0.34482    
 172    238.386    -80.000 -0.36543    
 173    223.736    -80.000 -0.33260    
 174    209.086    -80.000  0.33339    
 175    194.436    -80.000  0.54197    
 176    179.786    -80.000   1.0037    
 177    165.136    -80.000   1.2939    
 178    150.486    -80.000   2.3157    
 179    135.836    -80.000   2.2595    
 180    121.186    -80.000   1.9257    
 181    106.536    -80.000   1.0540    
 182     91.886    -80.000   1.0325    
 183     77.236    -80.000  0.97709    
 184     62.586    -80.000   1.0653    
 185     47.936    -80.000  0.93265    
 186     33.286    -80.000  0.86669    
 187     18.636    -80.000  -2.0411    
 188      3.986    -80.000  0.59879    
 189    -10.664    -80.000  0.87119    
 190    -25.314    -80.000  0.44263    
 191    -39.964    -80.000  0.98619    
 192    -54.614    -80.000 -4.92224E-02
 193    -69.264    -80.000 -0.60911    
 194    -83.914    -80.000 -0.52548    
 195    -83.914    -65.350 -0.22649    
 196    -69.264    -65.350 -0.32002    
 197    -54.614    -65.350 -0.54077    
 198    -39.964    -65.350   1.1748    
 199    -25.314    -65.350  0.22909    
 200    -10.664    -65.350   1.0102    
 201      3.986    -65.350  0.48815    
 202     18.636    -65.350  -3.1478    
 203     33.286    -65.350  0.74517    
 204     47.936    -65.350  0.33286    
 205     62.586    -65.350  0.46631    
 206     77.236    -65.350  0.45540    
 207     91.886    -65.350  0.24204    
 208    106.536    -65.350  0.54478    
 209    121.186    -65.350   1.6285    
 210    135.836    -65.350   2.4306    
 211    150.486    -65.350   1.9880    
 212    165.136    -65.350  0.88277    
 213    179.786    -65.350  0.68814    
 214    194.436    -65.350  0.66472    
 215    209.086    -65.350  0.50899    
 216    223.736    -65.350  1.54297E-02
 217    238.386    -65.350  8.05072E-03
 218    238.386    -50.700 -5.04001E-02
 219    223.736    -50.700 -2.09008E-02
 220    209.086    -50.700  0.39140    
 221    194.436    -50.700 -5.74020E-02
 222    179.786    -50.700  0.66599    
 223    165.136    -50.700  0.94717    
 224    150.486    -50.700   1.7001    
 225    135.836    -50.700   1.5370    
 226    121.186    -50.700  0.98043    
 227    106.536    -50.700  0.61436    
 228     91.886    -50.700  0.30947    
 229     77.236    -50.700  0.25065    
 230     62.586    -50.700  0.46481    
 231     47.936    -50.700  0.28929    
 232     33.286    -50.700  0.65989    
 233     18.636    -50.700  -2.0752    
 234      3.986    -50.700  0.70958    
 235    -10.664    -50.700  0.85917    
 236    -25.314    -50.700  0.74526    
 237    -39.964    -50.700   1.3154    
 238    -54.614    -50.700 -0.14548    
 239    -69.264    -50.700  0.25881    
 240    -83.914    -50.700  0.36433    
 241    -83.914    -36.050  0.30240    
 242    -69.264    -36.050  0.16438    
 243    -54.614    -36.050  5.13624E-02
 244    -39.964    -36.050   1.9188    
 245    -25.314    -36.050  0.87788    
 246    -10.664    -36.050  0.51479    
 247      3.986    -36.050  0.55604    
 248     18.636    -36.050  -2.7936    
 249     33.286    -36.050  0.20290    
 250     47.936    -36.050  0.40277    
 251     62.586    -36.050  0.36201    
 252     77.236    -36.050  0.40862    
 253     91.886    -36.050  0.38507    
 254    106.536    -36.050  0.48503    
 255    121.186    -36.050  0.86967    
 256    135.836    -36.050  0.98012    
 257    150.486    -36.050  0.73552    
 258    165.136    -36.050  0.36721    
 259    179.786    -36.050  0.42020    
 260    194.436    -36.050  0.26528    
 261    209.086    -36.050  0.11457    
 262    223.736    -36.050   1.0680    
 263    238.386    -36.050   1.1407    
 264    238.386    -21.400 -3.97518E-02
 265    223.736    -21.400  1.58161E-02
 266    209.086    -21.400  0.60142    
 267    194.436    -21.400  0.22565    
 268    179.786    -21.400  0.50758    
 269    165.136    -21.400  9.46524E-02
 270    150.486    -21.400  0.84860    
 271    135.836    -21.400  0.72505    
 272    121.186    -21.400  0.50635    
 273    106.536    -21.400  0.29319    
 274     91.886    -21.400  0.36041    
 275     77.236    -21.400  0.20037    
 276     62.586    -21.400  0.54316    
 277     47.936    -21.400  0.70334    
 278     33.286    -21.400  0.39253    
 279     18.636    -21.400  -2.8822    
 280      3.986    -21.400  0.21568    
 281    -10.664    -21.400  0.49301    
 282    -25.314    -21.400  0.60899    
 283    -39.964    -21.400   1.6913    
 284    -54.614    -21.400 -0.25738    
 285    -69.264    -21.400 -4.50507E-02
 286    -83.914    -21.400  7.68588E-02
 287    -83.914     -6.750  0.81289    
 288    -69.264     -6.750  0.70512    
 289    -54.614     -6.750  0.12942    
 290    -39.964     -6.750   1.6480    
 291    -25.314     -6.750  0.73078    
 292    -10.664     -6.750  0.59957    
 293      3.986     -6.750  0.22433    
 294     18.636     -6.750  -1.7280    
 295     33.286     -6.750  0.58097    
 296     47.936     -6.750  0.58363    
 297     62.586     -6.750  0.53851    
 298     77.236     -6.750  0.42142    
 299     91.886     -6.750  0.42961    
 300    106.536     -6.750  0.27555    
 301    121.186     -6.750  0.63422    
 302    135.836     -6.750  0.41311    
 303    150.486     -6.750  0.29747    
 304    165.136     -6.750  0.43172    
 305    179.786     -6.750  0.60651    
 306    194.436     -6.750  0.74830    
 307    209.086     -6.750  0.71466    
 308    223.736     -6.750  0.58170    
 309    238.386     -6.750 -0.38308    
 310    223.736      7.900  0.63007    
 311    209.086      7.900  0.60608    
 312    194.436      7.900  0.73651    
 313    179.786      7.900  0.61494    
 314    165.136      7.900  0.35005    
 315    150.486      7.900  0.16682    
 316    135.836      7.900  0.10549    
 317    121.186      7.900  0.53619    
 318    106.536      7.900  0.29023    
 319     91.886      7.900  0.40375    
 320     77.236      7.900  0.33742    
 321     62.586      7.900  0.60791    
 322     47.936      7.900  6.99478E-02
 323     33.286      7.900  7.61566E-02
 324     18.636      7.900  -2.7214    
 325      3.986      7.900 -0.23731    
 326    -10.664      7.900  0.74199    
 327    -25.314      7.900  0.68361    
 328    -39.964      7.900   2.7733    
 329    -54.614      7.900  0.68778    
 330    -69.264      7.900  0.38172    
 331    -83.914      7.900  0.42011    
 332    -83.914     22.550 -0.22530    
 333    -69.264     22.550  0.12836    
 334    -54.614     22.550   1.9444    
 335    -39.964     22.550   2.9255    
 336    -25.314     22.550  0.42356    
 337    -10.664     22.550  0.67694    
 338      3.986     22.550  0.11539    
 339     18.636     22.550  -2.7883    
 340     33.286     22.550  0.31893    
 341     47.936     22.550  0.18539    
 342     62.586     22.550  0.55336    
 343     77.236     22.550  0.58888    
 344     91.886     22.550  0.41425    
 345    106.536     22.550  0.28303    
 346    121.186     22.550  0.54104    
 347    135.836     22.550  0.10211    
 348    150.486     22.550  0.16909    
 349    165.136     22.550  0.35253    
 350    179.786     22.550  0.61613    
 351    194.436     22.550  0.73516    
 352    209.086     22.550  0.59520    
 353     77.236     37.200  0.58407    
 354     62.586     37.200  0.58718    
 355     47.936     37.200  0.24739    
 356     33.286     37.200  0.34871    
 357     18.636     37.200 -0.58889    
 358      3.986     37.200 -0.45124    
 359    -10.664     37.200  0.62824    
 360    -25.314     37.200  0.50061    
 361    -39.964     37.200   4.8981    
 362    -54.614     37.200 -0.85673    
 363    -69.264     37.200  0.28510    
 364    -83.914     37.200  0.49533    
 365    -83.914     51.850  0.78109    
 366    -69.264     51.850  0.54056    
 367    -54.614     51.850 -0.85330    
 368    -39.964     51.850   3.4661    
 369    -25.314     51.850  0.39571    
 370    -10.664     51.850  0.59123    
 371      3.986     51.850 -0.28020    
 372     18.636     51.850   1.8636    
 373     33.286     51.850  0.21801    
 374     47.936     51.850  0.26001    
 375     62.586     51.850  0.27867    
 376     77.236     51.850  0.14838    
 377     77.236     66.500  0.73865    
 378     62.586     66.500  0.73140    
 379     47.936     66.500  0.14121    
 380     33.286     66.500 -5.10043E-03
 381     18.636     66.500   2.7799    
 382      3.986     66.500  0.11217    
 383    -10.664     66.500  0.68341    
 384    -25.314     66.500  0.36363    
 385    -39.964     66.500   3.9575    
 386    -54.614     66.500  0.33170    
 387    -69.264     66.500  0.65083    
 388    -83.914     66.500  0.85733    
 389    -83.914     81.150   1.3289    
 390    -69.264     81.150   1.2336    
 391    -54.614     81.150  0.29098    
 392    -39.964     81.150   6.8325    
 393    -25.314     81.150   1.2912    
 394    -10.664     81.150   1.0932    
 395      3.986     81.150 -0.31935    
 396     18.636     81.150   3.1299    
 397     33.286     81.150 -0.18272    
 398     47.936     81.150  0.38259    
 399     62.586     81.150  0.37728    
 400     77.236     81.150  0.36077    
 401     77.236     95.800  0.69236    
 402     62.586     95.800  0.70005    
 403     47.936     95.800 -0.28679    
 404     33.286     95.800 -8.04242E-02
 405     18.636     95.800   3.6953    
 406      3.986     95.800 -0.20960    
 407    -10.664     95.800   1.5462    
 408    -25.314     95.800   2.0596    
 409    -39.964     95.800   6.4928    
 410    -54.614     95.800   1.8729    
 411    -69.264     95.800  0.96412    
 412    -83.914     95.800  0.78031    
 413    -83.914    110.450  0.69906    
 414    -69.264    110.450   1.1293    
 415    -54.614    110.450   2.1553    
 416    -39.964    110.450   4.4603    
 417    -25.314    110.450   1.2459    
 418    -10.664    110.450   1.0181    
 419      3.986    110.450 -0.14658    
 420     18.636    110.450   2.9641    
 421     33.286    110.450  0.57609    
 422     47.936    110.450  0.73638    
 423     62.586    110.450  0.14356    
 424     77.236    110.450  0.13485    
 425     77.236    125.100  0.46512    
 426     62.586    125.100  0.37788    
 427     47.936    125.100  0.89841    
 428     33.286    125.100   1.4517    
 429     18.636    125.100   3.6523    
 430      3.986    125.100 -0.23832    
 431    -10.664    125.100  0.26570    
 432    -25.314    125.100 -1.61004E-03
 433    -39.964    125.100   4.9918    
 434    -54.614    125.100   3.4611    
 435    -69.264    125.100  0.73880    
 436    -83.914    125.100  0.20153    
 437    -83.914    139.750 -0.38977    
 438    -69.264    139.750  0.22967    
 439    -54.614    139.750   3.5116    
 440    -39.964    139.750   5.2201    
 441    -25.314    139.750 -0.12890    
 442    -10.664    139.750 -0.18030    
 443      3.986    139.750 -0.22499    
 444     18.636    139.750   4.9342    
 445     33.286    139.750   1.5664    
 446     47.936    139.750   2.0936    
 447     62.586    139.750  2.54656E-02
 448     77.236    139.750  8.67672E-02
 449     62.586    154.400  0.85640    
 450     47.936    154.400  0.78031    
 451     33.286    154.400  0.27629    
 452     18.636    154.400  0.63854    
 453      3.986    154.400  0.13422    
 454    -10.664    154.400 -5.40247E-02
 455    -25.314    154.400  0.47070    
 456    -39.964    154.400  2.78711E-02
 457    -54.614    154.400  0.56949    
 458    -69.264    154.400  0.45834    
 459    -83.914    154.400 -0.43074    
 460    -69.264    169.050  0.45790    
 461    -54.614    169.050  0.56918    
 462    -39.964    169.050  2.77595E-02
 463    -25.314    169.050  0.47079    
 464    -10.664    169.050 -5.40025E-02
 465      3.986    169.050  0.13421    
 466     18.636    169.050  0.63795    
 467     33.286    169.050  0.27625    
 468     47.936    169.050  0.78029    
 469     62.586    169.050  0.85479    
