 152    -39.964    -94.650   6.3357    
 153    -25.314    -94.650   6.7696    
 154    -10.664    -94.650   8.4833    
 155      3.986    -94.650   7.6927    
 156     18.636    -94.650   10.093    
 157     33.286    -94.650   12.246    
 158     47.936    -94.650   16.571    
 185     47.936    -80.000   8.4846    
 186     33.286    -80.000   7.3801    
 187     18.636    -80.000   4.5095    
 188      3.986    -80.000   7.4467    
 189    -10.664    -80.000   7.9629    
 190    -25.314    -80.000   6.4151    
 191    -39.964    -80.000   6.2891    
 198    -39.964    -65.350   6.5406    
 199    -25.314    -65.350   6.5829    
 200    -10.664    -65.350   8.2391    
 201      3.986    -65.350   8.7031    
 202     18.636    -65.350   4.7325    
 203     33.286    -65.350   6.7801    
 204     47.936    -65.350   4.8889    
 231     47.936    -50.700   4.1454    
 232     33.286    -50.700   6.4169    
 233     18.636    -50.700   7.1664    
 234      3.986    -50.700   9.9709    
 235    -10.664    -50.700   8.9375    
 236    -25.314    -50.700   9.2300    
 237    -39.964    -50.700   9.0239    
 244    -39.964    -36.050   10.025    
 245    -25.314    -36.050   9.9156    
 246    -10.664    -36.050   9.2638    
 247      3.986    -36.050   9.1270    
 248     18.636    -36.050   4.7092    
 249     33.286    -36.050   5.1811    
 250     47.936    -36.050   4.5011    
 277     47.936    -21.400   5.8021    
 278     33.286    -21.400   6.1904    
 279     18.636    -21.400   5.2099    
 280      3.986    -21.400   9.9583    
 281    -10.664    -21.400   9.5319    
 282    -25.314    -21.400   9.3556    
 283    -39.964    -21.400   8.8775    
 290    -39.964     -6.750   8.8128    
 291    -25.314     -6.750   9.4322    
 292    -10.664     -6.750   10.491    
 293      3.986     -6.750   10.818    
 294     18.636     -6.750   7.0323    
 295     33.286     -6.750   7.1054    
 296     47.936     -6.750   6.4325    
 322     47.936      7.900   5.8806    
 323     33.286      7.900   6.5682    
 324     18.636      7.900   4.8087    
 325      3.986      7.900   9.5811    
 326    -10.664      7.900   10.582    
 327    -25.314      7.900   8.6124    
 328    -39.964      7.900   9.8451    
 335    -39.964     22.550   8.3345    
 336    -25.314     22.550   7.0917    
 337    -10.664     22.550   8.2382    
 338      3.986     22.550   7.9724    
 339     18.636     22.550   4.1619    
 340     33.286     22.550   8.2485    
 341     47.936     22.550   6.9728    
 355     47.936     37.200   5.9996    
 356     33.286     37.200   7.0116    
 357     18.636     37.200   5.9166    
 358      3.986     37.200   6.1752    
 359    -10.664     37.200   8.1207    
 360    -25.314     37.200   7.4850    
 361    -39.964     37.200   10.331    
