 1     238.386      -226.500   2.4174083000000004 
 2     223.736      -226.500   2.4421795 
 3     209.086      -226.500   2.4431223 
 4     194.436      -226.500   2.451578 
 5     179.786      -226.500   2.5404364999999998 
 6     165.136      -226.500   2.8744347 
 7     150.486      -226.500   2.6920151000000003 
 8     135.836      -226.500   1.7770389 
 9     121.186      -226.500   1.30997269 
 10     106.536      -226.500   1.2760322000000002 
 11     91.886      -226.500   1.2737095 
 12     77.236      -226.500   1.2732427000000002 
 13     33.286      -211.850   0.23493560000000002 
 14     47.936      -211.850   0.4055863 
 15     62.586      -211.850   0.4853306 
 16     77.236      -211.850   1.2180247199999998 
 17     91.886      -211.850   1.3945186 
 18     106.536      -211.850   1.3958991 
 19     121.186      -211.850   1.4194947999999998 
 20     135.836      -211.850   1.7588519 
 21     150.486      -211.850   2.5196767 
 22     165.136      -211.850   2.6937249999999997 
 23     179.786      -211.850   2.8105032000000003 
 24     194.436      -211.850   2.9809173 
 25     209.086      -211.850   3.0161882 
 26     223.736      -211.850   3.0208898 
 27     238.386      -211.850   2.5524351 
 28     253.036      -211.850   2.3418403999999997 
 29     267.686      -211.850   2.3650604 
 30     267.686      -197.200   2.2561945999999997 
 31     253.036      -197.200   2.2481897 
 32     238.386      -197.200   2.0832356 
 33     223.736      -197.200   2.711961 
 34     209.086      -197.200   3.4543899000000002 
 35     194.436      -197.200   3.3821929 
 36     179.786      -197.200   3.0284694 
 37     165.136      -197.200   2.58780348 
 38     150.486      -197.200   2.4541575 
 39     135.836      -197.200   2.1634727000000002 
 40     121.186      -197.200   1.9107757 
 41     106.536      -197.200   1.8483570999999999 
 42     91.886      -197.200   1.7193721 
 43     77.236      -197.200   0.7940631 
 44     62.586      -197.200   0.4987778 
 45     47.936      -197.200   0.36708766 
 46     33.286      -197.200   0.19980362999999998 
 47     18.636      -197.200   0.15723092000000002 
 48     -39.964      -182.550   -0.5085002000000001 
 49     -25.314      -182.550   -0.48585732000000004 
 50     -10.664      -182.550   -0.17929076000000002 
 51     3.986      -182.550   0.1894997 
 52     18.636      -182.550   0.1710761 
 53     33.286      -182.550   0.18757030000000002 
 54     47.936      -182.550   0.33559980000000006 
 55     62.586      -182.550   0.5170241 
 56     77.236      -182.550   0.8335479 
 57     91.886      -182.550   1.5652614 
 58     106.536      -182.550   2.3430413 
 59     121.186      -182.550   2.4627172 
 60     135.836      -182.550   2.6132704 
 61     150.486      -182.550   2.7731356000000003 
 62     165.136      -182.550   2.9771512 
 63     179.786      -182.550   3.2209320999999997 
 64     194.436      -182.550   3.4036237000000003 
 65     209.086      -182.550   2.954183 
 66     223.736      -182.550   1.5797416999999998 
 67     238.386      -182.550   1.9294994 
 68     253.036      -182.550   2.0896803 
 69     267.686      -182.550   2.1018456 
 70     267.686      -167.900   1.8446992000000002 
 71     253.036      -167.900   1.8378767999999999 
 72     238.386      -167.900   1.7593193 
 73     223.736      -167.900   1.5537687000000002 
 74     209.086      -167.900   2.0161946 
 75     194.436      -167.900   3.0528278999999996 
 76     179.786      -167.900   3.4422604000000003 
 77     165.136      -167.900   3.8912757 
 78     150.486      -167.900   3.9147082 
 79     135.836      -167.900   3.201141 
 80     121.186      -167.900   2.6369916 
 81     106.536      -167.900   2.3279721 
 82     91.886      -167.900   1.643647337 
 83     77.236      -167.900   0.9061262 
 84     62.586      -167.900   0.5714394 
 85     47.936      -167.900   0.37427883 
 86     33.286      -167.900   0.2642731 
 87     18.636      -167.900   0.4383268 
 88     3.986      -167.900   0.1900709 
 89     -10.664      -167.900   -0.17729539000000005 
 90     -25.314      -167.900   -0.48066929 
 91     -39.964      -167.900   -0.4838529 
 92     -54.614      -167.900   -0.2632615 
 93     -69.264      -167.900   -0.1754718 
 94     -83.914      -167.900   -0.10297588999999997 
 95     -98.564      -153.250   -0.022707700000000004 
 96     -83.914      -153.250   -0.08406600000000002 
 97     -69.264      -153.250   -0.14817467000000004 
 98     -54.614      -153.250   -0.17249219999999998 
 99     -39.964      -153.250   -0.35714911 
 100     -25.314      -153.250   -0.4444081 
 101     -10.664      -153.250   -0.16429938 
 102     3.986      -153.250   0.19359430000000002 
 103     18.636      -153.250   0.4708009 
 104     33.286      -153.250   0.43571806999999996 
 105     47.936      -153.250   0.5927491 
 106     62.586      -153.250   0.782457 
 107     77.236      -153.250   1.13938243 
 108     91.886      -153.250   1.9028637000000002 
 109     106.536      -153.250   2.6467034 
 110     121.186      -153.250   2.9775887 
 111     135.836      -153.250   3.6457821 
 112     150.486      -153.250   4.6647609999999995 
 113     165.136      -153.250   4.7326435 
 114     179.786      -153.250   3.8425201999999996 
 115     194.436      -153.250   3.0310843999999997 
 116     209.086      -153.250   1.9696525900000001 
 117     223.736      -153.250   1.7152825999999999 
 118     238.386      -153.250   1.8143459 
 119     253.036      -153.250   1.7455356 
 120     267.686      -153.250   1.7246607999999999 
 121     267.686      -138.600   2.0581506 
 122     253.036      -138.600   2.0519198 
 123     238.386      -138.600   2.0061245 
 124     223.736      -138.600   1.8609677220000003 
 125     209.086      -138.600   2.1611797399999997 
 126     194.436      -138.600   3.2926018 
 127     179.786      -138.600   4.2549947 
 128     165.136      -138.600   5.0139232 
 129     150.486      -138.600   4.919563699999999 
 130     135.836      -138.600   4.3209141 
 131     121.186      -138.600   4.0526094 
 132     106.536      -138.600   3.7334820000000004 
 133     91.886      -138.600   2.6604915000000005 
 134     77.236      -138.600   1.7203774000000003 
 135     62.586      -138.600   1.1992701 
 136     47.936      -138.600   0.7547324999999999 
 137     33.286      -138.600   0.47130999999999995 
 138     18.636      -138.600   0.47722929999999997 
 139     3.986      -138.600   0.2309576 
 140     -10.664      -138.600   -0.05965609999999999 
 141     -25.314      -138.600   -0.20161924 
 142     -39.964      -138.600   -0.057388220000000004 
 143     -54.614      -138.600   -0.10314696 
 144     -69.264      -138.600   -0.10352712699999998 
 145     -83.914      -138.600   -0.06480490000000003 
 146     -98.564      -138.600   -0.022853500000000006 
 147     -98.564      -123.950   0.0064676899999999956 
 148     -83.914      -123.950   -0.009840750000000004 
 149     -69.264      -123.950   -0.009421310000000006 
 150     -54.614      -123.950   0.019985900000000008 
 151     -39.964      -123.950   -0.012662100000000013 
 152     -25.314      -123.950   0.22064530000000002 
 153     -10.664      -123.950   0.30027102 
 154     3.986      -123.950   0.413882118 
 155     18.636      -123.950   0.60302403 
 156     33.286      -123.950   0.8027527 
 157     47.936      -123.950   1.106932 
 158     62.586      -123.950   1.6226782999999998 
 159     77.236      -123.950   2.2433482999999996 
 160     91.886      -123.950   3.6211843 
 161     106.536      -123.950   5.2920097 
 162     121.186      -123.950   5.605845700000001 
 163     135.836      -123.950   5.276142800000001 
 164     150.486      -123.950   4.983983 
 165     165.136      -123.950   4.564008 
 166     179.786      -123.950   3.9152059 
 167     194.436      -123.950   3.1885098 
 168     209.086      -123.950   2.04906571 
 169     223.736      -123.950   1.4681378999999999 
 170     238.386      -123.950   1.4608026099999998 
 171     253.036      -123.950   1.5404662999999998 
 172     267.686      -123.950   1.5597516999999999 
 173     267.686      -109.300   0.9498708400000001 
 174     253.036      -109.300   0.94846502 
 175     238.386      -109.300   0.97713651 
 176     223.736      -109.300   1.0617165400000002 
 177     209.086      -109.300   1.3292182980000002 
 178     194.436      -109.300   2.3455720999999996 
 179     179.786      -109.300   3.0830743 
 180     165.136      -109.300   4.1492888 
 181     150.486      -109.300   5.3832601 
 182     135.836      -109.300   6.0840934 
 183     121.186      -109.300   6.1690863 
 184     106.536      -109.300   5.402316800000001 
 185     91.886      -109.300   3.6377511 
 186     77.236      -109.300   2.3648285 
 187     62.586      -109.300   1.8449510000000002 
 188     47.936      -109.300   1.3994137999999998 
 189     33.286      -109.300   1.125152 
 190     18.636      -109.300   0.9305374999999999 
 191     3.986      -109.300   0.7678389 
 192     -10.664      -109.300   0.6493698 
 193     -25.314      -109.300   0.33006880000000005 
 194     -39.964      -109.300   0.03169088000000001 
 195     -54.614      -109.300   0.22306159999999997 
 196     -69.264      -109.300   0.14441389999999998 
 197     -83.914      -109.300   0.10155748000000002 
 198     -98.564      -109.300   0.09908749999999997 
 199     -98.564      -94.650   0.08973170000000005 
 200     -83.914      -94.650   0.10105447000000004 
 201     -69.264      -94.650   0.16405279999999997 
 202     -54.614      -94.650   0.323620137 
 203     -39.964      -94.650   0.3109055 
 204     -25.314      -94.650   0.465526739 
 205     -10.664      -94.650   0.7693682 
 206     3.986      -94.650   1.1018070599999998 
 207     18.636      -94.650   1.3299416000000002 
 208     33.286      -94.650   1.4073210999999997 
 209     47.936      -94.650   1.5915901 
 210     62.586      -94.650   2.0362857 
 211     77.236      -94.650   2.4743464 
 212     91.886      -94.650   3.1240637 
 213     106.536      -94.650   4.564369999999999 
 214     121.186      -94.650   5.985098 
 215     135.836      -94.650   6.7248055 
 216     150.486      -94.650   5.9707182 
 217     165.136      -94.650   3.71728 
 218     179.786      -94.650   2.2778595 
 219     194.436      -94.650   1.7876072 
 220     209.086      -94.650   1.2726118 
 221     223.736      -94.650   1.2817911 
 222     238.386      -94.650   1.03895981 
 223     253.036      -94.650   0.6364829999999999 
 224     267.686      -94.650   0.5457070700000001 
 225     267.686      -80.000   0.6725367 
 226     253.036      -80.000   0.7556204000000001 
 227     238.386      -80.000   1.1229695999999998 
 228     223.736      -80.000   1.373191 
 229     209.086      -80.000   1.4937614999999997 
 230     194.436      -80.000   2.0488557000000003 
 231     179.786      -80.000   2.3607189999999996 
 232     165.136      -80.000   3.7123119000000004 
 233     150.486      -80.000   6.6292149 
 234     135.836      -80.000   7.734118800000001 
 235     121.186      -80.000   6.517784299999999 
 236     106.536      -80.000   4.179903800000001 
 237     91.886      -80.000   2.3375451000000003 
 238     77.236      -80.000   1.8960885 
 239     62.586      -80.000   1.7665332999999999 
 240     47.936      -80.000   1.5098037 
 241     33.286      -80.000   1.5226605999999998 
 242     18.636      -80.000   1.6805068 
 243     3.986      -80.000   1.43233383 
 244     -10.664      -80.000   0.9390506 
 245     -25.314      -80.000   0.5677481 
 246     -39.964      -80.000   0.3860109 
 247     -54.614      -80.000   0.26090693 
 248     -69.264      -80.000   0.10004830000000002 
 249     -83.914      -80.000   0.04208490000000001 
 250     -98.564      -80.000   0.020606399999999983 
 251     -98.564      -65.350   0.34266335 
 252     -83.914      -65.350   0.35346203 
 253     -69.264      -65.350   0.37657992000000007 
 254     -54.614      -65.350   0.451647826 
 255     -39.964      -65.350   0.5462314000000001 
 256     -25.314      -65.350   0.7115981 
 257     -10.664      -65.350   1.2409398 
 258     3.986      -65.350   1.9770434999999997 
 259     18.636      -65.350   2.0634254000000003 
 260     33.286      -65.350   1.4646263000000002 
 261     47.936      -65.350   1.0569461999999998 
 262     62.586      -65.350   1.0588765 
 263     77.236      -65.350   1.1595080000000002 
 264     91.886      -65.350   1.7809675 
 265     106.536      -65.350   3.9082399999999997 
 266     121.186      -65.350   6.831007599999999 
 267     135.836      -65.350   8.0760112 
 268     150.486      -65.350   6.6848574 
 269     165.136      -65.350   3.7330643 
 270     179.786      -65.350   2.4224745999999997 
 271     194.436      -65.350   1.8892007 
 272     209.086      -65.350   1.2348103 
 273     223.736      -65.350   1.01403943 
 274     238.386      -65.350   0.9304361300000001 
 275     253.036      -65.350   0.5999141 
 276     267.686      -65.350   0.5154053000000001 
 277     267.686      -50.700   0.7143937 
 278     253.036      -50.700   0.7435558 
 279     238.386      -50.700   0.8480051999999999 
 280     223.736      -50.700   0.89418941 
 281     209.086      -50.700   0.96344325 
 282     194.436      -50.700   1.32342 
 283     179.786      -50.700   1.9548906 
 284     165.136      -50.700   2.9612591000000004 
 285     150.486      -50.700   5.1414803 
 286     135.836      -50.700   6.2851498 
 287     121.186      -50.700   5.2576803000000005 
 288     106.536      -50.700   2.9618244 
 289     91.886      -50.700   1.3508480999999999 
 290     77.236      -50.700   0.7670307000000001 
 291     62.586      -50.700   0.6581638000000001 
 292     47.936      -50.700   0.7627235000000001 
 293     33.286      -50.700   1.1674383 
 294     18.636      -50.700   1.7809868000000002 
 295     3.986      -50.700   1.8241078000000002 
 296     -10.664      -50.700   1.3131659 
 297     -25.314      -50.700   0.9621943000000001 
 298     -39.964      -50.700   0.8436910000000001 
 299     -54.614      -50.700   0.6557169759999999 
 300     -69.264      -50.700   0.5448676 
 301     -83.914      -50.700   0.5161146 
 302     -98.564      -50.700   0.5046217 
 303     -98.564      -36.050   0.5324679 
 304     -83.914      -36.050   0.5473388 
 305     -69.264      -36.050   0.59155089 
 306     -54.614      -36.050   0.7834378999999999 
 307     -39.964      -36.050   1.0723163 
 308     -25.314      -36.050   1.098667 
 309     -10.664      -36.050   1.1730705 
 310     3.986      -36.050   1.2909126000000002 
 311     18.636      -36.050   1.1931167 
 312     33.286      -36.050   1.0757678 
 313     47.936      -36.050   1.0946050999999999 
 314     62.586      -36.050   0.9141534 
 315     77.236      -36.050   0.8050334297 
 316     91.886      -36.050   1.1880269 
 317     106.536      -36.050   2.0338809 
 318     121.186      -36.050   3.2396642 
 319     135.836      -36.050   3.6431289000000002 
 320     150.486      -36.050   2.9612689 
 321     165.136      -36.050   1.7858536 
 322     179.786      -36.050   1.255131 
 323     194.436      -36.050   0.8946213900000001 
 324     209.086      -36.050   0.75592 
 325     223.736      -36.050   0.8254272000000001 
 326     238.386      -36.050   0.9420130000000001 
 327     253.036      -36.050   0.7790196 
 328     267.686      -36.050   0.68613969 
 329     267.686      -21.400   0.5802864400000001 
 330     253.036      -21.400   0.9000684999999999 
 331     238.386      -21.400   1.1798199999999999 
 332     223.736      -21.400   0.8863078999999999 
 333     209.086      -21.400   1.13948446 
 334     194.436      -21.400   1.2699131 
 335     179.786      -21.400   1.2430684 
 336     165.136      -21.400   1.2475958999999999 
 337     150.486      -21.400   1.982533 
 338     135.836      -21.400   2.3534904 
 339     121.186      -21.400   2.1976096000000003 
 340     106.536      -21.400   1.6146835 
 341     91.886      -21.400   1.0745818440000001 
 342     77.236      -21.400   0.886054325 
 343     62.586      -21.400   1.4957682 
 344     47.936      -21.400   1.9297468 
 345     33.286      -21.400   1.6895159 
 346     18.636      -21.400   1.3913270999999998 
 347     3.986      -21.400   1.3707365 
 348     -10.664      -21.400   1.1671873000000001 
 349     -25.314      -21.400   1.1282408999999998 
 350     -39.964      -21.400   1.0697395 
 351     -54.614      -21.400   0.7725802 
 352     -69.264      -21.400   0.6184048999999999 
 353     -83.914      -21.400   0.5892378 
 354     -98.564      -21.400   0.58317137 
 355     -98.564      -6.750   0.7395256099999999 
 356     -83.914      -6.750   0.74368238 
 357     -69.264      -6.750   0.7533892000000001 
 358     -54.614      -6.750   0.8174718000000001 
 359     -39.964      -6.750   1.0498848 
 360     -25.314      -6.750   1.3071805 
 361     -10.664      -6.750   1.6469467000000002 
 362     3.986      -6.750   1.9589328000000001 
 363     18.636      -6.750   1.9844312000000002 
 364     33.286      -6.750   2.1018109000000003 
 365     47.936      -6.750   2.0355617 
 366     62.586      -6.750   1.4738034000000002 
 367     77.236      -6.750   0.7912451300000001 
 368     91.886      -6.750   0.86225777 
 369     106.536      -6.750   1.1773189 
 370     121.186      -6.750   1.5283584 
 371     135.836      -6.750   1.6094403 
 372     150.486      -6.750   1.4985537000000002 
 373     165.136      -6.750   1.22785168 
 374     179.786      -6.750   1.72091374 
 375     194.436      -6.750   1.9830643000000001 
 376     209.086      -6.750   2.0182326 
 377     223.736      -6.750   1.7758459000000002 
 378     238.386      -6.750   1.38498 
 379     253.036      -6.750   1.1619623 
 380     267.686      -6.750   0.6076588 
 381     253.036      7.900   1.69289 
 382     238.386      7.900   2.0658113 
 383     223.736      7.900   2.2443435 
 384     209.086      7.900   2.243612 
 385     194.436      7.900   2.2404285 
 386     179.786      7.900   2.1170771 
 387     165.136      7.900   1.56611929 
 388     150.486      7.900   1.3879157999999998 
 389     135.836      7.900   1.2235057 
 390     121.186      7.900   1.0233789999999998 
 391     106.536      7.900   0.7795228000000001 
 392     91.886      7.900   0.5451949 
 393     77.236      7.900   0.7112162000000002 
 394     62.586      7.900   1.1974436000000002 
 395     47.936      7.900   1.6689818000000003 
 396     33.286      7.900   1.8868614000000001 
 397     18.636      7.900   1.8639921 
 398     3.986      7.900   2.0352776 
 399     -10.664      7.900   1.8545544 
 400     -25.314      7.900   1.3169688 
 401     -39.964      7.900   0.8699206 
 402     -54.614      7.900   0.6610709699999999 
 403     -69.264      7.900   0.6258384 
 404     -83.914      7.900   0.618355 
 405     -98.564      7.900   0.6165298 
 406     -98.564      22.550   0.5355418000000001 
 407     -83.914      22.550   0.5108900000000001 
 408     -69.264      22.550   0.5586116999999999 
 409     -54.614      22.550   0.6719244999999999 
 410     -39.964      22.550   0.8549331 
 411     -25.314      22.550   1.2415706 
 412     -10.664      22.550   1.6386918 
 413     3.986      22.550   1.6768790999999998 
 414     18.636      22.550   1.4504032 
 415     33.286      22.550   1.4350903 
 416     47.936      22.550   1.3398394999999999 
 417     62.586      22.550   1.1063641 
 418     77.236      22.550   0.9462474999999999 
 419     91.886      22.550   0.8231637 
 420     106.536      22.550   0.7353632999999999 
 421     121.186      22.550   0.7384447999999999 
 422     135.836      22.550   0.8602459000000001 
 423     150.486      22.550   0.95129 
 424     165.136      22.550   1.2041271 
 425     179.786      22.550   1.7494907 
 426     194.436      22.550   1.9246235 
 427     209.086      22.550   1.9390990000000001 
 428     223.736      22.550   1.9422768999999998 
 429     238.386      22.550   1.9363482 
 430     238.386      37.200   1.5068642 
 431     223.736      37.200   1.51544951 
 432     209.086      37.200   1.50267694 
 433     194.436      37.200   1.469026324 
 434     179.786      37.200   1.2985940999999999 
 435     165.136      37.200   0.8919547 
 436     150.486      37.200   0.6766242 
 437     135.836      37.200   0.6360074 
 438     121.186      37.200   0.6741135 
 439     106.536      37.200   0.7521017 
 440     91.886      37.200   0.9523329 
 441     77.236      37.200   1.1616585000000001 
 442     62.586      37.200   1.2900283000000001 
 443     47.936      37.200   1.1643191 
 444     33.286      37.200   1.024384 
 445     18.636      37.200   1.1285754 
 446     3.986      37.200   1.4798234000000001 
 447     -10.664      37.200   1.5324004 
 448     -25.314      37.200   1.3135586 
 449     -39.964      37.200   0.9882217000000001 
 450     -54.614      37.200   0.7770478999999999 
 451     -69.264      37.200   0.6640809 
 452     -83.914      37.200   0.7260301000000001 
 453     -98.564      37.200   1.3246223999999998 
 454     -98.564      51.850   1.3340478 
 455     -83.914      51.850   1.1874916 
 456     -69.264      51.850   0.7515411000000001 
 457     -54.614      51.850   0.7076894 
 458     -39.964      51.850   0.9566374 
 459     -25.314      51.850   1.3162415 
 460     -10.664      51.850   1.4723925 
 461     3.986      51.850   1.3374087 
 462     18.636      51.850   0.9622233 
 463     33.286      51.850   0.9070252999999999 
 464     47.936      51.850   1.0943914000000001 
 465     62.586      51.850   1.4059235 
 466     77.236      51.850   1.5590976 
 467     91.886      51.850   1.2319976000000001 
 468     106.536      51.850   0.9350485 
 469     121.186      51.850   0.6943590000000001 
 470     135.836      51.850   0.55643799 
 471     150.486      51.850   0.66147256 
 472     165.136      51.850   0.8677643 
 473     179.786      51.850   0.9504490999999999 
 474     194.436      51.850   1.0941825 
 475     209.086      51.850   1.2141210100000002 
 476     223.736      51.850   1.2758138 
 477     238.386      51.850   1.3193367999999999 
 478     223.736      66.500   1.0829112200000002 
 479     209.086      66.500   0.88521821 
 480     194.436      66.500   0.70841709 
 481     179.786      66.500   0.64331503 
 482     165.136      66.500   0.6802759999999999 
 483     150.486      66.500   0.5190071 
 484     135.836      66.500   0.34573483000000005 
 485     121.186      66.500   0.26179909 
 486     106.536      66.500   0.48529804 
 487     91.886      66.500   0.9424635 
 488     77.236      66.500   1.5363988000000002 
 489     62.586      66.500   1.407703 
 490     47.936      66.500   1.1338294 
 491     33.286      66.500   1.0003900000000001 
 492     18.636      66.500   1.0954873 
 493     3.986      66.500   1.2722234 
 494     -10.664      66.500   1.2993640000000002 
 495     -25.314      66.500   1.1188875999999999 
 496     -39.964      66.500   0.9512941 
 497     -54.614      66.500   0.8553894999999999 
 498     -69.264      66.500   1.0056531999999998 
 499     -83.914      66.500   1.0866975 
 500     -98.564      66.500   0.9952675 
 501     -98.564      81.150   0.47422190000000003 
 502     -83.914      81.150   0.72455095 
 503     -69.264      81.150   0.9333361 
 504     -54.614      81.150   0.8999874999999999 
 505     -39.964      81.150   1.0617889999999999 
 506     -25.314      81.150   1.3743682000000002 
 507     -10.664      81.150   1.4589980000000002 
 508     3.986      81.150   1.3748064999999998 
 509     18.636      81.150   1.41734 
 510     33.286      81.150   1.2725627999999998 
 511     47.936      81.150   1.1540637 
 512     62.586      81.150   1.1532460999999998 
 513     77.236      81.150   1.3704782 
 514     91.886      81.150   0.9080878 
 515     106.536      81.150   0.43845088 
 516     121.186      81.150   0.21854474000000002 
 517     135.836      81.150   0.326173323 
 518     150.486      81.150   0.5046455 
 519     165.136      81.150   0.6573424000000001 
 520     179.786      81.150   0.6102787000000001 
 521     194.436      81.150   0.6430071 
 522     209.086      81.150   0.7418871 
 523     223.736      81.150   0.8460378 
 524     223.736      95.800   0.8329396 
 525     209.086      95.800   0.7394748 
 526     194.436      95.800   0.6420458 
 527     179.786      95.800   0.60976287 
 528     165.136      95.800   0.6569497000000001 
 529     150.486      95.800   0.5044049 
 530     135.836      95.800   0.325865161 
 531     121.186      95.800   0.21784818999999997 
 532     106.536      95.800   0.43771601 
 533     91.886      95.800   0.8730705999999999 
 534     77.236      95.800   0.7950972999999999 
 535     62.586      95.800   0.79340256 
 536     47.936      95.800   0.8990594000000001 
 537     33.286      95.800   1.1366087 
 538     18.636      95.800   1.3160841 
 539     3.986      95.800   1.1814681000000002 
 540     -10.664      95.800   1.3930583 
 541     -25.314      95.800   1.4134309999999999 
 542     -39.964      95.800   0.86035671 
 543     -54.614      95.800   0.48080236000000004 
 544     -69.264      95.800   0.39168244 
 545     -83.914      95.800   0.308335 
 546     -98.564      95.800   0.13941067999999998 
 547     -98.564      110.450   0.3815221000000001 
 548     -83.914      110.450   0.35859709999999995 
 549     -69.264      110.450   0.20375615999999996 
 550     -54.614      110.450   0.25394880999999997 
 551     -39.964      110.450   0.6358895 
 552     -25.314      110.450   0.9004268 
 553     -10.664      110.450   0.8642548 
 554     3.986      110.450   0.9239067000000001 
 555     18.636      110.450   0.9292079000000001 
 556     33.286      110.450   0.6269448 
 557     47.936      110.450   0.46713845000000004 
 558     62.586      110.450   0.5318986 
 559     77.236      110.450   0.5244141 
 560     91.886      110.450   0.5060177 
 561     106.536      110.450   0.4459174 
 562     121.186      110.450   0.21783373 
 563     135.836      110.450   0.325857234 
 564     150.486      110.450   0.5044044999999999 
 565     165.136      110.450   0.6569383 
 566     179.786      110.450   0.6097504 
 567     194.436      110.450   0.6421204 
 568     209.086      110.450   0.7697082000000001 
 569     106.536      125.100   0.4553847 
 570     91.886      125.100   0.4632267 
 571     77.236      125.100   0.4829878000000001 
 572     62.586      125.100   0.526362 
 573     47.936      125.100   0.48547361000000006 
 574     33.286      125.100   0.43681929999999997 
 575     18.636      125.100   0.5702651 
 576     3.986      125.100   0.5711749 
 577     -10.664      125.100   0.45079758 
 578     -25.314      125.100   0.46835231 
 579     -39.964      125.100   0.44316163999999997 
 580     -54.614      125.100   0.26437730000000004 
 581     -69.264      125.100   0.33340869999999995 
 582     -83.914      125.100   0.6509292799999999 
 583     -98.564      125.100   0.7382266000000001 
 584     -98.564      139.750   0.7536373000000001 
 585     -83.914      139.750   0.3730506 
 586     -69.264      139.750   0.08198049 
 587     -54.614      139.750   0.061281039999999995 
 588     -39.964      139.750   0.23494675 
 589     -25.314      139.750   0.31401175000000003 
 590     -10.664      139.750   0.36640706 
 591     3.986      139.750   0.5113643000000001 
 592     18.636      139.750   0.6037467 
 593     33.286      139.750   0.45285929999999996 
 594     47.936      139.750   0.41039570999999997 
 595     62.586      139.750   0.3308826 
 596     77.236      139.750   0.29555060000000005 
 597     91.886      139.750   0.28553470000000003 
 598     106.536      139.750   0.28274560000000004 
 599     106.536      154.400   0.04830901 
 600     91.886      154.400   0.037465789999999985 
 601     77.236      154.400   0.027967439999999996 
 602     62.586      154.400   0.05982610000000001 
 603     47.936      154.400   0.23202080000000003 
 604     33.286      154.400   0.4393918 
 605     18.636      154.400   0.7446608 
 606     3.986      154.400   0.7152498 
 607     -10.664      154.400   0.50267521 
 608     -25.314      154.400   0.34087959 
 609     -39.964      154.400   0.2468368482 
 610     -54.614      154.400   -0.048081239 
 611     -69.264      154.400   -0.021965169999999996 
 612     -83.914      154.400   0.042772749999999984 
 613     -98.564      154.400   0.4809955999999999 
 614     -98.564      169.050   0.21149630000000003 
 615     -83.914      169.050   0.21607769999999998 
 616     -69.264      169.050   0.22345649999999997 
 617     -54.614      169.050   0.30085479 
 618     -39.964      169.050   0.45253570000000004 
 619     -25.314      169.050   0.39201090000000005 
 620     -10.664      169.050   0.48196776999999996 
 621     3.986      169.050   0.5740807800000001 
 622     18.636      169.050   0.5956270699999999 
 623     33.286      169.050   0.49693466999999997 
 624     47.936      169.050   0.23235607 
 625     62.586      169.050   0.18723710000000002 
 626     77.236      169.050   0.16976039999999995 
 627     91.886      169.050   0.10837059999999997 
 628     106.536      169.050   0.0390696 
 629     106.536      183.700   0.1798473 
 630     91.886      183.700   0.2126931 
 631     77.236      183.700   0.23213399999999995 
 632     62.586      183.700   0.2144671 
 633     47.936      183.700   0.2355816 
 634     33.286      183.700   0.5061353 
 635     18.636      183.700   0.5730033800000001 
 636     3.986      183.700   0.54380533 
 637     -10.664      183.700   0.46924448 
 638     -25.314      183.700   0.39376452000000006 
 639     -39.964      183.700   0.47369731000000004 
 640     -54.614      183.700   0.34745545 
 641     -69.264      183.700   0.27241774 
 642     -83.914      183.700   0.2742737 
 643     -98.564      183.700   0.28485189999999994 
