0.11D+08                                              +-  H  He C  O  S  G    
 JSPACE =            1
   1 H           0  1  0  0  0  0  0  0  0  0  0  0  0  0  0.16588281D-05
   2 C           0  0  0  1  0  0  0  0  0  0  0  0  0  0  0.77184026D-05
   3 Fe          0  0  0  0  0  0  0  0  1  0  0  0  0  0  0.22589990D-09
   4 Mg          0  0  0  0  0  0  0  0  0  0  1  0  0  0  0.12456116D-08
   5 S           0  0  0  0  0  0  0  1  0  0  0  0  0  0  0.26780264D-07
   6 Si          0  0  0  0  0  0  1  0  0  0  0  0  0  0  0.41790747D-08
   7 O           0  0  0  0  0  1  0  0  0  0  0  0  0  0  0.77796734D-04
   8 N           0  0  0  0  1  0  0  0  0  0  0  0  0  0  0.48361811D-04
   9 He          0  0  1  0  0  0  0  0  0  0  0  0  0  0  0.90000000D-01
  10 Cl          0  0  0  0  0  0  0  0  0  0  0  1  0  0  0.97488769D-09
  11 Na          0  0  0  0  0  0  0  0  0  1  0  0  0  0  0.37995056D-09
  12 P           0  0  0  0  0  0  0  0  0  0  0  0  1  0  0.57136150D-11
  13 F           0  0  0  0  0  0  0  0  0  0  0  0  0  1  0.42050375D-12
  14 OH          0  1  0  0  0  1  0  0  0  0  0  0  0  0  0.19332507D-09
  15 CO          0  0  0  1  0  1  0  0  0  0  0  0  0  0  0.16219237D-03
  16 CS          0  0  0  1  0  0  0  1  0  0  0  0  0  0  0.11221562D-08
  17 HS          0  1  0  0  0  0  0  1  0  0  0  0  0  0  0.48707874D-11
  18 N2          0  0  0  0  2  0  0  0  0  0  0  0  0  0  0.68025328D-05
  19 NH          0  1  0  0  1  0  0  0  0  0  0  0  0  0  0.11279008D-11
  20 SiH         0  1  0  0  0  0  1  0  0  0  0  0  0  0  0.14391558D-10
  21 SiO         0  0  0  0  0  1  1  0  0  0  0  0  0  0  0.12423243D-08
  22 SO          0  0  0  0  0  1  0  1  0  0  0  0  0  0  0.54700673D-10
  23 CH          0  1  0  1  0  0  0  0  0  0  0  0  0  0  0.27319517D-09
  24 O2          0  0  0  0  0  2  0  0  0  0  0  0  0  0  0.14102499D-08
  25 H2          0  2  0  0  0  0  0  0  0  0  0  0  0  0  0.49999914D+00
  26 C2          0  0  0  2  0  0  0  0  0  0  0  0  0  0  0.52915711D-10
  27 CN          0  0  0  1  1  0  0  0  0  0  0  0  0  0  0.20215448D-08
  28 MgH         0  1  0  0  0  0  0  0  0  0  1  0  0  0  0.25266226D-13
  29 NaH         0  1  0  0  0  0  0  0  0  1  0  0  0  0  0.54289341D-13
  30 NO          0  0  0  0  1  1  0  0  0  0  0  0  0  0  0.18645454D-09
  31 NS          0  0  0  0  1  0  0  1  0  0  0  0  0  0  0.19261223D-11
  32 PH          0  1  0  0  0  0  0  0  0  0  0  0  1  0  0.12733199D-13
  33 PN          0  0  0  0  1  0  0  0  0  0  0  0  1  0  0.18329332D-09
  34 PO          0  0  0  0  0  1  0  0  0  0  0  0  1  0  0.46654180D-13
  35 S2          0  0  0  0  0  0  0  2  0  0  0  0  0  0  0.64685701D-14
  36 SiC         0  0  0  1  0  0  1  0  0  0  0  0  0  0  0.18197159D-11
  37 SiN         0  0  0  0  1  0  1  0  0  0  0  0  0  0  0.18862715D-10
  38 SiS         0  0  0  0  0  0  1  1  0  0  0  0  0  0  0.18278831D-11
  39 CCl         0  0  0  1  0  0  0  0  0  0  0  1  0  0  0.44815094D-15
  40 ClO         0  0  0  0  0  1  0  0  0  0  0  1  0  0  0.00000000D+00
  41 CP          0  0  0  1  0  0  0  0  0  0  0  0  1  0  0.42802698D-14
  42 HCl         0  1  0  0  0  0  0  0  0  0  0  1  0  0  0.25045288D-10
  43 HF          0  1  0  0  0  0  0  0  0  0  0  0  0  1  0.66399059D-08
  44 CCH         0  1  0  2  0  0  0  0  0  0  0  0  0  0  0.19516999D-09
  45 C3          0  0  0  3  0  0  0  0  0  0  0  0  0  0  0.11381191D-08
  46 CH2         0  2  0  1  0  0  0  0  0  0  0  0  0  0  0.26739665D-08
  47 SO2         0  0  0  0  0  2  0  1  0  0  0  0  0  0  0.65472034D-14
  48 H2O         0  2  0  0  0  1  0  0  0  0  0  0  0  0  0.19822258D-08
  49 HCN         0  1  0  1  1  0  0  0  0  0  0  0  0  0  0.27762919D-07
  50 HCSi        0  1  0  1  0  0  1  0  0  0  0  0  0  0  0.61842903D-11
  51 CCN         0  0  0  2  1  0  0  0  0  0  0  0  0  0  0.12950061D-09
  52 CCS         0  0  0  2  0  0  0  1  0  0  0  0  0  0  0.10050558D-10
  53 CCO         0  0  0  2  0  1  0  0  0  0  0  0  0  0  0.87845367D-12
  54 CCP         0  0  0  2  0  0  0  0  0  0  0  0  1  0  0.17252047D-14
  55 CO2         0  0  0  1  0  2  0  0  0  0  0  0  0  0  0.19933619D-08
  56 H2S         0  2  0  0  0  0  0  1  0  0  0  0  0  0  0.68085912D-12
  57 HCO         0  1  0  1  0  1  0  0  0  0  0  0  0  0  0.30287478D-10
  58 HCP         0  1  0  1  0  0  0  0  0  0  0  0  1  0  0.24376932D-13
  59 HCS         0  1  0  1  0  0  0  1  0  0  0  0  0  0  0.55652233D-12
  60 HNC         0  1  0  1  1  0  0  0  0  0  0  0  0  0  0.22920786D-08
  61 HNO         0  1  0  0  1  1  0  0  0  0  0  0  0  0  0.12531101D-11
  62 HNSi        0  1  0  0  1  0  1  0  0  0  0  0  0  0  0.15736748D-09
  63 HPO         0  1  0  0  0  1  0  0  0  0  0  0  1  0  0.15645754D-18
  64 HSS         0  1  0  0  0  0  0  2  0  0  0  0  0  0  0.30321153D-13
  65 N2O         0  0  0  0  2  1  0  0  0  0  0  0  0  0  0.32770897D-16
  66 NaOH        0  1  0  0  0  1  0  0  0  1  0  0  0  0  0.38224751D-16
  67 NH2         0  2  0  0  1  0  0  0  0  0  0  0  0  0  0.75219241D-12
  68 NO2         0  0  0  0  1  2  0  0  0  0  0  0  0  0  0.00000000D+00
  69 O2H         0  1  0  0  0  2  0  0  0  0  0  0  0  0  0.61638212D-16
  70 OCN         0  0  0  1  1  1  0  0  0  0  0  0  0  0  0.17147054D-10
  71 OCS         0  0  0  1  0  1  0  1  0  0  0  0  0  0  0.19495170D-11
  72 PH2         0  2  0  0  0  0  0  0  0  0  0  0  1  0  0.28180237D-19
  73 c-SiC2      0  0  0  2  0  0  1  0  0  0  0  0  0  0  0.78260255D-12
  74 SiH2        0  2  0  0  0  0  1  0  0  0  0  0  0  0  0.72030098D-16
  75 SiNC        0  0  0  1  1  0  1  0  0  0  0  0  0  0  0.26453188D-12
  76 SiO2        0  0  0  0  0  2  1  0  0  0  0  0  0  0  0.57741683D-14
  77 C4          0  0  0  4  0  0  0  0  0  0  0  0  0  0  0.82675010D-11
  78 c-C3H       0  1  0  3  0  0  0  0  0  0  0  0  0  0  0.23107684D-10
  79 l-C3H       0  1  0  3  0  0  0  0  0  0  0  0  0  0  0.19542047D-10
  80 CH3         0  3  0  1  0  0  0  0  0  0  0  0  0  0  0.26347119D-11
  81 C2H2        0  2  0  2  0  0  0  0  0  0  0  0  0  0  0.18144810D-09
  82 NH3         0  3  0  0  1  0  0  0  0  0  0  0  0  0  0.25696382D-10
  83 SiCH2       0  2  0  1  0  0  1  0  0  0  0  0  0  0  0.48640783D-14
  84 C3N         0  0  0  3  1  0  0  0  0  0  0  0  0  0  0.22990219D-10
  85 C3O         0  0  0  3  0  1  0  0  0  0  0  0  0  0  0.28478903D-10
  86 C3P         0  0  0  3  0  0  0  0  0  0  0  0  1  0  0.14459630D-17
  87 C3S         0  0  0  3  0  0  0  1  0  0  0  0  0  0  0.68565929D-10
  88 H2CO        0  2  0  1  0  1  0  0  0  0  0  0  0  0  0.92359437D-10
  89 H2CS        0  2  0  1  0  0  0  1  0  0  0  0  0  0  0.50030182D-11
  90 HOOH        0  2  0  0  0  2  0  0  0  0  0  0  0  0  0.22379460D-20
  91 HSSH        0  2  0  0  0  0  0  2  0  0  0  0  0  0  0.21137655D-13
  92 H2SiO       0  2  0  0  0  1  1  0  0  0  0  0  0  0  0.38190107D-19
  93 HCCP        0  1  0  2  0  0  0  0  0  0  0  0  1  0  0.12593690D-16
  94 HCCSi       0  1  0  2  0  0  1  0  0  0  0  0  0  0  0.10447313D-11
  95 l-SiC3      0  0  0  3  0  0  1  0  0  0  0  0  0  0  0.41772191D-12
  96 SiH3        0  3  0  0  0  0  1  0  0  0  0  0  0  0  0.11785185D-20
  97 H2CN        0  2  0  1  1  0  0  0  0  0  0  0  0  0  0.35269310D-11
  98 C5          0  0  0  5  0  0  0  0  0  0  0  0  0  0  0.51532119D-11
  99 c-C3H2      0  2  0  3  0  0  0  0  0  0  0  0  0  0  0.18458418D-09
 100 l-C3H2      0  2  0  3  0  0  0  0  0  0  0  0  0  0  0.12348710D-09
 101 C4H         0  1  0  4  0  0  0  0  0  0  0  0  0  0  0.15558209D-10
 102 CH4         0  4  0  1  0  0  0  0  0  0  0  0  0  0  0.36033924D-09
 103 HC3N        0  1  0  3  1  0  0  0  0  0  0  0  0  0  0.48976659D-10
 104 H2CCN       0  2  0  2  1  0  0  0  0  0  0  0  0  0  0.66327680D-11
 105 H2CCO       0  2  0  2  0  1  0  0  0  0  0  0  0  0  0.92966943D-10
 106 C2H3        0  3  0  2  0  0  0  0  0  0  0  0  0  0  0.21213577D-11
 107 C4N         0  0  0  4  1  0  0  0  0  0  0  0  0  0  0.10434101D-10
 108 C4P         0  0  0  4  0  0  0  0  0  0  0  0  1  0  0.23977563D-17
 109 C4S         0  0  0  4  0  0  0  1  0  0  0  0  0  0  0.16311645D-11
 110 HCOOH       0  2  0  1  0  2  0  0  0  0  0  0  0  0  0.12306350D-13
 111 CH2PH       0  3  0  1  0  0  0  0  0  0  0  0  1  0  0.29140866D-22
 112 CH2NH       0  3  0  1  1  0  0  0  0  0  0  0  0  0  0.17967719D-14
 113 c-HCCHSi    0  2  0  2  0  0  1  0  0  0  0  0  0  0  0.31822647D-13
 114 SiC3H       0  1  0  3  0  0  1  0  0  0  0  0  0  0  0.67428754D-14
 115 SiC4        0  0  0  4  0  0  1  0  0  0  0  0  0  0  0.25126684D-15
 116 SiCH3       0  3  0  1  0  0  1  0  0  0  0  0  0  0  0.51481782D-15
 117 SiH4        0  4  0  0  0  0  1  0  0  0  0  0  0  0  0.15044579D-18
 118 HCNCC       0  1  0  3  1  0  0  0  0  0  0  0  0  0  0.25768634D-12
 119 HCCNC       0  1  0  3  1  0  0  0  0  0  0  0  0  0  0.16775658D-11
 120 HNCCC       0  1  0  3  1  0  0  0  0  0  0  0  0  0  0.33841675D-12
 121 NH2CN       0  2  0  1  2  0  0  0  0  0  0  0  0  0  0.00000000D+00
 122 C6          0  0  0  6  0  0  0  0  0  0  0  0  0  0  0.56023668D-12
 123 CH3CN       0  3  0  2  1  0  0  0  0  0  0  0  0  0  0.19941230D-10
 124 CH2CCH      0  3  0  3  0  0  0  0  0  0  0  0  0  0  0.48071966D-13
 125 C2H4        0  4  0  2  0  0  0  0  0  0  0  0  0  0  0.74878470D-14
 126 NC4N        0  0  0  4  2  0  0  0  0  0  0  0  0  0  0.23582703D-10
 127 H2CSiCH     0  3  0  2  0  0  1  0  0  0  0  0  0  0  0.20294728D-14
 128 SiC4H       0  1  0  4  0  0  1  0  0  0  0  0  0  0  0.24107789D-10
 129 HC4N        0  1  0  4  1  0  0  0  0  0  0  0  0  0  0.23765223D-13
 130 C4H2        0  2  0  4  0  0  0  0  0  0  0  0  0  0  0.79613898D-10
 131 C5H         0  1  0  5  0  0  0  0  0  0  0  0  0  0  0.82766834D-11
 132 C5N         0  0  0  5  1  0  0  0  0  0  0  0  0  0  0.27486645D-11
 133 CH3OH       0  4  0  1  0  1  0  0  0  0  0  0  0  0  0.88993776D-17
 134 NH2CHO      0  3  0  1  1  1  0  0  0  0  0  0  0  0  0.20464689D-16
 135 C5O         0  0  0  5  0  1  0  0  0  0  0  0  0  0  0.27803172D-11
 136 C7          0  0  0  7  0  0  0  0  0  0  0  0  0  0  0.72070545D-13
 137 HC5N        0  1  0  5  1  0  0  0  0  0  0  0  0  0  0.30294162D-11
 138 SiC2CH3     0  3  0  3  0  0  1  0  0  0  0  0  0  0  0.40008221D-16
 139 CH3CHO      0  4  0  2  0  1  0  0  0  0  0  0  0  0  0.94975968D-18
 140 C2H5        0  5  0  2  0  0  0  0  0  0  0  0  0  0  0.94496671D-23
 141 CH2CHCN     0  3  0  3  1  0  0  0  0  0  0  0  0  0  0.17308910D-16
 142 CH3CCH      0  4  0  3  0  0  0  0  0  0  0  0  0  0  0.13212371D-15
 143 C5H2        0  2  0  5  0  0  0  0  0  0  0  0  0  0  0.52410546D-11
 144 C6H         0  1  0  6  0  0  0  0  0  0  0  0  0  0  0.10753767D-11
 145 CH3NH2      0  5  0  1  1  0  0  0  0  0  0  0  0  0  0.47787617D-14
 146 C4H3        0  3  0  4  0  0  0  0  0  0  0  0  0  0  0.10991623D-15
 147 C6N         0  0  0  6  1  0  0  0  0  0  0  0  0  0  0.81016386D-12
 148 C8          0  0  0  8  0  0  0  0  0  0  0  0  0  0  0.28628843D-13
 149 HC6N        0  1  0  6  1  0  0  0  0  0  0  0  0  0  0.14700337D-14
 150 NC6N        0  0  0  6  2  0  0  0  0  0  0  0  0  0  0.11117545D-11
 151 SiC6H       0  1  0  6  0  0  1  0  0  0  0  0  0  0  0.69226234D-12
 152 CH2CHC2H    0  4  0  4  0  0  0  0  0  0  0  0  0  0  0.88943227D-17
 153 C6H2        0  2  0  6  0  0  0  0  0  0  0  0  0  0  0.22861368D-11
 154 C7H         0  1  0  7  0  0  0  0  0  0  0  0  0  0  0.18080528D-12
 155 C7N         0  0  0  7  1  0  0  0  0  0  0  0  0  0  0.12999731D-12
 156 CH3C3N      0  3  0  4  1  0  0  0  0  0  0  0  0  0  0.42333487D-14
 157 HCOOCH3     0  4  0  2  0  2  0  0  0  0  0  0  0  0  0.10726596D-20
 158 C2H6        0  6  0  2  0  0  0  0  0  0  0  0  0  0  0.13804911D-34
 159 C7O         0  0  0  7  0  1  0  0  0  0  0  0  0  0  0.60736410D-13
 160 C9          0  0  0  9  0  0  0  0  0  0  0  0  0  0  0.44577125D-14
 161 HC7N        0  1  0  7  1  0  0  0  0  0  0  0  0  0  0.24729886D-12
 162 SiC3H5      0  5  0  3  0  0  1  0  0  0  0  0  0  0  0.00000000D+00
 163 CH3CH2OH    0  6  0  2  0  1  0  0  0  0  0  0  0  0  0.28872852D-21
 164 C7H2        0  2  0  7  0  0  0  0  0  0  0  0  0  0  0.14477960D-12
 165 C8H         0  1  0  8  0  0  0  0  0  0  0  0  0  0  0.75341625D-13
 166 CH3C4H      0  4  0  5  0  0  0  0  0  0  0  0  0  0  0.12234514D-15
 167 CH3OCH3     0  6  0  2  0  1  0  0  0  0  0  0  0  0  0.70728581D-23
 168 CH3CHCH2    0  6  0  3  0  0  0  0  0  0  0  0  0  0  0.00000000D+00
 169 C8N         0  0  0  8  1  0  0  0  0  0  0  0  0  0  0.51815177D-13
 170 C10         0  0  0 10  0  0  0  0  0  0  0  0  0  0  0.23116611D-14
 171 CH3COCH3    0  6  0  3  0  1  0  0  0  0  0  0  0  0  0.77848893D-23
 172 C8H2        0  2  0  8  0  0  0  0  0  0  0  0  0  0  0.16809615D-12
 173 C9H         0  1  0  9  0  0  0  0  0  0  0  0  0  0  0.15842704D-13
 174 C9N         0  0  0  9  1  0  0  0  0  0  0  0  0  0  0.11774013D-13
 175 CH3C5N      0  3  0  6  1  0  0  0  0  0  0  0  0  0  0.39664515D-16
 176 HC8N        0  1  0  8  1  0  0  0  0  0  0  0  0  0  0.12000255D-15
 177 NC8N        0  0  0  8  2  0  0  0  0  0  0  0  0  0  0.90755316D-13
 178 SiC8H       0  1  0  8  0  0  1  0  0  0  0  0  0  0  0.50900993D-13
 179 CH2CHCHCH2  0  6  0  4  0  0  0  0  0  0  0  0  0  0  0.00000000D+00
 180 C9O         0  0  0  9  0  1  0  0  0  0  0  0  0  0  0.53219072D-14
 181 HC9N        0  1  0  9  1  0  0  0  0  0  0  0  0  0  0.18584430D-13
 182 C10H        0  1  0 10  0  0  0  0  0  0  0  0  0  0  0.55626014D-14
 183 C9H2        0  2  0  9  0  0  0  0  0  0  0  0  0  0  0.10389551D-13
 184 CH3C6H      0  4  0  7  0  0  0  0  0  0  0  0  0  0  0.14279209D-17
 185 C11         0  0  0 11  0  0  0  0  0  0  0  0  0  0  0.35432787D-14
 186 C10N        0  0  0 10  1  0  0  0  0  0  0  0  0  0  0.31228402D-14
 187 CH3C7N      0  3  0  8  1  0  0  0  0  0  0  0  0  0  0.31565503D-17
 188 C10H2       0  2  0 10  0  0  0  0  0  0  0  0  0  0  0.21875325D-13
 189 C6H6        0  6  0  6  0  0  0  0  0  0  0  0  0  0  0.11640377D-14
 190 Si+         1  0  0  0  0  0  1  0  0  0  0  0  0  0  0.23223010D-08
 191 C+          1  0  0  1  0  0  0  0  0  0  0  0  0  0  0.42796305D-07
 192 C-         -1  0  0  1  0  0  0  0  0  0  0  0  0  0  0.11319672D-13
 193 H-         -1  1  0  0  0  0  0  0  0  0  0  0  0  0  0.81717385D-14
 194 O-         -1  0  0  0  0  1  0  0  0  0  0  0  0  0  0.34402154D-16
 195 S-         -1  0  0  0  0  0  0  1  0  0  0  0  0  0  0.87544176D-16
 196 He+         1  0  1  0  0  0  0  0  0  0  0  0  0  0  0.18746285D-11
 197 H+          1  1  0  0  0  0  0  0  0  0  0  0  0  0  0.13689623D-10
 198 Fe+         1  0  0  0  0  0  0  0  1  0  0  0  0  0  0.27741002D-08
 199 Mg+         1  0  0  0  0  0  0  0  0  0  1  0  0  0  0.57543631D-08
 200 N+          1  0  0  0  1  0  0  0  0  0  0  0  0  0  0.12759927D-15
 201 Na+         1  0  0  0  0  0  0  0  0  1  0  0  0  0  0.16199881D-08
 202 O+          1  0  0  0  0  1  0  0  0  0  0  0  0  0  0.23619219D-15
 203 S+          1  0  0  0  0  0  0  1  0  0  0  0  0  0  0.51932067D-07
 204 Cl+         1  0  0  0  0  0  0  0  0  0  0  1  0  0  0.91525324D-18
 205 F+          1  0  0  0  0  0  0  0  0  0  0  0  0  1  0.15265962D-18
 206 P+          1  0  0  0  0  0  0  0  0  0  0  0  1  0  0.10893015D-10
 207 e-         -1  0  0  0  0  0  0  0  0  0  0  0  0  0  0.10766519D-06
 208 CH+         1  1  0  1  0  0  0  0  0  0  0  0  0  0  0.21222856D-14
 209 H2+         1  2  0  0  0  0  0  0  0  0  0  0  0  0  0.57655986D-14
 210 OH+         1  1  0  0  0  1  0  0  0  0  0  0  0  0  0.19307123D-14
 211 SiH+        1  1  0  0  0  0  1  0  0  0  0  0  0  0  0.18658523D-12
 212 C2+         1  0  0  2  0  0  0  0  0  0  0  0  0  0  0.40739021D-16
 213 CN-        -1  0  0  1  1  0  0  0  0  0  0  0  0  0  0.77954993D-13
 214 OH-        -1  1  0  0  0  1  0  0  0  0  0  0  0  0  0.63591957D-14
 215 CF+         1  0  0  1  0  0  0  0  0  0  0  0  0  1  0.38014873D-10
 216 HS+         1  1  0  0  0  0  0  1  0  0  0  0  0  0  0.55612514D-12
 217 SO+         1  0  0  0  0  1  0  1  0  0  0  0  0  0  0.33202950D-11
 218 CCl+        1  0  0  1  0  0  0  0  0  0  0  1  0  0  0.63941942D-13
 219 ClO+        1  0  0  0  0  1  0  0  0  0  0  1  0  0  0.00000000D+00
 220 CN+         1  0  0  1  1  0  0  0  0  0  0  0  0  0  0.62510424D-18
 221 CO+         1  0  0  1  0  1  0  0  0  0  0  0  0  0  0.21046645D-15
 222 CP+         1  0  0  1  0  0  0  0  0  0  0  0  1  0  0.13186650D-20
 223 CS+         1  0  0  1  0  0  0  1  0  0  0  0  0  0  0.23271641D-15
 224 HCl+        1  1  0  0  0  0  0  0  0  0  0  1  0  0  0.72747414D-18
 225 HF+         1  1  0  0  0  0  0  0  0  0  0  0  0  1  0.11742497D-18
 226 HeH+        1  1  1  0  0  0  0  0  0  0  0  0  0  0  0.12681530D-21
 227 N2+         1  0  0  0  2  0  0  0  0  0  0  0  0  0  0.60031901D-17
 228 NH+         1  1  0  0  1  0  0  0  0  0  0  0  0  0  0.33641975D-16
 229 NO+         1  0  0  0  1  1  0  0  0  0  0  0  0  0  0.10722602D-11
 230 NS+         1  0  0  0  1  0  0  1  0  0  0  0  0  0  0.16109204D-11
 231 O2+         1  0  0  0  0  2  0  0  0  0  0  0  0  0  0.14251534D-13
 232 PH+         1  1  0  0  0  0  0  0  0  0  0  0  1  0  0.19431560D-16
 233 PN+         1  0  0  0  1  0  0  0  0  0  0  0  1  0  0.16642790D-14
 234 PO+         1  0  0  0  0  1  0  0  0  0  0  0  1  0  0.22774100D-14
 235 S2+         1  0  0  0  0  0  0  2  0  0  0  0  0  0  0.69636528D-14
 236 SiC+        1  0  0  1  0  0  1  0  0  0  0  0  0  0  0.85766841D-17
 237 SiN+        1  0  0  0  1  0  1  0  0  0  0  0  0  0  0.53400643D-12
 238 SiO+        1  0  0  0  0  1  1  0  0  0  0  0  0  0  0.32578719D-15
 239 SiS+        1  0  0  0  0  0  1  1  0  0  0  0  0  0  0.13138063D-17
 240 SiF+        1  0  0  0  0  0  1  0  0  0  0  0  0  1  0.16524564D-11
 241 CH2+        1  2  0  1  0  0  0  0  0  0  0  0  0  0  0.17589140D-13
 242 C2N+        1  0  0  2  1  0  0  0  0  0  0  0  0  0  0.44679859D-16
 243 CNC+        1  0  0  2  1  0  0  0  0  0  0  0  0  0  0.12809241D-09
 244 HSiO+       1  1  0  0  0  1  1  0  0  0  0  0  0  0  0.99364933D-11
 245 N2H+        1  1  0  0  2  0  0  0  0  0  0  0  0  0  0.75859826D-12
 246 C2H+        1  1  0  2  0  0  0  0  0  0  0  0  0  0  0.12025552D-14
 247 H3+         1  3  0  0  0  0  0  0  0  0  0  0  0  0  0.12736601D-10
 248 C3-        -1  0  0  3  0  0  0  0  0  0  0  0  0  0  0.35608846D-12
 249 HCO+        1  1  0  1  0  1  0  0  0  0  0  0  0  0  0.12094696D-09
 250 HSO+        1  1  0  0  0  1  0  1  0  0  0  0  0  0  0.73006899D-15
 251 H2S+        1  2  0  0  0  0  0  1  0  0  0  0  0  0  0.25445059D-11
 252 HCS+        1  1  0  1  0  0  0  1  0  0  0  0  0  0  0.13573252D-11
 253 HPO+        1  1  0  0  0  1  0  0  0  0  0  0  1  0  0.83211812D-15
 254 C2O+        1  0  0  2  0  1  0  0  0  0  0  0  0  0  0.45787307D-14
 255 C2S+        1  0  0  2  0  0  0  1  0  0  0  0  0  0  0.47775160D-12
 256 C3+         1  0  0  3  0  0  0  0  0  0  0  0  0  0  0.51804496D-15
 257 CCP+        1  0  0  2  0  0  0  0  0  0  0  0  1  0  0.26658686D-16
 258 CHSi+       1  1  0  1  0  0  1  0  0  0  0  0  0  0  0.11196517D-15
 259 CO2+        1  0  0  1  0  2  0  0  0  0  0  0  0  0  0.10780622D-20
 260 H2Cl+       1  2  0  0  0  0  0  0  0  0  0  1  0  0  0.25666903D-14
 261 H2F+        1  2  0  0  0  0  0  0  0  0  0  0  0  1  0.61741646D-14
 262 H2O+        1  2  0  0  0  1  0  0  0  0  0  0  0  0  0.47062061D-14
 263 HCN+        1  1  0  1  1  0  0  0  0  0  0  0  0  0  0.19999799D-15
 264 HCP+        1  1  0  1  0  0  0  0  0  0  0  0  1  0  0.34537927D-20
 265 HNC+        1  1  0  1  1  0  0  0  0  0  0  0  0  0  0.23955013D-16
 266 HNO+        1  1  0  0  1  1  0  0  0  0  0  0  0  0  0.84238588D-15
 267 HNS+        1  1  0  0  1  0  0  1  0  0  0  0  0  0  0.19740333D-16
 268 HNSi+       1  1  0  0  1  0  1  0  0  0  0  0  0  0  0.75824639D-16
 269 HOC+        1  1  0  1  0  1  0  0  0  0  0  0  0  0  0.28430517D-12
 270 HPN+        1  1  0  0  1  0  0  0  0  0  0  0  1  0  0.30472863D-14
 271 HSiS+       1  1  0  0  0  0  1  1  0  0  0  0  0  0  0.26646036D-13
 272 NaH2+       1  2  0  0  0  0  0  0  0  1  0  0  0  0  0.70918670D-14
 273 NCO+        1  0  0  1  1  1  0  0  0  0  0  0  0  0  0.33070809D-16
 274 NH2+        1  2  0  0  1  0  0  0  0  0  0  0  0  0  0.28016124D-15
 275 NO2+        1  0  0  0  1  2  0  0  0  0  0  0  0  0  0.87364928D-21
 276 HO2+        1  1  0  0  0  2  0  0  0  0  0  0  0  0  0.71835500D-19
 277 OCS+        1  0  0  1  0  1  0  1  0  0  0  0  0  0  0.91646693D-12
 278 PH2+        1  2  0  0  0  0  0  0  0  0  0  0  1  0  0.22019917D-14
 279 HS2+        1  1  0  0  0  0  0  2  0  0  0  0  0  0  0.28383661D-15
 280 SiC2+       1  0  0  2  0  0  1  0  0  0  0  0  0  0  0.14059945D-17
 281 SiH2+       1  2  0  0  0  0  1  0  0  0  0  0  0  0  0.78402036D-11
 282 SiNC+       1  0  0  1  1  0  1  0  0  0  0  0  0  0  0.69030786D-11
 283 SO2+        1  0  0  0  0  2  0  1  0  0  0  0  0  0  0.71082231D-23
 284 HCNH+       1  2  0  1  1  0  0  0  0  0  0  0  0  0  0.31607704D-11
 285 HC2N+       1  1  0  2  1  0  0  0  0  0  0  0  0  0  0.49693030D-16
 286 C3H+        1  1  0  3  0  0  0  0  0  0  0  0  0  0  0.28758463D-13
 287 C4+         1  0  0  4  0  0  0  0  0  0  0  0  0  0  0.10777428D-14
 288 H2CO+       1  2  0  1  0  1  0  0  0  0  0  0  0  0  0.76020232D-13
 289 CH3+        1  3  0  1  0  0  0  0  0  0  0  0  0  0  0.55942794D-10
 290 C3N-       -1  0  0  3  1  0  0  0  0  0  0  0  0  0  0.26221786D-13
 291 C4-        -1  0  0  4  0  0  0  0  0  0  0  0  0  0  0.56642506D-12
 292 H3O+        1  3  0  0  0  1  0  0  0  0  0  0  0  0  0.21608876D-10
 293 H2NO+       1  2  0  0  1  1  0  0  0  0  0  0  0  0  0.25894690D-14
 294 H3S+        1  3  0  0  0  0  0  1  0  0  0  0  0  0  0.19332490D-14
 295 HC2S+       1  1  0  2  0  0  0  1  0  0  0  0  0  0  0.20350541D-12
 296 HOCS+       1  1  0  1  0  1  0  1  0  0  0  0  0  0  0.17506046D-15
 297 PCH2+       1  2  0  1  0  0  0  0  0  0  0  0  1  0  0.12743753D-15
 298 H2S2+       1  2  0  0  0  0  0  2  0  0  0  0  0  0  0.37155537D-18
 299 C2H2+       1  2  0  2  0  0  0  0  0  0  0  0  0  0  0.48126312D-11
 300 C2HO+       1  1  0  2  0  1  0  0  0  0  0  0  0  0  0.49180289D-12
 301 C2N2+       1  0  0  2  2  0  0  0  0  0  0  0  0  0  0.22316717D-21
 302 C3N+        1  0  0  3  1  0  0  0  0  0  0  0  0  0  0.98135587D-19
 303 C3O+        1  0  0  3  0  1  0  0  0  0  0  0  0  0  0.48859073D-13
 304 C3S+        1  0  0  3  0  0  0  1  0  0  0  0  0  0  0.49561625D-12
 305 CH2Si+      1  2  0  1  0  0  1  0  0  0  0  0  0  0  0.42146141D-12
 306 H2CCl+      1  2  0  1  0  0  0  0  0  0  0  1  0  0  0.77515778D-16
 307 H2CS+       1  2  0  1  0  0  0  1  0  0  0  0  0  0  0.31083035D-16
 308 H2NC+       1  2  0  1  1  0  0  0  0  0  0  0  0  0  0.55017774D-11
 309 H2PO+       1  2  0  0  0  1  0  0  0  0  0  0  1  0  0.98326422D-21
 310 H2SiO+      1  2  0  0  0  1  1  0  0  0  0  0  0  0  0.21381637D-16
 311 HOCO+       1  1  0  1  0  2  0  0  0  0  0  0  0  0  0.20952101D-15
 312 HNCO+       1  1  0  1  1  1  0  0  0  0  0  0  0  0  0.21919829D-22
 313 HSiO2+      1  1  0  0  0  2  1  0  0  0  0  0  0  0  0.12065941D-19
 314 HSO2+       1  1  0  0  0  2  0  1  0  0  0  0  0  0  0.99596542D-20
 315 NaH2O+      1  2  0  0  0  1  0  0  0  1  0  0  0  0  0.11368382D-17
 316 NH3+        1  3  0  0  1  0  0  0  0  0  0  0  0  0  0.15105222D-12
 317 PC2H+       1  1  0  2  0  0  0  0  0  0  0  0  1  0  0.54277010D-16
 318 PH3+        1  3  0  0  0  0  0  0  0  0  0  0  1  0  0.13471699D-19
 319 PNH2+       1  2  0  0  1  0  0  0  0  0  0  0  1  0  0.96277342D-17
 320 SiC2H+      1  1  0  2  0  0  1  0  0  0  0  0  0  0  0.32273709D-13
 321 l-SiC3+     1  0  0  3  0  0  1  0  0  0  0  0  0  0  0.17372112D-13
 322 SiH3+       1  3  0  0  0  0  1  0  0  0  0  0  0  0  0.62770501D-16
 323 SiNCH+      1  1  0  1  1  0  1  0  0  0  0  0  0  0  0.10202043D-13
 324 HSiNH+      1  2  0  0  1  0  1  0  0  0  0  0  0  0  0.80775189D-12
 325 HN2O+       1  1  0  0  2  1  0  0  0  0  0  0  0  0  0.11251482D-22
 326 C2H3+       1  3  0  2  0  0  0  0  0  0  0  0  0  0  0.24252409D-12
 327 c-C3H2+     1  2  0  3  0  0  0  0  0  0  0  0  0  0  0.37249244D-12
 328 l-C3H2+     1  2  0  3  0  0  0  0  0  0  0  0  0  0  0.22570946D-12
 329 C4H+        1  1  0  4  0  0  0  0  0  0  0  0  0  0  0.16824472D-14
 330 C5+         1  0  0  5  0  0  0  0  0  0  0  0  0  0  0.51612691D-16
 331 HC3O+       1  1  0  3  0  1  0  0  0  0  0  0  0  0  0.33794447D-15
 332 C4H-       -1  1  0  4  0  0  0  0  0  0  0  0  0  0  0.67548685D-12
 333 C5-        -1  0  0  5  0  0  0  0  0  0  0  0  0  0  0.44107483D-12
 334 NH4+        1  4  0  0  1  0  0  0  0  0  0  0  0  0  0.65296954D-13
 335 H3CS+       1  3  0  1  0  0  0  1  0  0  0  0  0  0  0.28706336D-13
 336 H2COH+      1  3  0  1  0  1  0  0  0  0  0  0  0  0  0.14047481D-14
 337 H3S2+       1  3  0  0  0  0  0  2  0  0  0  0  0  0  0.62318309D-16
 338 HC3S+       1  1  0  3  0  0  0  1  0  0  0  0  0  0  0.19843295D-11
 339 PC3H+       1  1  0  3  0  0  0  0  0  0  0  0  1  0  0.74858102D-19
 340 PCH3+       1  3  0  1  0  0  0  0  0  0  0  0  1  0  0.84308342D-22
 341 PNH3+       1  3  0  0  1  0  0  0  0  0  0  0  1  0  0.11438192D-22
 342 SiC2H2+     1  2  0  2  0  0  1  0  0  0  0  0  0  0  0.30808935D-15
 343 SiC3H+      1  1  0  3  0  0  1  0  0  0  0  0  0  0  0.60197249D-13
 344 SiC4+       1  0  0  4  0  0  1  0  0  0  0  0  0  0  0.37216915D-14
 345 SiCH3+      1  3  0  1  0  0  1  0  0  0  0  0  0  0  0.36821978D-17
 346 SiH4+       1  4  0  0  0  0  1  0  0  0  0  0  0  0  0.62721077D-29
 347 CH2CN+      1  2  0  2  1  0  0  0  0  0  0  0  0  0  0.46070746D-12
 348 H2CCO+      1  2  0  2  0  1  0  0  0  0  0  0  0  0  0.21159882D-12
 349 HC3N+       1  1  0  3  1  0  0  0  0  0  0  0  0  0  0.20772871D-14
 350 C4N+        1  0  0  4  1  0  0  0  0  0  0  0  0  0  0.19143554D-16
 351 C4P+        1  0  0  4  0  0  0  0  0  0  0  0  1  0  0.19715223D-23
 352 C4S+        1  0  0  4  0  0  0  1  0  0  0  0  0  0  0.42396112D-13
 353 HCOOH+      1  2  0  1  0  2  0  0  0  0  0  0  0  0  0.18868765D-17
 354 CH4+        1  4  0  1  0  0  0  0  0  0  0  0  0  0  0.12453245D-17
 355 H3SiO+      1  3  0  0  0  1  1  0  0  0  0  0  0  0  0.14397743D-21
 356 PC2H2+      1  2  0  2  0  0  0  0  0  0  0  0  1  0  0.26108133D-17
 357 C6+         1  0  0  6  0  0  0  0  0  0  0  0  0  0  0.17375618D-15
 358 HC4N+       1  1  0  4  1  0  0  0  0  0  0  0  0  0  0.32928462D-20
 359 C5H-       -1  1  0  5  0  0  0  0  0  0  0  0  0  0  0.20103072D-11
 360 C6-        -1  0  0  6  0  0  0  0  0  0  0  0  0  0  0.28350354D-12
 361 CH3CO+      1  3  0  2  0  1  0  0  0  0  0  0  0  0  0.24575047D-12
 362 C2H4+       1  4  0  2  0  0  0  0  0  0  0  0  0  0  0.34428727D-11
 363 HC3NH+      1  2  0  3  1  0  0  0  0  0  0  0  0  0  0.12971589D-12
 364 HC4S+       1  1  0  4  0  0  0  1  0  0  0  0  0  0  0.44560486D-13
 365 CH5+        1  5  0  1  0  0  0  0  0  0  0  0  0  0  0.17855369D-12
 366 C4H2+       1  2  0  4  0  0  0  0  0  0  0  0  0  0  0.18022027D-11
 367 C5H+        1  1  0  5  0  0  0  0  0  0  0  0  0  0  0.97892203D-13
 368 CH3CN+      1  3  0  2  1  0  0  0  0  0  0  0  0  0  0.22016330D-12
 369 c-C3H3+     1  3  0  3  0  0  0  0  0  0  0  0  0  0  0.75666565D-12
 370 l-C3H3+     1  3  0  3  0  0  0  0  0  0  0  0  0  0  0.75779553D-12
 371 C5N+        1  0  0  5  1  0  0  0  0  0  0  0  0  0  0.12623904D-17
 372 CH3O2+      1  3  0  1  0  2  0  0  0  0  0  0  0  0  0.21645553D-16
 373 CH2NH2+     1  4  0  1  1  0  0  0  0  0  0  0  0  0  0.50865496D-16
 374 CH3OH+      1  4  0  1  0  1  0  0  0  0  0  0  0  0  0.80490143D-20
 375 H2C3O+      1  2  0  3  0  1  0  0  0  0  0  0  0  0  0.27068028D-15
 376 HC2NCH+     1  2  0  3  1  0  0  0  0  0  0  0  0  0  0.37804760D-13
 377 HC4O+       1  1  0  4  0  1  0  0  0  0  0  0  0  0  0.27627293D-12
 378 NH2CNH+     1  3  0  1  2  0  0  0  0  0  0  0  0  0  0.00000000D+00
 379 PC2H3+      1  3  0  2  0  0  0  0  0  0  0  0  1  0  0.33713491D-25
 380 PC4H+       1  1  0  4  0  0  0  0  0  0  0  0  1  0  0.18034493D-18
 381 PCH4+       1  4  0  1  0  0  0  0  0  0  0  0  1  0  0.42155290D-23
 382 SiC2H3+     1  3  0  2  0  0  1  0  0  0  0  0  0  0  0.26676947D-15
 383 SiC3H2+     1  2  0  3  0  0  1  0  0  0  0  0  0  0  0.38911343D-16
 384 SiC4H+      1  1  0  4  0  0  1  0  0  0  0  0  0  0  0.34301536D-16
 385 SiCH4+      1  4  0  1  0  0  1  0  0  0  0  0  0  0  0.31849631D-17
 386 SiH5+       1  5  0  0  0  0  1  0  0  0  0  0  0  0  0.80746860D-21
 387 C7+         1  0  0  7  0  0  0  0  0  0  0  0  0  0  0.11911129D-16
 388 H2C4N+      1  2  0  4  1  0  0  0  0  0  0  0  0  0  0.49058951D-20
 389 C6H-       -1  1  0  6  0  0  0  0  0  0  0  0  0  0  0.18164887D-12
 390 C7-        -1  0  0  7  0  0  0  0  0  0  0  0  0  0  0.83237434D-13
 391 C4H3+       1  3  0  4  0  0  0  0  0  0  0  0  0  0  0.25271018D-13
 392 C5H2+       1  2  0  5  0  0  0  0  0  0  0  0  0  0  0.28749458D-15
 393 CH3CNH+     1  4  0  2  1  0  0  0  0  0  0  0  0  0  0.42632561D-12
 394 C2H4O+      1  4  0  2  0  1  0  0  0  0  0  0  0  0  0.16751391D-17
 395 C2H5+       1  5  0  2  0  0  0  0  0  0  0  0  0  0  0.14738525D-15
 396 C3H3N+      1  3  0  3  1  0  0  0  0  0  0  0  0  0  0.21507180D-17
 397 C3H4+       1  4  0  3  0  0  0  0  0  0  0  0  0  0  0.29592933D-17
 398 HC5N+       1  1  0  5  1  0  0  0  0  0  0  0  0  0  0.37143970D-15
 399 C6H+        1  1  0  6  0  0  0  0  0  0  0  0  0  0  0.55188989D-14
 400 CH3NH2+     1  5  0  1  1  0  0  0  0  0  0  0  0  0  0.89493123D-17
 401 CH3OH2+     1  5  0  1  0  1  0  0  0  0  0  0  0  0  0.15139140D-17
 402 H3C3O+      1  3  0  3  0  1  0  0  0  0  0  0  0  0  0.10124897D-15
 403 NH2CH2O+    1  4  0  1  1  1  0  0  0  0  0  0  0  0  0.18491782D-21
 404 PC2H4+      1  4  0  2  0  0  0  0  0  0  0  0  1  0  0.39705782D-24
 405 PC4H2+      1  2  0  4  0  0  0  0  0  0  0  0  1  0  0.19619962D-21
 406 HC5O+       1  1  0  5  0  1  0  0  0  0  0  0  0  0  0.36357768D-16
 407 C6N+        1  0  0  6  1  0  0  0  0  0  0  0  0  0  0.13865133D-17
 408 H2C5N+      1  2  0  5  1  0  0  0  0  0  0  0  0  0  0.26727165D-14
 409 C8+         1  0  0  8  0  0  0  0  0  0  0  0  0  0  0.72030572D-16
 410 C7H-       -1  1  0  7  0  0  0  0  0  0  0  0  0  0  0.19752448D-12
 411 C8-        -1  0  0  8  0  0  0  0  0  0  0  0  0  0  0.12422586D-13
 412 C5H3+       1  3  0  5  0  0  0  0  0  0  0  0  0  0  0.58998934D-16
 413 C3H5+       1  5  0  3  0  0  0  0  0  0  0  0  0  0  0.16292681D-16
 414 C6H2+       1  2  0  6  0  0  0  0  0  0  0  0  0  0  0.11178572D-13
 415 C7H+        1  1  0  7  0  0  0  0  0  0  0  0  0  0  0.46514500D-14
 416 CH3CHOH+    1  5  0  2  0  1  0  0  0  0  0  0  0  0  0.20261464D-19
 417 C2H6+       1  6  0  2  0  0  0  0  0  0  0  0  0  0  0.44649651D-28
 418 C3H3NH+     1  4  0  3  1  0  0  0  0  0  0  0  0  0  0.69285628D-22
 419 C4H4+       1  4  0  4  0  0  0  0  0  0  0  0  0  0  0.21773038D-19
 420 C7N+        1  0  0  7  1  0  0  0  0  0  0  0  0  0  0.61030554D-19
 421 CH3NH3+     1  6  0  1  1  0  0  0  0  0  0  0  0  0  0.55231689D-16
 422 COOCH4+     1  4  0  2  0  2  0  0  0  0  0  0  0  0  0.30872576D-23
 423 H3C4N+      1  3  0  4  1  0  0  0  0  0  0  0  0  0  0.49054470D-20
 424 HC6N+       1  1  0  6  1  0  0  0  0  0  0  0  0  0  0.34166451D-21
 425 C9+         1  0  0  9  0  0  0  0  0  0  0  0  0  0  0.35809583D-17
 426 C8H-       -1  1  0  8  0  0  0  0  0  0  0  0  0  0  0.28250365D-13
 427 C9-        -1  0  0  9  0  0  0  0  0  0  0  0  0  0  0.48412828D-14
 428 C4H5+       1  5  0  4  0  0  0  0  0  0  0  0  0  0  0.15999713D-17
 429 C6H3+       1  3  0  6  0  0  0  0  0  0  0  0  0  0  0.32907298D-16
 430 C7H2+       1  2  0  7  0  0  0  0  0  0  0  0  0  0  0.79900147D-17
 431 C2H5OH+     1  6  0  2  0  1  0  0  0  0  0  0  0  0  0.25328811D-24
 432 H3C4NH+     1  4  0  4  1  0  0  0  0  0  0  0  0  0  0.11311766D-16
 433 C5H3N+      1  3  0  5  1  0  0  0  0  0  0  0  0  0  0.50413142D-18
 434 C5H4+       1  4  0  5  0  0  0  0  0  0  0  0  0  0  0.13092517D-17
 435 HC7N+       1  1  0  7  1  0  0  0  0  0  0  0  0  0  0.17255899D-16
 436 C8H+        1  1  0  8  0  0  0  0  0  0  0  0  0  0  0.36587011D-18
 437 CH3OCH3+    1  6  0  2  0  1  0  0  0  0  0  0  0  0  0.89653306D-26
 438 H5C2O2+     1  5  0  2  0  2  0  0  0  0  0  0  0  0  0.11946074D-22
 439 HC7O+       1  1  0  7  0  1  0  0  0  0  0  0  0  0  0.79424042D-18
 440 C8N+        1  0  0  8  1  0  0  0  0  0  0  0  0  0  0.12700895D-18
 441 H2C6N+      1  2  0  6  1  0  0  0  0  0  0  0  0  0  0.55724199D-17
 442 C2H7+       1  7  0  2  0  0  0  0  0  0  0  0  0  0  0.44434845D-41
 443 C10+        1  0  0 10  0  0  0  0  0  0  0  0  0  0  0.91713698D-18
 444 CH3OCH4+    1  7  0  2  0  1  0  0  0  0  0  0  0  0  0.93746003D-25
 445 C9H-       -1  1  0  9  0  0  0  0  0  0  0  0  0  0  0.16977554D-13
 446 C10-       -1  0  0 10  0  0  0  0  0  0  0  0  0  0  0.78964983D-15
 447 C7H2N+      1  2  0  7  1  0  0  0  0  0  0  0  0  0  0.71767318D-15
 448 C7H3+       1  3  0  7  0  0  0  0  0  0  0  0  0  0  0.83958503D-17
 449 C5H5+       1  5  0  5  0  0  0  0  0  0  0  0  0  0  0.77208424D-17
 450 C8H2+       1  2  0  8  0  0  0  0  0  0  0  0  0  0  0.48893063D-15
 451 C9H+        1  1  0  9  0  0  0  0  0  0  0  0  0  0  0.30751369D-15
 452 C2H5OH2+    1  7  0  2  0  1  0  0  0  0  0  0  0  0  0.69025363D-23
 453 C2H6CO+     1  6  0  3  0  1  0  0  0  0  0  0  0  0  0.36548281D-25
 454 C5H4N+      1  4  0  5  1  0  0  0  0  0  0  0  0  0  0.56679592D-18
 455 C6H4+       1  4  0  6  0  0  0  0  0  0  0  0  0  0  0.32021279D-17
 456 C9N+        1  0  0  9  1  0  0  0  0  0  0  0  0  0  0.40604166D-20
 457 HC8N+       1  1  0  8  1  0  0  0  0  0  0  0  0  0  0.31314601D-22
 458 C10H+       1  1  0 10  0  0  0  0  0  0  0  0  0  0  0.49632077D-16
 459 C10H-      -1  1  0 10  0  0  0  0  0  0  0  0  0  0  0.16501955D-14
 460 C8H3+       1  3  0  8  0  0  0  0  0  0  0  0  0  0  0.13947989D-17
 461 C9H2+       1  2  0  9  0  0  0  0  0  0  0  0  0  0  0.75654666D-18
 462 C3H6OH+     1  7  0  3  0  1  0  0  0  0  0  0  0  0  0.10486795D-24
 463 C4H7+       1  7  0  4  0  0  0  0  0  0  0  0  0  0  0.40634868D-22
 464 H3C6NH+     1  4  0  6  1  0  0  0  0  0  0  0  0  0  0.14112446D-18
 465 C6H5+       1  5  0  6  0  0  0  0  0  0  0  0  0  0  0.15789432D-21
 466 H3C7N+      1  3  0  7  1  0  0  0  0  0  0  0  0  0  0.16039107D-19
 467 C7H4+       1  4  0  7  0  0  0  0  0  0  0  0  0  0  0.25741226D-18
 468 C9HN+       1  1  0  9  1  0  0  0  0  0  0  0  0  0  0.11562624D-17
 469 C11+        1  0  0 11  0  0  0  0  0  0  0  0  0  0  0.15173592D-16
 470 HC9O+       1  1  0  9  0  1  0  0  0  0  0  0  0  0  0.69593739D-19
 471 C10N+       1  0  0 10  1  0  0  0  0  0  0  0  0  0  0.94640747D-20
 472 H2C8N+      1  2  0  8  1  0  0  0  0  0  0  0  0  0  0.51072938D-18
 473 C9H2N+      1  2  0  9  1  0  0  0  0  0  0  0  0  0  0.82887247D-17
 474 C9H3+       1  3  0  9  0  0  0  0  0  0  0  0  0  0  0.17764614D-18
 475 C10H2+      1  2  0 10  0  0  0  0  0  0  0  0  0  0  0.23764999D-18
 476 C7H5+       1  5  0  7  0  0  0  0  0  0  0  0  0  0  0.15597065D-18
 477 C8H4+       1  4  0  8  0  0  0  0  0  0  0  0  0  0  0.89633735D-19
 478 HC10N+      1  1  0 10  1  0  0  0  0  0  0  0  0  0  0.18872944D-23
 479 C6H7+       1  7  0  6  0  0  0  0  0  0  0  0  0  0  0.33281172D-19
 480 C9H4+       1  4  0  9  0  0  0  0  0  0  0  0  0  0  0.76300199D-20
 481 C8H4N+      1  4  0  8  1  0  0  0  0  0  0  0  0  0  0.11520093D-19
 482 C8H5+       1  5  0  8  0  0  0  0  0  0  0  0  0  0  0.24915812D-22
 483 C9H3N+      1  3  0  9  1  0  0  0  0  0  0  0  0  0  0.75838714D-21
 484 C10H3+      1  3  0 10  0  0  0  0  0  0  0  0  0  0  0.18237268D-19
 485 H2C10N+     1  2  0 10  1  0  0  0  0  0  0  0  0  0  0.46171595D-19
 486 C9H5+       1  5  0  9  0  0  0  0  0  0  0  0  0  0  0.58169653D-25
 487 GRAIN0      0  0  0  0  0  0  0  0  0  0  0  0  0  0  0.68174486D-14
 488 GRAIN-     -1  0  0  0  0  0  0  0  0  0  0  0  0  0  0.13146825D-11
 489 XH          0  1  0  0  0  0  0  0  0  0  0  0  0  0  0.55357951D-17
