0.11D+08                                              +-  H  He C  O  S  G    
 JSPACE =            1
   1 H           0  1  0  0  0  0  0  0  0  0  0  0  0  0  0.38898957D-05
   2 C           0  0  0  1  0  0  0  0  0  0  0  0  0  0  0.11949475D-04
   3 Fe          0  0  0  0  0  0  0  0  1  0  0  0  0  0  0.76049896D-10
   4 Mg          0  0  0  0  0  0  0  0  0  0  1  0  0  0  0.48790327D-09
   5 S           0  0  0  0  0  0  0  1  0  0  0  0  0  0  0.10570830D-07
   6 Si          0  0  0  0  0  0  1  0  0  0  0  0  0  0  0.28527245D-08
   7 O           0  0  0  0  0  1  0  0  0  0  0  0  0  0  0.82159828D-04
   8 N           0  0  0  0  1  0  0  0  0  0  0  0  0  0  0.48488482D-04
   9 He          0  0  1  0  0  0  0  0  0  0  0  0  0  0  0.90000000D-01
  10 Cl          0  0  0  0  0  0  0  0  0  0  0  1  0  0  0.99170076D-09
  11 Na          0  0  0  0  0  0  0  0  0  1  0  0  0  0  0.14475228D-09
  12 P           0  0  0  0  0  0  0  0  0  0  0  0  1  0  0.36193407D-11
  13 F           0  0  0  0  0  0  0  0  0  0  0  0  0  1  0.16602837D-11
  14 OH          0  1  0  0  0  1  0  0  0  0  0  0  0  0  0.29468976D-09
  15 CO          0  0  0  1  0  1  0  0  0  0  0  0  0  0  0.15783336D-03
  16 CS          0  0  0  1  0  0  0  1  0  0  0  0  0  0  0.17639245D-08
  17 HS          0  1  0  0  0  0  0  1  0  0  0  0  0  0  0.81795438D-11
  18 N2          0  0  0  0  2  0  0  0  0  0  0  0  0  0  0.67466240D-05
  19 NH          0  1  0  0  1  0  0  0  0  0  0  0  0  0  0.29431326D-11
  20 SiH         0  1  0  0  0  0  1  0  0  0  0  0  0  0  0.32485448D-10
  21 SiO         0  0  0  0  0  1  1  0  0  0  0  0  0  0  0.53913848D-09
  22 SO          0  0  0  0  0  1  0  1  0  0  0  0  0  0  0.45280495D-10
  23 CH          0  1  0  1  0  0  0  0  0  0  0  0  0  0  0.93199295D-09
  24 O2          0  0  0  0  0  2  0  0  0  0  0  0  0  0  0.13066945D-08
  25 H2          0  2  0  0  0  0  0  0  0  0  0  0  0  0  0.49999804D+00
  26 C2          0  0  0  2  0  0  0  0  0  0  0  0  0  0  0.21121945D-09
  27 CN          0  0  0  1  1  0  0  0  0  0  0  0  0  0  0.41007213D-08
  28 MgH         0  1  0  0  0  0  0  0  0  0  1  0  0  0  0.30812661D-14
  29 NaH         0  1  0  0  0  0  0  0  0  1  0  0  0  0  0.21441924D-13
  30 NO          0  0  0  0  1  1  0  0  0  0  0  0  0  0  0.22417986D-09
  31 NS          0  0  0  0  1  0  0  1  0  0  0  0  0  0  0.28364604D-11
  32 PH          0  1  0  0  0  0  0  0  0  0  0  0  1  0  0.20744261D-13
  33 PN          0  0  0  0  1  0  0  0  0  0  0  0  1  0  0.16320536D-09
  34 PO          0  0  0  0  0  1  0  0  0  0  0  0  1  0  0.64170034D-13
  35 S2          0  0  0  0  0  0  0  2  0  0  0  0  0  0  0.30251234D-14
  36 SiC         0  0  0  1  0  0  1  0  0  0  0  0  0  0  0.56761003D-11
  37 SiN         0  0  0  0  1  0  1  0  0  0  0  0  0  0  0.34028971D-10
  38 SiS         0  0  0  0  0  0  1  1  0  0  0  0  0  0  0.12834661D-11
  39 CCl         0  0  0  1  0  0  0  0  0  0  0  1  0  0  0.24884964D-15
  40 ClO         0  0  0  0  0  1  0  0  0  0  0  1  0  0  0.00000000D+00
  41 CP          0  0  0  1  0  0  0  0  0  0  0  0  1  0  0.10417994D-13
  42 HCl         0  1  0  0  0  0  0  0  0  0  0  1  0  0  0.82590814D-11
  43 HF          0  1  0  0  0  0  0  0  0  0  0  0  0  1  0.66124985D-08
  44 CCH         0  1  0  2  0  0  0  0  0  0  0  0  0  0  0.50291331D-09
  45 C3          0  0  0  3  0  0  0  0  0  0  0  0  0  0  0.29552464D-08
  46 CH2         0  2  0  1  0  0  0  0  0  0  0  0  0  0  0.42803791D-08
  47 SO2         0  0  0  0  0  2  0  1  0  0  0  0  0  0  0.29081990D-14
  48 H2O         0  2  0  0  0  1  0  0  0  0  0  0  0  0  0.10818235D-08
  49 HCN         0  1  0  1  1  0  0  0  0  0  0  0  0  0  0.11229043D-07
  50 HCSi        0  1  0  1  0  0  1  0  0  0  0  0  0  0  0.14788282D-10
  51 CCN         0  0  0  2  1  0  0  0  0  0  0  0  0  0  0.27916972D-09
  52 CCS         0  0  0  2  0  0  0  1  0  0  0  0  0  0  0.14482883D-10
  53 CCO         0  0  0  2  0  1  0  0  0  0  0  0  0  0  0.18462829D-11
  54 CCP         0  0  0  2  0  0  0  0  0  0  0  0  1  0  0.44334745D-14
  55 CO2         0  0  0  1  0  2  0  0  0  0  0  0  0  0  0.81734113D-09
  56 H2S         0  2  0  0  0  0  0  1  0  0  0  0  0  0  0.22752599D-12
  57 HCO         0  1  0  1  0  1  0  0  0  0  0  0  0  0  0.42882581D-10
  58 HCP         0  1  0  1  0  0  0  0  0  0  0  0  1  0  0.19490611D-13
  59 HCS         0  1  0  1  0  0  0  1  0  0  0  0  0  0  0.33158090D-12
  60 HNC         0  1  0  1  1  0  0  0  0  0  0  0  0  0  0.18384216D-08
  61 HNO         0  1  0  0  1  1  0  0  0  0  0  0  0  0  0.30313836D-11
  62 HNSi        0  1  0  0  1  0  1  0  0  0  0  0  0  0  0.46676192D-10
  63 HPO         0  1  0  0  0  1  0  0  0  0  0  0  1  0  0.30182190D-18
  64 HSS         0  1  0  0  0  0  0  2  0  0  0  0  0  0  0.30514510D-14
  65 N2O         0  0  0  0  2  1  0  0  0  0  0  0  0  0  0.41888606D-16
  66 NaOH        0  1  0  0  0  1  0  0  0  1  0  0  0  0  0.26236230D-17
  67 NH2         0  2  0  0  1  0  0  0  0  0  0  0  0  0  0.18812027D-11
  68 NO2         0  0  0  0  1  2  0  0  0  0  0  0  0  0  0.00000000D+00
  69 O2H         0  1  0  0  0  2  0  0  0  0  0  0  0  0  0.72907209D-16
  70 OCN         0  0  0  1  1  1  0  0  0  0  0  0  0  0  0.21788508D-10
  71 OCS         0  0  0  1  0  1  0  1  0  0  0  0  0  0  0.70215017D-12
  72 PH2         0  2  0  0  0  0  0  0  0  0  0  0  1  0  0.86006628D-19
  73 c-SiC2      0  0  0  2  0  0  1  0  0  0  0  0  0  0  0.22654812D-11
  74 SiH2        0  2  0  0  0  0  1  0  0  0  0  0  0  0  0.13474096D-15
  75 SiNC        0  0  0  1  1  0  1  0  0  0  0  0  0  0  0.17661942D-12
  76 SiO2        0  0  0  0  0  2  1  0  0  0  0  0  0  0  0.10470485D-14
  77 C4          0  0  0  4  0  0  0  0  0  0  0  0  0  0  0.29475466D-10
  78 c-C3H       0  1  0  3  0  0  0  0  0  0  0  0  0  0  0.61822234D-10
  79 l-C3H       0  1  0  3  0  0  0  0  0  0  0  0  0  0  0.50698832D-10
  80 CH3         0  3  0  1  0  0  0  0  0  0  0  0  0  0  0.44917722D-11
  81 C2H2        0  2  0  2  0  0  0  0  0  0  0  0  0  0  0.29723047D-09
  82 NH3         0  3  0  0  1  0  0  0  0  0  0  0  0  0  0.18084557D-10
  83 SiCH2       0  2  0  1  0  0  1  0  0  0  0  0  0  0  0.20308985D-14
  84 C3N         0  0  0  3  1  0  0  0  0  0  0  0  0  0  0.50270883D-10
  85 C3O         0  0  0  3  0  1  0  0  0  0  0  0  0  0  0.44625554D-10
  86 C3P         0  0  0  3  0  0  0  0  0  0  0  0  1  0  0.14087192D-17
  87 C3S         0  0  0  3  0  0  0  1  0  0  0  0  0  0  0.47987532D-10
  88 H2CO        0  2  0  1  0  1  0  0  0  0  0  0  0  0  0.56198513D-10
  89 H2CS        0  2  0  1  0  0  0  1  0  0  0  0  0  0  0.95993659D-12
  90 HOOH        0  2  0  0  0  2  0  0  0  0  0  0  0  0  0.26000048D-20
  91 HSSH        0  2  0  0  0  0  0  2  0  0  0  0  0  0  0.21282733D-14
  92 H2SiO       0  2  0  0  0  1  1  0  0  0  0  0  0  0  0.82401636D-20
  93 HCCP        0  1  0  2  0  0  0  0  0  0  0  0  1  0  0.51534567D-16
  94 HCCSi       0  1  0  2  0  0  1  0  0  0  0  0  0  0  0.39432361D-12
  95 l-SiC3      0  0  0  3  0  0  1  0  0  0  0  0  0  0  0.82435783D-12
  96 SiH3        0  3  0  0  0  0  1  0  0  0  0  0  0  0  0.98095600D-21
  97 H2CN        0  2  0  1  1  0  0  0  0  0  0  0  0  0  0.32852821D-11
  98 C5          0  0  0  5  0  0  0  0  0  0  0  0  0  0  0.13224646D-10
  99 c-C3H2      0  2  0  3  0  0  0  0  0  0  0  0  0  0  0.26282112D-09
 100 l-C3H2      0  2  0  3  0  0  0  0  0  0  0  0  0  0  0.17141639D-09
 101 C4H         0  1  0  4  0  0  0  0  0  0  0  0  0  0  0.39674521D-10
 102 CH4         0  4  0  1  0  0  0  0  0  0  0  0  0  0  0.17966833D-09
 103 HC3N        0  1  0  3  1  0  0  0  0  0  0  0  0  0  0.49256372D-10
 104 H2CCN       0  2  0  2  1  0  0  0  0  0  0  0  0  0  0.50653609D-11
 105 H2CCO       0  2  0  2  0  1  0  0  0  0  0  0  0  0  0.76053072D-10
 106 C2H3        0  3  0  2  0  0  0  0  0  0  0  0  0  0  0.50513239D-11
 107 C4N         0  0  0  4  1  0  0  0  0  0  0  0  0  0  0.19406718D-10
 108 C4P         0  0  0  4  0  0  0  0  0  0  0  0  1  0  0.30673440D-17
 109 C4S         0  0  0  4  0  0  0  1  0  0  0  0  0  0  0.68125814D-12
 110 HCOOH       0  2  0  1  0  2  0  0  0  0  0  0  0  0  0.28504437D-14
 111 CH2PH       0  3  0  1  0  0  0  0  0  0  0  0  1  0  0.39579152D-22
 112 CH2NH       0  3  0  1  1  0  0  0  0  0  0  0  0  0  0.16257694D-14
 113 c-HCCHSi    0  2  0  2  0  0  1  0  0  0  0  0  0  0  0.16758334D-13
 114 SiC3H       0  1  0  3  0  0  1  0  0  0  0  0  0  0  0.24244843D-14
 115 SiC4        0  0  0  4  0  0  1  0  0  0  0  0  0  0  0.39693956D-15
 116 SiCH3       0  3  0  1  0  0  1  0  0  0  0  0  0  0  0.12940887D-15
 117 SiH4        0  4  0  0  0  0  1  0  0  0  0  0  0  0  0.39806895D-19
 118 HCNCC       0  1  0  3  1  0  0  0  0  0  0  0  0  0  0.12292728D-12
 119 HCCNC       0  1  0  3  1  0  0  0  0  0  0  0  0  0  0.49799435D-12
 120 HNCCC       0  1  0  3  1  0  0  0  0  0  0  0  0  0  0.19650051D-12
 121 NH2CN       0  2  0  1  2  0  0  0  0  0  0  0  0  0  0.00000000D+00
 122 C6          0  0  0  6  0  0  0  0  0  0  0  0  0  0  0.12207062D-11
 123 CH3CN       0  3  0  2  1  0  0  0  0  0  0  0  0  0  0.43577637D-11
 124 CH2CCH      0  3  0  3  0  0  0  0  0  0  0  0  0  0  0.62603313D-13
 125 C2H4        0  4  0  2  0  0  0  0  0  0  0  0  0  0  0.71376038D-14
 126 NC4N        0  0  0  4  2  0  0  0  0  0  0  0  0  0  0.23252006D-10
 127 H2CSiCH     0  3  0  2  0  0  1  0  0  0  0  0  0  0  0.66028040D-15
 128 SiC4H       0  1  0  4  0  0  1  0  0  0  0  0  0  0  0.10883062D-10
 129 HC4N        0  1  0  4  1  0  0  0  0  0  0  0  0  0  0.52541100D-13
 130 C4H2        0  2  0  4  0  0  0  0  0  0  0  0  0  0  0.10530110D-09
 131 C5H         0  1  0  5  0  0  0  0  0  0  0  0  0  0  0.15864357D-10
 132 C5N         0  0  0  5  1  0  0  0  0  0  0  0  0  0  0.53155737D-11
 133 CH3OH       0  4  0  1  0  1  0  0  0  0  0  0  0  0  0.42067115D-17
 134 NH2CHO      0  3  0  1  1  1  0  0  0  0  0  0  0  0  0.75921040D-17
 135 C5O         0  0  0  5  0  1  0  0  0  0  0  0  0  0  0.36355052D-11
 136 C7          0  0  0  7  0  0  0  0  0  0  0  0  0  0  0.17862327D-12
 137 HC5N        0  1  0  5  1  0  0  0  0  0  0  0  0  0  0.32954993D-11
 138 SiC2CH3     0  3  0  3  0  0  1  0  0  0  0  0  0  0  0.11921151D-16
 139 CH3CHO      0  4  0  2  0  1  0  0  0  0  0  0  0  0  0.41118794D-18
 140 C2H5        0  5  0  2  0  0  0  0  0  0  0  0  0  0  0.77991263D-23
 141 CH2CHCN     0  3  0  3  1  0  0  0  0  0  0  0  0  0  0.83597366D-17
 142 CH3CCH      0  4  0  3  0  0  0  0  0  0  0  0  0  0  0.11534532D-15
 143 C5H2        0  2  0  5  0  0  0  0  0  0  0  0  0  0  0.95466162D-11
 144 C6H         0  1  0  6  0  0  0  0  0  0  0  0  0  0  0.28751721D-11
 145 CH3NH2      0  5  0  1  1  0  0  0  0  0  0  0  0  0  0.22250583D-14
 146 C4H3        0  3  0  4  0  0  0  0  0  0  0  0  0  0  0.88301277D-16
 147 C6N         0  0  0  6  1  0  0  0  0  0  0  0  0  0  0.18012608D-11
 148 C8          0  0  0  8  0  0  0  0  0  0  0  0  0  0  0.10189210D-12
 149 HC6N        0  1  0  6  1  0  0  0  0  0  0  0  0  0  0.35154314D-14
 150 NC6N        0  0  0  6  2  0  0  0  0  0  0  0  0  0  0.12266080D-11
 151 SiC6H       0  1  0  6  0  0  1  0  0  0  0  0  0  0  0.52148940D-12
 152 CH2CHC2H    0  4  0  4  0  0  0  0  0  0  0  0  0  0  0.99364061D-17
 153 C6H2        0  2  0  6  0  0  0  0  0  0  0  0  0  0  0.50457682D-11
 154 C7H         0  1  0  7  0  0  0  0  0  0  0  0  0  0  0.53837687D-12
 155 C7N         0  0  0  7  1  0  0  0  0  0  0  0  0  0  0.41244425D-12
 156 CH3C3N      0  3  0  4  1  0  0  0  0  0  0  0  0  0  0.20475343D-14
 157 HCOOCH3     0  4  0  2  0  2  0  0  0  0  0  0  0  0  0.89489190D-22
 158 C2H6        0  6  0  2  0  0  0  0  0  0  0  0  0  0  0.27722347D-35
 159 C7O         0  0  0  7  0  1  0  0  0  0  0  0  0  0  0.12337544D-12
 160 C9          0  0  0  9  0  0  0  0  0  0  0  0  0  0  0.20295197D-13
 161 HC7N        0  1  0  7  1  0  0  0  0  0  0  0  0  0  0.48322085D-12
 162 SiC3H5      0  5  0  3  0  0  1  0  0  0  0  0  0  0  0.00000000D+00
 163 CH3CH2OH    0  6  0  2  0  1  0  0  0  0  0  0  0  0  0.95047957D-22
 164 C7H2        0  2  0  7  0  0  0  0  0  0  0  0  0  0  0.49060661D-12
 165 C8H         0  1  0  8  0  0  0  0  0  0  0  0  0  0  0.37448971D-12
 166 CH3C4H      0  4  0  5  0  0  0  0  0  0  0  0  0  0  0.11217436D-15
 167 CH3OCH3     0  6  0  2  0  1  0  0  0  0  0  0  0  0  0.22865442D-23
 168 CH3CHCH2    0  6  0  3  0  0  0  0  0  0  0  0  0  0  0.00000000D+00
 169 C8N         0  0  0  8  1  0  0  0  0  0  0  0  0  0  0.19894439D-12
 170 C10         0  0  0 10  0  0  0  0  0  0  0  0  0  0  0.18148823D-13
 171 CH3COCH3    0  6  0  3  0  1  0  0  0  0  0  0  0  0  0.18414765D-23
 172 C8H2        0  2  0  8  0  0  0  0  0  0  0  0  0  0  0.73164661D-12
 173 C9H         0  1  0  9  0  0  0  0  0  0  0  0  0  0  0.88050859D-13
 174 C9N         0  0  0  9  1  0  0  0  0  0  0  0  0  0  0.65761276D-13
 175 CH3C5N      0  3  0  6  1  0  0  0  0  0  0  0  0  0  0.22123560D-16
 176 HC8N        0  1  0  8  1  0  0  0  0  0  0  0  0  0  0.51546962D-15
 177 NC8N        0  0  0  8  2  0  0  0  0  0  0  0  0  0  0.17985820D-12
 178 SiC8H       0  1  0  8  0  0  1  0  0  0  0  0  0  0  0.75617019D-13
 179 CH2CHCHCH2  0  6  0  4  0  0  0  0  0  0  0  0  0  0  0.00000000D+00
 180 C9O         0  0  0  9  0  1  0  0  0  0  0  0  0  0  0.20177898D-13
 181 HC9N        0  1  0  9  1  0  0  0  0  0  0  0  0  0  0.63947353D-13
 182 C10H        0  1  0 10  0  0  0  0  0  0  0  0  0  0  0.48178583D-13
 183 C9H2        0  2  0  9  0  0  0  0  0  0  0  0  0  0  0.65850074D-13
 184 CH3C6H      0  4  0  7  0  0  0  0  0  0  0  0  0  0  0.16636475D-17
 185 C11         0  0  0 11  0  0  0  0  0  0  0  0  0  0  0.46963881D-13
 186 C10N        0  0  0 10  1  0  0  0  0  0  0  0  0  0  0.19395432D-13
 187 CH3C7N      0  3  0  8  1  0  0  0  0  0  0  0  0  0  0.31535826D-17
 188 C10H2       0  2  0 10  0  0  0  0  0  0  0  0  0  0  0.11925018D-12
 189 C6H6        0  6  0  6  0  0  0  0  0  0  0  0  0  0  0.12471542D-14
 190 Si+         1  0  0  0  0  0  1  0  0  0  0  0  0  0  0.44400985D-08
 191 C+          1  0  0  1  0  0  0  0  0  0  0  0  0  0  0.17607514D-06
 192 C-         -1  0  0  1  0  0  0  0  0  0  0  0  0  0  0.27173360D-13
 193 H-         -1  1  0  0  0  0  0  0  0  0  0  0  0  0  0.10936095D-13
 194 O-         -1  0  0  0  0  1  0  0  0  0  0  0  0  0  0.87673376D-16
 195 S-         -1  0  0  0  0  0  0  1  0  0  0  0  0  0  0.48778648D-16
 196 He+         1  0  1  0  0  0  0  0  0  0  0  0  0  0  0.38504825D-11
 197 H+          1  1  0  0  0  0  0  0  0  0  0  0  0  0  0.31975811D-10
 198 Fe+         1  0  0  0  0  0  0  0  1  0  0  0  0  0  0.29239502D-08
 199 Mg+         1  0  0  0  0  0  0  0  0  0  1  0  0  0  0.65120936D-08
 200 N+          1  0  0  0  1  0  0  0  0  0  0  0  0  0  0.39509646D-15
 201 Na+         1  0  0  0  0  0  0  0  0  1  0  0  0  0  0.18552229D-08
 202 O+          1  0  0  0  0  1  0  0  0  0  0  0  0  0  0.62733036D-15
 203 S+          1  0  0  0  0  0  0  1  0  0  0  0  0  0  0.67531837D-07
 204 Cl+         1  0  0  0  0  0  0  0  0  0  0  1  0  0  0.18615280D-17
 205 F+          1  0  0  0  0  0  0  0  0  0  0  0  0  1  0.31226891D-18
 206 P+          1  0  0  0  0  0  0  0  0  0  0  0  1  0  0.33047094D-10
 207 e-         -1  0  0  0  0  0  0  0  0  0  0  0  0  0  0.25986221D-06
 208 CH+         1  1  0  1  0  0  0  0  0  0  0  0  0  0  0.39358022D-14
 209 H2+         1  2  0  0  0  0  0  0  0  0  0  0  0  0  0.11537504D-13
 210 OH+         1  1  0  0  0  1  0  0  0  0  0  0  0  0  0.41252760D-14
 211 SiH+        1  1  0  0  0  0  1  0  0  0  0  0  0  0  0.27671028D-12
 212 C2+         1  0  0  2  0  0  0  0  0  0  0  0  0  0  0.54652921D-15
 213 CN-        -1  0  0  1  1  0  0  0  0  0  0  0  0  0  0.16703805D-12
 214 OH-        -1  1  0  0  0  1  0  0  0  0  0  0  0  0  0.84053009D-14
 215 CF+         1  0  0  1  0  0  0  0  0  0  0  0  0  1  0.64532581D-10
 216 HS+         1  1  0  0  0  0  0  1  0  0  0  0  0  0  0.36604645D-12
 217 SO+         1  0  0  0  0  1  0  1  0  0  0  0  0  0  0.17851822D-11
 218 CCl+        1  0  0  1  0  0  0  0  0  0  0  1  0  0  0.35943648D-13
 219 ClO+        1  0  0  0  0  1  0  0  0  0  0  1  0  0  0.00000000D+00
 220 CN+         1  0  0  1  1  0  0  0  0  0  0  0  0  0  0.30537933D-17
 221 CO+         1  0  0  1  0  1  0  0  0  0  0  0  0  0  0.62846721D-15
 222 CP+         1  0  0  1  0  0  0  0  0  0  0  0  1  0  0.13382108D-19
 223 CS+         1  0  0  1  0  0  0  1  0  0  0  0  0  0  0.97912696D-15
 224 HCl+        1  1  0  0  0  0  0  0  0  0  0  1  0  0  0.14723159D-17
 225 HF+         1  1  0  0  0  0  0  0  0  0  0  0  0  1  0.24017969D-18
 226 HeH+        1  1  1  0  0  0  0  0  0  0  0  0  0  0  0.36879607D-21
 227 N2+         1  0  0  0  2  0  0  0  0  0  0  0  0  0  0.12231275D-16
 228 NH+         1  1  0  0  1  0  0  0  0  0  0  0  0  0  0.10318872D-15
 229 NO+         1  0  0  0  1  1  0  0  0  0  0  0  0  0  0.47429982D-12
 230 NS+         1  0  0  0  1  0  0  1  0  0  0  0  0  0  0.82510209D-12
 231 O2+         1  0  0  0  0  2  0  0  0  0  0  0  0  0  0.13092099D-13
 232 PH+         1  1  0  0  0  0  0  0  0  0  0  0  1  0  0.62795049D-16
 233 PN+         1  0  0  0  1  0  0  0  0  0  0  0  1  0  0.14340893D-14
 234 PO+         1  0  0  0  0  1  0  0  0  0  0  0  1  0  0.25679575D-14
 235 S2+         1  0  0  0  0  0  0  2  0  0  0  0  0  0  0.13280051D-14
 236 SiC+        1  0  0  1  0  0  1  0  0  0  0  0  0  0  0.61086188D-16
 237 SiN+        1  0  0  0  1  0  1  0  0  0  0  0  0  0  0.26543257D-12
 238 SiO+        1  0  0  0  0  1  1  0  0  0  0  0  0  0  0.25117627D-15
 239 SiS+        1  0  0  0  0  0  1  1  0  0  0  0  0  0  0.30837401D-17
 240 SiF+        1  0  0  0  0  0  1  0  0  0  0  0  0  1  0.13035868D-11
 241 CH2+        1  2  0  1  0  0  0  0  0  0  0  0  0  0  0.67852605D-13
 242 C2N+        1  0  0  2  1  0  0  0  0  0  0  0  0  0  0.13772926D-15
 243 CNC+        1  0  0  2  1  0  0  0  0  0  0  0  0  0  0.95107571D-10
 244 HSiO+       1  1  0  0  0  1  1  0  0  0  0  0  0  0  0.42931358D-11
 245 N2H+        1  1  0  0  2  0  0  0  0  0  0  0  0  0  0.10752431D-11
 246 C2H+        1  1  0  2  0  0  0  0  0  0  0  0  0  0  0.47264136D-14
 247 H3+         1  3  0  0  0  0  0  0  0  0  0  0  0  0  0.24412443D-10
 248 C3-        -1  0  0  3  0  0  0  0  0  0  0  0  0  0  0.11076209D-11
 249 HCO+        1  1  0  1  0  1  0  0  0  0  0  0  0  0  0.10174063D-09
 250 HSO+        1  1  0  0  0  1  0  1  0  0  0  0  0  0  0.26723073D-15
 251 H2S+        1  2  0  0  0  0  0  1  0  0  0  0  0  0  0.21631421D-11
 252 HCS+        1  1  0  1  0  0  0  1  0  0  0  0  0  0  0.16618351D-11
 253 HPO+        1  1  0  0  0  1  0  0  0  0  0  0  1  0  0.56961778D-15
 254 C2O+        1  0  0  2  0  1  0  0  0  0  0  0  0  0  0.16397030D-13
 255 C2S+        1  0  0  2  0  0  0  1  0  0  0  0  0  0  0.69658066D-12
 256 C3+         1  0  0  3  0  0  0  0  0  0  0  0  0  0  0.31670950D-14
 257 CCP+        1  0  0  2  0  0  0  0  0  0  0  0  1  0  0.46516561D-16
 258 CHSi+       1  1  0  1  0  0  1  0  0  0  0  0  0  0  0.24644957D-15
 259 CO2+        1  0  0  1  0  2  0  0  0  0  0  0  0  0  0.90754727D-21
 260 H2Cl+       1  2  0  0  0  0  0  0  0  0  0  1  0  0  0.38995316D-14
 261 H2F+        1  2  0  0  0  0  0  0  0  0  0  0  0  1  0.49234112D-14
 262 H2O+        1  2  0  0  0  1  0  0  0  0  0  0  0  0  0.99128493D-14
 263 HCN+        1  1  0  1  1  0  0  0  0  0  0  0  0  0  0.38167277D-15
 264 HCP+        1  1  0  1  0  0  0  0  0  0  0  0  1  0  0.20393547D-19
 265 HNC+        1  1  0  1  1  0  0  0  0  0  0  0  0  0  0.28291191D-16
 266 HNO+        1  1  0  0  1  1  0  0  0  0  0  0  0  0  0.12693539D-14
 267 HNS+        1  1  0  0  1  0  0  1  0  0  0  0  0  0  0.12828341D-16
 268 HNSi+       1  1  0  0  1  0  1  0  0  0  0  0  0  0  0.77836666D-16
 269 HOC+        1  1  0  1  0  1  0  0  0  0  0  0  0  0  0.58172015D-12
 270 HPN+        1  1  0  0  1  0  0  0  0  0  0  0  1  0  0.11682060D-14
 271 HSiS+       1  1  0  0  0  0  1  1  0  0  0  0  0  0  0.21830075D-13
 272 NaH2+       1  2  0  0  0  0  0  0  0  1  0  0  0  0  0.33653437D-14
 273 NCO+        1  0  0  1  1  1  0  0  0  0  0  0  0  0  0.40897440D-16
 274 NH2+        1  2  0  0  1  0  0  0  0  0  0  0  0  0  0.85850977D-15
 275 NO2+        1  0  0  0  1  2  0  0  0  0  0  0  0  0  0.13893763D-20
 276 HO2+        1  1  0  0  0  2  0  0  0  0  0  0  0  0  0.12752998D-18
 277 OCS+        1  0  0  1  0  1  0  1  0  0  0  0  0  0  0.49096743D-12
 278 PH2+        1  2  0  0  0  0  0  0  0  0  0  0  1  0  0.27677549D-14
 279 HS2+        1  1  0  0  0  0  0  2  0  0  0  0  0  0  0.57096979D-16
 280 SiC2+       1  0  0  2  0  0  1  0  0  0  0  0  0  0  0.10919121D-16
 281 SiH2+       1  2  0  0  0  0  1  0  0  0  0  0  0  0  0.80274026D-11
 282 SiNC+       1  0  0  1  1  0  1  0  0  0  0  0  0  0  0.26372863D-11
 283 SO2+        1  0  0  0  0  2  0  1  0  0  0  0  0  0  0.63626403D-23
 284 HCNH+       1  2  0  1  1  0  0  0  0  0  0  0  0  0  0.24005328D-11
 285 HC2N+       1  1  0  2  1  0  0  0  0  0  0  0  0  0  0.10628140D-15
 286 C3H+        1  1  0  3  0  0  0  0  0  0  0  0  0  0  0.13994592D-12
 287 C4+         1  0  0  4  0  0  0  0  0  0  0  0  0  0  0.60582005D-14
 288 H2CO+       1  2  0  1  0  1  0  0  0  0  0  0  0  0  0.78033842D-13
 289 CH3+        1  3  0  1  0  0  0  0  0  0  0  0  0  0  0.10488469D-09
 290 C3N-       -1  0  0  3  1  0  0  0  0  0  0  0  0  0  0.69617911D-13
 291 C4-        -1  0  0  4  0  0  0  0  0  0  0  0  0  0  0.25423519D-11
 292 H3O+        1  3  0  0  0  1  0  0  0  0  0  0  0  0  0.18890179D-10
 293 H2NO+       1  2  0  0  1  1  0  0  0  0  0  0  0  0  0.20691575D-14
 294 H3S+        1  3  0  0  0  0  0  1  0  0  0  0  0  0  0.53282080D-15
 295 HC2S+       1  1  0  2  0  0  0  1  0  0  0  0  0  0  0.18010629D-12
 296 HOCS+       1  1  0  1  0  1  0  1  0  0  0  0  0  0  0.10863014D-15
 297 PCH2+       1  2  0  1  0  0  0  0  0  0  0  0  1  0  0.14767822D-15
 298 H2S2+       1  2  0  0  0  0  0  2  0  0  0  0  0  0  0.19574251D-19
 299 C2H2+       1  2  0  2  0  0  0  0  0  0  0  0  0  0  0.10686812D-10
 300 C2HO+       1  1  0  2  0  1  0  0  0  0  0  0  0  0  0.47784433D-12
 301 C2N2+       1  0  0  2  2  0  0  0  0  0  0  0  0  0  0.18280976D-21
 302 C3N+        1  0  0  3  1  0  0  0  0  0  0  0  0  0  0.21629303D-18
 303 C3O+        1  0  0  3  0  1  0  0  0  0  0  0  0  0  0.13033512D-12
 304 C3S+        1  0  0  3  0  0  0  1  0  0  0  0  0  0  0.64353367D-12
 305 CH2Si+      1  2  0  1  0  0  1  0  0  0  0  0  0  0  0.56576231D-12
 306 H2CCl+      1  2  0  1  0  0  0  0  0  0  0  1  0  0  0.19856191D-16
 307 H2CS+       1  2  0  1  0  0  0  1  0  0  0  0  0  0  0.23864016D-16
 308 H2NC+       1  2  0  1  1  0  0  0  0  0  0  0  0  0  0.42850497D-11
 309 H2PO+       1  2  0  0  0  1  0  0  0  0  0  0  1  0  0.71873050D-21
 310 H2SiO+      1  2  0  0  0  1  1  0  0  0  0  0  0  0  0.78344861D-17
 311 HOCO+       1  1  0  1  0  2  0  0  0  0  0  0  0  0  0.12373422D-15
 312 HNCO+       1  1  0  1  1  1  0  0  0  0  0  0  0  0  0.24213626D-22
 313 HSiO2+      1  1  0  0  0  2  1  0  0  0  0  0  0  0  0.97229144D-21
 314 HSO2+       1  1  0  0  0  2  0  1  0  0  0  0  0  0  0.35187641D-20
 315 NaH2O+      1  2  0  0  0  1  0  0  0  1  0  0  0  0  0.12341787D-18
 316 NH3+        1  3  0  0  1  0  0  0  0  0  0  0  0  0  0.27582521D-12
 317 PC2H+       1  1  0  2  0  0  0  0  0  0  0  0  1  0  0.11084931D-15
 318 PH3+        1  3  0  0  0  0  0  0  0  0  0  0  1  0  0.18037305D-19
 319 PNH2+       1  2  0  0  1  0  0  0  0  0  0  0  1  0  0.85168182D-17
 320 SiC2H+      1  1  0  2  0  0  1  0  0  0  0  0  0  0  0.81568727D-13
 321 l-SiC3+     1  0  0  3  0  0  1  0  0  0  0  0  0  0  0.37634460D-13
 322 SiH3+       1  3  0  0  0  0  1  0  0  0  0  0  0  0  0.52564774D-16
 323 SiNCH+      1  1  0  1  1  0  1  0  0  0  0  0  0  0  0.32894473D-14
 324 HSiNH+      1  2  0  0  1  0  1  0  0  0  0  0  0  0  0.34790476D-12
 325 HN2O+       1  1  0  0  2  1  0  0  0  0  0  0  0  0  0.77657836D-23
 326 C2H3+       1  3  0  2  0  0  0  0  0  0  0  0  0  0  0.23058551D-12
 327 c-C3H2+     1  2  0  3  0  0  0  0  0  0  0  0  0  0  0.59473993D-12
 328 l-C3H2+     1  2  0  3  0  0  0  0  0  0  0  0  0  0  0.23455026D-12
 329 C4H+        1  1  0  4  0  0  0  0  0  0  0  0  0  0  0.89504157D-14
 330 C5+         1  0  0  5  0  0  0  0  0  0  0  0  0  0  0.27201908D-15
 331 HC3O+       1  1  0  3  0  1  0  0  0  0  0  0  0  0  0.22808711D-15
 332 C4H-       -1  1  0  4  0  0  0  0  0  0  0  0  0  0  0.23472385D-11
 333 C5-        -1  0  0  5  0  0  0  0  0  0  0  0  0  0  0.18779498D-11
 334 NH4+        1  4  0  0  1  0  0  0  0  0  0  0  0  0  0.49381863D-13
 335 H3CS+       1  3  0  1  0  0  0  1  0  0  0  0  0  0  0.77068754D-14
 336 H2COH+      1  3  0  1  0  1  0  0  0  0  0  0  0  0  0.62451438D-15
 337 H3S2+       1  3  0  0  0  0  0  2  0  0  0  0  0  0  0.51866781D-17
 338 HC3S+       1  1  0  3  0  0  0  1  0  0  0  0  0  0  0.15038996D-11
 339 PC3H+       1  1  0  3  0  0  0  0  0  0  0  0  1  0  0.27238258D-19
 340 PCH3+       1  3  0  1  0  0  0  0  0  0  0  0  1  0  0.56283440D-22
 341 PNH3+       1  3  0  0  1  0  0  0  0  0  0  0  1  0  0.10778124D-22
 342 SiC2H2+     1  2  0  2  0  0  1  0  0  0  0  0  0  0  0.46626102D-15
 343 SiC3H+      1  1  0  3  0  0  1  0  0  0  0  0  0  0  0.67635793D-13
 344 SiC4+       1  0  0  4  0  0  1  0  0  0  0  0  0  0  0.48048167D-14
 345 SiCH3+      1  3  0  1  0  0  1  0  0  0  0  0  0  0  0.15528278D-17
 346 SiH4+       1  4  0  0  0  0  1  0  0  0  0  0  0  0  0.39695165D-29
 347 CH2CN+      1  2  0  2  1  0  0  0  0  0  0  0  0  0  0.42974161D-12
 348 H2CCO+      1  2  0  2  0  1  0  0  0  0  0  0  0  0  0.24893019D-12
 349 HC3N+       1  1  0  3  1  0  0  0  0  0  0  0  0  0  0.28303363D-14
 350 C4N+        1  0  0  4  1  0  0  0  0  0  0  0  0  0  0.80411213D-16
 351 C4P+        1  0  0  4  0  0  0  0  0  0  0  0  1  0  0.24407394D-23
 352 C4S+        1  0  0  4  0  0  0  1  0  0  0  0  0  0  0.53408886D-13
 353 HCOOH+      1  2  0  1  0  2  0  0  0  0  0  0  0  0  0.36278733D-18
 354 CH4+        1  4  0  1  0  0  0  0  0  0  0  0  0  0  0.18389338D-17
 355 H3SiO+      1  3  0  0  0  1  1  0  0  0  0  0  0  0  0.24808084D-22
 356 PC2H2+      1  2  0  2  0  0  0  0  0  0  0  0  1  0  0.53590570D-17
 357 C6+         1  0  0  6  0  0  0  0  0  0  0  0  0  0  0.12206336D-14
 358 HC4N+       1  1  0  4  1  0  0  0  0  0  0  0  0  0  0.65366921D-20
 359 C5H-       -1  1  0  5  0  0  0  0  0  0  0  0  0  0  0.51887566D-11
 360 C6-        -1  0  0  6  0  0  0  0  0  0  0  0  0  0  0.10653657D-11
 361 CH3CO+      1  3  0  2  0  1  0  0  0  0  0  0  0  0  0.18538546D-12
 362 C2H4+       1  4  0  2  0  0  0  0  0  0  0  0  0  0  0.37362328D-11
 363 HC3NH+      1  2  0  3  1  0  0  0  0  0  0  0  0  0  0.72982316D-13
 364 HC4S+       1  1  0  4  0  0  0  1  0  0  0  0  0  0  0.31401038D-13
 365 CH5+        1  5  0  1  0  0  0  0  0  0  0  0  0  0  0.26309519D-12
 366 C4H2+       1  2  0  4  0  0  0  0  0  0  0  0  0  0  0.44880276D-11
 367 C5H+        1  1  0  5  0  0  0  0  0  0  0  0  0  0  0.21207732D-12
 368 CH3CN+      1  3  0  2  1  0  0  0  0  0  0  0  0  0  0.15412394D-12
 369 c-C3H3+     1  3  0  3  0  0  0  0  0  0  0  0  0  0  0.14720536D-11
 370 l-C3H3+     1  3  0  3  0  0  0  0  0  0  0  0  0  0  0.14724550D-11
 371 C5N+        1  0  0  5  1  0  0  0  0  0  0  0  0  0  0.27418230D-17
 372 CH3O2+      1  3  0  1  0  2  0  0  0  0  0  0  0  0  0.41082524D-17
 373 CH2NH2+     1  4  0  1  1  0  0  0  0  0  0  0  0  0  0.30825017D-16
 374 CH3OH+      1  4  0  1  0  1  0  0  0  0  0  0  0  0  0.57090225D-20
 375 H2C3O+      1  2  0  3  0  1  0  0  0  0  0  0  0  0  0.24233868D-15
 376 HC2NCH+     1  2  0  3  1  0  0  0  0  0  0  0  0  0  0.14077944D-13
 377 HC4O+       1  1  0  4  0  1  0  0  0  0  0  0  0  0  0.30106098D-12
 378 NH2CNH+     1  3  0  1  2  0  0  0  0  0  0  0  0  0  0.00000000D+00
 379 PC2H3+      1  3  0  2  0  0  0  0  0  0  0  0  1  0  0.31619085D-25
 380 PC4H+       1  1  0  4  0  0  0  0  0  0  0  0  1  0  0.11787043D-18
 381 PCH4+       1  4  0  1  0  0  0  0  0  0  0  0  1  0  0.28142362D-23
 382 SiC2H3+     1  3  0  2  0  0  1  0  0  0  0  0  0  0  0.23655697D-15
 383 SiC3H2+     1  2  0  3  0  0  1  0  0  0  0  0  0  0  0.23423874D-16
 384 SiC4H+      1  1  0  4  0  0  1  0  0  0  0  0  0  0  0.23743117D-16
 385 SiCH4+      1  4  0  1  0  0  1  0  0  0  0  0  0  0  0.13411476D-17
 386 SiH5+       1  5  0  0  0  0  1  0  0  0  0  0  0  0  0.30761550D-21
 387 C7+         1  0  0  7  0  0  0  0  0  0  0  0  0  0  0.12326066D-15
 388 H2C4N+      1  2  0  4  1  0  0  0  0  0  0  0  0  0  0.97375272D-20
 389 C6H-       -1  1  0  6  0  0  0  0  0  0  0  0  0  0  0.80809580D-12
 390 C7-        -1  0  0  7  0  0  0  0  0  0  0  0  0  0  0.37698943D-12
 391 C4H3+       1  3  0  4  0  0  0  0  0  0  0  0  0  0  0.32550416D-13
 392 C5H2+       1  2  0  5  0  0  0  0  0  0  0  0  0  0  0.26221847D-15
 393 CH3CNH+     1  4  0  2  1  0  0  0  0  0  0  0  0  0  0.14388239D-12
 394 C2H4O+      1  4  0  2  0  1  0  0  0  0  0  0  0  0  0.29978789D-18
 395 C2H5+       1  5  0  2  0  0  0  0  0  0  0  0  0  0  0.60111861D-16
 396 C3H3N+      1  3  0  3  1  0  0  0  0  0  0  0  0  0  0.58064793D-18
 397 C3H4+       1  4  0  3  0  0  0  0  0  0  0  0  0  0  0.14771683D-17
 398 HC5N+       1  1  0  5  1  0  0  0  0  0  0  0  0  0  0.77636787D-15
 399 C6H+        1  1  0  6  0  0  0  0  0  0  0  0  0  0  0.27764543D-13
 400 CH3NH2+     1  5  0  1  1  0  0  0  0  0  0  0  0  0  0.62939338D-17
 401 CH3OH2+     1  5  0  1  0  1  0  0  0  0  0  0  0  0  0.64180146D-18
 402 H3C3O+      1  3  0  3  0  1  0  0  0  0  0  0  0  0  0.38812203D-16
 403 NH2CH2O+    1  4  0  1  1  1  0  0  0  0  0  0  0  0  0.29555660D-22
 404 PC2H4+      1  4  0  2  0  0  0  0  0  0  0  0  1  0  0.19710306D-24
 405 PC4H2+      1  2  0  4  0  0  0  0  0  0  0  0  1  0  0.27194954D-21
 406 HC5O+       1  1  0  5  0  1  0  0  0  0  0  0  0  0  0.19240345D-16
 407 C6N+        1  0  0  6  1  0  0  0  0  0  0  0  0  0  0.65102754D-17
 408 H2C5N+      1  2  0  5  1  0  0  0  0  0  0  0  0  0  0.23077001D-14
 409 C8+         1  0  0  8  0  0  0  0  0  0  0  0  0  0  0.71264457D-15
 410 C7H-       -1  1  0  7  0  0  0  0  0  0  0  0  0  0  0.79175285D-12
 411 C8-        -1  0  0  8  0  0  0  0  0  0  0  0  0  0  0.81776246D-13
 412 C5H3+       1  3  0  5  0  0  0  0  0  0  0  0  0  0  0.75108880D-16
 413 C3H5+       1  5  0  3  0  0  0  0  0  0  0  0  0  0  0.96431771D-17
 414 C6H2+       1  2  0  6  0  0  0  0  0  0  0  0  0  0  0.24186342D-13
 415 C7H+        1  1  0  7  0  0  0  0  0  0  0  0  0  0  0.20189291D-13
 416 CH3CHOH+    1  5  0  2  0  1  0  0  0  0  0  0  0  0  0.10510096D-19
 417 C2H6+       1  6  0  2  0  0  0  0  0  0  0  0  0  0  0.16040190D-28
 418 C3H3NH+     1  4  0  3  1  0  0  0  0  0  0  0  0  0  0.21950348D-22
 419 C4H4+       1  4  0  4  0  0  0  0  0  0  0  0  0  0  0.27128119D-19
 420 C7N+        1  0  0  7  1  0  0  0  0  0  0  0  0  0  0.26765705D-18
 421 CH3NH3+     1  6  0  1  1  0  0  0  0  0  0  0  0  0  0.30184281D-16
 422 COOCH4+     1  4  0  2  0  2  0  0  0  0  0  0  0  0  0.43884856D-24
 423 H3C4N+      1  3  0  4  1  0  0  0  0  0  0  0  0  0  0.97353805D-20
 424 HC6N+       1  1  0  6  1  0  0  0  0  0  0  0  0  0  0.81652909D-21
 425 C9+         1  0  0  9  0  0  0  0  0  0  0  0  0  0  0.69652895D-16
 426 C8H-       -1  1  0  8  0  0  0  0  0  0  0  0  0  0  0.17922757D-12
 427 C9-        -1  0  0  9  0  0  0  0  0  0  0  0  0  0  0.41815950D-13
 428 C4H5+       1  5  0  4  0  0  0  0  0  0  0  0  0  0  0.12204624D-17
 429 C6H3+       1  3  0  6  0  0  0  0  0  0  0  0  0  0  0.32941661D-16
 430 C7H2+       1  2  0  7  0  0  0  0  0  0  0  0  0  0  0.18187103D-16
 431 C2H5OH+     1  6  0  2  0  1  0  0  0  0  0  0  0  0  0.10809874D-24
 432 H3C4NH+     1  4  0  4  1  0  0  0  0  0  0  0  0  0  0.92789503D-17
 433 C5H3N+      1  3  0  5  1  0  0  0  0  0  0  0  0  0  0.22633913D-18
 434 C5H4+       1  4  0  5  0  0  0  0  0  0  0  0  0  0  0.10702094D-17
 435 HC7N+       1  1  0  7  1  0  0  0  0  0  0  0  0  0  0.66327615D-16
 436 C8H+        1  1  0  8  0  0  0  0  0  0  0  0  0  0  0.37220410D-17
 437 CH3OCH3+    1  6  0  2  0  1  0  0  0  0  0  0  0  0  0.45249350D-26
 438 H5C2O2+     1  5  0  2  0  2  0  0  0  0  0  0  0  0  0.12760800D-23
 439 HC7O+       1  1  0  7  0  1  0  0  0  0  0  0  0  0  0.65294529D-18
 440 C8N+        1  0  0  8  1  0  0  0  0  0  0  0  0  0  0.10628616D-17
 441 H2C6N+      1  2  0  6  1  0  0  0  0  0  0  0  0  0  0.55175572D-17
 442 C2H7+       1  7  0  2  0  0  0  0  0  0  0  0  0  0  0.31484012D-42
 443 C10+        1  0  0 10  0  0  0  0  0  0  0  0  0  0  0.19679052D-16
 444 CH3OCH4+    1  7  0  2  0  1  0  0  0  0  0  0  0  0  0.34420354D-25
 445 C9H-       -1  1  0  9  0  0  0  0  0  0  0  0  0  0  0.12657230D-12
 446 C10-       -1  0  0 10  0  0  0  0  0  0  0  0  0  0  0.11323840D-13
 447 C7H2N+      1  2  0  7  1  0  0  0  0  0  0  0  0  0  0.11358928D-14
 448 C7H3+       1  3  0  7  0  0  0  0  0  0  0  0  0  0  0.12760363D-16
 449 C5H5+       1  5  0  5  0  0  0  0  0  0  0  0  0  0  0.47023697D-17
 450 C8H2+       1  2  0  8  0  0  0  0  0  0  0  0  0  0  0.21225799D-14
 451 C9H+        1  1  0  9  0  0  0  0  0  0  0  0  0  0  0.25143722D-14
 452 C2H5OH2+    1  7  0  2  0  1  0  0  0  0  0  0  0  0  0.23502800D-23
 453 C2H6CO+     1  6  0  3  0  1  0  0  0  0  0  0  0  0  0.14517304D-25
 454 C5H4N+      1  4  0  5  1  0  0  0  0  0  0  0  0  0  0.21643339D-18
 455 C6H4+       1  4  0  6  0  0  0  0  0  0  0  0  0  0  0.39501626D-17
 456 C9N+        1  0  0  9  1  0  0  0  0  0  0  0  0  0  0.33565791D-19
 457 HC8N+       1  1  0  8  1  0  0  0  0  0  0  0  0  0  0.12980668D-21
 458 C10H+       1  1  0 10  0  0  0  0  0  0  0  0  0  0  0.48087327D-15
 459 C10H-      -1  1  0 10  0  0  0  0  0  0  0  0  0  0  0.18911143D-13
 460 C8H3+       1  3  0  8  0  0  0  0  0  0  0  0  0  0  0.26072143D-17
 461 C9H2+       1  2  0  9  0  0  0  0  0  0  0  0  0  0  0.25621839D-17
 462 C3H6OH+     1  7  0  3  0  1  0  0  0  0  0  0  0  0  0.35242137D-25
 463 C4H7+       1  7  0  4  0  0  0  0  0  0  0  0  0  0  0.17415641D-22
 464 H3C6NH+     1  4  0  6  1  0  0  0  0  0  0  0  0  0  0.12039028D-18
 465 C6H5+       1  5  0  6  0  0  0  0  0  0  0  0  0  0  0.32698050D-21
 466 H3C7N+      1  3  0  7  1  0  0  0  0  0  0  0  0  0  0.92819891D-20
 467 C7H4+       1  4  0  7  0  0  0  0  0  0  0  0  0  0  0.21001117D-18
 468 C9HN+       1  1  0  9  1  0  0  0  0  0  0  0  0  0  0.83440692D-17
 469 C11+        1  0  0 11  0  0  0  0  0  0  0  0  0  0  0.17570412D-15
 470 HC9O+       1  1  0  9  0  1  0  0  0  0  0  0  0  0  0.10678838D-18
 471 C10N+       1  0  0 10  1  0  0  0  0  0  0  0  0  0  0.13767356D-18
 472 H2C8N+      1  2  0  8  1  0  0  0  0  0  0  0  0  0  0.87714670D-18
 473 C9H2N+      1  2  0  9  1  0  0  0  0  0  0  0  0  0  0.24618202D-16
 474 C9H3+       1  3  0  9  0  0  0  0  0  0  0  0  0  0  0.39344554D-18
 475 C10H2+      1  2  0 10  0  0  0  0  0  0  0  0  0  0  0.10937956D-17
 476 C7H5+       1  5  0  7  0  0  0  0  0  0  0  0  0  0  0.12017662D-18
 477 C8H4+       1  4  0  8  0  0  0  0  0  0  0  0  0  0  0.11377797D-18
 478 HC10N+      1  1  0 10  1  0  0  0  0  0  0  0  0  0  0.12655077D-22
 479 C6H7+       1  7  0  6  0  0  0  0  0  0  0  0  0  0  0.27691823D-19
 480 C9H4+       1  4  0  9  0  0  0  0  0  0  0  0  0  0  0.10092770D-19
 481 C8H4N+      1  4  0  8  1  0  0  0  0  0  0  0  0  0  0.17652531D-19
 482 C8H5+       1  5  0  8  0  0  0  0  0  0  0  0  0  0  0.17586729D-22
 483 C9H3N+      1  3  0  9  1  0  0  0  0  0  0  0  0  0  0.75897544D-21
 484 C10H3+      1  3  0 10  0  0  0  0  0  0  0  0  0  0  0.47417700D-19
 485 H2C10N+     1  2  0 10  1  0  0  0  0  0  0  0  0  0  0.12827182D-18
 486 C9H5+       1  5  0  9  0  0  0  0  0  0  0  0  0  0  0.40580725D-25
 487 GRAIN0      0  0  0  0  0  0  0  0  0  0  0  0  0  0  0.77811331D-14
 488 GRAIN-     -1  0  0  0  0  0  0  0  0  0  0  0  0  0  0.13137189D-11
 489 XH          0  1  0  0  0  0  0  0  0  0  0  0  0  0  0.59942284D-17
