  -289.63405      0.20218748    
  -288.90163      0.17658499    
  -288.16921     -0.16285269    
  -287.43678      0.60886256E-01
  -286.70436      0.12884787    
  -285.97194      0.15484001E-01
  -285.23952      0.13367333E-01
  -284.50710     -0.23932752    
  -283.77467     -0.14757383    
  -283.04225     -0.12986705    
  -282.30983     -0.72128043E-01
  -281.57741     -0.12960380    
  -280.84499     -0.15020610    
  -280.11256     -0.86775564E-01
  -279.38014     -0.89946836E-01
  -278.64772      0.71505219E-01
  -277.91530     -0.16685572    
  -277.18288      0.20203336    
  -276.45046      0.47193862E-01
  -275.71803      0.84593952E-01
  -274.98561      0.13190446E-01
  -274.25319     -0.10876059    
  -273.52077     -0.86514860E-01
  -272.78835      0.53013712E-02
  -272.05592     -0.10793618    
  -271.32350     -0.17682998    
  -270.59108      0.38229162    
  -269.85866      0.21761651    
  -269.12624      0.14842103    
  -268.39381      0.80108725E-01
  -267.66139      0.26708186E-01
  -266.92897      0.10535216    
  -266.19655      0.36152355E-01
  -265.46413      0.11878821    
  -264.73171     -0.38318280E-01
  -263.99928     -0.18110543E-01
  -263.26686     -0.24829248    
  -262.53444     -0.20656599    
  -261.80202     -0.13394797    
  -261.06960      0.26322395E-01
  -260.33717     -0.55250973E-02
  -259.60475     -0.41214755    
  -258.87233     -0.17327252    
  -258.13991      0.30990433E-01
  -257.40749     -0.33377591    
  -256.67506     -0.93178265E-02
  -255.94264     -0.79685770E-01
  -255.21022      0.95873386E-01
  -254.47780      0.17992310    
  -253.74538      0.20325959    
  -253.01296     -0.28965607E-01
  -252.28053      0.13043797    
  -251.54811     -0.87368011E-01
  -250.81569     -0.56819879E-02
  -250.08327      0.12874755    
  -249.35085      0.66437528E-01
  -248.61842      0.21189371    
  -247.88600     -0.97816005E-01
  -247.15358      0.19337811E-01
  -246.42116     -0.25245171E-01
  -245.68874      0.11382587E-01
  -244.95631      0.26143141E-01
  -244.22389      0.19033438    
  -243.49147     -0.59573989E-01
  -242.75905     -0.10971435    
  -242.02663     -0.11744335    
  -241.29421      0.32330222E-01
  -240.56178     -0.18312064    
  -239.82936     -0.19790986    
  -239.09694     -0.82582794E-01
  -238.36452     -0.90842724E-01
  -237.63210      0.10001555    
  -236.89967      0.10170376E-01
  -236.16725      0.26437768    
  -235.43483      0.15051788    
  -234.70241      0.71691565E-01
  -233.96999      0.79708621E-01
  -233.23756      0.37340331    
  -232.50514      0.33498895    
  -231.77272      0.22207394    
  -231.04030     -0.90530977E-01
  -230.30788      0.15093637    
  -229.57546      0.80847107E-02
  -228.84303      0.30472137E-01
  -228.11061     -0.10372818    
  -227.37819      0.68684220E-01
  -226.64577     -0.15998080E-01
  -225.91335     -0.13263036    
  -225.18092     -0.32846954    
  -224.44850      0.74212894E-01
  -223.71608     -0.33749917    
  -222.98366     -0.26342320    
  -222.25124     -0.23327620    
  -221.51881     -0.68017982E-01
  -220.78639      0.25832621E-01
  -220.05397     -0.21481708    
  -219.32155     -0.11635858    
  -218.58913      0.12655862    
  -217.85671      0.12150326    
  -217.12428     -0.52834898    
  -216.39186      0.94121613E-01
  -215.65944     -0.11476135    
  -214.92702      0.16646739E-01
  -214.19460      0.72115675E-01
  -213.46217     -0.65409034E-01
  -212.72975      0.86561039E-01
  -211.99733      0.84711626E-01
  -211.26491      0.24573797    
  -210.53249      0.60191505E-01
  -209.80006     -0.88527381E-01
  -209.06764     -0.10132349    
  -208.33522      0.38578071E-01
  -207.60280     -0.10826141    
  -206.87038      0.31766511E-01
  -206.13796     -0.20704605    
  -205.40553     -0.14822851    
  -204.67311     -0.27967232    
  -203.94069     -0.25539123E-01
  -203.20827      0.66986486E-01
  -202.47585     -0.76520279E-01
  -201.74342     -0.11679849    
  -201.01100     -0.29674578    
  -200.27858      0.84747955E-01
  -199.54616     -0.15214914    
  -198.81374      0.72736025E-01
  -198.08131     -0.18889412E-01
  -197.34889     -0.15522826    
  -196.61647      0.10638744    
  -195.88405      0.17754067    
  -195.15163     -0.84171951E-01
  -194.41921     -0.18419456    
  -193.68678      0.31464198    
  -192.95436      0.18075256    
  -192.22194      0.15224135    
  -191.48952      0.85691959E-01
  -190.75710     -0.14677837    
  -190.02467      0.30588597E-01
  -189.29225     -0.75815991E-02
  -188.55983     -0.19189323    
  -187.82741      0.29307604E-01
  -187.09499     -0.25223136    
  -186.36256     -0.27855480    
  -185.63014     -0.43345174    
  -184.89772     -0.35362482    
  -184.16530     -0.81037439E-01
  -183.43288     -0.52944231    
  -182.70046     -0.23752280    
  -181.96803     -0.10789323    
  -181.23561     -0.36272180    
  -180.50319      0.87126225E-01
  -179.77077      0.25520581    
  -179.03835      0.20231868    
  -178.30592     -0.28836612E-01
  -177.57350      0.68523519E-01
  -176.84108     -0.12303818E-01
  -176.10866      0.12593848    
  -175.37624     -0.30530803E-02
  -174.64381      0.16108716    
  -173.91139      0.15663633    
  -173.17897      0.24438362    
  -172.44655      0.21553782    
  -171.71413      0.15784968    
  -170.98171      0.52543681E-01
  -170.24928      0.98775372E-01
  -169.51686      0.91656208E-01
  -168.78444      0.19229578E-01
  -168.05202      0.44978686E-01
  -167.31960     -0.22171140    
  -166.58717     -0.21946585    
  -165.85475      0.28616352E-01
  -165.12233     -0.18474801    
  -164.38991      0.32472181    
  -163.65749     -0.15841518    
  -162.92506     -0.54879304E-01
  -162.19264     -0.45300517E-01
  -161.46022      0.22229181    
  -160.72780      0.22709286    
  -159.99538      0.14965110    
  -159.26296      0.11908850    
  -158.53053      0.10700721    
  -157.79811     -0.22070585    
  -157.06569     -0.16712981    
  -156.33327     -0.86036436E-02
  -155.60085      0.13537246    
  -154.86842      0.12294550    
  -154.13600     -0.90093940E-01
  -153.40358     -0.71875885E-01
  -152.67116     -0.14455429    
  -151.93874      0.83974987E-01
  -151.20631     -0.99521764E-01
  -150.47389     -0.47018053E-02
  -149.74147     -0.22885874    
  -149.00905      0.13332283    
  -148.27663      0.47195721    
  -147.54421     -0.61330564E-01
  -146.81178     -0.40679209E-01
  -146.07936     -0.11753173    
  -145.34694     -0.49455438E-01
  -144.61452      0.15885702    
  -143.88210     -0.58269054E-01
  -143.14967     -0.15739357    
  -142.41725      0.24082524    
  -141.68483      0.10228835E-01
  -140.95241     -0.95190942E-01
  -140.21999      0.17878345    
  -139.48756      0.71631491E-01
  -138.75514     -0.37649520E-01
  -138.02272     -0.20609729E-01
  -137.29030      0.10526197    
  -136.55788      0.32312894    
  -135.82546      0.28884059    
  -135.09303     -0.25809661E-01
  -134.36061     -0.88589333E-01
  -133.62819     -0.18246557    
  -132.89577     -0.68918817E-01
  -132.16335     -0.14078429    
  -131.43092     -0.14310372    
  -130.69850     -0.76567315E-01
  -129.96608      0.30112665E-01
  -129.23366     -0.19698247    
  -128.50124     -0.24313340    
  -127.76881     -0.91334321E-01
  -127.03639     -0.20388579    
  -126.30397      0.22481626    
  -125.57155      0.42914473E-01
  -124.83913     -0.73576003E-01
  -124.10671     -0.17155464    
  -123.37428     -0.93462095E-02
  -122.64186      0.87393500E-01
  -121.90944     -0.14615718    
  -121.17702      0.18969411    
  -120.44460      0.47117900E-01
  -119.71217     -0.11793623    
  -118.97975     -0.68086319E-01
  -118.24733     -0.16380614    
  -117.51491     -0.11385086    
  -116.78249      0.10438124    
  -116.05006      0.56793392E-01
  -115.31764      0.67090571E-01
  -114.58522     -0.90922713E-02
  -113.85280     -0.11136600    
  -113.12038     -0.16050826    
  -112.38796     -0.12416635    
  -111.65553      0.58365613E-01
  -110.92311     -0.12354041    
  -110.19069     -0.37765497    
  -109.45827      0.19333050E-01
  -108.72585      0.38710035E-01
  -107.99342      0.64016573E-01
  -107.26100     -0.76414987E-01
  -106.52858     -0.41913986E-01
  -105.79616     -0.21777073    
  -105.06374      0.70354208E-01
  -104.33131      0.28001502E-01
  -103.59889      0.52220512E-01
  -102.86647      0.15370382    
  -102.13405      0.17376525E-01
  -101.40163     -0.10186552E-01
  -100.66921      0.32260132    
  -99.936783      0.24310228    
  -99.204361      0.24799484    
  -98.471940      0.56829810    
  -97.739518      0.23704535    
  -97.007096     -0.10468669    
  -96.274674     -0.39065022E-01
  -95.542252      0.12437051    
  -94.809830      0.20222223    
  -94.077408      0.12257327    
  -93.344986     -0.43560818E-01
  -92.612565     -0.15173644E-01
  -91.880143      0.18517071    
  -91.147721      0.94935097E-01
  -90.415299     -0.39446777    
  -89.682877      0.57711527E-01
  -88.950455      0.67111120E-01
  -88.218033      0.16101296    
  -87.485611      0.10475062    
  -86.753190     -0.63526593E-02
  -86.020768      0.13432594    
  -85.288346      0.51086616E-01
  -84.555924     -0.85799582E-02
  -83.823502      0.51000781E-01
  -83.091080      0.23322141    
  -82.358658      0.16275331E-01
  -81.626236      0.15709469    
  -80.893815      0.17591555    
  -80.161393     -0.10004498E-01
  -79.428971      0.26022369    
  -78.696549      0.38028336    
  -77.964127      0.37853810    
  -77.231705      0.43289196    
  -76.499283      0.11872467    
  -75.766861      0.13078496    
  -75.034440     -0.19868203    
  -74.302018     -0.16207136E-01
  -73.569596      0.19051695E-01
  -72.837174      0.24007381    
  -72.104752     -0.19266587    
  -71.372330      0.43386936E-01
  -70.639908      0.16935831    
  -69.907486     -0.12796931E-02
  -69.175065     -0.22073355    
  -68.442643      0.67542769E-01
  -67.710221      0.26905724    
  -66.977799      0.15387800    
  -66.245377      0.94195291E-01
  -65.512955      0.13906035    
  -64.780533      0.35587940    
  -64.048111      0.44930384    
  -63.315690      0.15334724    
  -62.583268      0.27448452    
  -61.850846      0.47924832    
  -61.118424      0.38640565    
  -60.386002      0.62865071E-01
  -59.653580      0.32266676E-01
  -58.921158      0.31984419    
  -58.188736      0.42167342    
  -57.456315      0.35402186E-01
  -56.723893      0.20592046    
  -55.991471      0.20920870    
  -55.259049      0.23639119    
  -54.526627      0.22844706    
  -53.794205      0.32437348    
  -53.061783      0.17364471    
  -52.329361      0.29309160    
  -51.596940      0.19505726    
  -50.864518      0.11026382    
  -50.132096      0.40598571    
  -49.399674      0.19073185    
  -48.667252      0.78990750E-01
  -47.934830      0.31440923    
  -47.202408      0.30847579    
  -46.469986      0.40982729    
  -45.737565      0.67435902    
  -45.005143      0.62487715    
  -44.272721      0.54629099    
  -43.540299      0.64918202    
  -42.807877      0.83061612    
  -42.075455      0.81380725    
  -41.343033      0.69322002    
  -40.610611      0.90159065    
  -39.878190      0.92279232    
  -39.145768      0.76819122    
  -38.413346      0.86998111    
  -37.680924      0.88201147    
  -36.948502      0.87147152    
  -36.216080       1.1762949    
  -35.483658       1.2884080    
  -34.751236       1.4673562    
  -34.018815       1.3212585    
  -33.286393       1.6445333    
  -32.553971       1.5484736    
  -31.821549       1.6536496    
  -31.089127       1.8292432    
  -30.356705       2.0290422    
  -29.624283       2.1276405    
  -28.891861       2.2640481    
  -28.159440       2.6878898    
  -27.427018       2.8445370    
  -26.694596       3.0028856    
  -25.962174       3.4910510    
  -25.229752       3.9443822    
  -24.497330       4.5458698    
  -23.764908       4.8792486    
  -23.032486       4.8598557    
  -22.300065       3.3696511    
  -21.567643       1.9331005    
  -20.835221      0.91709042    
  -20.102799      0.79942632    
  -19.370377      0.62620354    
  -18.637955       1.3280916    
  -17.905533       1.6694672    
  -17.173111       2.2328305    
  -16.440690       3.4773936    
  -15.708268       3.4188051    
  -14.975846       2.8971663    
  -14.243424       2.3790994    
  -13.511002       2.0661175    
  -12.778580       1.6098408    
  -12.046158       1.0674015    
  -11.313736      0.87938470    
  -10.581315      0.67735493    
  -9.8488927      0.40828097    
  -9.1164708      0.63329303    
  -8.3840489      0.61122954    
  -7.6516271      0.53043681    
  -6.9192052      0.54735577    
  -6.1867833      0.26871902    
  -5.4543614      0.30236381    
  -4.7219396      0.25661069    
  -3.9895177     -0.71020104E-01
  -3.2570958      0.11063346    
  -2.5246739      0.21515042    
  -1.7922521      0.36215419    
  -1.0598302      0.42393073E-01
 -0.32740831      0.77002481E-01
  0.40501356      0.56818306E-01
   1.1374354     -0.74794963E-01
   1.8698573      0.11735578    
   2.6022792      0.18828502    
   3.3347011      0.37381989E-02
   4.0671229      0.17188668E-01
   4.7995448      0.22539945    
   5.5319667     -0.14407510    
   6.2643886     -0.28035131    
   6.9968104      0.24816811    
   7.7292323     -0.10951252    
   8.4616542     -0.52969534E-01
   9.1940761      0.81448622E-01
   9.9264979      0.21682130    
   10.658920      0.14927816    
   11.391342     -0.12744407    
   12.123764      0.20812608E-01
   12.856185      0.17416963    
   13.588607     -0.86572103E-01
   14.321029      0.37776880E-01
   15.053451      0.32903060E-01
   15.785873     -0.10434058    
   16.518295     -0.79322107E-01
   17.250717     -0.21481615    
   17.983139     -0.90698220E-01
   18.715560     -0.43640304E-02
   19.447982      0.40008988E-01
   20.180404      0.45765545E-01
   20.912826     -0.33777207E-01
   21.645248      0.15425201    
   22.377670     -0.12939711    
   23.110092     -0.39546990    
   23.842514     -0.12519149    
   24.574935     -0.10055903    
   25.307357      0.85108116E-01
   26.039779     -0.29517457    
   26.772201      0.85332394E-01
   27.504623     -0.13478367    
   28.237045     -0.27242577    
   28.969467      0.22312328    
   29.701889      0.86939402E-01
   30.434310     -0.17397130    
   31.166732      0.23632862E-01
   31.899154     -0.28720327E-01
   32.631576     -0.89020371E-01
   33.363998      0.30522641E-01
   34.096420      0.88400744E-01
   34.828842      0.28436765E-01
   35.561264      0.16489677    
   36.293685      0.17089354E-01
   37.026107      0.11157268    
   37.758529      0.23953430    
   38.490951      0.69917694E-01
   39.223373      0.70432544E-01
   39.955795     -0.22494656    
   40.688217      0.91766626E-01
   41.420639      0.93859747E-01
   42.153060     -0.31011160E-01
   42.885482      0.19757757    
   43.617904      0.10809764E-01
   44.350326      0.13986238E-01
   45.082748     -0.42504436    
   45.815170     -0.35989982    
   46.547592      0.58724821E-01
   47.280014     -0.37937018    
   48.012435     -0.42129308E-03
   48.744857     -0.27962515    
   49.477279      0.14723125    
   50.209701      0.12533394    
   50.942123      0.12045272    
   51.674545      0.73284715E-01
   52.406967     -0.31185415E-01
   53.139389      0.26027134    
   53.871810     -0.20249724E-01
   54.604232     -0.13996561    
   55.336654      0.55345427E-01
   56.069076      0.16354872E-02
   56.801498     -0.20890903    
   57.533920     -0.14955354    
   58.266342      0.20412554    
   58.998764     -0.35306442    
   59.731185     -0.11299079    
   60.463607      0.54167423E-01
   61.196029     -0.23558539    
   61.928451     -0.25169112E-01
   62.660873     -0.11240660    
   63.393295     -0.16146906    
   64.125717     -0.27143171    
   64.858139     -0.12333813    
   65.590560     -0.18279225    
   66.322982     -0.74996255E-01
   67.055404      0.89662775E-01
   67.787826      0.26751274    
   68.520248     -0.16012445    
   69.252670     -0.19943416    
   69.985092     -0.18477684    
   70.717514      0.75881228E-01
   71.449935      0.76130614E-01
   72.182357      0.27906355    
   72.914779      0.14772528    
   73.647201     -0.16262934    
   74.379623     -0.16587099    
   75.112045      0.38454257E-01
   75.844467      0.13392596    
   76.576889      0.98339513E-01
   77.309310     -0.34769602E-01
   78.041732      0.94091021E-01
   78.774154     -0.31748587    
   79.506576     -0.28441167    
   80.238998     -0.14904048    
   80.971420     -0.34352255    
   81.703842     -0.28063709    
   82.436264     -0.25862244    
   83.168685      0.96350573E-02
   83.901107     -0.16273953    
   84.633529     -0.26646984    
   85.365951     -0.18312758    
   86.098373      0.11019465    
   86.830795     -0.57453282E-01
   87.563217     -0.11450248    
   88.295639      0.15791668    
   89.028060     -0.29524133E-01
   89.760482      0.24018857    
   90.492904      0.54429356E-01
   91.225326      0.34005202E-01
   91.957748     -0.14711457    
   92.690170     -0.15034632    
   93.422592      0.13673776    
   94.155014     -0.33807650    
   94.887435     -0.17721654    
   95.619857      0.16489884    
   96.352279      0.15691970    
   97.084701      0.83604187E-01
   97.817123     -0.75879842E-01
   98.549545     -0.20361812    
   99.281967      0.14474165    
   100.01439     -0.18515086    
   100.74681      0.11086317    
   101.47923     -0.90213180E-01
   102.21165     -0.11100904    
   102.94408      0.98195910E-01
   103.67650     -0.38918205E-01
   104.40892     -0.24762900    
   105.14134     -0.33853227    
   105.87376      0.15580612    
   106.60619      0.59612233E-01
   107.33861      0.73281303E-01
   108.07103      0.17631264    
   108.80345     -0.77210292E-01
   109.53587     -0.38049404E-01
   110.26829      0.22398354    
   111.00072      0.34559187    
   111.73314     -0.11386021    
   112.46556     -0.90454698E-01
   113.19798      0.95082134E-01
   113.93040      0.58639031E-01
   114.66283      0.18549204    
   115.39525      0.23202831    
   116.12767     -0.40778689E-01
   116.86009      0.81925184E-01
   117.59251     -0.11736600    
   118.32494     -0.73390156E-01
   119.05736     -0.37630461E-01
   119.78978     -0.90114467E-01
   120.52220     -0.16566710    
   121.25462     -0.82237937E-01
   121.98704     -0.35999429    
   122.71947     -0.14020604    
   123.45189     -0.16666953    
   124.18431      0.20438798    
   124.91673      0.83195902E-02
   125.64915     -0.22850463    
   126.38158      0.10541368    
   127.11400      0.12513749    
   127.84642     -0.19965988    
   128.57884      0.22851183    
   129.31126      0.10162501    
   130.04369     -0.10376099    
   130.77611      0.71134016E-01
   131.50853     -0.11120310    
   132.24095     -0.68802610E-01
   132.97337      0.21316200    
   133.70579      0.80693901E-01
   134.43822      0.13677359    
   135.17064     -0.65079369E-01
   135.90306     -0.15712571    
   136.63548     -0.23092762    
   137.36790     -0.79968870E-01
   138.10033     -0.21073093    
   138.83275     -0.14390038    
   139.56517     -0.10422079    
   140.29759     -0.47715604E-01
   141.03001     -0.30268276    
   141.76244     -0.30333465    
   142.49486      0.13216029    
   143.22728     -0.17764540    
   143.95970     -0.15302068    
   144.69212      0.92330545E-01
   145.42454     -0.30497697    
   146.15697     -0.17142867    
   146.88939      0.22755979    
   147.62181     -0.10934839    
   148.35423      0.96137613E-01
   149.08665     -0.28417677E-01
   149.81908      0.67192510E-01
   150.55150     -0.18239516    
   151.28392      0.51533863E-01
   152.01634      0.25050369    
   152.74876      0.16768399    
   153.48119     -0.53121246E-01
   154.21361      0.31011987E-01
   154.94603     -0.43273312    
   155.67845     -0.16169883    
   156.41087      0.18082398    
   157.14329     -0.13106316    
   157.87572     -0.17453338    
   158.60814     -0.47845237E-01
   159.34056      0.40838085E-01
   160.07298     -0.34460652    
   160.80540     -0.27192065    
   161.53783      0.81847712E-01
   162.27025      0.13713802    
   163.00267      0.36527403E-02
   163.73509     -0.35149261E-01
   164.46751      0.14665723E-01
   165.19994     -0.49898647E-01
   165.93236      0.47427416E-01
   166.66478     -0.80811307E-01
   167.39720      0.51702943E-01
   168.12962      0.19145742    
   168.86204      0.80722809E-01
   169.59447      0.73745020E-01
   170.32689      0.69472171E-01
   171.05931      0.21389681    
   171.79173      0.75209066E-02
   172.52415     -0.51657155E-01
   173.25658     -0.22729379    
   173.98900     -0.24513629    
   174.72142     -0.21223992    
   175.45384     -0.17197132    
   176.18626      0.16738313    
   176.91869     -0.24265774E-01
   177.65111     -0.39285058    
   178.38353     -0.12067771    
   179.11595      0.57599973E-01
   179.84837      0.18114360    
   180.58079     -0.60573081E-02
   181.31322      0.26042022E-01
   182.04564     -0.31538624    
   182.77806      0.23830456    
   183.51048      0.25707257    
   184.24290      0.17590056    
   184.97533      0.20289056    
   185.70775      0.22524989    
   186.44017      0.16957255    
   187.17259     -0.36830451E-01
   187.90501      0.32366332E-01
   188.63744     -0.96903212E-01
   189.36986      0.27937815E-02
   190.10228     -0.13967855E-02
   190.83470      0.54426402E-01
   191.56712      0.11629753    
   192.29954      0.20137747    
   193.03197     -0.30128622    
   193.76439      0.35960868E-01
   194.49681     -0.23342350    
   195.22923     -0.36858949    
   195.96165     -0.32675397    
   196.69408     -0.47382679E-01
   197.42650     -0.16941366    
   198.15892     -0.16682994E-01
   198.89134      0.11940834    
   199.62376     -0.12988375    
   200.35619     -0.10089795    
   201.08861     -0.28263864    
   201.82103     -0.26244681E-01
   202.55345      0.38793504E-01
   203.28587     -0.47460485E-01
   204.01829      0.29458821    
   204.75072      0.24325278    
   205.48314      0.84024325E-01
   206.21556      0.25930917    
   206.94798      0.13767253    
   207.68040     -0.98662511E-01
   208.41283      0.87130584E-01
   209.14525      0.74657872E-01
   209.87767      0.17036396    
   210.61009      0.34104362    
   211.34251     -0.64344004E-01
   212.07494     -0.10551437    
   212.80736     -0.20817691    
   213.53978     -0.18376225    
   214.27220     -0.30075175    
   215.00462     -0.33501631    
   215.73704     -0.10858246    
   216.46947     -0.28003854    
   217.20189     -0.29393750    
   217.93431     -0.44002976E-01
   218.66673     -0.19062559    
   219.39915      0.17563626E-02
   220.13158      0.77244133E-01
   220.86400     -0.25607300    
   221.59642      0.47823317E-01
   222.32884      0.42136347    
   223.06126      0.27936128    
   223.79369      0.92255369E-01
   224.52611      0.15904465    
   225.25853      0.34604821    
   225.99095     -0.24377324E-01
   226.72337     -0.25931127E-01
   227.45579      0.16026922    
   228.18822      0.18405557    
   228.92064     -0.21155201    
   229.65306     -0.13010998    
   230.38548     -0.97151458E-01
   231.11790      0.27173984    
   231.85033      0.27458362E-01
   232.58275     -0.25608465E-02
   233.31517      0.14633516E-01
   234.04759      0.29214196E-01
   234.78001     -0.62201105E-01
   235.51244     -0.11644898    
   236.24486     -0.23382479    
   236.97728      0.47566667E-01
   237.70970     -0.10811064    
   238.44212     -0.23374359    
   239.17454      0.30088484E-01
   239.90697     -0.89928642E-01
   240.63939      0.27730829    
   241.37181      0.20082891    
   242.10423      0.60840346E-01
   242.83665      0.39806363    
   243.56908      0.25501168    
   244.30150      0.90862662E-02
   245.03392     -0.62562630E-01
   245.76634      0.20049429    
   246.49876      0.13192716    
   247.23119      0.20070557E-01
   247.96361     -0.86352438E-01
   248.69603      0.21734956    
   249.42845     -0.29042490E-01
   250.16087     -0.84113285E-01
   250.89329      0.66931725E-01
   251.62572      0.18253211E-01
   252.35814     -0.33423090    
   253.09056     -0.18785341    
   253.82298     -0.11217639    
   254.55540      0.13883072    
   255.28783     -0.14899415    
   256.02025     -0.12324479    
   256.75267     -0.38354328    
   257.48509      0.20172235E-01
   258.21751     -0.13576227    
   258.94994      0.96082270E-01
   259.68236      0.13896607    
   260.41478      0.35372147    
   261.14720     -0.21349901    
   261.87962     -0.14855269    
   262.61204      0.61677679E-01
   263.34447      0.22166501    
   264.07689      0.69746032E-01
   264.80931      0.50367732E-01
   265.54173      0.24467102    
   266.27415      0.21701351    
   267.00658     -0.89836195E-01
   267.73900     -0.21827930    
   268.47142     -0.11156734E-01
   269.20384      0.51640019E-01
   269.93626      0.11994864    
   270.66869     -0.12219547    
   271.40111      0.93586044E-02
   272.13353     -0.23172848    
   272.86595      0.70124015E-01
   273.59837      0.80805361E-01
   274.33079     -0.37141982    
   275.06322     -0.11312614    
   275.79564      0.17434547E-01
   276.52806     -0.10212889    
   277.26048      0.81868842E-03
   277.99290     -0.44338487E-01
   278.72533      0.10357650    
   279.45775     -0.36952347E-01
   280.19017     -0.13765499E-01
   280.92259      0.16231140    
   281.65501      0.21606953    
   282.38744      0.14600855    
   283.11986     -0.34906942E-01
   283.85228      0.24947357    
   284.58470     -0.26081046E-01
   285.31712     -0.70124023E-01
   286.04954      0.22458225    
   286.78197     -0.33587733    
   287.51439     -0.74488714E-01
   288.24681     -0.29191169    
   288.97923     -0.19563124    
   289.71165     -0.94841085E-02
