0.11D+08                                              +-  H  He C  O  S  G    
 JSPACE =            1
   1 H           0  1  0  0  0  0  0  0  0  0  0  0  0  0  0.49301971D+00
   2 C           0  0  0  1  0  0  0  0  0  0  0  0  0  0  0.13160614D-06
   3 Fe          0  0  0  0  0  0  0  0  1  0  0  0  0  0  0.80499729D-11
   4 Mg          0  0  0  0  0  0  0  0  0  0  1  0  0  0  0.50970801D-10
   5 S           0  0  0  0  0  0  0  1  0  0  0  0  0  0  0.43953276D-10
   6 Si          0  0  0  0  0  0  1  0  0  0  0  0  0  0  0.73968051D-11
   7 O           0  0  0  0  0  1  0  0  0  0  0  0  0  0  0.23883358D-03
   8 N           0  0  0  0  1  0  0  0  0  0  0  0  0  0  0.61999996D-04
   9 He          0  0  1  0  0  0  0  0  0  0  0  0  0  0  0.90000000D-01
  10 Cl          0  0  0  0  0  0  0  0  0  0  0  1  0  0  0.98331266D-09
  11 Na          0  0  0  0  0  0  0  0  0  1  0  0  0  0  0.12741532D-10
  12 P           0  0  0  0  0  0  0  0  0  0  0  0  1  0  0.16569494D-13
  13 F           0  0  0  0  0  0  0  0  0  0  0  0  0  1  0.31532856D-08
  14 OH          0  1  0  0  0  1  0  0  0  0  0  0  0  0  0.24655522D-09
  15 CO          0  0  0  1  0  1  0  0  0  0  0  0  0  0  0.11661501D-05
  16 CS          0  0  0  1  0  0  0  1  0  0  0  0  0  0  0.34348319D-13
  17 HS          0  1  0  0  0  0  0  1  0  0  0  0  0  0  0.52235336D-14
  18 N2          0  0  0  0  2  0  0  0  0  0  0  0  0  0  0.10658442D-14
  19 NH          0  1  0  0  1  0  0  0  0  0  0  0  0  0  0.54629884D-12
  20 SiH         0  1  0  0  0  0  1  0  0  0  0  0  0  0  0.26458221D-12
  21 SiO         0  0  0  0  0  1  1  0  0  0  0  0  0  0  0.41255298D-14
  22 SO          0  0  0  0  0  1  0  1  0  0  0  0  0  0  0.25734231D-16
  23 CH          0  1  0  1  0  0  0  0  0  0  0  0  0  0  0.40524037D-09
  24 O2          0  0  0  0  0  2  0  0  0  0  0  0  0  0  0.71848482D-12
  25 H2          0  2  0  0  0  0  0  0  0  0  0  0  0  0  0.25349013D+00
  26 C2          0  0  0  2  0  0  0  0  0  0  0  0  0  0  0.26867986D-10
  27 CN          0  0  0  1  1  0  0  0  0  0  0  0  0  0  0.15870496D-11
  28 MgH         0  1  0  0  0  0  0  0  0  0  1  0  0  0  0.23116471D-20
  29 NaH         0  1  0  0  0  0  0  0  0  1  0  0  0  0  0.13133262D-16
  30 NO          0  0  0  0  1  1  0  0  0  0  0  0  0  0  0.54009341D-12
  31 NS          0  0  0  0  1  0  0  1  0  0  0  0  0  0  0.33492155D-16
  32 PH          0  1  0  0  0  0  0  0  0  0  0  0  1  0  0.27317576D-14
  33 PN          0  0  0  0  1  0  0  0  0  0  0  0  1  0  0.47275395D-15
  34 PO          0  0  0  0  0  1  0  0  0  0  0  0  1  0  0.63459610D-16
  35 S2          0  0  0  0  0  0  0  2  0  0  0  0  0  0  0.50339583D-20
  36 SiC         0  0  0  1  0  0  1  0  0  0  0  0  0  0  0.52384478D-13
  37 SiN         0  0  0  0  1  0  1  0  0  0  0  0  0  0  0.93188043D-15
  38 SiS         0  0  0  0  0  0  1  1  0  0  0  0  0  0  0.23439685D-17
  39 CCl         0  0  0  1  0  0  0  0  0  0  0  1  0  0  0.50814223D-17
  40 ClO         0  0  0  0  0  1  0  0  0  0  0  1  0  0  0.00000000D+00
  41 CP          0  0  0  1  0  0  0  0  0  0  0  0  1  0  0.14430269D-19
  42 HCl         0  1  0  0  0  0  0  0  0  0  0  1  0  0  0.14501961D-10
  43 HF          0  1  0  0  0  0  0  0  0  0  0  0  0  1  0.34783516D-08
  44 CCH         0  1  0  2  0  0  0  0  0  0  0  0  0  0  0.92859161D-10
  45 C3          0  0  0  3  0  0  0  0  0  0  0  0  0  0  0.75622165D-11
  46 CH2         0  2  0  1  0  0  0  0  0  0  0  0  0  0  0.80258655D-10
  47 SO2         0  0  0  0  0  2  0  1  0  0  0  0  0  0  0.81150479D-23
  48 H2O         0  2  0  0  0  1  0  0  0  0  0  0  0  0  0.14933016D-10
  49 HCN         0  1  0  1  1  0  0  0  0  0  0  0  0  0  0.34320940D-12
  50 HCSi        0  1  0  1  0  0  1  0  0  0  0  0  0  0  0.46581780D-13
  51 CCN         0  0  0  2  1  0  0  0  0  0  0  0  0  0  0.69407525D-14
  52 CCS         0  0  0  2  0  0  0  1  0  0  0  0  0  0  0.52793231D-16
  53 CCO         0  0  0  2  0  1  0  0  0  0  0  0  0  0  0.47465236D-14
  54 CCP         0  0  0  2  0  0  0  0  0  0  0  0  1  0  0.30504448D-20
  55 CO2         0  0  0  1  0  2  0  0  0  0  0  0  0  0  0.35895503D-16
  56 H2S         0  2  0  0  0  0  0  1  0  0  0  0  0  0  0.11677164D-16
  57 HCO         0  1  0  1  0  1  0  0  0  0  0  0  0  0  0.77668590D-15
  58 HCP         0  1  0  1  0  0  0  0  0  0  0  0  1  0  0.89467941D-20
  59 HCS         0  1  0  1  0  0  0  1  0  0  0  0  0  0  0.35513431D-19
  60 HNC         0  1  0  1  1  0  0  0  0  0  0  0  0  0  0.14880547D-12
  61 HNO         0  1  0  0  1  1  0  0  0  0  0  0  0  0  0.46363908D-15
  62 HNSi        0  1  0  0  1  0  1  0  0  0  0  0  0  0  0.11387648D-16
  63 HPO         0  1  0  0  0  1  0  0  0  0  0  0  1  0  0.37528334D-22
  64 HSS         0  1  0  0  0  0  0  2  0  0  0  0  0  0  0.52227508D-24
  65 N2O         0  0  0  0  2  1  0  0  0  0  0  0  0  0  0.30713431D-22
  66 NaOH        0  1  0  0  0  1  0  0  0  1  0  0  0  0  0.66044402D-24
  67 NH2         0  2  0  0  1  0  0  0  0  0  0  0  0  0  0.29234998D-13
  68 NO2         0  0  0  0  1  2  0  0  0  0  0  0  0  0  0.00000000D+00
  69 O2H         0  1  0  0  0  2  0  0  0  0  0  0  0  0  0.21965845D-21
  70 OCN         0  0  0  1  1  1  0  0  0  0  0  0  0  0  0.90335218D-17
  71 OCS         0  0  0  1  0  1  0  1  0  0  0  0  0  0  0.25387454D-21
  72 PH2         0  2  0  0  0  0  0  0  0  0  0  0  1  0  0.22264149D-20
  73 c-SiC2      0  0  0  2  0  0  1  0  0  0  0  0  0  0  0.72353779D-14
  74 SiH2        0  2  0  0  0  0  1  0  0  0  0  0  0  0  0.53608555D-20
  75 SiNC        0  0  0  1  1  0  1  0  0  0  0  0  0  0  0.42380498D-21
  76 SiO2        0  0  0  0  0  2  1  0  0  0  0  0  0  0  0.41711546D-23
  77 C4          0  0  0  4  0  0  0  0  0  0  0  0  0  0  0.48280932D-14
  78 c-C3H       0  1  0  3  0  0  0  0  0  0  0  0  0  0  0.14033410D-12
  79 l-C3H       0  1  0  3  0  0  0  0  0  0  0  0  0  0  0.84874903D-13
  80 CH3         0  3  0  1  0  0  0  0  0  0  0  0  0  0  0.57070491D-11
  81 C2H2        0  2  0  2  0  0  0  0  0  0  0  0  0  0  0.27100972D-13
  82 NH3         0  3  0  0  1  0  0  0  0  0  0  0  0  0  0.10580596D-16
  83 SiCH2       0  2  0  1  0  0  1  0  0  0  0  0  0  0  0.43897654D-20
  84 C3N         0  0  0  3  1  0  0  0  0  0  0  0  0  0  0.68468306D-14
  85 C3O         0  0  0  3  0  1  0  0  0  0  0  0  0  0  0.55171917D-15
  86 C3P         0  0  0  3  0  0  0  0  0  0  0  0  1  0  0.37069366D-26
  87 C3S         0  0  0  3  0  0  0  1  0  0  0  0  0  0  0.19531791D-16
  88 H2CO        0  2  0  1  0  1  0  0  0  0  0  0  0  0  0.11949297D-12
  89 H2CS        0  2  0  1  0  0  0  1  0  0  0  0  0  0  0.56888954D-19
  90 HOOH        0  2  0  0  0  2  0  0  0  0  0  0  0  0  0.65090112D-23
  91 HSSH        0  2  0  0  0  0  0  2  0  0  0  0  0  0  0.17751262D-24
  92 H2SiO       0  2  0  0  0  1  1  0  0  0  0  0  0  0  0.14037023D-29
  93 HCCP        0  1  0  2  0  0  0  0  0  0  0  0  1  0  0.16115372D-21
  94 HCCSi       0  1  0  2  0  0  1  0  0  0  0  0  0  0  0.50753736D-19
  95 l-SiC3      0  0  0  3  0  0  1  0  0  0  0  0  0  0  0.11660817D-17
  96 SiH3        0  3  0  0  0  0  1  0  0  0  0  0  0  0  0.77481504D-28
  97 H2CN        0  2  0  1  1  0  0  0  0  0  0  0  0  0  0.44082286D-15
  98 C5          0  0  0  5  0  0  0  0  0  0  0  0  0  0  0.99106934D-15
  99 c-C3H2      0  2  0  3  0  0  0  0  0  0  0  0  0  0  0.68373479D-13
 100 l-C3H2      0  2  0  3  0  0  0  0  0  0  0  0  0  0  0.46726179D-13
 101 C4H         0  1  0  4  0  0  0  0  0  0  0  0  0  0  0.13087242D-13
 102 CH4         0  4  0  1  0  0  0  0  0  0  0  0  0  0  0.40131840D-14
 103 HC3N        0  1  0  3  1  0  0  0  0  0  0  0  0  0  0.10975232D-15
 104 H2CCN       0  2  0  2  1  0  0  0  0  0  0  0  0  0  0.53345542D-18
 105 H2CCO       0  2  0  2  0  1  0  0  0  0  0  0  0  0  0.74966492D-16
 106 C2H3        0  3  0  2  0  0  0  0  0  0  0  0  0  0  0.57938125D-15
 107 C4N         0  0  0  4  1  0  0  0  0  0  0  0  0  0  0.10566154D-15
 108 C4P         0  0  0  4  0  0  0  0  0  0  0  0  1  0  0.43223048D-26
 109 C4S         0  0  0  4  0  0  0  1  0  0  0  0  0  0  0.18998162D-18
 110 HCOOH       0  2  0  1  0  2  0  0  0  0  0  0  0  0  0.67214770D-22
 111 CH2PH       0  3  0  1  0  0  0  0  0  0  0  0  1  0  0.20868845D-29
 112 CH2NH       0  3  0  1  1  0  0  0  0  0  0  0  0  0  0.24786942D-20
 113 c-HCCHSi    0  2  0  2  0  0  1  0  0  0  0  0  0  0  0.26959572D-19
 114 SiC3H       0  1  0  3  0  0  1  0  0  0  0  0  0  0  0.31185019D-23
 115 SiC4        0  0  0  4  0  0  1  0  0  0  0  0  0  0  0.36234851D-23
 116 SiCH3       0  3  0  1  0  0  1  0  0  0  0  0  0  0  0.16534572D-23
 117 SiH4        0  4  0  0  0  0  1  0  0  0  0  0  0  0  0.37278299D-28
 118 HCNCC       0  1  0  3  1  0  0  0  0  0  0  0  0  0  0.96895165D-21
 119 HCCNC       0  1  0  3  1  0  0  0  0  0  0  0  0  0  0.79558063D-20
 120 HNCCC       0  1  0  3  1  0  0  0  0  0  0  0  0  0  0.23668341D-20
 121 NH2CN       0  2  0  1  2  0  0  0  0  0  0  0  0  0  0.00000000D+00
 122 C6          0  0  0  6  0  0  0  0  0  0  0  0  0  0  0.59984843D-16
 123 CH3CN       0  3  0  2  1  0  0  0  0  0  0  0  0  0  0.37577390D-19
 124 CH2CCH      0  3  0  3  0  0  0  0  0  0  0  0  0  0  0.24177137D-23
 125 C2H4        0  4  0  2  0  0  0  0  0  0  0  0  0  0  0.13624081D-21
 126 NC4N        0  0  0  4  2  0  0  0  0  0  0  0  0  0  0.99425649D-22
 127 H2CSiCH     0  3  0  2  0  0  1  0  0  0  0  0  0  0  0.45455475D-29
 128 SiC4H       0  1  0  4  0  0  1  0  0  0  0  0  0  0  0.12036041D-20
 129 HC4N        0  1  0  4  1  0  0  0  0  0  0  0  0  0  0.78854713D-20
 130 C4H2        0  2  0  4  0  0  0  0  0  0  0  0  0  0  0.32514175D-13
 131 C5H         0  1  0  5  0  0  0  0  0  0  0  0  0  0  0.84229860D-15
 132 C5N         0  0  0  5  1  0  0  0  0  0  0  0  0  0  0.32912040D-16
 133 CH3OH       0  4  0  1  0  1  0  0  0  0  0  0  0  0  0.27248513D-22
 134 NH2CHO      0  3  0  1  1  1  0  0  0  0  0  0  0  0  0.19229460D-24
 135 C5O         0  0  0  5  0  1  0  0  0  0  0  0  0  0  0.50948043D-13
 136 C7          0  0  0  7  0  0  0  0  0  0  0  0  0  0  0.41223427D-17
 137 HC5N        0  1  0  5  1  0  0  0  0  0  0  0  0  0  0.31046684D-18
 138 SiC2CH3     0  3  0  3  0  0  1  0  0  0  0  0  0  0  0.36391481D-31
 139 CH3CHO      0  4  0  2  0  1  0  0  0  0  0  0  0  0  0.47592451D-27
 140 C2H5        0  5  0  2  0  0  0  0  0  0  0  0  0  0  0.40432029D-36
 141 CH2CHCN     0  3  0  3  1  0  0  0  0  0  0  0  0  0  0.81106618D-30
 142 CH3CCH      0  4  0  3  0  0  0  0  0  0  0  0  0  0  0.98307990D-24
 143 C5H2        0  2  0  5  0  0  0  0  0  0  0  0  0  0  0.10300286D-13
 144 C6H         0  1  0  6  0  0  0  0  0  0  0  0  0  0  0.21685696D-15
 145 CH3NH2      0  5  0  1  1  0  0  0  0  0  0  0  0  0  0.13638032D-23
 146 C4H3        0  3  0  4  0  0  0  0  0  0  0  0  0  0  0.52573479D-19
 147 C6N         0  0  0  6  1  0  0  0  0  0  0  0  0  0  0.21549846D-17
 148 C8          0  0  0  8  0  0  0  0  0  0  0  0  0  0  0.29592207D-17
 149 HC6N        0  1  0  6  1  0  0  0  0  0  0  0  0  0  0.22312374D-22
 150 NC6N        0  0  0  6  2  0  0  0  0  0  0  0  0  0  0.75714162D-25
 151 SiC6H       0  1  0  6  0  0  1  0  0  0  0  0  0  0  0.19334177D-21
 152 CH2CHC2H    0  4  0  4  0  0  0  0  0  0  0  0  0  0  0.15736164D-27
 153 C6H2        0  2  0  6  0  0  0  0  0  0  0  0  0  0  0.52229368D-14
 154 C7H         0  1  0  7  0  0  0  0  0  0  0  0  0  0  0.13742237D-16
 155 C7N         0  0  0  7  1  0  0  0  0  0  0  0  0  0  0.42826759D-18
 156 CH3C3N      0  3  0  4  1  0  0  0  0  0  0  0  0  0  0.14618046D-23
 157 HCOOCH3     0  4  0  2  0  2  0  0  0  0  0  0  0  0  0.23492286D-32
 158 C2H6        0  6  0  2  0  0  0  0  0  0  0  0  0  0  0.33239542D-65
 159 C7O         0  0  0  7  0  1  0  0  0  0  0  0  0  0  0.83122551D-15
 160 C9          0  0  0  9  0  0  0  0  0  0  0  0  0  0  0.20710097D-18
 161 HC7N        0  1  0  7  1  0  0  0  0  0  0  0  0  0  0.19641812D-19
 162 SiC3H5      0  5  0  3  0  0  1  0  0  0  0  0  0  0  0.00000000D+00
 163 CH3CH2OH    0  6  0  2  0  1  0  0  0  0  0  0  0  0  0.18829043D-34
 164 C7H2        0  2  0  7  0  0  0  0  0  0  0  0  0  0  0.61908532D-15
 165 C8H         0  1  0  8  0  0  0  0  0  0  0  0  0  0  0.12311024D-16
 166 CH3C4H      0  4  0  5  0  0  0  0  0  0  0  0  0  0  0.24962984D-25
 167 CH3OCH3     0  6  0  2  0  1  0  0  0  0  0  0  0  0  0.93729519D-32
 168 CH3CHCH2    0  6  0  3  0  0  0  0  0  0  0  0  0  0  0.00000000D+00
 169 C8N         0  0  0  8  1  0  0  0  0  0  0  0  0  0  0.72481197D-19
 170 C10         0  0  0 10  0  0  0  0  0  0  0  0  0  0  0.31359285D-19
 171 CH3COCH3    0  6  0  3  0  1  0  0  0  0  0  0  0  0  0.19287043D-35
 172 C8H2        0  2  0  8  0  0  0  0  0  0  0  0  0  0  0.31129158D-15
 173 C9H         0  1  0  9  0  0  0  0  0  0  0  0  0  0  0.56423858D-18
 174 C9N         0  0  0  9  1  0  0  0  0  0  0  0  0  0  0.16138319D-19
 175 CH3C5N      0  3  0  6  1  0  0  0  0  0  0  0  0  0  0.35559625D-26
 176 HC8N        0  1  0  8  1  0  0  0  0  0  0  0  0  0  0.14116015D-23
 177 NC8N        0  0  0  8  2  0  0  0  0  0  0  0  0  0  0.47900874D-26
 178 SiC8H       0  1  0  8  0  0  1  0  0  0  0  0  0  0  0.11523338D-22
 179 CH2CHCHCH2  0  6  0  4  0  0  0  0  0  0  0  0  0  0  0.00000000D+00
 180 C9O         0  0  0  9  0  1  0  0  0  0  0  0  0  0  0.34129050D-16
 181 HC9N        0  1  0  9  1  0  0  0  0  0  0  0  0  0  0.88318117D-22
 182 C10H        0  1  0 10  0  0  0  0  0  0  0  0  0  0  0.53908013D-19
 183 C9H2        0  2  0  9  0  0  0  0  0  0  0  0  0  0  0.24540486D-16
 184 CH3C6H      0  4  0  7  0  0  0  0  0  0  0  0  0  0  0.11841948D-27
 185 C11         0  0  0 11  0  0  0  0  0  0  0  0  0  0  0.23614300D-24
 186 C10N        0  0  0 10  1  0  0  0  0  0  0  0  0  0  0.31552417D-21
 187 CH3C7N      0  3  0  8  1  0  0  0  0  0  0  0  0  0  0.21840492D-27
 188 C10H2       0  2  0 10  0  0  0  0  0  0  0  0  0  0  0.60216750D-19
 189 C6H6        0  6  0  6  0  0  0  0  0  0  0  0  0  0  0.15172384D-25
 190 Si+         1  0  0  0  0  0  1  0  0  0  0  0  0  0  0.79922200D-08
 191 C+          1  0  0  1  0  0  0  0  0  0  0  0  0  0  0.16870127D-03
 192 C-         -1  0  0  1  0  0  0  0  0  0  0  0  0  0  0.20265689D-15
 193 H-         -1  1  0  0  0  0  0  0  0  0  0  0  0  0  0.86287086D-11
 194 O-         -1  0  0  0  0  1  0  0  0  0  0  0  0  0  0.13865359D-12
 195 S-         -1  0  0  0  0  0  0  1  0  0  0  0  0  0  0.28204720D-18
 196 He+         1  0  1  0  0  0  0  0  0  0  0  0  0  0  0.13956188D-09
 197 H+          1  1  0  0  0  0  0  0  0  0  0  0  0  0  0.16531900D-07
 198 Fe+         1  0  0  0  0  0  0  0  1  0  0  0  0  0  0.29919501D-08
 199 Mg+         1  0  0  0  0  0  0  0  0  0  1  0  0  0  0.69490292D-08
 200 N+          1  0  0  0  1  0  0  0  0  0  0  0  0  0  0.16129893D-13
 201 Na+         1  0  0  0  0  0  0  0  0  1  0  0  0  0  0.19872585D-08
 202 O+          1  0  0  0  0  1  0  0  0  0  0  0  0  0  0.16707923D-12
 203 S+          1  0  0  0  0  0  0  1  0  0  0  0  0  0  0.79956001D-07
 204 Cl+         1  0  0  0  0  0  0  0  0  0  0  1  0  0  0.59425213D-12
 205 F+          1  0  0  0  0  0  0  0  0  0  0  0  0  1  0.16042161D-16
 206 P+          1  0  0  0  0  0  0  0  0  0  0  0  1  0  0.19998010D-09
 207 e-         -1  0  0  0  0  0  0  0  0  0  0  0  0  0  0.16881822D-03
 208 CH+         1  1  0  1  0  0  0  0  0  0  0  0  0  0  0.55297258D-11
 209 H2+         1  2  0  0  0  0  0  0  0  0  0  0  0  0  0.70596971D-14
 210 OH+         1  1  0  0  0  1  0  0  0  0  0  0  0  0  0.24775471D-12
 211 SiH+        1  1  0  0  0  0  1  0  0  0  0  0  0  0  0.15739405D-14
 212 C2+         1  0  0  2  0  0  0  0  0  0  0  0  0  0  0.14724293D-11
 213 CN-        -1  0  0  1  1  0  0  0  0  0  0  0  0  0  0.15402565D-20
 214 OH-        -1  1  0  0  0  1  0  0  0  0  0  0  0  0  0.15175895D-14
 215 CF+         1  0  0  1  0  0  0  0  0  0  0  0  0  1  0.48360597D-10
 216 HS+         1  1  0  0  0  0  0  1  0  0  0  0  0  0  0.10965976D-14
 217 SO+         1  0  0  0  0  1  0  1  0  0  0  0  0  0  0.12488510D-14
 218 CCl+        1  0  0  1  0  0  0  0  0  0  0  1  0  0  0.85386043D-13
 219 ClO+        1  0  0  0  0  1  0  0  0  0  0  1  0  0  0.00000000D+00
 220 CN+         1  0  0  1  1  0  0  0  0  0  0  0  0  0  0.67086389D-15
 221 CO+         1  0  0  1  0  1  0  0  0  0  0  0  0  0  0.33069370D-12
 222 CP+         1  0  0  1  0  0  0  0  0  0  0  0  1  0  0.34620241D-22
 223 CS+         1  0  0  1  0  0  0  1  0  0  0  0  0  0  0.75044064D-15
 224 HCl+        1  1  0  0  0  0  0  0  0  0  0  1  0  0  0.34965137D-12
 225 HF+         1  1  0  0  0  0  0  0  0  0  0  0  0  1  0.10241485D-16
 226 HeH+        1  1  1  0  0  0  0  0  0  0  0  0  0  0  0.31831221D-24
 227 N2+         1  0  0  0  2  0  0  0  0  0  0  0  0  0  0.21569477D-18
 228 NH+         1  1  0  0  1  0  0  0  0  0  0  0  0  0  0.14512852D-14
 229 NO+         1  0  0  0  1  1  0  0  0  0  0  0  0  0  0.19875373D-14
 230 NS+         1  0  0  0  1  0  0  1  0  0  0  0  0  0  0.47536668D-17
 231 O2+         1  0  0  0  0  2  0  0  0  0  0  0  0  0  0.20518475D-13
 232 PH+         1  1  0  0  0  0  0  0  0  0  0  0  1  0  0.29098537D-16
 233 PN+         1  0  0  0  1  0  0  0  0  0  0  0  1  0  0.31458183D-20
 234 PO+         1  0  0  0  0  1  0  0  0  0  0  0  1  0  0.47439750D-17
 235 S2+         1  0  0  0  0  0  0  2  0  0  0  0  0  0  0.27328187D-22
 236 SiC+        1  0  0  1  0  0  1  0  0  0  0  0  0  0  0.28056109D-15
 237 SiN+        1  0  0  0  1  0  1  0  0  0  0  0  0  0  0.93588756D-17
 238 SiO+        1  0  0  0  0  1  1  0  0  0  0  0  0  0  0.59850565D-16
 239 SiS+        1  0  0  0  0  0  1  1  0  0  0  0  0  0  0.11958597D-19
 240 SiF+        1  0  0  0  0  0  1  0  0  0  0  0  0  1  0.18352651D-14
 241 CH2+        1  2  0  1  0  0  0  0  0  0  0  0  0  0  0.72387197D-10
 242 C2N+        1  0  0  2  1  0  0  0  0  0  0  0  0  0  0.36846143D-16
 243 CNC+        1  0  0  2  1  0  0  0  0  0  0  0  0  0  0.47455816D-14
 244 HSiO+       1  1  0  0  0  1  1  0  0  0  0  0  0  0  0.57499197D-16
 245 N2H+        1  1  0  0  2  0  0  0  0  0  0  0  0  0  0.77490886D-18
 246 C2H+        1  1  0  2  0  0  0  0  0  0  0  0  0  0  0.10500776D-11
 247 H3+         1  3  0  0  0  0  0  0  0  0  0  0  0  0  0.11944059D-12
 248 C3-        -1  0  0  3  0  0  0  0  0  0  0  0  0  0  0.13307191D-19
 249 HCO+        1  1  0  1  0  1  0  0  0  0  0  0  0  0  0.70832102D-12
 250 HSO+        1  1  0  0  0  1  0  1  0  0  0  0  0  0  0.79328838D-22
 251 H2S+        1  2  0  0  0  0  0  1  0  0  0  0  0  0  0.13551450D-14
 252 HCS+        1  1  0  1  0  0  0  1  0  0  0  0  0  0  0.29094059D-15
 253 HPO+        1  1  0  0  0  1  0  0  0  0  0  0  1  0  0.70012906D-19
 254 C2O+        1  0  0  2  0  1  0  0  0  0  0  0  0  0  0.62154974D-16
 255 C2S+        1  0  0  2  0  0  0  1  0  0  0  0  0  0  0.18399061D-15
 256 C3+         1  0  0  3  0  0  0  0  0  0  0  0  0  0  0.30451241D-12
 257 CCP+        1  0  0  2  0  0  0  0  0  0  0  0  1  0  0.32062269D-22
 258 CHSi+       1  1  0  1  0  0  1  0  0  0  0  0  0  0  0.22486266D-15
 259 CO2+        1  0  0  1  0  2  0  0  0  0  0  0  0  0  0.10111486D-26
 260 H2Cl+       1  2  0  0  0  0  0  0  0  0  0  1  0  0  0.11375347D-11
 261 H2F+        1  2  0  0  0  0  0  0  0  0  0  0  0  1  0.14297012D-16
 262 H2O+        1  2  0  0  0  1  0  0  0  0  0  0  0  0  0.28342841D-12
 263 HCN+        1  1  0  1  1  0  0  0  0  0  0  0  0  0  0.44644032D-14
 264 HCP+        1  1  0  1  0  0  0  0  0  0  0  0  1  0  0.29500191D-22
 265 HNC+        1  1  0  1  1  0  0  0  0  0  0  0  0  0  0.52152251D-15
 266 HNO+        1  1  0  0  1  1  0  0  0  0  0  0  0  0  0.33463917D-16
 267 HNS+        1  1  0  0  1  0  0  1  0  0  0  0  0  0  0.54407218D-24
 268 HNSi+       1  1  0  0  1  0  1  0  0  0  0  0  0  0  0.45539161D-19
 269 HOC+        1  1  0  1  0  1  0  0  0  0  0  0  0  0  0.78671710D-12
 270 HPN+        1  1  0  0  1  0  0  0  0  0  0  0  1  0  0.36239803D-25
 271 HSiS+       1  1  0  0  0  0  1  1  0  0  0  0  0  0  0.44892523D-19
 272 NaH2+       1  2  0  0  0  0  0  0  0  1  0  0  0  0  0.19893209D-17
 273 NCO+        1  0  0  1  1  1  0  0  0  0  0  0  0  0  0.47415200D-20
 274 NH2+        1  2  0  0  1  0  0  0  0  0  0  0  0  0  0.28425485D-14
 275 NO2+        1  0  0  0  1  2  0  0  0  0  0  0  0  0  0.34405643D-22
 276 HO2+        1  1  0  0  0  2  0  0  0  0  0  0  0  0  0.35472371D-24
 277 OCS+        1  0  0  1  0  1  0  1  0  0  0  0  0  0  0.25002861D-18
 278 PH2+        1  2  0  0  0  0  0  0  0  0  0  0  1  0  0.22757085D-16
 279 HS2+        1  1  0  0  0  0  0  2  0  0  0  0  0  0  0.52392229D-23
 280 SiC2+       1  0  0  2  0  0  1  0  0  0  0  0  0  0  0.52211688D-16
 281 SiH2+       1  2  0  0  0  0  1  0  0  0  0  0  0  0  0.26057875D-14
 282 SiNC+       1  0  0  1  1  0  1  0  0  0  0  0  0  0  0.31010732D-18
 283 SO2+        1  0  0  0  0  2  0  1  0  0  0  0  0  0  0.78566650D-32
 284 HCNH+       1  2  0  1  1  0  0  0  0  0  0  0  0  0  0.95164117D-14
 285 HC2N+       1  1  0  2  1  0  0  0  0  0  0  0  0  0  0.31227711D-16
 286 C3H+        1  1  0  3  0  0  0  0  0  0  0  0  0  0  0.17707855D-12
 287 C4+         1  0  0  4  0  0  0  0  0  0  0  0  0  0  0.16395139D-14
 288 H2CO+       1  2  0  1  0  1  0  0  0  0  0  0  0  0  0.29468079D-15
 289 CH3+        1  3  0  1  0  0  0  0  0  0  0  0  0  0  0.85911626D-10
 290 C3N-       -1  0  0  3  1  0  0  0  0  0  0  0  0  0  0.15812922D-17
 291 C4-        -1  0  0  4  0  0  0  0  0  0  0  0  0  0  0.54095601D-16
 292 H3O+        1  3  0  0  0  1  0  0  0  0  0  0  0  0  0.29798738D-12
 293 H2NO+       1  2  0  0  1  1  0  0  0  0  0  0  0  0  0.19474507D-19
 294 H3S+        1  3  0  0  0  0  0  1  0  0  0  0  0  0  0.69263359D-21
 295 HC2S+       1  1  0  2  0  0  0  1  0  0  0  0  0  0  0.21713587D-19
 296 HOCS+       1  1  0  1  0  1  0  1  0  0  0  0  0  0  0.71525180D-25
 297 PCH2+       1  2  0  1  0  0  0  0  0  0  0  0  1  0  0.95487066D-22
 298 H2S2+       1  2  0  0  0  0  0  2  0  0  0  0  0  0  0.35769757D-30
 299 C2H2+       1  2  0  2  0  0  0  0  0  0  0  0  0  0  0.15116614D-11
 300 C2HO+       1  1  0  2  0  1  0  0  0  0  0  0  0  0  0.21386083D-15
 301 C2N2+       1  0  0  2  2  0  0  0  0  0  0  0  0  0  0.46336863D-27
 302 C3N+        1  0  0  3  1  0  0  0  0  0  0  0  0  0  0.35870444D-22
 303 C3O+        1  0  0  3  0  1  0  0  0  0  0  0  0  0  0.22299049D-17
 304 C3S+        1  0  0  3  0  0  0  1  0  0  0  0  0  0  0.13022551D-17
 305 CH2Si+      1  2  0  1  0  0  1  0  0  0  0  0  0  0  0.46002325D-15
 306 H2CCl+      1  2  0  1  0  0  0  0  0  0  0  1  0  0  0.40327051D-19
 307 H2CS+       1  2  0  1  0  0  0  1  0  0  0  0  0  0  0.22525315D-19
 308 H2NC+       1  2  0  1  1  0  0  0  0  0  0  0  0  0  0.48849249D-14
 309 H2PO+       1  2  0  0  0  1  0  0  0  0  0  0  1  0  0.67599881D-26
 310 H2SiO+      1  2  0  0  0  1  1  0  0  0  0  0  0  0  0.50565214D-25
 311 HOCO+       1  1  0  1  0  2  0  0  0  0  0  0  0  0  0.82846235D-21
 312 HNCO+       1  1  0  1  1  1  0  0  0  0  0  0  0  0  0.10821388D-24
 313 HSiO2+      1  1  0  0  0  2  1  0  0  0  0  0  0  0  0.36766017D-34
 314 HSO2+       1  1  0  0  0  2  0  1  0  0  0  0  0  0  0.14043123D-33
 315 NaH2O+      1  2  0  0  0  1  0  0  0  1  0  0  0  0  0.43578778D-25
 316 NH3+        1  3  0  0  1  0  0  0  0  0  0  0  0  0  0.82584132D-15
 317 PC2H+       1  1  0  2  0  0  0  0  0  0  0  0  1  0  0.66594836D-22
 318 PH3+        1  3  0  0  0  0  0  0  0  0  0  0  1  0  0.12171858D-22
 319 PNH2+       1  2  0  0  1  0  0  0  0  0  0  0  1  0  0.43678819D-25
 320 SiC2H+      1  1  0  2  0  0  1  0  0  0  0  0  0  0  0.19599714D-15
 321 l-SiC3+     1  0  0  3  0  0  1  0  0  0  0  0  0  0  0.13958807D-18
 322 SiH3+       1  3  0  0  0  0  1  0  0  0  0  0  0  0  0.10722519D-21
 323 SiNCH+      1  1  0  1  1  0  1  0  0  0  0  0  0  0  0.13140503D-23
 324 HSiNH+      1  2  0  0  1  0  1  0  0  0  0  0  0  0  0.11396959D-18
 325 HN2O+       1  1  0  0  2  1  0  0  0  0  0  0  0  0  0.29681315D-34
 326 C2H3+       1  3  0  2  0  0  0  0  0  0  0  0  0  0  0.24234180D-15
 327 c-C3H2+     1  2  0  3  0  0  0  0  0  0  0  0  0  0  0.67522723D-15
 328 l-C3H2+     1  2  0  3  0  0  0  0  0  0  0  0  0  0  0.41266735D-15
 329 C4H+        1  1  0  4  0  0  0  0  0  0  0  0  0  0  0.10967585D-14
 330 C5+         1  0  0  5  0  0  0  0  0  0  0  0  0  0  0.71744658D-16
 331 HC3O+       1  1  0  3  0  1  0  0  0  0  0  0  0  0  0.30098709D-22
 332 C4H-       -1  1  0  4  0  0  0  0  0  0  0  0  0  0  0.11168169D-15
 333 C5-        -1  0  0  5  0  0  0  0  0  0  0  0  0  0  0.33320032D-16
 334 NH4+        1  4  0  0  1  0  0  0  0  0  0  0  0  0  0.81587278D-19
 335 H3CS+       1  3  0  1  0  0  0  1  0  0  0  0  0  0  0.22177586D-21
 336 H2COH+      1  3  0  1  0  1  0  0  0  0  0  0  0  0  0.38670877D-19
 337 H3S2+       1  3  0  0  0  0  0  2  0  0  0  0  0  0  0.52446602D-27
 338 HC3S+       1  1  0  3  0  0  0  1  0  0  0  0  0  0  0.69842151D-18
 339 PC3H+       1  1  0  3  0  0  0  0  0  0  0  0  1  0  0.17796127D-27
 340 PCH3+       1  3  0  1  0  0  0  0  0  0  0  0  1  0  0.63409390D-30
 341 PNH3+       1  3  0  0  1  0  0  0  0  0  0  0  1  0  0.42328164D-32
 342 SiC2H2+     1  2  0  2  0  0  1  0  0  0  0  0  0  0  0.14445441D-21
 343 SiC3H+      1  1  0  3  0  0  1  0  0  0  0  0  0  0  0.48580091D-19
 344 SiC4+       1  0  0  4  0  0  1  0  0  0  0  0  0  0  0.25940712D-20
 345 SiCH3+      1  3  0  1  0  0  1  0  0  0  0  0  0  0  0.26637503D-25
 346 SiH4+       1  4  0  0  0  0  1  0  0  0  0  0  0  0  0.20389933D-35
 347 CH2CN+      1  2  0  2  1  0  0  0  0  0  0  0  0  0  0.59022875D-16
 348 H2CCO+      1  2  0  2  0  1  0  0  0  0  0  0  0  0  0.39308696D-18
 349 HC3N+       1  1  0  3  1  0  0  0  0  0  0  0  0  0  0.82936157D-19
 350 C4N+        1  0  0  4  1  0  0  0  0  0  0  0  0  0  0.22444642D-18
 351 C4P+        1  0  0  4  0  0  0  0  0  0  0  0  1  0  0.27371545D-32
 352 C4S+        1  0  0  4  0  0  0  1  0  0  0  0  0  0  0.26925347D-19
 353 HCOOH+      1  2  0  1  0  2  0  0  0  0  0  0  0  0  0.22392564D-24
 354 CH4+        1  4  0  1  0  0  0  0  0  0  0  0  0  0  0.56577729D-17
 355 H3SiO+      1  3  0  0  0  1  1  0  0  0  0  0  0  0  0.12872132D-33
 356 PC2H2+      1  2  0  2  0  0  0  0  0  0  0  0  1  0  0.32103686D-23
 357 C6+         1  0  0  6  0  0  0  0  0  0  0  0  0  0  0.13752136D-16
 358 HC4N+       1  1  0  4  1  0  0  0  0  0  0  0  0  0  0.41790872D-27
 359 C5H-       -1  1  0  5  0  0  0  0  0  0  0  0  0  0  0.22482651D-16
 360 C6-        -1  0  0  6  0  0  0  0  0  0  0  0  0  0  0.10543011D-16
 361 CH3CO+      1  3  0  2  0  1  0  0  0  0  0  0  0  0  0.12190856D-17
 362 C2H4+       1  4  0  2  0  0  0  0  0  0  0  0  0  0  0.21202576D-15
 363 HC3NH+      1  2  0  3  1  0  0  0  0  0  0  0  0  0  0.11693349D-20
 364 HC4S+       1  1  0  4  0  0  0  1  0  0  0  0  0  0  0.12319741D-19
 365 CH5+        1  5  0  1  0  0  0  0  0  0  0  0  0  0  0.15734184D-14
 366 C4H2+       1  2  0  4  0  0  0  0  0  0  0  0  0  0  0.35912086D-15
 367 C5H+        1  1  0  5  0  0  0  0  0  0  0  0  0  0  0.38110983D-16
 368 CH3CN+      1  3  0  2  1  0  0  0  0  0  0  0  0  0  0.20015087D-19
 369 c-C3H3+     1  3  0  3  0  0  0  0  0  0  0  0  0  0  0.12931872D-14
 370 l-C3H3+     1  3  0  3  0  0  0  0  0  0  0  0  0  0  0.12931727D-14
 371 C5N+        1  0  0  5  1  0  0  0  0  0  0  0  0  0  0.98141330D-21
 372 CH3O2+      1  3  0  1  0  2  0  0  0  0  0  0  0  0  0.42904380D-24
 373 CH2NH2+     1  4  0  1  1  0  0  0  0  0  0  0  0  0  0.66226568D-22
 374 CH3OH+      1  4  0  1  0  1  0  0  0  0  0  0  0  0  0.16071205D-24
 375 H2C3O+      1  2  0  3  0  1  0  0  0  0  0  0  0  0  0.27567257D-21
 376 HC2NCH+     1  2  0  3  1  0  0  0  0  0  0  0  0  0  0.17257031D-21
 377 HC4O+       1  1  0  4  0  1  0  0  0  0  0  0  0  0  0.76747510D-19
 378 NH2CNH+     1  3  0  1  2  0  0  0  0  0  0  0  0  0  0.00000000D+00
 379 PC2H3+      1  3  0  2  0  0  0  0  0  0  0  0  1  0  0.19217339D-35
 380 PC4H+       1  1  0  4  0  0  0  0  0  0  0  0  1  0  0.46996909D-28
 381 PCH4+       1  4  0  1  0  0  0  0  0  0  0  0  1  0  0.31704605D-31
 382 SiC2H3+     1  3  0  2  0  0  1  0  0  0  0  0  0  0  0.58860459D-21
 383 SiC3H2+     1  2  0  3  0  0  1  0  0  0  0  0  0  0  0.37927295D-25
 384 SiC4H+      1  1  0  4  0  0  1  0  0  0  0  0  0  0  0.52460438D-26
 385 SiCH4+      1  4  0  1  0  0  1  0  0  0  0  0  0  0  0.23993173D-25
 386 SiH5+       1  5  0  0  0  0  1  0  0  0  0  0  0  0  0.53656079D-30
 387 C7+         1  0  0  7  0  0  0  0  0  0  0  0  0  0  0.37587423D-17
 388 H2C4N+      1  2  0  4  1  0  0  0  0  0  0  0  0  0  0.46331151D-27
 389 C6H-       -1  1  0  6  0  0  0  0  0  0  0  0  0  0  0.16125256D-16
 390 C7-        -1  0  0  7  0  0  0  0  0  0  0  0  0  0  0.19020848D-17
 391 C4H3+       1  3  0  4  0  0  0  0  0  0  0  0  0  0  0.10532099D-15
 392 C5H2+       1  2  0  5  0  0  0  0  0  0  0  0  0  0  0.24562749D-20
 393 CH3CNH+     1  4  0  2  1  0  0  0  0  0  0  0  0  0  0.68287217D-20
 394 C2H4O+      1  4  0  2  0  1  0  0  0  0  0  0  0  0  0.29179950D-28
 395 C2H5+       1  5  0  2  0  0  0  0  0  0  0  0  0  0  0.16871898D-23
 396 C3H3N+      1  3  0  3  1  0  0  0  0  0  0  0  0  0  0.76405388D-29
 397 C3H4+       1  4  0  3  0  0  0  0  0  0  0  0  0  0  0.76698713D-25
 398 HC5N+       1  1  0  5  1  0  0  0  0  0  0  0  0  0  0.24386409D-20
 399 C6H+        1  1  0  6  0  0  0  0  0  0  0  0  0  0  0.10750719D-16
 400 CH3NH2+     1  5  0  1  1  0  0  0  0  0  0  0  0  0  0.87004013D-26
 401 CH3OH2+     1  5  0  1  0  1  0  0  0  0  0  0  0  0  0.70204065D-23
 402 H3C3O+      1  3  0  3  0  1  0  0  0  0  0  0  0  0  0.32804170D-24
 403 NH2CH2O+    1  4  0  1  1  1  0  0  0  0  0  0  0  0  0.80748174D-35
 404 PC2H4+      1  4  0  2  0  0  0  0  0  0  0  0  1  0  0.33670219D-37
 405 PC4H2+      1  2  0  4  0  0  0  0  0  0  0  0  1  0  0.16214226D-34
 406 HC5O+       1  1  0  5  0  1  0  0  0  0  0  0  0  0  0.25076798D-23
 407 C6N+        1  0  0  6  1  0  0  0  0  0  0  0  0  0  0.16733230D-20
 408 H2C5N+      1  2  0  5  1  0  0  0  0  0  0  0  0  0  0.34689433D-23
 409 C8+         1  0  0  8  0  0  0  0  0  0  0  0  0  0  0.72689232D-18
 410 C7H-       -1  1  0  7  0  0  0  0  0  0  0  0  0  0  0.23765861D-17
 411 C8-        -1  0  0  8  0  0  0  0  0  0  0  0  0  0  0.44033701D-18
 412 C5H3+       1  3  0  5  0  0  0  0  0  0  0  0  0  0  0.50623051D-23
 413 C3H5+       1  5  0  3  0  0  0  0  0  0  0  0  0  0  0.47887666D-25
 414 C6H2+       1  2  0  6  0  0  0  0  0  0  0  0  0  0  0.18481462D-17
 415 C7H+        1  1  0  7  0  0  0  0  0  0  0  0  0  0  0.24253899D-17
 416 CH3CHOH+    1  5  0  2  0  1  0  0  0  0  0  0  0  0  0.15215386D-28
 417 C2H6+       1  6  0  2  0  0  0  0  0  0  0  0  0  0  0.53803359D-47
 418 C3H3NH+     1  4  0  3  1  0  0  0  0  0  0  0  0  0  0.54478369D-32
 419 C4H4+       1  4  0  4  0  0  0  0  0  0  0  0  0  0  0.19638190D-19
 420 C7N+        1  0  0  7  1  0  0  0  0  0  0  0  0  0  0.24674481D-21
 421 CH3NH3+     1  6  0  1  1  0  0  0  0  0  0  0  0  0  0.29374693D-25
 422 COOCH4+     1  4  0  2  0  2  0  0  0  0  0  0  0  0  0.16986272D-34
 423 H3C4N+      1  3  0  4  1  0  0  0  0  0  0  0  0  0  0.33103484D-27
 424 HC6N+       1  1  0  6  1  0  0  0  0  0  0  0  0  0  0.12069997D-28
 425 C9+         1  0  0  9  0  0  0  0  0  0  0  0  0  0  0.23212923D-18
 426 C8H-       -1  1  0  8  0  0  0  0  0  0  0  0  0  0  0.48173673D-18
 427 C9-        -1  0  0  9  0  0  0  0  0  0  0  0  0  0  0.91752880D-19
 428 C4H5+       1  5  0  4  0  0  0  0  0  0  0  0  0  0  0.87981683D-29
 429 C6H3+       1  3  0  6  0  0  0  0  0  0  0  0  0  0  0.74951218D-23
 430 C7H2+       1  2  0  7  0  0  0  0  0  0  0  0  0  0  0.18810084D-18
 431 C2H5OH+     1  6  0  2  0  1  0  0  0  0  0  0  0  0  0.88363341D-37
 432 H3C4NH+     1  4  0  4  1  0  0  0  0  0  0  0  0  0  0.11199183D-25
 433 C5H3N+      1  3  0  5  1  0  0  0  0  0  0  0  0  0  0.20755113D-28
 434 C5H4+       1  4  0  5  0  0  0  0  0  0  0  0  0  0  0.23311469D-27
 435 HC7N+       1  1  0  7  1  0  0  0  0  0  0  0  0  0  0.19541016D-21
 436 C8H+        1  1  0  8  0  0  0  0  0  0  0  0  0  0  0.41392687D-18
 437 CH3OCH3+    1  6  0  2  0  1  0  0  0  0  0  0  0  0  0.37702661D-34
 438 H5C2O2+     1  5  0  2  0  2  0  0  0  0  0  0  0  0  0.43646845D-34
 439 HC7O+       1  1  0  7  0  1  0  0  0  0  0  0  0  0  0.40913198D-25
 440 C8N+        1  0  0  8  1  0  0  0  0  0  0  0  0  0  0.97070762D-22
 441 H2C6N+      1  2  0  6  1  0  0  0  0  0  0  0  0  0  0.45007398D-28
 442 C2H7+       1  7  0  2  0  0  0  0  0  0  0  0  0  0  0.28512636D-77
 443 C10+        1  0  0 10  0  0  0  0  0  0  0  0  0  0  0.51610143D-19
 444 CH3OCH4+    1  7  0  2  0  1  0  0  0  0  0  0  0  0  0.17303960D-33
 445 C9H-       -1  1  0  9  0  0  0  0  0  0  0  0  0  0  0.73414130D-19
 446 C10-       -1  0  0 10  0  0  0  0  0  0  0  0  0  0  0.45504406D-20
 447 C7H2N+      1  2  0  7  1  0  0  0  0  0  0  0  0  0  0.18339502D-23
 448 C7H3+       1  3  0  7  0  0  0  0  0  0  0  0  0  0  0.82839350D-24
 449 C5H5+       1  5  0  5  0  0  0  0  0  0  0  0  0  0  0.97956974D-28
 450 C8H2+       1  2  0  8  0  0  0  0  0  0  0  0  0  0  0.24826745D-18
 451 C9H+        1  1  0  9  0  0  0  0  0  0  0  0  0  0  0.12808499D-18
 452 C2H5OH2+    1  7  0  2  0  1  0  0  0  0  0  0  0  0  0.77134980D-36
 453 C2H6CO+     1  6  0  3  0  1  0  0  0  0  0  0  0  0  0.26052791D-37
 454 C5H4N+      1  4  0  5  1  0  0  0  0  0  0  0  0  0  0.34414849D-33
 455 C6H4+       1  4  0  6  0  0  0  0  0  0  0  0  0  0  0.82436687D-27
 456 C9N+        1  0  0  9  1  0  0  0  0  0  0  0  0  0  0.10242842D-22
 457 HC8N+       1  1  0  8  1  0  0  0  0  0  0  0  0  0  0.59481092D-30
 458 C10H+       1  1  0 10  0  0  0  0  0  0  0  0  0  0  0.37101069D-20
 459 C10H-      -1  1  0 10  0  0  0  0  0  0  0  0  0  0  0.10793039D-20
 460 C8H3+       1  3  0  8  0  0  0  0  0  0  0  0  0  0  0.42884466D-24
 461 C9H2+       1  2  0  9  0  0  0  0  0  0  0  0  0  0  0.74562995D-20
 462 C3H6OH+     1  7  0  3  0  1  0  0  0  0  0  0  0  0  0.57445218D-37
 463 C4H7+       1  7  0  4  0  0  0  0  0  0  0  0  0  0  0.20533253D-37
 464 H3C6NH+     1  4  0  6  1  0  0  0  0  0  0  0  0  0  0.31216422D-28
 465 C6H5+       1  5  0  6  0  0  0  0  0  0  0  0  0  0  0.55953278D-29
 466 H3C7N+      1  3  0  7  1  0  0  0  0  0  0  0  0  0  0.65318326D-31
 467 C7H4+       1  4  0  7  0  0  0  0  0  0  0  0  0  0  0.12802685D-27
 468 C9HN+       1  1  0  9  1  0  0  0  0  0  0  0  0  0  0.78077073D-23
 469 C11+        1  0  0 11  0  0  0  0  0  0  0  0  0  0  0.22834232D-21
 470 HC9O+       1  1  0  9  0  1  0  0  0  0  0  0  0  0  0.16798433D-26
 471 C10N+       1  0  0 10  1  0  0  0  0  0  0  0  0  0  0.43117478D-24
 472 H2C8N+      1  2  0  8  1  0  0  0  0  0  0  0  0  0  0.22179701D-29
 473 C9H2N+      1  2  0  9  1  0  0  0  0  0  0  0  0  0  0.14501773D-25
 474 C9H3+       1  3  0  9  0  0  0  0  0  0  0  0  0  0  0.49209433D-25
 475 C10H2+      1  2  0 10  0  0  0  0  0  0  0  0  0  0  0.11565589D-21
 476 C7H5+       1  5  0  7  0  0  0  0  0  0  0  0  0  0  0.11364785D-28
 477 C8H4+       1  4  0  8  0  0  0  0  0  0  0  0  0  0  0.81695212D-28
 478 HC10N+      1  1  0 10  1  0  0  0  0  0  0  0  0  0  0.25893229D-32
 479 C6H7+       1  7  0  6  0  0  0  0  0  0  0  0  0  0  0.25205116D-30
 480 C9H4+       1  4  0  9  0  0  0  0  0  0  0  0  0  0  0.34374938D-29
 481 C8H4N+      1  4  0  8  1  0  0  0  0  0  0  0  0  0  0.19749154D-29
 482 C8H5+       1  5  0  8  0  0  0  0  0  0  0  0  0  0  0.10818501D-30
 483 C9H3N+      1  3  0  9  1  0  0  0  0  0  0  0  0  0  0.37692999D-32
 484 C10H3+      1  3  0 10  0  0  0  0  0  0  0  0  0  0  0.91946741D-27
 485 H2C10N+     1  2  0 10  1  0  0  0  0  0  0  0  0  0  0.14482856D-31
 486 C9H5+       1  5  0  9  0  0  0  0  0  0  0  0  0  0  0.51999655D-38
 487 GRAIN0      0  0  0  0  0  0  0  0  0  0  0  0  0  0  0.88795748D-14
 488 GRAIN-     -1  0  0  0  0  0  0  0  0  0  0  0  0  0  0.13126204D-11
 489 XH          0  1  0  0  0  0  0  0  0  0  0  0  0  0  0.37989170D-14
