  -289.63405      0.19465151    
  -288.90163      0.11975317    
  -288.16921      0.10468792    
  -287.43678     -0.18596017    
  -286.70436     -0.43609820E-01
  -285.97194     -0.22577947    
  -285.23952     -0.23692114E-01
  -284.50710     -0.50414581E-01
  -283.77467     -0.25151970E-01
  -283.04225     -0.18687071    
  -282.30983      0.63318759E-02
  -281.57741     -0.23454398    
  -280.84499     -0.14305383E-01
  -280.11256     -0.35397393    
  -279.38014     -0.39064142    
  -278.64772      0.14398801    
  -277.91530     -0.49352542E-01
  -277.18288      0.20171970    
  -276.45046     -0.11055917    
  -275.71803      0.14810419    
  -274.98561      0.13325474    
  -274.25319     -0.25745854E-02
  -273.52077     -0.19511609    
  -272.78835      0.15395425    
  -272.05592     -0.30914836E-01
  -271.32350      0.12597638    
  -270.59108      0.19897634    
  -269.85866      0.73751435E-01
  -269.12624      0.23990266E-01
  -268.39381     -0.51653653E-01
  -267.66139      0.31876553E-01
  -266.92897     -0.17212322    
  -266.19655     -0.28767502    
  -265.46413      0.59962273E-04
  -264.73171     -0.16472991    
  -263.99928      0.21272469    
  -263.26686      0.31129269E-01
  -262.53444     -0.98338179E-01
  -261.80202     -0.15928139    
  -261.06960      0.73170908E-01
  -260.33717     -0.22290561    
  -259.60475     -0.56690896    
  -258.87233     -0.29881665    
  -258.13991     -0.23625553    
  -257.40749     -0.30668926    
  -256.67506     -0.13412151    
  -255.94264     -0.54598235E-01
  -255.21022      0.41772914    
  -254.47780      0.13715057    
  -253.74538      0.19413118    
  -253.01296     -0.16246088E-01
  -252.28053      0.29037997    
  -251.54811     -0.23383582    
  -250.81569     -0.24870694E-01
  -250.08327      0.13158719    
  -249.35085     -0.11945110E-01
  -248.61842      0.14126514    
  -247.88600     -0.40839434E-01
  -247.15358     -0.11929649    
  -246.42116      0.12093347    
  -245.68874     -0.19757046    
  -244.95631      0.20124081    
  -244.22389     -0.21450943    
  -243.49147      0.91868222E-01
  -242.75905      0.88165656E-01
  -242.02663     -0.33628708    
  -241.29421     -0.53201979E-02
  -240.56178     -0.12052436    
  -239.82936     -0.20555684E-01
  -239.09694      0.13581559    
  -238.36452      0.23474076    
  -237.63210      0.51783737E-01
  -236.89967     -0.37395030E-01
  -236.16725     -0.16900116    
  -235.43483     -0.78251539E-02
  -234.70241      0.14159468    
  -233.96999      0.16721022    
  -233.23756      0.19647820    
  -232.50514     -0.22087581    
  -231.77272      0.39477798    
  -231.04030      0.20168033    
  -230.30788      0.20444137    
  -229.57546      0.11378547    
  -228.84303     -0.23150969    
  -228.11061     -0.89877591E-01
  -227.37819      0.22254571    
  -226.64577      0.10489691    
  -225.91335     -0.23484005    
  -225.18092     -0.44583845    
  -224.44850      0.10409464    
  -223.71608     -0.11282189    
  -222.98366     -0.35136282    
  -222.25124     -0.36352683E-01
  -221.51881     -0.37426561    
  -220.78639     -0.22390269    
  -220.05397     -0.28335810    
  -219.32155      0.52807137E-01
  -218.58913      0.27438256    
  -217.85671     -0.54696191E-01
  -217.12428     -0.12345605    
  -216.39186      0.47114179E-01
  -215.65944      0.10681525E-03
  -214.92702      0.21279886    
  -214.19460      0.32252607    
  -213.46217      0.18741927    
  -212.72975      0.19872855E-01
  -211.99733     -0.32281093E-01
  -211.26491      0.71052648E-01
  -210.53249     -0.13147608E-01
  -209.80006      0.15650927    
  -209.06764      0.31886682    
  -208.33522      0.18197042    
  -207.60280      0.53414885E-01
  -206.87038      0.10725725    
  -206.13796     -0.54310657E-01
  -205.40553     -0.13900366    
  -204.67311     -0.25950885    
  -203.94069     -0.90865791E-03
  -203.20827      0.71479902E-01
  -202.47585      0.32294460E-01
  -201.74342     -0.31700224    
  -201.01100     -0.25011161    
  -200.27858     -0.13823333    
  -199.54616     -0.27449009    
  -198.81374      0.60149945E-01
  -198.08131      0.25457129E-01
  -197.34889      0.20155326E-01
  -196.61647      0.18496594    
  -195.88405     -0.29458847E-01
  -195.15163      0.14242049    
  -194.41921      0.18706795E-01
  -193.68678      0.29913962E-01
  -192.95436     -0.13784292    
  -192.22194      0.12372788E-01
  -191.48952     -0.86208820E-01
  -190.75710     -0.15332603    
  -190.02467      0.17884848    
  -189.29225      0.22095442E-02
  -188.55983      0.36314957E-01
  -187.82741     -0.22594318E-01
  -187.09499     -0.22931643E-01
  -186.36256     -0.31185886    
  -185.63014     -0.17340025    
  -184.89772      0.18738063    
  -184.16530      0.42424497    
  -183.43288     -0.22081606    
  -182.70046      0.11176873E-01
  -181.96803      0.11579895    
  -181.23561      0.14676432    
  -180.50319     -0.53159624E-01
  -179.77077      0.15796034    
  -179.03835      0.23769403    
  -178.30592     -0.29184997E-01
  -177.57350      0.95442921E-01
  -176.84108      0.10003236    
  -176.10866      0.19770879    
  -175.37624     -0.11146083    
  -174.64381      0.74092939E-01
  -173.91139     -0.53668991E-01
  -173.17897      0.82112983E-01
  -172.44655      0.34656383E-01
  -171.71413      0.13686623    
  -170.98171     -0.21561503    
  -170.24928      0.14640014    
  -169.51686     -0.19622467    
  -168.78444     -0.16200301    
  -168.05202      0.13652866    
  -167.31960     -0.78187779E-01
  -166.58717     -0.13439894E-01
  -165.85475     -0.14587064    
  -165.12233      0.43283001E-01
  -164.38991      0.34820151    
  -163.65749      0.18838438    
  -162.92506     -0.71511902E-02
  -162.19264      0.23368105    
  -161.46022      0.24742045    
  -160.72780      0.11720690    
  -159.99538      0.16430447    
  -159.26296      0.16611902    
  -158.53053     -0.41087504E-01
  -157.79811      0.65751284E-01
  -157.06569      0.14895990    
  -156.33327      0.25582808    
  -155.60085     -0.25294170E-01
  -154.86842     -0.18698302    
  -154.13600      0.29589385    
  -153.40358     -0.19234855    
  -152.67116      0.92744127E-01
  -151.93874     -0.16647634    
  -151.20631      0.98390579E-02
  -150.47389      0.86788781E-01
  -149.74147     -0.31788698    
  -149.00905     -0.17101446    
  -148.27663      0.17369890    
  -147.54421     -0.16063276    
  -146.81178     -0.32138443    
  -146.07936     -0.20756394    
  -145.34694     -0.77889234E-01
  -144.61452     -0.30002922E-01
  -143.88210     -0.42824440E-01
  -143.14967      0.20873925    
  -142.41725      0.16884096    
  -141.68483      0.28828231    
  -140.95241      0.48408300E-01
  -140.21999      0.10514238    
  -139.48756     -0.57009337E-02
  -138.75514     -0.14413272    
  -138.02272      0.12279199    
  -137.29030      0.19800971    
  -136.55788      0.27101371    
  -135.82546      0.40879581E-01
  -135.09303     -0.19417937    
  -134.36061      0.11517340    
  -133.62819      0.18721852    
  -132.89577     -0.16548654    
  -132.16335     -0.22891256    
  -131.43092      0.12700762    
  -130.69850     -0.38298272E-01
  -129.96608     -0.23467568    
  -129.23366     -0.35767138    
  -128.50124      0.10794122    
  -127.76881     -0.10763224    
  -127.03639     -0.79609863E-01
  -126.30397     -0.19268712    
  -125.57155     -0.14591651    
  -124.83913      0.11894088E-01
  -124.10671     -0.68503246E-01
  -123.37428      0.22921756    
  -122.64186      0.24489301    
  -121.90944      0.21013290    
  -121.17702      0.31683944E-01
  -120.44460      0.16679157    
  -119.71217     -0.28510258E-01
  -118.97975      0.11183449    
  -118.24733      0.94505273E-01
  -117.51491     -0.57254296E-01
  -116.78249      0.29195762    
  -116.05006      0.21357033E-01
  -115.31764     -0.16655688    
  -114.58522      0.57703324E-01
  -113.85280     -0.10883173    
  -113.12038      0.56256387E-01
  -112.38796     -0.86453855E-01
  -111.65553     -0.42476803E-02
  -110.92311     -0.19786268    
  -110.19069     -0.17428215    
  -109.45827     -0.97807638E-01
  -108.72585     -0.24970949E-01
  -107.99342     -0.26971546    
  -107.26100     -0.34594122    
  -106.52858     -0.11991822    
  -105.79616     -0.41579060E-01
  -105.06374     -0.16899426    
  -104.33131      0.18165899E-01
  -103.59889     -0.62418982E-01
  -102.86647     -0.53489931E-01
  -102.13405      0.13374205    
  -101.40163      0.33209249E-02
  -100.66921      0.22863263    
  -99.936783      0.37009448E-01
  -99.204361      0.33962831    
  -98.471940      0.39333761    
  -97.739518      0.18490741    
  -97.007096      0.21058649    
  -96.274674     -0.11890313    
  -95.542252      0.41951858E-01
  -94.809830      0.16174138    
  -94.077408      0.51862553E-01
  -93.344986      0.67060679E-01
  -92.612565      0.10690290    
  -91.880143     -0.10710788    
  -91.147721      0.50423220E-01
  -90.415299     -0.16096769    
  -89.682877     -0.13831596    
  -88.950455     -0.51362272E-01
  -88.218033     -0.16812950    
  -87.485611      0.19058969E-01
  -86.753190     -0.20279791E-01
  -86.020768      0.28103870    
  -85.288346     -0.10546608    
  -84.555924     -0.96293204E-02
  -83.823502      0.27250177    
  -83.091080      0.12322812    
  -82.358658      0.13039999E-01
  -81.626236      0.28748052E-01
  -80.893815      0.14648557    
  -80.161393     -0.36904603E-01
  -79.428971      0.26294219    
  -78.696549      0.16820447    
  -77.964127      0.40561450    
  -77.231705     -0.18226163    
  -76.499283     -0.10474773    
  -75.766861      0.10528007    
  -75.034440      0.28276375    
  -74.302018      0.47518462E-02
  -73.569596      0.38800113E-01
  -72.837174     -0.20046242    
  -72.104752     -0.74053720E-01
  -71.372330      0.44004098E-01
  -70.639908      0.14537099    
  -69.907486     -0.44485562E-01
  -69.175065      0.18518895E-01
  -68.442643     -0.10604374E-01
  -67.710221      0.12042828    
  -66.977799     -0.98828495E-01
  -66.245377      0.33654732    
  -65.512955      0.18203369    
  -64.780533      0.17588058    
  -64.048111      0.21335292    
  -63.315690      0.40574870    
  -62.583268      0.48010805    
  -61.850846      0.47821993    
  -61.118424      0.87389328E-01
  -60.386002      0.34150219    
  -59.653580      0.19365102    
  -58.921158      0.66878110E-01
  -58.188736      0.31911242    
  -57.456315      0.31526658    
  -56.723893      0.14917317    
  -55.991471      0.28805101    
  -55.259049      0.10554837    
  -54.526627     -0.33717448    
  -53.794205      0.24702005E-01
  -53.061783      0.17938435E-01
  -52.329361      0.75374648E-01
  -51.596940      0.28800252    
  -50.864518      0.52629638    
  -50.132096      0.37742540    
  -49.399674      0.40310562    
  -48.667252      0.34118176    
  -47.934830      0.90500963    
  -47.202408      0.67734069    
  -46.469986      0.60298049    
  -45.737565      0.87921476    
  -45.005143       1.1618083    
  -44.272721       1.1328835    
  -43.540299       1.2182748    
  -42.807877       1.4116850    
  -42.075455       1.0737398    
  -41.343033       1.3067249    
  -40.610611       1.0199677    
  -39.878190       1.4348525    
  -39.145768       1.5784991    
  -38.413346       1.8168894    
  -37.680924       1.8632112    
  -36.948502       1.7802131    
  -36.216080       2.1496413    
  -35.483658       2.1431856    
  -34.751236       2.8884287    
  -34.018815       2.9477606    
  -33.286393       3.0651252    
  -32.553971       3.2071705    
  -31.821549       3.3227291    
  -31.089127       3.6355748    
  -30.356705       4.1577826    
  -29.624283       4.2714624    
  -28.891861       4.5227194    
  -28.159440       4.8821774    
  -27.427018       5.7423382    
  -26.694596       6.2301564    
  -25.962174       6.5537639    
  -25.229752       7.3486071    
  -24.497330       7.9959822    
  -23.764908       8.5905685    
  -23.032486       8.5229664    
  -22.300065       5.8584843    
  -21.567643       2.4057903    
  -20.835221      0.82759452    
  -20.102799      0.49834251    
  -19.370377      0.46429858    
  -18.637955       1.0062448    
  -17.905533       1.4201694    
  -17.173111       2.5476587    
  -16.440690       5.8804250    
  -15.708268       6.7690907    
  -14.975846       6.3538961    
  -14.243424       5.9412322    
  -13.511002       5.4052939    
  -12.778580       4.7870660    
  -12.046158       3.9674454    
  -11.313736       3.3457756    
  -10.581315       2.9896970    
  -9.8488927       2.6156516    
  -9.1164708       2.5079546    
  -8.3840489       2.0991132    
  -7.6516271       2.0106721    
  -6.9192052       1.9430273    
  -6.1867833       1.9654965    
  -5.4543614       1.5698482    
  -4.7219396       1.4471757    
  -3.9895177       1.4060888    
  -3.2570958       1.0382442    
  -2.5246739       1.0243928    
  -1.7922521      0.82116318    
  -1.0598302      0.79848659    
 -0.32740831      0.88084269    
  0.40501356      0.80604476    
   1.1374354      0.63646114    
   1.8698573      0.63668501    
   2.6022792      0.16191538    
   3.3347011      0.71249282    
   4.0671229      0.31389096    
   4.7995448      0.14116007    
   5.5319667      0.24872032    
   6.2643886      0.22403283    
   6.9968104      0.25150108    
   7.7292323      0.40565267    
   8.4616542      0.39689279    
   9.1940761      0.27280718    
   9.9264979      0.41129094    
   10.658920      0.22042927    
   11.391342      0.37560862    
   12.123764      0.23507497    
   12.856185      0.16916665    
   13.588607      0.20090657    
   14.321029     -0.18119067E-03
   15.053451      0.19526002    
   15.785873      0.27050558    
   16.518295      0.35237879    
   17.250717     -0.57048433E-01
   17.983139      0.79460427E-01
   18.715560     -0.16365045    
   19.447982      0.99058837E-01
   20.180404      0.71035691E-01
   20.912826     -0.97122446E-01
   21.645248      0.32674283E-01
   22.377670     -0.21839833    
   23.110092     -0.22014730    
   23.842514     -0.13835561    
   24.574935      0.20400394    
   25.307357      0.21175368    
   26.039779     -0.98176509E-01
   26.772201      0.79035334E-01
   27.504623     -0.93307041E-01
   28.237045      0.66256754E-01
   28.969467      0.40037040E-01
   29.701889      0.27046105    
   30.434310     -0.14578271    
   31.166732     -0.14344880    
   31.899154      0.33086053    
   32.631576      0.45489964    
   33.363998      0.37668981E-01
   34.096420     -0.13605532    
   34.828842      0.14989796    
   35.561264      0.82960211E-01
   36.293685      0.36031103    
   37.026107     -0.34865834E-01
   37.758529      0.14380489    
   38.490951      0.21023062    
   39.223373      0.38002571    
   39.955795     -0.25656261E-01
   40.688217      0.13646752E-01
   41.420639     -0.18264893    
   42.153060     -0.59364848E-01
   42.885482     -0.24683101E-01
   43.617904     -0.49886681E-01
   44.350326      0.22874013E-01
   45.082748     -0.12638374    
   45.815170     -0.74023321E-01
   46.547592     -0.10036421    
   47.280014     -0.18690039    
   48.012435      0.14130388    
   48.744857     -0.20583546    
   49.477279      0.11590706    
   50.209701      0.24882251    
   50.942123     -0.97022504E-01
   51.674545      0.74521326E-01
   52.406967     -0.62798858E-01
   53.139389      0.14152783    
   53.871810     -0.37774286    
   54.604232     -0.26444241    
   55.336654     -0.37573710E-01
   56.069076      0.95485717E-01
   56.801498      0.40338870E-01
   57.533920      0.29949822E-01
   58.266342      0.96635416E-01
   58.998764     -0.74869856E-01
   59.731185     -0.10961633E-01
   60.463607     -0.24110968    
   61.196029     -0.21028700    
   61.928451     -0.84045798E-01
   62.660873     -0.23777194    
   63.393295     -0.15552911    
   64.125717      0.16540660    
   64.858139      0.11909187E-01
   65.590560     -0.93396708E-01
   66.322982      0.57689443E-01
   67.055404      0.98277062E-01
   67.787826      0.30608185E-01
   68.520248     -0.41366074E-01
   69.252670     -0.21618703    
   69.985092     -0.12360461    
   70.717514     -0.84762231E-01
   71.449935      0.21409489    
   72.182357      0.17312552    
   72.914779      0.68503812E-01
   73.647201      0.18105359    
   74.379623      0.43549255E-01
   75.112045      0.36167689E-01
   75.844467      0.71315598E-02
   76.576889     -0.44003122E-01
   77.309310     -0.10465379    
   78.041732     -0.26987594    
   78.774154     -0.61482400E-01
   79.506576     -0.88164032E-01
   80.238998      0.40883556E-01
   80.971420     -0.19402102    
   81.703842     -0.21097001    
   82.436264     -0.19439396E-01
   83.168685     -0.16155843    
   83.901107     -0.36884022    
   84.633529     -0.18994901    
   85.365951     -0.12612626    
   86.098373     -0.49221829E-01
   86.830795      0.13832015    
   87.563217     -0.11015335    
   88.295639      0.78264654E-01
   89.028060      0.10198506    
   89.760482      0.11706205    
   90.492904      0.22689174    
   91.225326     -0.20036483    
   91.957748      0.23251347E-01
   92.690170     -0.48817985E-01
   93.422592      0.10906564    
   94.155014      0.33469811E-01
   94.887435      0.11928230    
   95.619857      0.16441673    
   96.352279     -0.19660661    
   97.084701     -0.81196241E-02
   97.817123     -0.15999427    
   98.549545     -0.80317482E-01
   99.281967     -0.55841774E-01
   100.01439     -0.24457373    
   100.74681     -0.25121665    
   101.47923     -0.24087887    
   102.21165      0.80934748E-01
   102.94408     -0.23806886    
   103.67650      0.13413183E-01
   104.40892     -0.25532544E-01
   105.14134     -0.13203263    
   105.87376     -0.12761172E-01
   106.60619      0.27767932    
   107.33861     -0.84025756E-01
   108.07103     -0.99457666E-01
   108.80345     -0.58575645E-01
   109.53587      0.68582885E-01
   110.26829      0.33633724E-01
   111.00072      0.16387594    
   111.73314      0.16329771    
   112.46556      0.55227377E-01
   113.19798      0.69027513E-01
   113.93040     -0.23604839    
   114.66283     -0.15170093    
   115.39525      0.48137479E-01
   116.12767     -0.22593632E-01
   116.86009     -0.16063735E-01
   117.59251     -0.10090464    
   118.32494     -0.19662887    
   119.05736     -0.11498339    
   119.78978     -0.16969320    
   120.52220     -0.12013238    
   121.25462      0.26077777E-01
   121.98704     -0.18159580    
   122.71947     -0.80374032E-01
   123.45189     -0.11214958    
   124.18431      0.66014200E-01
   124.91673      0.20541015    
   125.64915     -0.18247433    
   126.38158      0.63921958E-01
   127.11400      0.43254104E-01
   127.84642      0.13822705    
   128.57884      0.85226730E-01
   129.31126      0.16564161    
   130.04369      0.14331484    
   130.77611      0.14421338    
   131.50853      0.23143029    
   132.24095      0.13374187E-01
   132.97337      0.60570046E-01
   133.70579      0.52484244E-01
   134.43822     -0.11094394    
   135.17064     -0.32168001    
   135.90306     -0.24202131    
   136.63548      0.12526034    
   137.36790     -0.13495755    
   138.10033     -0.46637934    
   138.83275     -0.18980229    
   139.56517     -0.21211278    
   140.29759     -0.16315269    
   141.03001     -0.34528089    
   141.76244     -0.26520801    
   142.49486      0.56429002E-01
   143.22728     -0.28749362    
   143.95970     -0.20054272    
   144.69212     -0.16126098    
   145.42454     -0.14684010    
   146.15697      0.30990833    
   146.88939      0.20715001    
   147.62181     -0.11913998    
   148.35423     -0.11822563    
   149.08665     -0.33326324E-01
   149.81908     -0.59816152E-01
   150.55150      0.11132775    
   151.28392      0.46139166E-01
   152.01634      0.41826621E-01
   152.74876     -0.98360710E-01
   153.48119     -0.99688195E-01
   154.21361      0.10271233    
   154.94603     -0.79668984E-01
   155.67845      0.19507214    
   156.41087      0.13540294E-01
   157.14329     -0.74808180E-01
   157.87572     -0.38563696    
   158.60814      0.56191992E-01
   159.34056     -0.21062022    
   160.07298     -0.90333924E-01
   160.80540     -0.25694698    
   161.53783     -0.14723687    
   162.27025     -0.97875088E-01
   163.00267      0.42354617E-01
   163.73509      0.24871513    
   164.46751      0.12029232    
   165.19994     -0.14340308    
   165.93236      0.12910210E-01
   166.66478      0.15878376    
   167.39720     -0.69303550E-01
   168.12962     -0.59674446E-01
   168.86204      0.28645791E-01
   169.59447      0.82090296E-01
   170.32689      0.15531823    
   171.05931      0.16837326    
   171.79173      0.41431934E-02
   172.52415     -0.90744160E-01
   173.25658      0.13905996    
   173.98900     -0.16103448    
   174.72142     -0.19600186    
   175.45384     -0.27869695    
   176.18626     -0.92730895E-02
   176.91869     -0.68497904E-01
   177.65111     -0.12397245    
   178.38353      0.21698482    
   179.11595     -0.10915555    
   179.84837     -0.14020793    
   180.58079     -0.23247981    
   181.31322      0.68554647E-01
   182.04564     -0.17836256    
   182.77806      0.12249352    
   183.51048      0.31810483    
   184.24290      0.10459889E-01
   184.97533      0.23824909    
   185.70775     -0.16760907    
   186.44017     -0.91975182E-03
   187.17259     -0.69441721E-01
   187.90501      0.81336357E-01
   188.63744     -0.10903683E-01
   189.36986      0.21454294    
   190.10228      0.52506238E-01
   190.83470     -0.15845205    
   191.56712     -0.66558294E-01
   192.29954     -0.28668553    
   193.03197     -0.42484462    
   193.76439     -0.95403731E-01
   194.49681     -0.24932107    
   195.22923     -0.64933145    
   195.96165     -0.15509562    
   196.69408     -0.34726775    
   197.42650     -0.29448873    
   198.15892      0.27855903E-01
   198.89134      0.17276895    
   199.62376     -0.48496071E-01
   200.35619      0.11431083    
   201.08861     -0.16250655    
   201.82103     -0.32655388    
   202.55345     -0.39373681E-01
   203.28587      0.14254938    
   204.01829      0.10044103    
   204.75072      0.15186863    
   205.48314     -0.28155062E-01
   206.21556      0.21597451    
   206.94798      0.13500643    
   207.68040     -0.14570324    
   208.41283     -0.72874404E-01
   209.14525     -0.25271338    
   209.87767     -0.21235597    
   210.61009     -0.21641451    
   211.34251     -0.21446820    
   212.07494     -0.22186604    
   212.80736     -0.24940881    
   213.53978     -0.24818277    
   214.27220     -0.23147005    
   215.00462     -0.13970260    
   215.73704     -0.11934815    
   216.46947     -0.17102905    
   217.20189     -0.10192055    
   217.93431     -0.36024213E-01
   218.66673      0.28103441    
   219.39915      0.39315615E-01
   220.13158     -0.81104435E-01
   220.86400     -0.57467066E-01
   221.59642      0.38619676    
   222.32884      0.17601851    
   223.06126      0.26975650    
   223.79369     -0.14770475    
   224.52611      0.77393442E-01
   225.25853      0.15346849    
   225.99095      0.19555271    
   226.72337      0.81587374E-01
   227.45579     -0.50051991E-01
   228.18822     -0.20762462E-01
   228.92064     -0.10991211    
   229.65306     -0.18108536    
   230.38548     -0.27083281    
   231.11790     -0.92764422E-01
   231.85033     -0.28347200    
   232.58275     -0.31938261    
   233.31517     -0.18088800    
   234.04759     -0.68644404E-01
   234.78001      0.39034467E-02
   235.51244     -0.63265435E-01
   236.24486      0.27694237    
   236.97728     -0.56109533E-01
   237.70970     -0.28919566    
   238.44212      0.36166035E-01
   239.17454      0.27761188    
   239.90697     -0.11956016    
   240.63939      0.12008202    
   241.37181      0.11994839    
   242.10423      0.79851031E-01
   242.83665      0.14743102    
   243.56908      0.39954782    
   244.30150      0.28409192    
   245.03392     -0.21672560    
   245.76634      0.68149723E-01
   246.49876      0.16581488    
   247.23119     -0.43173745E-01
   247.96361     -0.26393372    
   248.69603     -0.20831329    
   249.42845     -0.19230241    
   250.16087     -0.15483908    
   250.89329     -0.70343286E-01
   251.62572     -0.23067269    
   252.35814     -0.40526706    
   253.09056     -0.24860159    
   253.82298      0.14446369    
   254.55540      0.42747177E-01
   255.28783     -0.36148795    
   256.02025     -0.19104478    
   256.75267     -0.10987332    
   257.48509      0.84148616E-01
   258.21751     -0.52282736E-01
   258.94994     -0.16607752    
   259.68236      0.80113322E-01
   260.41478      0.70519507E-01
   261.14720      0.12413286E-01
   261.87962      0.16653687    
   262.61204     -0.10009024    
   263.34447     -0.54193288E-01
   264.07689      0.13686788    
   264.80931      0.10457610    
   265.54173     -0.32337505    
   266.27415     -0.12995511E-01
   267.00658     -0.16635200    
   267.73900     -0.27649227    
   268.47142      0.65709926E-01
   269.20384     -0.15496171    
   269.93626     -0.31255099    
   270.66869     -0.17764412    
   271.40111      0.35441294E-02
   272.13353      0.10283664E-03
   272.86595      0.16176414    
   273.59837     -0.23406856E-01
   274.33079     -0.31918770    
   275.06322     -0.13301691    
   275.79564      0.16103150    
   276.52806      0.21466646    
   277.26048      0.84557153E-01
   277.99290      0.11186612    
   278.72533     -0.83137423E-01
   279.45775      0.47434088E-01
   280.19017     -0.53862307E-01
   280.92259     -0.10457337    
   281.65501      0.64575151E-02
   282.38744      0.60285456E-01
   283.11986     -0.12178658    
   283.85228     -0.59767246E-01
   284.58470     -0.12121800    
   285.31712      0.64547183E-02
   286.04954      0.25139159    
   286.78197      0.61818808E-02
   287.51439     -0.24878167E-01
   288.24681     -0.23656037    
   288.97923     -0.20288685    
   289.71165     -0.27311297E-01
