1.000E+04 2.500E+00 0.689968325937546
1.000E+04 1.500E+00 0.7108007376456127
1.000E+04 0.500E+00 0.5891723558237386
1.000E+04 2.000E+00 0.7064066026620878
1.000E+04 1.000E+00 0.6780462215836177
1.000E+04 0.000E+00 0.274599017173663
5.000E+04 2.500E+00 0.6955796766717172
5.000E+04 1.500E+00 0.695249450499007
5.000E+04 0.500E+00 0.7090091518662005
5.000E+04 -0.50E+00 0.24654308968553185
5.000E+04 2.000E+00 0.7016823543518094
5.000E+04 1.000E+00 0.6724655652939375
5.000E+04 0.000E+00 0.588185541840297
1.000E+05 2.500E+00 0.6964849311674692
1.000E+05 1.500E+00 0.685027185621137
1.000E+05 0.500E+00 0.7134737764959328
1.000E+05 -0.50E+00 0.379290811896199
1.000E+05 2.000E+00 0.6967734258316495
1.000E+05 1.000E+00 0.6605254638554647
1.000E+05 0.000E+00 0.6860594467837893
5.000E+05 2.500E+00 0.6976909971030395
5.000E+05 1.500E+00 0.6602660197982287
5.000E+05 0.500E+00 0.6879874940703201
5.000E+05 -0.50E+00 0.6655987100590123
5.000E+05 2.000E+00 0.6863992059520709
5.000E+05 1.000E+00 0.638531857809306
5.000E+05 0.000E+00 0.7906194842684859
5.000E+05 -1.00E+00 0.3452519241284648
1.000E+06 2.500E+00 0.6982103876569622
1.000E+06 1.500E+00 0.6507645790785018
1.000E+06 0.500E+00 0.6745772876630788
1.000E+06 -0.50E+00 0.7339355617331802
1.000E+06 2.000E+00 0.6848799890212167
1.000E+06 1.000E+00 0.6301120433874188
1.000E+06 0.000E+00 0.8052385706334451
1.000E+06 -1.00E+00 0.48322287855371254
