0.11D+08                                              +-  H  He C  O  S  G    
 JSPACE =            1
   1 H           0  1  0  0  0  0  0  0  0  0  0  0  0  0  0.54353795D+00
   2 C           0  0  0  1  0  0  0  0  0  0  0  0  0  0  0.58985240D-04
   3 Fe          0  0  0  0  0  0  0  0  1  0  0  0  0  0  0.13622770D-10
   4 Mg          0  0  0  0  0  0  0  0  0  0  1  0  0  0  0.82567910D-10
   5 S           0  0  0  0  0  0  0  1  0  0  0  0  0  0  0.62601222D-09
   6 Si          0  0  0  0  0  0  1  0  0  0  0  0  0  0  0.52581343D-10
   7 O           0  0  0  0  0  1  0  0  0  0  0  0  0  0  0.23795692D-03
   8 N           0  0  0  0  1  0  0  0  0  0  0  0  0  0  0.61997567D-04
   9 He          0  0  1  0  0  0  0  0  0  0  0  0  0  0  0.90000000D-01
  10 Cl          0  0  0  0  0  0  0  0  0  0  0  1  0  0  0.99994107D-09
  11 Na          0  0  0  0  0  0  0  0  0  1  0  0  0  0  0.16941848D-10
  12 P           0  0  0  0  0  0  0  0  0  0  0  0  1  0  0.37886502D-13
  13 F           0  0  0  0  0  0  0  0  0  0  0  0  0  1  0.35309417D-08
  14 OH          0  1  0  0  0  1  0  0  0  0  0  0  0  0  0.41069577D-09
  15 CO          0  0  0  1  0  1  0  0  0  0  0  0  0  0  0.20425495D-05
  16 CS          0  0  0  1  0  0  0  1  0  0  0  0  0  0  0.66660501D-11
  17 HS          0  1  0  0  0  0  0  1  0  0  0  0  0  0  0.39519721D-14
  18 N2          0  0  0  0  2  0  0  0  0  0  0  0  0  0  0.74871961D-09
  19 NH          0  1  0  0  1  0  0  0  0  0  0  0  0  0  0.61264662D-12
  20 SiH         0  1  0  0  0  0  1  0  0  0  0  0  0  0  0.45127778D-12
  21 SiO         0  0  0  0  0  1  1  0  0  0  0  0  0  0  0.15534924D-13
  22 SO          0  0  0  0  0  1  0  1  0  0  0  0  0  0  0.12484052D-15
  23 CH          0  1  0  1  0  0  0  0  0  0  0  0  0  0  0.39758788D-09
  24 O2          0  0  0  0  0  2  0  0  0  0  0  0  0  0  0.40153118D-10
  25 H2          0  2  0  0  0  0  0  0  0  0  0  0  0  0  0.22823099D+00
  26 C2          0  0  0  2  0  0  0  0  0  0  0  0  0  0  0.15988502D-08
  27 CN          0  0  0  1  1  0  0  0  0  0  0  0  0  0  0.92725695D-09
  28 MgH         0  1  0  0  0  0  0  0  0  0  1  0  0  0  0.42568732D-20
  29 NaH         0  1  0  0  0  0  0  0  0  1  0  0  0  0  0.15325245D-16
  30 NO          0  0  0  0  1  1  0  0  0  0  0  0  0  0  0.45211611D-11
  31 NS          0  0  0  0  1  0  0  1  0  0  0  0  0  0  0.32249313D-16
  32 PH          0  1  0  0  0  0  0  0  0  0  0  0  1  0  0.60806221D-14
  33 PN          0  0  0  0  1  0  0  0  0  0  0  0  1  0  0.11977201D-13
  34 PO          0  0  0  0  0  1  0  0  0  0  0  0  1  0  0.19814615D-15
  35 S2          0  0  0  0  0  0  0  2  0  0  0  0  0  0  0.34794592D-18
  36 SiC         0  0  0  1  0  0  1  0  0  0  0  0  0  0  0.78352345D-13
  37 SiN         0  0  0  0  1  0  1  0  0  0  0  0  0  0  0.55926285D-14
  38 SiS         0  0  0  0  0  0  1  1  0  0  0  0  0  0  0.49094496D-17
  39 CCl         0  0  0  1  0  0  0  0  0  0  0  1  0  0  0.34634959D-19
  40 ClO         0  0  0  0  0  1  0  0  0  0  0  1  0  0  0.00000000D+00
  41 CP          0  0  0  1  0  0  0  0  0  0  0  0  1  0  0.16174249D-15
  42 HCl         0  1  0  0  0  0  0  0  0  0  0  1  0  0  0.53342014D-13
  43 HF          0  1  0  0  0  0  0  0  0  0  0  0  0  1  0.31065696D-08
  44 CCH         0  1  0  2  0  0  0  0  0  0  0  0  0  0  0.12871999D-09
  45 C3          0  0  0  3  0  0  0  0  0  0  0  0  0  0  0.59515555D-09
  46 CH2         0  2  0  1  0  0  0  0  0  0  0  0  0  0  0.63588451D-10
  47 SO2         0  0  0  0  0  2  0  1  0  0  0  0  0  0  0.26139965D-21
  48 H2O         0  2  0  0  0  1  0  0  0  0  0  0  0  0  0.26727753D-10
  49 HCN         0  1  0  1  1  0  0  0  0  0  0  0  0  0  0.13731339D-11
  50 HCSi        0  1  0  1  0  0  1  0  0  0  0  0  0  0  0.11507539D-12
  51 CCN         0  0  0  2  1  0  0  0  0  0  0  0  0  0  0.81344308D-14
  52 CCS         0  0  0  2  0  0  0  1  0  0  0  0  0  0  0.30494656D-15
  53 CCO         0  0  0  2  0  1  0  0  0  0  0  0  0  0  0.28273125D-14
  54 CCP         0  0  0  2  0  0  0  0  0  0  0  0  1  0  0.24775392D-18
  55 CO2         0  0  0  1  0  2  0  0  0  0  0  0  0  0  0.10530531D-14
  56 H2S         0  2  0  0  0  0  0  1  0  0  0  0  0  0  0.12464465D-15
  57 HCO         0  1  0  1  0  1  0  0  0  0  0  0  0  0  0.80349500D-15
  58 HCP         0  1  0  1  0  0  0  0  0  0  0  0  1  0  0.10637128D-15
  59 HCS         0  1  0  1  0  0  0  1  0  0  0  0  0  0  0.10500177D-18
  60 HNC         0  1  0  1  1  0  0  0  0  0  0  0  0  0  0.51213210D-12
  61 HNO         0  1  0  0  1  1  0  0  0  0  0  0  0  0  0.50360405D-14
  62 HNSi        0  1  0  0  1  0  1  0  0  0  0  0  0  0  0.22233802D-16
  63 HPO         0  1  0  0  0  1  0  0  0  0  0  0  1  0  0.11674050D-20
  64 HSS         0  1  0  0  0  0  0  2  0  0  0  0  0  0  0.25643742D-21
  65 N2O         0  0  0  0  2  1  0  0  0  0  0  0  0  0  0.80718500D-21
  66 NaOH        0  1  0  0  0  1  0  0  0  1  0  0  0  0  0.15832209D-23
  67 NH2         0  2  0  0  1  0  0  0  0  0  0  0  0  0  0.82086429D-13
  68 NO2         0  0  0  0  1  2  0  0  0  0  0  0  0  0  0.00000000D+00
  69 O2H         0  1  0  0  0  2  0  0  0  0  0  0  0  0  0.49754233D-20
  70 OCN         0  0  0  1  1  1  0  0  0  0  0  0  0  0  0.93874716D-16
  71 OCS         0  0  0  1  0  1  0  1  0  0  0  0  0  0  0.12286335D-17
  72 PH2         0  2  0  0  0  0  0  0  0  0  0  0  1  0  0.54315728D-19
  73 c-SiC2      0  0  0  2  0  0  1  0  0  0  0  0  0  0  0.19156767D-13
  74 SiH2        0  2  0  0  0  0  1  0  0  0  0  0  0  0  0.18033717D-19
  75 SiNC        0  0  0  1  1  0  1  0  0  0  0  0  0  0  0.94340814D-19
  76 SiO2        0  0  0  0  0  2  1  0  0  0  0  0  0  0  0.39749942D-22
  77 C4          0  0  0  4  0  0  0  0  0  0  0  0  0  0  0.51640199D-13
  78 c-C3H       0  1  0  3  0  0  0  0  0  0  0  0  0  0  0.39400791D-12
  79 l-C3H       0  1  0  3  0  0  0  0  0  0  0  0  0  0  0.21711861D-12
  80 CH3         0  3  0  1  0  0  0  0  0  0  0  0  0  0  0.11547176D-10
  81 C2H2        0  2  0  2  0  0  0  0  0  0  0  0  0  0  0.15239816D-11
  82 NH3         0  3  0  0  1  0  0  0  0  0  0  0  0  0  0.73677125D-16
  83 SiCH2       0  2  0  1  0  0  1  0  0  0  0  0  0  0  0.24029072D-18
  84 C3N         0  0  0  3  1  0  0  0  0  0  0  0  0  0  0.34241276D-13
  85 C3O         0  0  0  3  0  1  0  0  0  0  0  0  0  0  0.29729178D-14
  86 C3P         0  0  0  3  0  0  0  0  0  0  0  0  1  0  0.34420031D-25
  87 C3S         0  0  0  3  0  0  0  1  0  0  0  0  0  0  0.10749891D-15
  88 H2CO        0  2  0  1  0  1  0  0  0  0  0  0  0  0  0.40876285D-12
  89 H2CS        0  2  0  1  0  0  0  1  0  0  0  0  0  0  0.24071784D-17
  90 HOOH        0  2  0  0  0  2  0  0  0  0  0  0  0  0  0.14871874D-20
  91 HSSH        0  2  0  0  0  0  0  2  0  0  0  0  0  0  0.11473160D-21
  92 H2SiO       0  2  0  0  0  1  1  0  0  0  0  0  0  0  0.35440553D-29
  93 HCCP        0  1  0  2  0  0  0  0  0  0  0  0  1  0  0.12091056D-19
  94 HCCSi       0  1  0  2  0  0  1  0  0  0  0  0  0  0  0.27348499D-18
  95 l-SiC3      0  0  0  3  0  0  1  0  0  0  0  0  0  0  0.70632635D-17
  96 SiH3        0  3  0  0  0  0  1  0  0  0  0  0  0  0  0.14508156D-27
  97 H2CN        0  2  0  1  1  0  0  0  0  0  0  0  0  0  0.75507178D-15
  98 C5          0  0  0  5  0  0  0  0  0  0  0  0  0  0  0.12635477D-13
  99 c-C3H2      0  2  0  3  0  0  0  0  0  0  0  0  0  0  0.20667360D-12
 100 l-C3H2      0  2  0  3  0  0  0  0  0  0  0  0  0  0  0.16884029D-12
 101 C4H         0  1  0  4  0  0  0  0  0  0  0  0  0  0  0.98147532D-13
 102 CH4         0  4  0  1  0  0  0  0  0  0  0  0  0  0  0.11418712D-12
 103 HC3N        0  1  0  3  1  0  0  0  0  0  0  0  0  0  0.14366730D-14
 104 H2CCN       0  2  0  2  1  0  0  0  0  0  0  0  0  0  0.15840669D-17
 105 H2CCO       0  2  0  2  0  1  0  0  0  0  0  0  0  0  0.23469649D-15
 106 C2H3        0  3  0  2  0  0  0  0  0  0  0  0  0  0  0.36994976D-15
 107 C4N         0  0  0  4  1  0  0  0  0  0  0  0  0  0  0.13449502D-14
 108 C4P         0  0  0  4  0  0  0  0  0  0  0  0  1  0  0.64352150D-25
 109 C4S         0  0  0  4  0  0  0  1  0  0  0  0  0  0  0.39688040D-17
 110 HCOOH       0  2  0  1  0  2  0  0  0  0  0  0  0  0  0.18229584D-19
 111 CH2PH       0  3  0  1  0  0  0  0  0  0  0  0  1  0  0.20650473D-27
 112 CH2NH       0  3  0  1  1  0  0  0  0  0  0  0  0  0  0.16237172D-19
 113 c-HCCHSi    0  2  0  2  0  0  1  0  0  0  0  0  0  0  0.11119778D-18
 114 SiC3H       0  1  0  3  0  0  1  0  0  0  0  0  0  0  0.12092507D-21
 115 SiC4        0  0  0  4  0  0  1  0  0  0  0  0  0  0  0.53295498D-21
 116 SiCH3       0  3  0  1  0  0  1  0  0  0  0  0  0  0  0.53050556D-22
 117 SiH4        0  4  0  0  0  0  1  0  0  0  0  0  0  0  0.15668447D-27
 118 HCNCC       0  1  0  3  1  0  0  0  0  0  0  0  0  0  0.12087244D-19
 119 HCCNC       0  1  0  3  1  0  0  0  0  0  0  0  0  0  0.14540833D-18
 120 HNCCC       0  1  0  3  1  0  0  0  0  0  0  0  0  0  0.10812289D-19
 121 NH2CN       0  2  0  1  2  0  0  0  0  0  0  0  0  0  0.00000000D+00
 122 C6          0  0  0  6  0  0  0  0  0  0  0  0  0  0  0.73974788D-15
 123 CH3CN       0  3  0  2  1  0  0  0  0  0  0  0  0  0  0.11133202D-17
 124 CH2CCH      0  3  0  3  0  0  0  0  0  0  0  0  0  0  0.44569752D-22
 125 C2H4        0  4  0  2  0  0  0  0  0  0  0  0  0  0  0.78820738D-19
 126 NC4N        0  0  0  4  2  0  0  0  0  0  0  0  0  0  0.66975522D-17
 127 H2CSiCH     0  3  0  2  0  0  1  0  0  0  0  0  0  0  0.19523477D-23
 128 SiC4H       0  1  0  4  0  0  1  0  0  0  0  0  0  0  0.14288623D-16
 129 HC4N        0  1  0  4  1  0  0  0  0  0  0  0  0  0  0.15652084D-18
 130 C4H2        0  2  0  4  0  0  0  0  0  0  0  0  0  0  0.52203872D-12
 131 C5H         0  1  0  5  0  0  0  0  0  0  0  0  0  0  0.11726166D-13
 132 C5N         0  0  0  5  1  0  0  0  0  0  0  0  0  0  0.11178525D-14
 133 CH3OH       0  4  0  1  0  1  0  0  0  0  0  0  0  0  0.25011506D-21
 134 NH2CHO      0  3  0  1  1  1  0  0  0  0  0  0  0  0  0.23707485D-23
 135 C5O         0  0  0  5  0  1  0  0  0  0  0  0  0  0  0.15768473D-14
 136 C7          0  0  0  7  0  0  0  0  0  0  0  0  0  0  0.73514408D-16
 137 HC5N        0  1  0  5  1  0  0  0  0  0  0  0  0  0  0.46454712D-17
 138 SiC2CH3     0  3  0  3  0  0  1  0  0  0  0  0  0  0  0.26082951D-26
 139 CH3CHO      0  4  0  2  0  1  0  0  0  0  0  0  0  0  0.33243968D-25
 140 C2H5        0  5  0  2  0  0  0  0  0  0  0  0  0  0  0.50300000D-34
 141 CH2CHCN     0  3  0  3  1  0  0  0  0  0  0  0  0  0  0.28195985D-25
 142 CH3CCH      0  4  0  3  0  0  0  0  0  0  0  0  0  0  0.95294769D-22
 143 C5H2        0  2  0  5  0  0  0  0  0  0  0  0  0  0  0.14259094D-12
 144 C6H         0  1  0  6  0  0  0  0  0  0  0  0  0  0  0.23304938D-14
 145 CH3NH2      0  5  0  1  1  0  0  0  0  0  0  0  0  0  0.37030555D-22
 146 C4H3        0  3  0  4  0  0  0  0  0  0  0  0  0  0  0.39922885D-18
 147 C6N         0  0  0  6  1  0  0  0  0  0  0  0  0  0  0.33031832D-16
 148 C8          0  0  0  8  0  0  0  0  0  0  0  0  0  0  0.61420336D-16
 149 HC6N        0  1  0  6  1  0  0  0  0  0  0  0  0  0  0.50631141D-21
 150 NC6N        0  0  0  6  2  0  0  0  0  0  0  0  0  0  0.21535538D-19
 151 SiC6H       0  1  0  6  0  0  1  0  0  0  0  0  0  0  0.32075685D-17
 152 CH2CHC2H    0  4  0  4  0  0  0  0  0  0  0  0  0  0  0.15672166D-23
 153 C6H2        0  2  0  6  0  0  0  0  0  0  0  0  0  0  0.11718938D-12
 154 C7H         0  1  0  7  0  0  0  0  0  0  0  0  0  0  0.25740619D-15
 155 C7N         0  0  0  7  1  0  0  0  0  0  0  0  0  0  0.46946095D-16
 156 CH3C3N      0  3  0  4  1  0  0  0  0  0  0  0  0  0  0.49508647D-22
 157 HCOOCH3     0  4  0  2  0  2  0  0  0  0  0  0  0  0  0.38063375D-31
 158 C2H6        0  6  0  2  0  0  0  0  0  0  0  0  0  0  0.00000000D+00
 159 C7O         0  0  0  7  0  1  0  0  0  0  0  0  0  0  0.34614064D-16
 160 C9          0  0  0  9  0  0  0  0  0  0  0  0  0  0  0.65957227D-17
 161 HC7N        0  1  0  7  1  0  0  0  0  0  0  0  0  0  0.57754649D-18
 162 SiC3H5      0  5  0  3  0  0  1  0  0  0  0  0  0  0  0.00000000D+00
 163 CH3CH2OH    0  6  0  2  0  1  0  0  0  0  0  0  0  0  0.26682512D-31
 164 C7H2        0  2  0  7  0  0  0  0  0  0  0  0  0  0  0.15259490D-13
 165 C8H         0  1  0  8  0  0  0  0  0  0  0  0  0  0  0.24615452D-15
 166 CH3C4H      0  4  0  5  0  0  0  0  0  0  0  0  0  0  0.18128696D-24
 167 CH3OCH3     0  6  0  2  0  1  0  0  0  0  0  0  0  0  0.22465129D-30
 168 CH3CHCH2    0  6  0  3  0  0  0  0  0  0  0  0  0  0  0.00000000D+00
 169 C8N         0  0  0  8  1  0  0  0  0  0  0  0  0  0  0.20598036D-17
 170 C10         0  0  0 10  0  0  0  0  0  0  0  0  0  0  0.10733682D-17
 171 CH3COCH3    0  6  0  3  0  1  0  0  0  0  0  0  0  0  0.33468255D-33
 172 C8H2        0  2  0  8  0  0  0  0  0  0  0  0  0  0  0.12831023D-13
 173 C9H         0  1  0  9  0  0  0  0  0  0  0  0  0  0  0.19997904D-16
 174 C9N         0  0  0  9  1  0  0  0  0  0  0  0  0  0  0.40711615D-17
 175 CH3C5N      0  3  0  6  1  0  0  0  0  0  0  0  0  0  0.14701046D-24
 176 HC8N        0  1  0  8  1  0  0  0  0  0  0  0  0  0  0.62946979D-22
 177 NC8N        0  0  0  8  2  0  0  0  0  0  0  0  0  0  0.26773978D-20
 178 SiC8H       0  1  0  8  0  0  1  0  0  0  0  0  0  0  0.35119551D-18
 179 CH2CHCHCH2  0  6  0  4  0  0  0  0  0  0  0  0  0  0  0.00000000D+00
 180 C9O         0  0  0  9  0  1  0  0  0  0  0  0  0  0  0.26891690D-17
 181 HC9N        0  1  0  9  1  0  0  0  0  0  0  0  0  0  0.10654660D-19
 182 C10H        0  1  0 10  0  0  0  0  0  0  0  0  0  0  0.36188264D-17
 183 C9H2        0  2  0  9  0  0  0  0  0  0  0  0  0  0  0.11273897D-14
 184 CH3C6H      0  4  0  7  0  0  0  0  0  0  0  0  0  0  0.57638206D-25
 185 C11         0  0  0 11  0  0  0  0  0  0  0  0  0  0  0.18493516D-17
 186 C10N        0  0  0 10  1  0  0  0  0  0  0  0  0  0  0.28220262D-19
 187 CH3C7N      0  3  0  8  1  0  0  0  0  0  0  0  0  0  0.17710080D-25
 188 C10H2       0  2  0 10  0  0  0  0  0  0  0  0  0  0  0.51626065D-16
 189 C6H6        0  6  0  6  0  0  0  0  0  0  0  0  0  0  0.17149037D-21
 190 Si+         1  0  0  0  0  0  1  0  0  0  0  0  0  0  0.79467252D-08
 191 C+          1  0  0  1  0  0  0  0  0  0  0  0  0  0  0.10896533D-03
 192 C-         -1  0  0  1  0  0  0  0  0  0  0  0  0  0  0.57778617D-13
 193 H-         -1  1  0  0  0  0  0  0  0  0  0  0  0  0  0.38554511D-11
 194 O-         -1  0  0  0  0  1  0  0  0  0  0  0  0  0  0.88671652D-13
 195 S-         -1  0  0  0  0  0  0  1  0  0  0  0  0  0  0.29288614D-17
 196 He+         1  0  1  0  0  0  0  0  0  0  0  0  0  0  0.12187300D-09
 197 H+          1  1  0  0  0  0  0  0  0  0  0  0  0  0  0.55225311D-07
 198 Fe+         1  0  0  0  0  0  0  0  1  0  0  0  0  0  0.29863773D-08
 199 Mg+         1  0  0  0  0  0  0  0  0  0  1  0  0  0  0.69174321D-08
 200 N+          1  0  0  0  1  0  0  0  0  0  0  0  0  0  0.37366558D-13
 201 Na+         1  0  0  0  0  0  0  0  0  1  0  0  0  0  0.19830582D-08
 202 O+          1  0  0  0  0  1  0  0  0  0  0  0  0  0  0.12184704D-12
 203 S+          1  0  0  0  0  0  0  1  0  0  0  0  0  0  0.79367308D-07
 204 Cl+         1  0  0  0  0  0  0  0  0  0  0  1  0  0  0.13624699D-14
 205 F+          1  0  0  0  0  0  0  0  0  0  0  0  0  1  0.16753537D-16
 206 P+          1  0  0  0  0  0  0  0  0  0  0  0  1  0  0.19994347D-09
 207 e-         -1  0  0  0  0  0  0  0  0  0  0  0  0  0  0.10912029D-03
 208 CH+         1  1  0  1  0  0  0  0  0  0  0  0  0  0  0.16461128D-11
 209 H2+         1  2  0  0  0  0  0  0  0  0  0  0  0  0  0.61265316D-14
 210 OH+         1  1  0  0  0  1  0  0  0  0  0  0  0  0  0.17765304D-12
 211 SiH+        1  1  0  0  0  0  1  0  0  0  0  0  0  0  0.14019089D-14
 212 C2+         1  0  0  2  0  0  0  0  0  0  0  0  0  0  0.45216927D-12
 213 CN-        -1  0  0  1  1  0  0  0  0  0  0  0  0  0  0.12242114D-19
 214 OH-        -1  1  0  0  0  1  0  0  0  0  0  0  0  0  0.79700425D-15
 215 CF+         1  0  0  1  0  0  0  0  0  0  0  0  0  1  0.42486048D-10
 216 HS+         1  1  0  0  0  0  0  1  0  0  0  0  0  0  0.13138554D-14
 217 SO+         1  0  0  0  0  1  0  1  0  0  0  0  0  0  0.31309698D-14
 218 CCl+        1  0  0  1  0  0  0  0  0  0  0  1  0  0  0.30131933D-15
 219 ClO+        1  0  0  0  0  1  0  0  0  0  0  1  0  0  0.00000000D+00
 220 CN+         1  0  0  1  1  0  0  0  0  0  0  0  0  0  0.55555424D-15
 221 CO+         1  0  0  1  0  1  0  0  0  0  0  0  0  0  0.45312999D-12
 222 CP+         1  0  0  1  0  0  0  0  0  0  0  0  1  0  0.27532861D-18
 223 CS+         1  0  0  1  0  0  0  1  0  0  0  0  0  0  0.16654155D-14
 224 HCl+        1  1  0  0  0  0  0  0  0  0  0  1  0  0  0.82516868D-15
 225 HF+         1  1  0  0  0  0  0  0  0  0  0  0  0  1  0.10919857D-16
 226 HeH+        1  1  1  0  0  0  0  0  0  0  0  0  0  0  0.34305080D-24
 227 N2+         1  0  0  0  2  0  0  0  0  0  0  0  0  0  0.45132887D-18
 228 NH+         1  1  0  0  1  0  0  0  0  0  0  0  0  0  0.23065395D-14
 229 NO+         1  0  0  0  1  1  0  0  0  0  0  0  0  0  0.23659518D-14
 230 NS+         1  0  0  0  1  0  0  1  0  0  0  0  0  0  0.73806665D-17
 231 O2+         1  0  0  0  0  2  0  0  0  0  0  0  0  0  0.10268850D-14
 232 PH+         1  1  0  0  0  0  0  0  0  0  0  0  1  0  0.58013604D-16
 233 PN+         1  0  0  0  1  0  0  0  0  0  0  0  1  0  0.40260067D-18
 234 PO+         1  0  0  0  0  1  0  0  0  0  0  0  1  0  0.12607507D-16
 235 S2+         1  0  0  0  0  0  0  2  0  0  0  0  0  0  0.39783854D-21
 236 SiC+        1  0  0  1  0  0  1  0  0  0  0  0  0  0  0.36167943D-15
 237 SiN+        1  0  0  0  1  0  1  0  0  0  0  0  0  0  0.52356311D-16
 238 SiO+        1  0  0  0  0  1  1  0  0  0  0  0  0  0  0.13770911D-15
 239 SiS+        1  0  0  0  0  0  1  1  0  0  0  0  0  0  0.19744476D-19
 240 SiF+        1  0  0  0  0  0  1  0  0  0  0  0  0  1  0.24820142D-14
 241 CH2+        1  2  0  1  0  0  0  0  0  0  0  0  0  0  0.68460105D-10
 242 C2N+        1  0  0  2  1  0  0  0  0  0  0  0  0  0  0.17798510D-16
 243 CNC+        1  0  0  2  1  0  0  0  0  0  0  0  0  0  0.17149635D-13
 244 HSiO+       1  1  0  0  0  1  1  0  0  0  0  0  0  0  0.14504632D-15
 245 N2H+        1  1  0  0  2  0  0  0  0  0  0  0  0  0  0.16006405D-17
 246 C2H+        1  1  0  2  0  0  0  0  0  0  0  0  0  0  0.37532636D-12
 247 H3+         1  3  0  0  0  0  0  0  0  0  0  0  0  0  0.15925907D-12
 248 C3-        -1  0  0  3  0  0  0  0  0  0  0  0  0  0  0.65693213D-18
 249 HCO+        1  1  0  1  0  1  0  0  0  0  0  0  0  0  0.99032833D-12
 250 HSO+        1  1  0  0  0  1  0  1  0  0  0  0  0  0  0.88449681D-21
 251 H2S+        1  2  0  0  0  0  0  1  0  0  0  0  0  0  0.13706976D-14
 252 HCS+        1  1  0  1  0  0  0  1  0  0  0  0  0  0  0.66354619D-15
 253 HPO+        1  1  0  0  0  1  0  0  0  0  0  0  1  0  0.19002764D-18
 254 C2O+        1  0  0  2  0  1  0  0  0  0  0  0  0  0  0.37042433D-16
 255 C2S+        1  0  0  2  0  0  0  1  0  0  0  0  0  0  0.36960797D-15
 256 C3+         1  0  0  3  0  0  0  0  0  0  0  0  0  0  0.37851555D-12
 257 CCP+        1  0  0  2  0  0  0  0  0  0  0  0  1  0  0.17658674D-18
 258 CHSi+       1  1  0  1  0  0  1  0  0  0  0  0  0  0  0.29670890D-15
 259 CO2+        1  0  0  1  0  2  0  0  0  0  0  0  0  0  0.27487507D-25
 260 H2Cl+       1  2  0  0  0  0  0  0  0  0  0  1  0  0  0.30531516D-14
 261 H2F+        1  2  0  0  0  0  0  0  0  0  0  0  0  1  0.17347724D-16
 262 H2O+        1  2  0  0  0  1  0  0  0  0  0  0  0  0  0.17565057D-12
 263 HCN+        1  1  0  1  1  0  0  0  0  0  0  0  0  0  0.50113566D-14
 264 HCP+        1  1  0  1  0  0  0  0  0  0  0  0  1  0  0.24941866D-18
 265 HNC+        1  1  0  1  1  0  0  0  0  0  0  0  0  0  0.46134276D-15
 266 HNO+        1  1  0  0  1  1  0  0  0  0  0  0  0  0  0.26876563D-16
 267 HNS+        1  1  0  0  1  0  0  1  0  0  0  0  0  0  0.16814908D-22
 268 HNSi+       1  1  0  0  1  0  1  0  0  0  0  0  0  0  0.45615791D-19
 269 HOC+        1  1  0  1  0  1  0  0  0  0  0  0  0  0  0.11213752D-11
 270 HPN+        1  1  0  0  1  0  0  0  0  0  0  0  1  0  0.16771231D-23
 271 HSiS+       1  1  0  0  0  0  1  1  0  0  0  0  0  0  0.84315894D-19
 272 NaH2+       1  2  0  0  0  0  0  0  0  1  0  0  0  0  0.22577074D-17
 273 NCO+        1  0  0  1  1  1  0  0  0  0  0  0  0  0  0.17028662D-19
 274 NH2+        1  2  0  0  1  0  0  0  0  0  0  0  0  0  0.48943180D-14
 275 NO2+        1  0  0  0  1  2  0  0  0  0  0  0  0  0  0.29385634D-22
 276 HO2+        1  1  0  0  0  2  0  0  0  0  0  0  0  0  0.29817407D-22
 277 OCS+        1  0  0  1  0  1  0  1  0  0  0  0  0  0  0.68437690D-18
 278 PH2+        1  2  0  0  0  0  0  0  0  0  0  0  1  0  0.43836649D-16
 279 HS2+        1  1  0  0  0  0  0  2  0  0  0  0  0  0  0.81643792D-22
 280 SiC2+       1  0  0  2  0  0  1  0  0  0  0  0  0  0  0.10484154D-15
 281 SiH2+       1  2  0  0  0  0  1  0  0  0  0  0  0  0  0.22685986D-14
 282 SiNC+       1  0  0  1  1  0  1  0  0  0  0  0  0  0  0.16357362D-17
 283 SO2+        1  0  0  0  0  2  0  1  0  0  0  0  0  0  0.25862572D-30
 284 HCNH+       1  2  0  1  1  0  0  0  0  0  0  0  0  0  0.11185018D-13
 285 HC2N+       1  1  0  2  1  0  0  0  0  0  0  0  0  0  0.15551991D-16
 286 C3H+        1  1  0  3  0  0  0  0  0  0  0  0  0  0  0.24864820D-12
 287 C4+         1  0  0  4  0  0  0  0  0  0  0  0  0  0  0.49671023D-14
 288 H2CO+       1  2  0  1  0  1  0  0  0  0  0  0  0  0  0.62106595D-15
 289 CH3+        1  3  0  1  0  0  0  0  0  0  0  0  0  0  0.10022481D-09
 290 C3N-       -1  0  0  3  1  0  0  0  0  0  0  0  0  0  0.58328726D-17
 291 C4-        -1  0  0  4  0  0  0  0  0  0  0  0  0  0  0.42513444D-15
 292 H3O+        1  3  0  0  0  1  0  0  0  0  0  0  0  0  0.21003274D-12
 293 H2NO+       1  2  0  0  1  1  0  0  0  0  0  0  0  0  0.47986635D-19
 294 H3S+        1  3  0  0  0  0  0  1  0  0  0  0  0  0  0.88162451D-21
 295 HC2S+       1  1  0  2  0  0  0  1  0  0  0  0  0  0  0.14343548D-17
 296 HOCS+       1  1  0  1  0  1  0  1  0  0  0  0  0  0  0.60542947D-24
 297 PCH2+       1  2  0  1  0  0  0  0  0  0  0  0  1  0  0.71022719D-18
 298 H2S2+       1  2  0  0  0  0  0  2  0  0  0  0  0  0  0.11281401D-26
 299 C2H2+       1  2  0  2  0  0  0  0  0  0  0  0  0  0  0.66533468D-12
 300 C2HO+       1  1  0  2  0  1  0  0  0  0  0  0  0  0  0.11846454D-15
 301 C2N2+       1  0  0  2  2  0  0  0  0  0  0  0  0  0  0.18040636D-26
 302 C3N+        1  0  0  3  1  0  0  0  0  0  0  0  0  0  0.37480433D-20
 303 C3O+        1  0  0  3  0  1  0  0  0  0  0  0  0  0  0.11706943D-16
 304 C3S+        1  0  0  3  0  0  0  1  0  0  0  0  0  0  0.55086465D-17
 305 CH2Si+      1  2  0  1  0  0  1  0  0  0  0  0  0  0  0.69006052D-15
 306 H2CCl+      1  2  0  1  0  0  0  0  0  0  0  1  0  0  0.25703348D-21
 307 H2CS+       1  2  0  1  0  0  0  1  0  0  0  0  0  0  0.57154519D-19
 308 H2NC+       1  2  0  1  1  0  0  0  0  0  0  0  0  0  0.71983401D-14
 309 H2PO+       1  2  0  0  0  1  0  0  0  0  0  0  1  0  0.36584545D-25
 310 H2SiO+      1  2  0  0  0  1  1  0  0  0  0  0  0  0  0.74181751D-25
 311 HOCO+       1  1  0  1  0  2  0  0  0  0  0  0  0  0  0.57561779D-20
 312 HNCO+       1  1  0  1  1  1  0  0  0  0  0  0  0  0  0.24325778D-24
 313 HSiO2+      1  1  0  0  0  2  1  0  0  0  0  0  0  0  0.74715407D-33
 314 HSO2+       1  1  0  0  0  2  0  1  0  0  0  0  0  0  0.70458941D-32
 315 NaH2O+      1  2  0  0  0  1  0  0  0  1  0  0  0  0  0.99516911D-25
 316 NH3+        1  3  0  0  1  0  0  0  0  0  0  0  0  0  0.16169387D-14
 317 PC2H+       1  1  0  2  0  0  0  0  0  0  0  0  1  0  0.47124446D-20
 318 PH3+        1  3  0  0  0  0  0  0  0  0  0  0  1  0  0.48688352D-22
 319 PNH2+       1  2  0  0  1  0  0  0  0  0  0  0  1  0  0.45741006D-24
 320 SiC2H+      1  1  0  2  0  0  1  0  0  0  0  0  0  0  0.44759558D-15
 321 l-SiC3+     1  0  0  3  0  0  1  0  0  0  0  0  0  0  0.70645247D-18
 322 SiH3+       1  3  0  0  0  0  1  0  0  0  0  0  0  0  0.12498871D-21
 323 SiNCH+      1  1  0  1  1  0  1  0  0  0  0  0  0  0  0.21538980D-22
 324 HSiNH+      1  2  0  0  1  0  1  0  0  0  0  0  0  0  0.12985168D-18
 325 HN2O+       1  1  0  0  2  1  0  0  0  0  0  0  0  0  0.12218261D-32
 326 C2H3+       1  3  0  2  0  0  0  0  0  0  0  0  0  0  0.26885169D-15
 327 c-C3H2+     1  2  0  3  0  0  0  0  0  0  0  0  0  0  0.17253390D-14
 328 l-C3H2+     1  2  0  3  0  0  0  0  0  0  0  0  0  0  0.13318953D-14
 329 C4H+        1  1  0  4  0  0  0  0  0  0  0  0  0  0  0.34770601D-14
 330 C5+         1  0  0  5  0  0  0  0  0  0  0  0  0  0  0.70347443D-15
 331 HC3O+       1  1  0  3  0  1  0  0  0  0  0  0  0  0  0.11557423D-21
 332 C4H-       -1  1  0  4  0  0  0  0  0  0  0  0  0  0  0.61216314D-15
 333 C5-        -1  0  0  5  0  0  0  0  0  0  0  0  0  0  0.31195839D-15
 334 NH4+        1  4  0  0  1  0  0  0  0  0  0  0  0  0  0.18168476D-18
 335 H3CS+       1  3  0  1  0  0  0  1  0  0  0  0  0  0  0.79118310D-20
 336 H2COH+      1  3  0  1  0  1  0  0  0  0  0  0  0  0  0.10816983D-18
 337 H3S2+       1  3  0  0  0  0  0  2  0  0  0  0  0  0  0.13942699D-25
 338 HC3S+       1  1  0  3  0  0  0  1  0  0  0  0  0  0  0.34637467D-17
 339 PC3H+       1  1  0  3  0  0  0  0  0  0  0  0  1  0  0.14444777D-26
 340 PCH3+       1  3  0  1  0  0  0  0  0  0  0  0  1  0  0.45437617D-28
 341 PNH3+       1  3  0  0  1  0  0  0  0  0  0  0  1  0  0.88389866D-31
 342 SiC2H2+     1  2  0  2  0  0  1  0  0  0  0  0  0  0  0.23265969D-21
 343 SiC3H+      1  1  0  3  0  0  1  0  0  0  0  0  0  0  0.24110687D-18
 344 SiC4+       1  0  0  4  0  0  1  0  0  0  0  0  0  0  0.27955902D-19
 345 SiCH3+      1  3  0  1  0  0  1  0  0  0  0  0  0  0  0.70738341D-24
 346 SiH4+       1  4  0  0  0  0  1  0  0  0  0  0  0  0  0.31115082D-34
 347 CH2CN+      1  2  0  2  1  0  0  0  0  0  0  0  0  0  0.36394146D-16
 348 H2CCO+      1  2  0  2  0  1  0  0  0  0  0  0  0  0  0.90890680D-18
 349 HC3N+       1  1  0  3  1  0  0  0  0  0  0  0  0  0  0.33671840D-18
 350 C4N+        1  0  0  4  1  0  0  0  0  0  0  0  0  0  0.26191811D-17
 351 C4P+        1  0  0  4  0  0  0  0  0  0  0  0  1  0  0.21060864D-30
 352 C4S+        1  0  0  4  0  0  0  1  0  0  0  0  0  0  0.30893388D-18
 353 HCOOH+      1  2  0  1  0  2  0  0  0  0  0  0  0  0  0.53589653D-24
 354 CH4+        1  4  0  1  0  0  0  0  0  0  0  0  0  0  0.25992850D-18
 355 H3SiO+      1  3  0  0  0  1  1  0  0  0  0  0  0  0  0.44000767D-33
 356 PC2H2+      1  2  0  2  0  0  0  0  0  0  0  0  1  0  0.22800334D-21
 357 C6+         1  0  0  6  0  0  0  0  0  0  0  0  0  0  0.20399054D-15
 358 HC4N+       1  1  0  4  1  0  0  0  0  0  0  0  0  0  0.75582981D-26
 359 C5H-       -1  1  0  5  0  0  0  0  0  0  0  0  0  0  0.22799251D-15
 360 C6-        -1  0  0  6  0  0  0  0  0  0  0  0  0  0  0.95554163D-16
 361 CH3CO+      1  3  0  2  0  1  0  0  0  0  0  0  0  0  0.31467504D-17
 362 C2H4+       1  4  0  2  0  0  0  0  0  0  0  0  0  0  0.16169793D-15
 363 HC3NH+      1  2  0  3  1  0  0  0  0  0  0  0  0  0  0.53969108D-20
 364 HC4S+       1  1  0  4  0  0  0  1  0  0  0  0  0  0  0.24803362D-18
 365 CH5+        1  5  0  1  0  0  0  0  0  0  0  0  0  0  0.45518841D-14
 366 C4H2+       1  2  0  4  0  0  0  0  0  0  0  0  0  0  0.14042242D-14
 367 C5H+        1  1  0  5  0  0  0  0  0  0  0  0  0  0  0.49517781D-15
 368 CH3CN+      1  3  0  2  1  0  0  0  0  0  0  0  0  0  0.18802279D-19
 369 c-C3H3+     1  3  0  3  0  0  0  0  0  0  0  0  0  0  0.31868083D-14
 370 l-C3H3+     1  3  0  3  0  0  0  0  0  0  0  0  0  0  0.31867558D-14
 371 C5N+        1  0  0  5  1  0  0  0  0  0  0  0  0  0  0.14531317D-19
 372 CH3O2+      1  3  0  1  0  2  0  0  0  0  0  0  0  0  0.13562536D-23
 373 CH2NH2+     1  4  0  1  1  0  0  0  0  0  0  0  0  0  0.32819174D-21
 374 CH3OH+      1  4  0  1  0  1  0  0  0  0  0  0  0  0  0.40454092D-24
 375 H2C3O+      1  2  0  3  0  1  0  0  0  0  0  0  0  0  0.26845131D-21
 376 HC2NCH+     1  2  0  3  1  0  0  0  0  0  0  0  0  0  0.50247648D-20
 377 HC4O+       1  1  0  4  0  1  0  0  0  0  0  0  0  0  0.37670977D-18
 378 NH2CNH+     1  3  0  1  2  0  0  0  0  0  0  0  0  0  0.00000000D+00
 379 PC2H3+      1  3  0  2  0  0  0  0  0  0  0  0  1  0  0.58459980D-33
 380 PC4H+       1  1  0  4  0  0  0  0  0  0  0  0  1  0  0.53077267D-27
 381 PCH4+       1  4  0  1  0  0  0  0  0  0  0  0  1  0  0.22718376D-29
 382 SiC2H3+     1  3  0  2  0  0  1  0  0  0  0  0  0  0  0.22928315D-20
 383 SiC3H2+     1  2  0  3  0  0  1  0  0  0  0  0  0  0  0.11730474D-23
 384 SiC4H+      1  1  0  4  0  0  1  0  0  0  0  0  0  0  0.18450302D-24
 385 SiCH4+      1  4  0  1  0  0  1  0  0  0  0  0  0  0  0.66339536D-24
 386 SiH5+       1  5  0  0  0  0  1  0  0  0  0  0  0  0  0.87110405D-30
 387 C7+         1  0  0  7  0  0  0  0  0  0  0  0  0  0  0.58114996D-16
 388 H2C4N+      1  2  0  4  1  0  0  0  0  0  0  0  0  0  0.84538052D-26
 389 C6H-       -1  1  0  6  0  0  0  0  0  0  0  0  0  0  0.12798206D-15
 390 C7-        -1  0  0  7  0  0  0  0  0  0  0  0  0  0  0.24853665D-16
 391 C4H3+       1  3  0  4  0  0  0  0  0  0  0  0  0  0  0.59674491D-15
 392 C5H2+       1  2  0  5  0  0  0  0  0  0  0  0  0  0  0.22398870D-18
 393 CH3CNH+     1  4  0  2  1  0  0  0  0  0  0  0  0  0  0.47224888D-19
 394 C2H4O+      1  4  0  2  0  1  0  0  0  0  0  0  0  0  0.14516181D-26
 395 C2H5+       1  5  0  2  0  0  0  0  0  0  0  0  0  0  0.66986192D-22
 396 C3H3N+      1  3  0  3  1  0  0  0  0  0  0  0  0  0  0.51785833D-27
 397 C3H4+       1  4  0  3  0  0  0  0  0  0  0  0  0  0  0.10388770D-24
 398 HC5N+       1  1  0  5  1  0  0  0  0  0  0  0  0  0  0.41200968D-19
 399 C6H+        1  1  0  6  0  0  0  0  0  0  0  0  0  0  0.16247985D-15
 400 CH3NH2+     1  5  0  1  1  0  0  0  0  0  0  0  0  0  0.13707679D-24
 401 CH3OH2+     1  5  0  1  0  1  0  0  0  0  0  0  0  0  0.17283558D-22
 402 H3C3O+      1  3  0  3  0  1  0  0  0  0  0  0  0  0  0.80519270D-24
 403 NH2CH2O+    1  4  0  1  1  1  0  0  0  0  0  0  0  0  0.18311009D-33
 404 PC2H4+      1  4  0  2  0  0  0  0  0  0  0  0  1  0  0.47398886D-34
 405 PC4H2+      1  2  0  4  0  0  0  0  0  0  0  0  1  0  0.81501382D-31
 406 HC5O+       1  1  0  5  0  1  0  0  0  0  0  0  0  0  0.16185064D-24
 407 C6N+        1  0  0  6  1  0  0  0  0  0  0  0  0  0  0.20896140D-19
 408 H2C5N+      1  2  0  5  1  0  0  0  0  0  0  0  0  0  0.61463318D-22
 409 C8+         1  0  0  8  0  0  0  0  0  0  0  0  0  0  0.18647185D-16
 410 C7H-       -1  1  0  7  0  0  0  0  0  0  0  0  0  0  0.32577991D-16
 411 C8-        -1  0  0  8  0  0  0  0  0  0  0  0  0  0  0.66919924D-17
 412 C5H3+       1  3  0  5  0  0  0  0  0  0  0  0  0  0  0.35470085D-22
 413 C3H5+       1  5  0  3  0  0  0  0  0  0  0  0  0  0  0.75641427D-24
 414 C6H2+       1  2  0  6  0  0  0  0  0  0  0  0  0  0  0.53180962D-18
 415 C7H+        1  1  0  7  0  0  0  0  0  0  0  0  0  0  0.47780935D-16
 416 CH3CHOH+    1  5  0  2  0  1  0  0  0  0  0  0  0  0  0.76376884D-27
 417 C2H6+       1  6  0  2  0  0  0  0  0  0  0  0  0  0  0.12663399D-44
 418 C3H3NH+     1  4  0  3  1  0  0  0  0  0  0  0  0  0  0.48952907D-30
 419 C4H4+       1  4  0  4  0  0  0  0  0  0  0  0  0  0  0.20581304D-18
 420 C7N+        1  0  0  7  1  0  0  0  0  0  0  0  0  0  0.15572825D-20
 421 CH3NH3+     1  6  0  1  1  0  0  0  0  0  0  0  0  0  0.43417969D-24
 422 COOCH4+     1  4  0  2  0  2  0  0  0  0  0  0  0  0  0.27537716D-33
 423 H3C4N+      1  3  0  4  1  0  0  0  0  0  0  0  0  0  0.62558677D-26
 424 HC6N+       1  1  0  6  1  0  0  0  0  0  0  0  0  0  0.28871609D-27
 425 C9+         1  0  0  9  0  0  0  0  0  0  0  0  0  0  0.67834277D-17
 426 C8H-       -1  1  0  8  0  0  0  0  0  0  0  0  0  0  0.70537211D-17
 427 C9-        -1  0  0  9  0  0  0  0  0  0  0  0  0  0  0.21410318D-17
 428 C4H5+       1  5  0  4  0  0  0  0  0  0  0  0  0  0  0.43558922D-27
 429 C6H3+       1  3  0  6  0  0  0  0  0  0  0  0  0  0  0.19866186D-21
 430 C7H2+       1  2  0  7  0  0  0  0  0  0  0  0  0  0  0.62904228D-19
 431 C2H5OH+     1  6  0  2  0  1  0  0  0  0  0  0  0  0  0.32548036D-34
 432 H3C4NH+     1  4  0  4  1  0  0  0  0  0  0  0  0  0  0.41100835D-24
 433 C5H3N+      1  3  0  5  1  0  0  0  0  0  0  0  0  0  0.51618629D-27
 434 C5H4+       1  4  0  5  0  0  0  0  0  0  0  0  0  0  0.11342450D-26
 435 HC7N+       1  1  0  7  1  0  0  0  0  0  0  0  0  0  0.14358443D-20
 436 C8H+        1  1  0  8  0  0  0  0  0  0  0  0  0  0  0.10189096D-16
 437 CH3OCH3+    1  6  0  2  0  1  0  0  0  0  0  0  0  0  0.60272272D-33
 438 H5C2O2+     1  5  0  2  0  2  0  0  0  0  0  0  0  0  0.55697849D-33
 439 HC7O+       1  1  0  7  0  1  0  0  0  0  0  0  0  0  0.35528539D-26
 440 C8N+        1  0  0  8  1  0  0  0  0  0  0  0  0  0  0.23872094D-20
 441 H2C6N+      1  2  0  6  1  0  0  0  0  0  0  0  0  0  0.12244173D-26
 442 C2H7+       1  7  0  2  0  0  0  0  0  0  0  0  0  0  0.00000000D+00
 443 C10+        1  0  0 10  0  0  0  0  0  0  0  0  0  0  0.25364042D-17
 444 CH3OCH4+    1  7  0  2  0  1  0  0  0  0  0  0  0  0  0.21583196D-32
 445 C9H-       -1  1  0  9  0  0  0  0  0  0  0  0  0  0  0.18964604D-17
 446 C10-       -1  0  0 10  0  0  0  0  0  0  0  0  0  0  0.11397372D-18
 447 C7H2N+      1  2  0  7  1  0  0  0  0  0  0  0  0  0  0.15328885D-22
 448 C7H3+       1  3  0  7  0  0  0  0  0  0  0  0  0  0  0.28894278D-22
 449 C5H5+       1  5  0  5  0  0  0  0  0  0  0  0  0  0  0.82836812D-27
 450 C8H2+       1  2  0  8  0  0  0  0  0  0  0  0  0  0  0.47058586D-17
 451 C9H+        1  1  0  9  0  0  0  0  0  0  0  0  0  0  0.46627347D-17
 452 C2H5OH2+    1  7  0  2  0  1  0  0  0  0  0  0  0  0  0.39518971D-33
 453 C2H6CO+     1  6  0  3  0  1  0  0  0  0  0  0  0  0  0.38442247D-35
 454 C5H4N+      1  4  0  5  1  0  0  0  0  0  0  0  0  0  0.11282757D-30
 455 C6H4+       1  4  0  6  0  0  0  0  0  0  0  0  0  0  0.15151476D-25
 456 C9N+        1  0  0  9  1  0  0  0  0  0  0  0  0  0  0.15028296D-21
 457 HC8N+       1  1  0  8  1  0  0  0  0  0  0  0  0  0  0.26830377D-28
 458 C10H+       1  1  0 10  0  0  0  0  0  0  0  0  0  0  0.16148051D-18
 459 C10H-      -1  1  0 10  0  0  0  0  0  0  0  0  0  0  0.52415322D-19
 460 C8H3+       1  3  0  8  0  0  0  0  0  0  0  0  0  0  0.20504679D-22
 461 C9H2+       1  2  0  9  0  0  0  0  0  0  0  0  0  0  0.46445558D-20
 462 C3H6OH+     1  7  0  3  0  1  0  0  0  0  0  0  0  0  0.77275245D-35
 463 C4H7+       1  7  0  4  0  0  0  0  0  0  0  0  0  0  0.11443927D-34
 464 H3C6NH+     1  4  0  6  1  0  0  0  0  0  0  0  0  0  0.13166751D-26
 465 C6H5+       1  5  0  6  0  0  0  0  0  0  0  0  0  0  0.23502410D-26
 466 H3C7N+      1  3  0  7  1  0  0  0  0  0  0  0  0  0  0.26894613D-29
 467 C7H4+       1  4  0  7  0  0  0  0  0  0  0  0  0  0  0.38956251D-26
 468 C9HN+       1  1  0  9  1  0  0  0  0  0  0  0  0  0  0.13766428D-21
 469 C11+        1  0  0 11  0  0  0  0  0  0  0  0  0  0  0.49092402D-19
 470 HC9O+       1  1  0  9  0  1  0  0  0  0  0  0  0  0  0.27602146D-27
 471 C10N+       1  0  0 10  1  0  0  0  0  0  0  0  0  0  0.40160594D-22
 472 H2C8N+      1  2  0  8  1  0  0  0  0  0  0  0  0  0  0.11378506D-27
 473 C9H2N+      1  2  0  9  1  0  0  0  0  0  0  0  0  0  0.31542856D-24
 474 C9H3+       1  3  0  9  0  0  0  0  0  0  0  0  0  0  0.31535438D-23
 475 C10H2+      1  2  0 10  0  0  0  0  0  0  0  0  0  0  0.28216889D-21
 476 C7H5+       1  5  0  7  0  0  0  0  0  0  0  0  0  0  0.32368447D-27
 477 C8H4+       1  4  0  8  0  0  0  0  0  0  0  0  0  0  0.47907564D-26
 478 HC10N+      1  1  0 10  1  0  0  0  0  0  0  0  0  0  0.36758858D-30
 479 C6H7+       1  7  0  6  0  0  0  0  0  0  0  0  0  0  0.12041016D-27
 480 C9H4+       1  4  0  9  0  0  0  0  0  0  0  0  0  0  0.40529029D-27
 481 C8H4N+      1  4  0  8  1  0  0  0  0  0  0  0  0  0  0.16369030D-27
 482 C8H5+       1  5  0  8  0  0  0  0  0  0  0  0  0  0  0.34258407D-28
 483 C9H3N+      1  3  0  9  1  0  0  0  0  0  0  0  0  0  0.21705830D-30
 484 C10H3+      1  3  0 10  0  0  0  0  0  0  0  0  0  0  0.23082994D-25
 485 H2C10N+     1  2  0 10  1  0  0  0  0  0  0  0  0  0  0.23383621D-29
 486 C9H5+       1  5  0  9  0  0  0  0  0  0  0  0  0  0  0.20362949D-35
 487 GRAIN0      0  0  0  0  0  0  0  0  0  0  0  0  0  0  0.88872547D-14
 488 GRAIN-     -1  0  0  0  0  0  0  0  0  0  0  0  0  0  0.13126127D-11
 489 XH          0  1  0  0  0  0  0  0  0  0  0  0  0  0  0.76302832D-14
