1.000E+04 2.500E+00 0.12059387996065783
1.000E+04 1.500E+00 0.19358514853793127
1.000E+04 3.000E+00 0.15538828654292935
1.000E+04 2.00E+00 0.20859682298000104
5.000E+04 2.500E+00 0.218069002749613
5.000E+04 1.500E+00 0.23210248659020355
5.000E+04 3.000E+00 0.22889973720540918
5.000E+04 2.00E+00 0.30293477414556574
5.000E+04 1.000E+00 0.1998400368481971
5.000E+04 0.000E+00 0.0704358019141261
1.000E+05 2.500E+00 0.26231345910621806
1.000E+05 1.500E+00 0.2735568649425833
1.000E+05 0.500E+00 0.16602332436026757
1.000E+05 -1.50E+00 0.10298129702821224
1.000E+05 3.000E+00 0.2495030485054914
1.000E+05 2.00E+00 0.30293477414556574
1.000E+05 1.000E+00 0.21533140581329974
5.000E+05 2.500E+00 0.3228775599739934
5.000E+05 1.500E+00 0.4384751361168833
5.000E+05 3.000E+00 0.25547359851380247
5.000E+05 2.00E+00 0.3702305924412158
5.000E+05 1.000E+00 0.30396311919722313
5.000E+05 0.000E+00 0.18300729037190808
5.000E+05 -2.00E+00 0.1963640334385442
1.000E+06 2.500E+00 0.32281443193345916
1.000E+06 1.500E+00 0.4900946932353197
1.000E+06 0.500E+00 0.23151844482771952
1.000E+06 -2.50E+00 0.17925603171388216
1.000E+06 3.000E+00 0.24135105855389904
1.000E+06 2.00E+00 0.3057935167013932
1.000E+06 1.000E+00 0.37617932438791535
1.000E+06 0.000E+00 0.20988302164801134
1.000E+06 -3.00E+00 0.07586237103693626
