5.000E+04 2.500E+00 0.07993989691776254
5.000E+04 2.00E+00 0.2054007802346546
1.000E+05 2.500E+00 0.09549654104468219
1.000E+05 1.500E+00 0.15777837569693506
1.000E+05 2.00E+00 0.2054007802346546
5.000E+05 2.500E+00 0.1212417928285254
5.000E+05 1.500E+00 0.3032095703690912
5.000E+05 2.00E+00 0.35301122285073994
5.000E+05 1.000E+00 0.16159101629307238
1.000E+06 2.500E+00 0.1236399921802889
1.000E+06 1.500E+00 0.3393980249152042
1.000E+06 2.00E+00 0.3695951434359939
1.000E+06 1.000E+00 0.23106701831374396
