0.11D+08                                              +-  H  He C  O  S  G    
 JSPACE =            1
   1 H           0  1  0  0  0  0  0  0  0  0  0  0  0  0  0.33879771D-04
   2 C           0  0  0  1  0  0  0  0  0  0  0  0  0  0  0.23386139D-04
   3 Fe          0  0  0  0  0  0  0  0  1  0  0  0  0  0  0.12581639D-09
   4 Mg          0  0  0  0  0  0  0  0  0  0  1  0  0  0  0.67049949D-09
   5 S           0  0  0  0  0  0  0  1  0  0  0  0  0  0  0.10805251D-07
   6 Si          0  0  0  0  0  0  1  0  0  0  0  0  0  0  0.11630362D-08
   7 O           0  0  0  0  0  1  0  0  0  0  0  0  0  0  0.94707071D-04
   8 N           0  0  0  0  1  0  0  0  0  0  0  0  0  0  0.45252761D-04
   9 He          0  0  1  0  0  0  0  0  0  0  0  0  0  0  0.90000000D-01
  10 Cl          0  0  0  0  0  0  0  0  0  0  0  1  0  0  0.95030514D-09
  11 Na          0  0  0  0  0  0  0  0  0  1  0  0  0  0  0.19906336D-09
  12 P           0  0  0  0  0  0  0  0  0  0  0  0  1  0  0.19299875D-10
  13 F           0  0  0  0  0  0  0  0  0  0  0  0  0  1  0.85397852D-11
  14 OH          0  1  0  0  0  1  0  0  0  0  0  0  0  0  0.17250245D-08
  15 CO          0  0  0  1  0  1  0  0  0  0  0  0  0  0  0.14528079D-03
  16 CS          0  0  0  1  0  0  0  1  0  0  0  0  0  0  0.38191053D-08
  17 HS          0  1  0  0  0  0  0  1  0  0  0  0  0  0  0.10941632D-10
  18 N2          0  0  0  0  2  0  0  0  0  0  0  0  0  0  0.83522872D-05
  19 NH          0  1  0  0  1  0  0  0  0  0  0  0  0  0  0.31423706D-10
  20 SiH         0  1  0  0  0  0  1  0  0  0  0  0  0  0  0.43392690D-10
  21 SiO         0  0  0  0  0  1  1  0  0  0  0  0  0  0  0.12554303D-09
  22 SO          0  0  0  0  0  1  0  1  0  0  0  0  0  0  0.20341486D-10
  23 CH          0  1  0  1  0  0  0  0  0  0  0  0  0  0  0.30751755D-08
  24 O2          0  0  0  0  0  2  0  0  0  0  0  0  0  0  0.26534549D-08
  25 H2          0  2  0  0  0  0  0  0  0  0  0  0  0  0  0.49998299D+00
  26 C2          0  0  0  2  0  0  0  0  0  0  0  0  0  0  0.15493383D-08
  27 CN          0  0  0  1  1  0  0  0  0  0  0  0  0  0  0.22777996D-07
  28 MgH         0  1  0  0  0  0  0  0  0  0  1  0  0  0  0.77142571D-16
  29 NaH         0  1  0  0  0  0  0  0  0  1  0  0  0  0  0.34462491D-14
  30 NO          0  0  0  0  1  1  0  0  0  0  0  0  0  0  0.55428639D-09
  31 NS          0  0  0  0  1  0  0  1  0  0  0  0  0  0  0.24990720D-11
  32 PH          0  1  0  0  0  0  0  0  0  0  0  0  1  0  0.50472548D-13
  33 PN          0  0  0  0  1  0  0  0  0  0  0  0  1  0  0.36342843D-10
  34 PO          0  0  0  0  0  1  0  0  0  0  0  0  1  0  0.12583161D-12
  35 S2          0  0  0  0  0  0  0  2  0  0  0  0  0  0  0.15650008D-14
  36 SiC         0  0  0  1  0  0  1  0  0  0  0  0  0  0  0.23696061D-10
  37 SiN         0  0  0  0  1  0  1  0  0  0  0  0  0  0  0.26881045D-10
  38 SiS         0  0  0  0  0  0  1  1  0  0  0  0  0  0  0.33526356D-12
  39 CCl         0  0  0  1  0  0  0  0  0  0  0  1  0  0  0.12784488D-14
  40 ClO         0  0  0  0  0  1  0  0  0  0  0  1  0  0  0.44862613D-49
  41 CP          0  0  0  1  0  0  0  0  0  0  0  0  1  0  0.25533780D-12
  42 HCl         0  1  0  0  0  0  0  0  0  0  0  1  0  0  0.49376572D-10
  43 HF          0  1  0  0  0  0  0  0  0  0  0  0  0  1  0.65816336D-08
  44 CCH         0  1  0  2  0  0  0  0  0  0  0  0  0  0  0.70588440D-08
  45 C3          0  0  0  3  0  0  0  0  0  0  0  0  0  0  0.16874882D-07
  46 CH2         0  2  0  1  0  0  0  0  0  0  0  0  0  0  0.11295535D-07
  47 SO2         0  0  0  0  0  2  0  1  0  0  0  0  0  0  0.69817008D-15
  48 H2O         0  2  0  0  0  1  0  0  0  0  0  0  0  0  0.27404114D-08
  49 HCN         0  1  0  1  1  0  0  0  0  0  0  0  0  0  0.11832583D-07
  50 HCSi        0  1  0  1  0  0  1  0  0  0  0  0  0  0  0.20770620D-10
  51 CCN         0  0  0  2  1  0  0  0  0  0  0  0  0  0  0.23089189D-08
  52 CCS         0  0  0  2  0  0  0  1  0  0  0  0  0  0  0.18317924D-09
  53 CCO         0  0  0  2  0  1  0  0  0  0  0  0  0  0  0.62108157D-11
  54 CCP         0  0  0  2  0  0  0  0  0  0  0  0  1  0  0.10043502D-12
  55 CO2         0  0  0  1  0  2  0  0  0  0  0  0  0  0  0.37356991D-09
  56 H2S         0  2  0  0  0  0  0  1  0  0  0  0  0  0  0.66660998D-13
  57 HCO         0  1  0  1  0  1  0  0  0  0  0  0  0  0  0.96041429D-10
  58 HCP         0  1  0  1  0  0  0  0  0  0  0  0  1  0  0.22426127D-12
  59 HCS         0  1  0  1  0  0  0  1  0  0  0  0  0  0  0.64556597D-12
  60 HNC         0  1  0  1  1  0  0  0  0  0  0  0  0  0  0.17115980D-08
  61 HNO         0  1  0  0  1  1  0  0  0  0  0  0  0  0  0.20819465D-10
  62 HNSi        0  1  0  0  1  0  1  0  0  0  0  0  0  0  0.33945818D-11
  63 HPO         0  1  0  0  0  1  0  0  0  0  0  0  1  0  0.15550416D-16
  64 HSS         0  1  0  0  0  0  0  2  0  0  0  0  0  0  0.22171513D-16
  65 N2O         0  0  0  0  2  1  0  0  0  0  0  0  0  0  0.24897726D-15
  66 NaOH        0  1  0  0  0  1  0  0  0  1  0  0  0  0  0.30540439D-18
  67 NH2         0  2  0  0  1  0  0  0  0  0  0  0  0  0  0.19183636D-10
  68 NO2         0  0  0  0  1  2  0  0  0  0  0  0  0  0  0.16559837D-47
  69 O2H         0  1  0  0  0  2  0  0  0  0  0  0  0  0  0.19831124D-15
  70 OCN         0  0  0  1  1  1  0  0  0  0  0  0  0  0  0.32926972D-10
  71 OCS         0  0  0  1  0  1  0  1  0  0  0  0  0  0  0.57031009D-12
  72 PH2         0  2  0  0  0  0  0  0  0  0  0  0  1  0  0.35143120D-18
  73 c-SiC2      0  0  0  2  0  0  1  0  0  0  0  0  0  0  0.26632906D-10
  74 SiH2        0  2  0  0  0  0  1  0  0  0  0  0  0  0  0.12633273D-15
  75 SiNC        0  0  0  1  1  0  1  0  0  0  0  0  0  0  0.18942676D-13
  76 SiO2        0  0  0  0  0  2  1  0  0  0  0  0  0  0  0.27494596D-15
  77 C4          0  0  0  4  0  0  0  0  0  0  0  0  0  0  0.57639065D-09
  78 c-C3H       0  1  0  3  0  0  0  0  0  0  0  0  0  0  0.13938332D-08
  79 l-C3H       0  1  0  3  0  0  0  0  0  0  0  0  0  0  0.12278244D-08
  80 CH3         0  3  0  1  0  0  0  0  0  0  0  0  0  0  0.62660162D-11
  81 C2H2        0  2  0  2  0  0  0  0  0  0  0  0  0  0  0.62786815D-08
  82 NH3         0  3  0  0  1  0  0  0  0  0  0  0  0  0  0.20674713D-10
  83 SiCH2       0  2  0  1  0  0  1  0  0  0  0  0  0  0  0.16491470D-15
  84 C3N         0  0  0  3  1  0  0  0  0  0  0  0  0  0  0.10645865D-08
  85 C3O         0  0  0  3  0  1  0  0  0  0  0  0  0  0  0.28952838D-09
  86 C3P         0  0  0  3  0  0  0  0  0  0  0  0  1  0  0.79728865D-16
  87 C3S         0  0  0  3  0  0  0  1  0  0  0  0  0  0  0.24195859D-09
  88 H2CO        0  2  0  1  0  1  0  0  0  0  0  0  0  0  0.16742977D-10
  89 H2CS        0  2  0  1  0  0  0  1  0  0  0  0  0  0  0.23809317D-13
  90 HOOH        0  2  0  0  0  2  0  0  0  0  0  0  0  0  0.71814378D-20
  91 HSSH        0  2  0  0  0  0  0  2  0  0  0  0  0  0  0.16749015D-16
  92 H2SiO       0  2  0  0  0  1  1  0  0  0  0  0  0  0  0.38334330D-21
  93 HCCP        0  1  0  2  0  0  0  0  0  0  0  0  1  0  0.26490947D-14
  94 HCCSi       0  1  0  2  0  0  1  0  0  0  0  0  0  0  0.51372032D-12
  95 l-SiC3      0  0  0  3  0  0  1  0  0  0  0  0  0  0  0.11517251D-10
  96 SiH3        0  3  0  0  0  0  1  0  0  0  0  0  0  0  0.23023503D-21
  97 H2CN        0  2  0  1  1  0  0  0  0  0  0  0  0  0  0.21060524D-11
  98 C5          0  0  0  5  0  0  0  0  0  0  0  0  0  0  0.32067321D-09
  99 c-C3H2      0  2  0  3  0  0  0  0  0  0  0  0  0  0  0.71747881D-08
 100 l-C3H2      0  2  0  3  0  0  0  0  0  0  0  0  0  0  0.41657467D-08
 101 C4H         0  1  0  4  0  0  0  0  0  0  0  0  0  0  0.18254470D-08
 102 CH4         0  4  0  1  0  0  0  0  0  0  0  0  0  0  0.23507813D-10
 103 HC3N        0  1  0  3  1  0  0  0  0  0  0  0  0  0  0.52855668D-09
 104 H2CCN       0  2  0  2  1  0  0  0  0  0  0  0  0  0  0.29683144D-11
 105 H2CCO       0  2  0  2  0  1  0  0  0  0  0  0  0  0  0.47136514D-10
 106 C2H3        0  3  0  2  0  0  0  0  0  0  0  0  0  0  0.18109020D-10
 107 C4N         0  0  0  4  1  0  0  0  0  0  0  0  0  0  0.53942372D-09
 108 C4P         0  0  0  4  0  0  0  0  0  0  0  0  1  0  0.27187981D-15
 109 C4S         0  0  0  4  0  0  0  1  0  0  0  0  0  0  0.87879994D-11
 110 HCOOH       0  2  0  1  0  2  0  0  0  0  0  0  0  0  0.20272174D-14
 111 CH2PH       0  3  0  1  0  0  0  0  0  0  0  0  1  0  0.19589487D-22
 112 CH2NH       0  3  0  1  1  0  0  0  0  0  0  0  0  0  0.11827550D-14
 113 c-HCCHSi    0  2  0  2  0  0  1  0  0  0  0  0  0  0  0.12785232D-13
 114 SiC3H       0  1  0  3  0  0  1  0  0  0  0  0  0  0  0.57821350D-13
 115 SiC4        0  0  0  4  0  0  1  0  0  0  0  0  0  0  0.55139883D-14
 116 SiCH3       0  3  0  1  0  0  1  0  0  0  0  0  0  0  0.36699416D-17
 117 SiH4        0  4  0  0  0  0  1  0  0  0  0  0  0  0  0.19177372D-20
 118 HCNCC       0  1  0  3  1  0  0  0  0  0  0  0  0  0  0.17267695D-12
 119 HCCNC       0  1  0  3  1  0  0  0  0  0  0  0  0  0  0.48724269D-12
 120 HNCCC       0  1  0  3  1  0  0  0  0  0  0  0  0  0  0.47963579D-12
 121 NH2CN       0  2  0  1  2  0  0  0  0  0  0  0  0  0  0.00000000D+00
 122 C6          0  0  0  6  0  0  0  0  0  0  0  0  0  0  0.54208381D-10
 123 CH3CN       0  3  0  2  1  0  0  0  0  0  0  0  0  0  0.10159031D-11
 124 CH2CCH      0  3  0  3  0  0  0  0  0  0  0  0  0  0  0.38433058D-10
 125 C2H4        0  4  0  2  0  0  0  0  0  0  0  0  0  0  0.11728671D-14
 126 NC4N        0  0  0  4  2  0  0  0  0  0  0  0  0  0  0.14915621D-09
 127 H2CSiCH     0  3  0  2  0  0  1  0  0  0  0  0  0  0  0.67437910D-17
 128 SiC4H       0  1  0  4  0  0  1  0  0  0  0  0  0  0  0.48414786D-10
 129 HC4N        0  1  0  4  1  0  0  0  0  0  0  0  0  0  0.82915766D-12
 130 C4H2        0  2  0  4  0  0  0  0  0  0  0  0  0  0  0.75150369D-08
 131 C5H         0  1  0  5  0  0  0  0  0  0  0  0  0  0  0.93914463D-09
 132 C5N         0  0  0  5  1  0  0  0  0  0  0  0  0  0  0.25246585D-09
 133 CH3OH       0  4  0  1  0  1  0  0  0  0  0  0  0  0  0.39457895D-17
 134 NH2CHO      0  3  0  1  1  1  0  0  0  0  0  0  0  0  0.44086250D-17
 135 C5O         0  0  0  5  0  1  0  0  0  0  0  0  0  0  0.12675311D-09
 136 C7          0  0  0  7  0  0  0  0  0  0  0  0  0  0  0.14224309D-10
 137 HC5N        0  1  0  5  1  0  0  0  0  0  0  0  0  0  0.81780981D-10
 138 SiC2CH3     0  3  0  3  0  0  1  0  0  0  0  0  0  0  0.99545280D-17
 139 CH3CHO      0  4  0  2  0  1  0  0  0  0  0  0  0  0  0.38440874D-17
 140 C2H5        0  5  0  2  0  0  0  0  0  0  0  0  0  0  0.13279726D-23
 141 CH2CHCN     0  3  0  3  1  0  0  0  0  0  0  0  0  0  0.13105370D-17
 142 CH3CCH      0  4  0  3  0  0  0  0  0  0  0  0  0  0  0.15451611D-14
 143 C5H2        0  2  0  5  0  0  0  0  0  0  0  0  0  0  0.21401111D-08
 144 C6H         0  1  0  6  0  0  0  0  0  0  0  0  0  0  0.31054445D-09
 145 CH3NH2      0  5  0  1  1  0  0  0  0  0  0  0  0  0  0.45552082D-15
 146 C4H3        0  3  0  4  0  0  0  0  0  0  0  0  0  0  0.10935677D-14
 147 C6N         0  0  0  6  1  0  0  0  0  0  0  0  0  0  0.12428459D-09
 148 C8          0  0  0  8  0  0  0  0  0  0  0  0  0  0  0.10636070D-10
 149 HC6N        0  1  0  6  1  0  0  0  0  0  0  0  0  0  0.12832204D-12
 150 NC6N        0  0  0  6  2  0  0  0  0  0  0  0  0  0  0.20983120D-10
 151 SiC6H       0  1  0  6  0  0  1  0  0  0  0  0  0  0  0.11353733D-10
 152 CH2CHC2H    0  4  0  4  0  0  0  0  0  0  0  0  0  0  0.59762760D-14
 153 C6H2        0  2  0  6  0  0  0  0  0  0  0  0  0  0  0.17623484D-08
 154 C7H         0  1  0  7  0  0  0  0  0  0  0  0  0  0  0.11077083D-09
 155 C7N         0  0  0  7  1  0  0  0  0  0  0  0  0  0  0.58045973D-10
 156 CH3C3N      0  3  0  4  1  0  0  0  0  0  0  0  0  0  0.40169384D-13
 157 HCOOCH3     0  4  0  2  0  2  0  0  0  0  0  0  0  0  0.40126264D-23
 158 C2H6        0  6  0  2  0  0  0  0  0  0  0  0  0  0  0.26266984D-33
 159 C7O         0  0  0  7  0  1  0  0  0  0  0  0  0  0  0.14950357D-10
 160 C9          0  0  0  9  0  0  0  0  0  0  0  0  0  0  0.46283507D-11
 161 HC7N        0  1  0  7  1  0  0  0  0  0  0  0  0  0  0.31201430D-10
 162 SiC3H5      0  5  0  3  0  0  1  0  0  0  0  0  0  0  0.00000000D+00
 163 CH3CH2OH    0  6  0  2  0  1  0  0  0  0  0  0  0  0  0.71578797D-23
 164 C7H2        0  2  0  7  0  0  0  0  0  0  0  0  0  0  0.39944094D-09
 165 C8H         0  1  0  8  0  0  0  0  0  0  0  0  0  0  0.10431579D-09
 166 CH3C4H      0  4  0  5  0  0  0  0  0  0  0  0  0  0  0.77019191D-15
 167 CH3OCH3     0  6  0  2  0  1  0  0  0  0  0  0  0  0  0.48432717D-24
 168 CH3CHCH2    0  6  0  3  0  0  0  0  0  0  0  0  0  0  0.00000000D+00
 169 C8N         0  0  0  8  1  0  0  0  0  0  0  0  0  0  0.32679890D-10
 170 C10         0  0  0 10  0  0  0  0  0  0  0  0  0  0  0.77316989D-11
 171 CH3COCH3    0  6  0  3  0  1  0  0  0  0  0  0  0  0  0.35657576D-23
 172 C8H2        0  2  0  8  0  0  0  0  0  0  0  0  0  0  0.67149639D-09
 173 C9H         0  1  0  9  0  0  0  0  0  0  0  0  0  0  0.40209204D-10
 174 C9N         0  0  0  9  1  0  0  0  0  0  0  0  0  0  0.19226052D-10
 175 CH3C5N      0  3  0  6  1  0  0  0  0  0  0  0  0  0  0.95672292D-16
 176 HC8N        0  1  0  8  1  0  0  0  0  0  0  0  0  0  0.48957975D-13
 177 NC8N        0  0  0  8  2  0  0  0  0  0  0  0  0  0  0.80055697D-11
 178 SiC8H       0  1  0  8  0  0  1  0  0  0  0  0  0  0  0.43260405D-11
 179 CH2CHCHCH2  0  6  0  4  0  0  0  0  0  0  0  0  0  0  0.00000000D+00
 180 C9O         0  0  0  9  0  1  0  0  0  0  0  0  0  0  0.54268975D-11
 181 HC9N        0  1  0  9  1  0  0  0  0  0  0  0  0  0  0.82409426D-11
 182 C10H        0  1  0 10  0  0  0  0  0  0  0  0  0  0  0.26054509D-10
 183 C9H2        0  2  0  9  0  0  0  0  0  0  0  0  0  0  0.13238918D-09
 184 CH3C6H      0  4  0  7  0  0  0  0  0  0  0  0  0  0  0.10919073D-15
 185 C11         0  0  0 11  0  0  0  0  0  0  0  0  0  0  0.35076838D-10
 186 C10N        0  0  0 10  1  0  0  0  0  0  0  0  0  0  0.55396874D-11
 187 CH3C7N      0  3  0  8  1  0  0  0  0  0  0  0  0  0  0.35396421D-16
 188 C10H2       0  2  0 10  0  0  0  0  0  0  0  0  0  0  0.12919515D-09
 189 C6H6        0  6  0  6  0  0  0  0  0  0  0  0  0  0  0.76634439D-12
 190 Si+         1  0  0  0  0  0  1  0  0  0  0  0  0  0  0.64815055D-08
 191 C+          1  0  0  1  0  0  0  0  0  0  0  0  0  0  0.10439322D-05
 192 C-         -1  0  0  1  0  0  0  0  0  0  0  0  0  0  0.49342999D-13
 193 H-         -1  1  0  0  0  0  0  0  0  0  0  0  0  0  0.28025372D-13
 194 O-         -1  0  0  0  0  1  0  0  0  0  0  0  0  0  0.43701598D-15
 195 S-         -1  0  0  0  0  0  0  1  0  0  0  0  0  0  0.40134332D-16
 196 He+         1  0  1  0  0  0  0  0  0  0  0  0  0  0  0.41570971D-10
 197 H+          1  1  0  0  0  0  0  0  0  0  0  0  0  0  0.39464724D-09
 198 Fe+         1  0  0  0  0  0  0  0  1  0  0  0  0  0  0.28741837D-08
 199 Mg+         1  0  0  0  0  0  0  0  0  0  1  0  0  0  0.63295004D-08
 200 N+          1  0  0  0  1  0  0  0  0  0  0  0  0  0  0.26878872D-14
 201 Na+         1  0  0  0  0  0  0  0  0  1  0  0  0  0  0.18009324D-08
 202 O+          1  0  0  0  0  1  0  0  0  0  0  0  0  0  0.11907810D-13
 203 S+          1  0  0  0  0  0  0  1  0  0  0  0  0  0  0.64883977D-07
 204 Cl+         1  0  0  0  0  0  0  0  0  0  0  1  0  0  0.10295920D-16
 205 F+          1  0  0  0  0  0  0  0  0  0  0  0  0  1  0.29584063D-17
 206 P+          1  0  0  0  0  0  0  0  0  0  0  0  1  0  0.14357776D-09
 207 e-         -1  0  0  0  0  0  0  0  0  0  0  0  0  0  0.11267848D-05
 208 CH+         1  1  0  1  0  0  0  0  0  0  0  0  0  0  0.39717266D-13
 209 H2+         1  2  0  0  0  0  0  0  0  0  0  0  0  0  0.11596210D-12
 210 OH+         1  1  0  0  0  1  0  0  0  0  0  0  0  0  0.47060847D-13
 211 SiH+        1  1  0  0  0  0  1  0  0  0  0  0  0  0  0.36108095D-12
 212 C2+         1  0  0  2  0  0  0  0  0  0  0  0  0  0  0.10915072D-13
 213 CN-        -1  0  0  1  1  0  0  0  0  0  0  0  0  0  0.11193672D-11
 214 OH-        -1  1  0  0  0  1  0  0  0  0  0  0  0  0  0.54441516D-14
 215 CF+         1  0  0  1  0  0  0  0  0  0  0  0  0  1  0.89371886D-10
 216 HS+         1  1  0  0  0  0  0  1  0  0  0  0  0  0  0.11221454D-12
 217 SO+         1  0  0  0  0  1  0  1  0  0  0  0  0  0  0.12926501D-11
 218 CCl+        1  0  0  1  0  0  0  0  0  0  0  1  0  0  0.30664709D-12
 219 ClO+        1  0  0  0  0  1  0  0  0  0  0  1  0  0  0.46356085D-51
 220 CN+         1  0  0  1  1  0  0  0  0  0  0  0  0  0  0.15548580D-15
 221 CO+         1  0  0  1  0  1  0  0  0  0  0  0  0  0  0.10526334D-13
 222 CP+         1  0  0  1  0  0  0  0  0  0  0  0  1  0  0.17456663D-17
 223 CS+         1  0  0  1  0  0  0  1  0  0  0  0  0  0  0.38102092D-14
 224 HCl+        1  1  0  0  0  0  0  0  0  0  0  1  0  0  0.84386016D-17
 225 HF+         1  1  0  0  0  0  0  0  0  0  0  0  0  1  0.22747312D-17
 226 HeH+        1  1  1  0  0  0  0  0  0  0  0  0  0  0  0.79666214D-20
 227 N2+         1  0  0  0  2  0  0  0  0  0  0  0  0  0  0.16344839D-15
 228 NH+         1  1  0  0  1  0  0  0  0  0  0  0  0  0  0.14504449D-14
 229 NO+         1  0  0  0  1  1  0  0  0  0  0  0  0  0  0.10293050D-11
 230 NS+         1  0  0  0  1  0  0  1  0  0  0  0  0  0  0.13849512D-12
 231 O2+         1  0  0  0  0  2  0  0  0  0  0  0  0  0  0.43525973D-13
 232 PH+         1  1  0  0  0  0  0  0  0  0  0  0  1  0  0.45448050D-15
 233 PN+         1  0  0  0  1  0  0  0  0  0  0  0  1  0  0.93223240D-15
 234 PO+         1  0  0  0  0  1  0  0  0  0  0  0  1  0  0.82733600D-14
 235 S2+         1  0  0  0  0  0  0  2  0  0  0  0  0  0  0.22238804D-15
 236 SiC+        1  0  0  1  0  0  1  0  0  0  0  0  0  0  0.35827287D-15
 237 SiN+        1  0  0  0  1  0  1  0  0  0  0  0  0  0  0.22493185D-12
 238 SiO+        1  0  0  0  0  1  1  0  0  0  0  0  0  0  0.46738755D-15
 239 SiS+        1  0  0  0  0  0  1  1  0  0  0  0  0  0  0.36691705D-17
 240 SiF+        1  0  0  0  0  0  1  0  0  0  0  0  0  1  0.44466797D-12
 241 CH2+        1  2  0  1  0  0  0  0  0  0  0  0  0  0  0.33088266D-12
 242 C2N+        1  0  0  2  1  0  0  0  0  0  0  0  0  0  0.29242324D-14
 243 CNC+        1  0  0  2  1  0  0  0  0  0  0  0  0  0  0.14521154D-09
 244 HSiO+       1  1  0  0  0  1  1  0  0  0  0  0  0  0  0.84207850D-12
 245 N2H+        1  1  0  0  2  0  0  0  0  0  0  0  0  0  0.54477534D-11
 246 C2H+        1  1  0  2  0  0  0  0  0  0  0  0  0  0  0.39248203D-13
 247 H3+         1  3  0  0  0  0  0  0  0  0  0  0  0  0  0.20447644D-09
 248 C3-        -1  0  0  3  0  0  0  0  0  0  0  0  0  0  0.85437715D-11
 249 HCO+        1  1  0  1  0  1  0  0  0  0  0  0  0  0  0.19646368D-09
 250 HSO+        1  1  0  0  0  1  0  1  0  0  0  0  0  0  0.12679788D-15
 251 H2S+        1  2  0  0  0  0  0  1  0  0  0  0  0  0  0.80882141D-12
 252 HCS+        1  1  0  1  0  0  0  1  0  0  0  0  0  0  0.14286204D-11
 253 HPO+        1  1  0  0  0  1  0  0  0  0  0  0  1  0  0.14788435D-14
 254 C2O+        1  0  0  2  0  1  0  0  0  0  0  0  0  0  0.75466163D-13
 255 C2S+        1  0  0  2  0  0  0  1  0  0  0  0  0  0  0.34314391D-11
 256 C3+         1  0  0  3  0  0  0  0  0  0  0  0  0  0  0.16443771D-12
 257 CCP+        1  0  0  2  0  0  0  0  0  0  0  0  1  0  0.10249963D-14
 258 CHSi+       1  1  0  1  0  0  1  0  0  0  0  0  0  0  0.64186484D-15
 259 CO2+        1  0  0  1  0  2  0  0  0  0  0  0  0  0  0.44654949D-20
 260 H2Cl+       1  2  0  0  0  0  0  0  0  0  0  1  0  0  0.10283135D-13
 261 H2F+        1  2  0  0  0  0  0  0  0  0  0  0  0  1  0.99797858D-14
 262 H2O+        1  2  0  0  0  1  0  0  0  0  0  0  0  0  0.10761737D-12
 263 HCN+        1  1  0  1  1  0  0  0  0  0  0  0  0  0  0.84834187D-15
 264 HCP+        1  1  0  1  0  0  0  0  0  0  0  0  1  0  0.22103653D-17
 265 HNC+        1  1  0  1  1  0  0  0  0  0  0  0  0  0  0.43961399D-15
 266 HNO+        1  1  0  0  1  1  0  0  0  0  0  0  0  0  0.45528581D-14
 267 HNS+        1  1  0  0  1  0  0  1  0  0  0  0  0  0  0.11837086D-16
 268 HNSi+       1  1  0  0  1  0  1  0  0  0  0  0  0  0  0.33044482D-16
 269 HOC+        1  1  0  1  0  1  0  0  0  0  0  0  0  0  0.32494491D-11
 270 HPN+        1  1  0  0  1  0  0  0  0  0  0  0  1  0  0.25723158D-15
 271 HSiS+       1  1  0  0  0  0  1  1  0  0  0  0  0  0  0.67528889D-14
 272 NaH2+       1  2  0  0  0  0  0  0  0  1  0  0  0  0  0.86995232D-15
 273 NCO+        1  0  0  1  1  1  0  0  0  0  0  0  0  0  0.13988911D-15
 274 NH2+        1  2  0  0  1  0  0  0  0  0  0  0  0  0  0.12021777D-13
 275 NO2+        1  0  0  0  1  2  0  0  0  0  0  0  0  0  0.57441183D-20
 276 HO2+        1  1  0  0  0  2  0  0  0  0  0  0  0  0  0.21655147D-17
 277 OCS+        1  0  0  1  0  1  0  1  0  0  0  0  0  0  0.13457086D-12
 278 PH2+        1  2  0  0  0  0  0  0  0  0  0  0  1  0  0.22030692D-14
 279 HS2+        1  1  0  0  0  0  0  2  0  0  0  0  0  0  0.41830753D-17
 280 SiC2+       1  0  0  2  0  0  1  0  0  0  0  0  0  0  0.24070899D-15
 281 SiH2+       1  2  0  0  0  0  1  0  0  0  0  0  0  0  0.36428768D-11
 282 SiNC+       1  0  0  1  1  0  1  0  0  0  0  0  0  0  0.94899066D-12
 283 SO2+        1  0  0  0  0  2  0  1  0  0  0  0  0  0  0.13534170D-22
 284 HCNH+       1  2  0  1  1  0  0  0  0  0  0  0  0  0  0.70523263D-11
 285 HC2N+       1  1  0  2  1  0  0  0  0  0  0  0  0  0  0.24094641D-15
 286 C3H+        1  1  0  3  0  0  0  0  0  0  0  0  0  0  0.69080235D-11
 287 C4+         1  0  0  4  0  0  0  0  0  0  0  0  0  0  0.73201579D-12
 288 H2CO+       1  2  0  1  0  1  0  0  0  0  0  0  0  0  0.35571709D-13
 289 CH3+        1  3  0  1  0  0  0  0  0  0  0  0  0  0  0.14435445D-09
 290 C3N-       -1  0  0  3  1  0  0  0  0  0  0  0  0  0  0.28508306D-11
 291 C4-        -1  0  0  4  0  0  0  0  0  0  0  0  0  0  0.68422196D-10
 292 H3O+        1  3  0  0  0  1  0  0  0  0  0  0  0  0  0.54554080D-10
 293 H2NO+       1  2  0  0  1  1  0  0  0  0  0  0  0  0  0.33274478D-14
 294 H3S+        1  3  0  0  0  0  0  1  0  0  0  0  0  0  0.14517961D-15
 295 HC2S+       1  1  0  2  0  0  0  1  0  0  0  0  0  0  0.94142044D-12
 296 HOCS+       1  1  0  1  0  1  0  1  0  0  0  0  0  0  0.17045982D-16
 297 PCH2+       1  2  0  1  0  0  0  0  0  0  0  0  1  0  0.26838369D-14
 298 H2S2+       1  2  0  0  0  0  0  2  0  0  0  0  0  0  0.24515057D-21
 299 C2H2+       1  2  0  2  0  0  0  0  0  0  0  0  0  0  0.25098459D-10
 300 C2HO+       1  1  0  2  0  1  0  0  0  0  0  0  0  0  0.34451152D-12
 301 C2N2+       1  0  0  2  2  0  0  0  0  0  0  0  0  0  0.22414171D-20
 302 C3N+        1  0  0  3  1  0  0  0  0  0  0  0  0  0  0.25892886D-17
 303 C3O+        1  0  0  3  0  1  0  0  0  0  0  0  0  0  0.11956724D-11
 304 C3S+        1  0  0  3  0  0  0  1  0  0  0  0  0  0  0.39766329D-11
 305 CH2Si+      1  2  0  1  0  0  1  0  0  0  0  0  0  0  0.53117089D-12
 306 H2CCl+      1  2  0  1  0  0  0  0  0  0  0  1  0  0  0.39324103D-16
 307 H2CS+       1  2  0  1  0  0  0  1  0  0  0  0  0  0  0.94722555D-17
 308 H2NC+       1  2  0  1  1  0  0  0  0  0  0  0  0  0  0.14657798D-11
 309 H2PO+       1  2  0  0  0  1  0  0  0  0  0  0  1  0  0.31878974D-20
 310 H2SiO+      1  2  0  0  0  1  1  0  0  0  0  0  0  0  0.75959707D-18
 311 HOCO+       1  1  0  1  0  2  0  0  0  0  0  0  0  0  0.31979889D-15
 312 HNCO+       1  1  0  1  1  1  0  0  0  0  0  0  0  0  0.73642084D-21
 313 HSiO2+      1  1  0  0  0  2  1  0  0  0  0  0  0  0  0.25958865D-21
 314 HSO2+       1  1  0  0  0  2  0  1  0  0  0  0  0  0  0.17009083D-20
 315 NaH2O+      1  2  0  0  0  1  0  0  0  1  0  0  0  0  0.20365647D-19
 316 NH3+        1  3  0  0  1  0  0  0  0  0  0  0  0  0  0.14158656D-11
 317 PC2H+       1  1  0  2  0  0  0  0  0  0  0  0  1  0  0.27016835D-14
 318 PH3+        1  3  0  0  0  0  0  0  0  0  0  0  1  0  0.23238827D-19
 319 PNH2+       1  2  0  0  1  0  0  0  0  0  0  0  1  0  0.10059599D-16
 320 SiC2H+      1  1  0  2  0  0  1  0  0  0  0  0  0  0  0.45767958D-12
 321 l-SiC3+     1  0  0  3  0  0  1  0  0  0  0  0  0  0  0.41679548D-12
 322 SiH3+       1  3  0  0  0  0  1  0  0  0  0  0  0  0  0.16602558D-16
 323 SiNCH+      1  1  0  1  1  0  1  0  0  0  0  0  0  0  0.22023072D-15
 324 HSiNH+      1  2  0  0  1  0  1  0  0  0  0  0  0  0  0.40385632D-13
 325 HN2O+       1  1  0  0  2  1  0  0  0  0  0  0  0  0  0.78857879D-22
 326 C2H3+       1  3  0  2  0  0  0  0  0  0  0  0  0  0  0.94946242D-12
 327 c-C3H2+     1  2  0  3  0  0  0  0  0  0  0  0  0  0  0.71205449D-11
 328 l-C3H2+     1  2  0  3  0  0  0  0  0  0  0  0  0  0  0.16108809D-11
 329 C4H+        1  1  0  4  0  0  0  0  0  0  0  0  0  0  0.10800185D-11
 330 C5+         1  0  0  5  0  0  0  0  0  0  0  0  0  0  0.73390138D-13
 331 HC3O+       1  1  0  3  0  1  0  0  0  0  0  0  0  0  0.15043078D-14
 332 C4H-       -1  1  0  4  0  0  0  0  0  0  0  0  0  0  0.14956220D-09
 333 C5-        -1  0  0  5  0  0  0  0  0  0  0  0  0  0  0.80140943D-10
 334 NH4+        1  4  0  0  1  0  0  0  0  0  0  0  0  0  0.67514903D-13
 335 H3CS+       1  3  0  1  0  0  0  1  0  0  0  0  0  0  0.25814028D-15
 336 H2COH+      1  3  0  1  0  1  0  0  0  0  0  0  0  0  0.11058496D-15
 337 H3S2+       1  3  0  0  0  0  0  2  0  0  0  0  0  0  0.75821046D-19
 338 HC3S+       1  1  0  3  0  0  0  1  0  0  0  0  0  0  0.88380563D-11
 339 PC3H+       1  1  0  3  0  0  0  0  0  0  0  0  1  0  0.40783245D-18
 340 PCH3+       1  3  0  1  0  0  0  0  0  0  0  0  1  0  0.14193340D-22
 341 PNH3+       1  3  0  0  1  0  0  0  0  0  0  0  1  0  0.21207136D-22
 342 SiC2H2+     1  2  0  2  0  0  1  0  0  0  0  0  0  0  0.55779929D-15
 343 SiC3H+      1  1  0  3  0  0  1  0  0  0  0  0  0  0  0.60762809D-12
 344 SiC4+       1  0  0  4  0  0  1  0  0  0  0  0  0  0  0.63032287D-13
 345 SiCH3+      1  3  0  1  0  0  1  0  0  0  0  0  0  0  0.64984947D-19
 346 SiH4+       1  4  0  0  0  0  1  0  0  0  0  0  0  0  0.25683546D-29
 347 CH2CN+      1  2  0  2  1  0  0  0  0  0  0  0  0  0  0.28004091D-12
 348 H2CCO+      1  2  0  2  0  1  0  0  0  0  0  0  0  0  0.22909611D-12
 349 HC3N+       1  1  0  3  1  0  0  0  0  0  0  0  0  0  0.25549977D-13
 350 C4N+        1  0  0  4  1  0  0  0  0  0  0  0  0  0  0.49978040D-14
 351 C4P+        1  0  0  4  0  0  0  0  0  0  0  0  1  0  0.61577993D-21
 352 C4S+        1  0  0  4  0  0  0  1  0  0  0  0  0  0  0.62876132D-12
 353 HCOOH+      1  2  0  1  0  2  0  0  0  0  0  0  0  0  0.41395638D-18
 354 CH4+        1  4  0  1  0  0  0  0  0  0  0  0  0  0  0.48822120D-17
 355 H3SiO+      1  3  0  0  0  1  1  0  0  0  0  0  0  0  0.85544513D-24
 356 PC2H2+      1  2  0  2  0  0  0  0  0  0  0  0  1  0  0.13071369D-15
 357 C6+         1  0  0  6  0  0  0  0  0  0  0  0  0  0  0.44345433D-12
 358 HC4N+       1  1  0  4  1  0  0  0  0  0  0  0  0  0  0.79685019D-18
 359 C5H-       -1  1  0  5  0  0  0  0  0  0  0  0  0  0  0.34072441D-09
 360 C6-        -1  0  0  6  0  0  0  0  0  0  0  0  0  0  0.76550141D-10
 361 CH3CO+      1  3  0  2  0  1  0  0  0  0  0  0  0  0  0.62619938D-13
 362 C2H4+       1  4  0  2  0  0  0  0  0  0  0  0  0  0  0.27893030D-11
 363 HC3NH+      1  2  0  3  1  0  0  0  0  0  0  0  0  0  0.17943978D-12
 364 HC4S+       1  1  0  4  0  0  0  1  0  0  0  0  0  0  0.56978416D-12
 365 CH5+        1  5  0  1  0  0  0  0  0  0  0  0  0  0  0.99906807D-13
 366 C4H2+       1  2  0  4  0  0  0  0  0  0  0  0  0  0  0.16535141D-09
 367 C5H+        1  1  0  5  0  0  0  0  0  0  0  0  0  0  0.14325689D-10
 368 CH3CN+      1  3  0  2  1  0  0  0  0  0  0  0  0  0  0.39999350D-13
 369 c-C3H3+     1  3  0  3  0  0  0  0  0  0  0  0  0  0  0.19283306D-10
 370 l-C3H3+     1  3  0  3  0  0  0  0  0  0  0  0  0  0  0.19311095D-10
 371 C5N+        1  0  0  5  1  0  0  0  0  0  0  0  0  0  0.17278436D-15
 372 CH3O2+      1  3  0  1  0  2  0  0  0  0  0  0  0  0  0.53447212D-17
 373 CH2NH2+     1  4  0  1  1  0  0  0  0  0  0  0  0  0  0.21869372D-16
 374 CH3OH+      1  4  0  1  0  1  0  0  0  0  0  0  0  0  0.76969050D-20
 375 H2C3O+      1  2  0  3  0  1  0  0  0  0  0  0  0  0  0.13950911D-15
 376 HC2NCH+     1  2  0  3  1  0  0  0  0  0  0  0  0  0  0.45750726D-14
 377 HC4O+       1  1  0  4  0  1  0  0  0  0  0  0  0  0  0.34049174D-11
 378 NH2CNH+     1  3  0  1  2  0  0  0  0  0  0  0  0  0  0.00000000D+00
 379 PC2H3+      1  3  0  2  0  0  0  0  0  0  0  0  1  0  0.20549182D-24
 380 PC4H+       1  1  0  4  0  0  0  0  0  0  0  0  1  0  0.61668028D-17
 381 PCH4+       1  4  0  1  0  0  0  0  0  0  0  0  1  0  0.70969755D-24
 382 SiC2H3+     1  3  0  2  0  0  1  0  0  0  0  0  0  0  0.24757618D-15
 383 SiC3H2+     1  2  0  3  0  0  1  0  0  0  0  0  0  0  0.85931303D-15
 384 SiC4H+      1  1  0  4  0  0  1  0  0  0  0  0  0  0  0.10282757D-15
 385 SiCH4+      1  4  0  1  0  0  1  0  0  0  0  0  0  0  0.55787294D-19
 386 SiH5+       1  5  0  0  0  0  1  0  0  0  0  0  0  0  0.23750735D-22
 387 C7+         1  0  0  7  0  0  0  0  0  0  0  0  0  0  0.82258351D-13
 388 H2C4N+      1  2  0  4  1  0  0  0  0  0  0  0  0  0  0.11863251D-17
 389 C6H-       -1  1  0  6  0  0  0  0  0  0  0  0  0  0  0.13954847D-09
 390 C7-        -1  0  0  7  0  0  0  0  0  0  0  0  0  0  0.49352335D-10
 391 C4H3+       1  3  0  4  0  0  0  0  0  0  0  0  0  0  0.71907372D-11
 392 C5H2+       1  2  0  5  0  0  0  0  0  0  0  0  0  0  0.27343253D-13
 393 CH3CNH+     1  4  0  2  1  0  0  0  0  0  0  0  0  0  0.47331772D-13
 394 C2H4O+      1  4  0  2  0  1  0  0  0  0  0  0  0  0  0.19587258D-19
 395 C2H5+       1  5  0  2  0  0  0  0  0  0  0  0  0  0  0.30379931D-17
 396 C3H3N+      1  3  0  3  1  0  0  0  0  0  0  0  0  0  0.13842226D-18
 397 C3H4+       1  4  0  3  0  0  0  0  0  0  0  0  0  0  0.98864776D-17
 398 HC5N+       1  1  0  5  1  0  0  0  0  0  0  0  0  0  0.42375576D-13
 399 C6H+        1  1  0  6  0  0  0  0  0  0  0  0  0  0  0.49931945D-11
 400 CH3NH2+     1  5  0  1  1  0  0  0  0  0  0  0  0  0  0.18127649D-17
 401 CH3OH2+     1  5  0  1  0  1  0  0  0  0  0  0  0  0  0.62573203D-18
 402 H3C3O+      1  3  0  3  0  1  0  0  0  0  0  0  0  0  0.39173734D-16
 403 NH2CH2O+    1  4  0  1  1  1  0  0  0  0  0  0  0  0  0.16845865D-22
 404 PC2H4+      1  4  0  2  0  0  0  0  0  0  0  0  1  0  0.68653356D-26
 405 PC4H2+      1  2  0  4  0  0  0  0  0  0  0  0  1  0  0.37285197D-19
 406 HC5O+       1  1  0  5  0  1  0  0  0  0  0  0  0  0  0.56742116D-15
 407 C6N+        1  0  0  6  1  0  0  0  0  0  0  0  0  0  0.10134300D-14
 408 H2C5N+      1  2  0  5  1  0  0  0  0  0  0  0  0  0  0.35617598D-13
 409 C8+         1  0  0  8  0  0  0  0  0  0  0  0  0  0  0.54392621D-12
 410 C7H-       -1  1  0  7  0  0  0  0  0  0  0  0  0  0  0.18563856D-09
 411 C8-        -1  0  0  8  0  0  0  0  0  0  0  0  0  0  0.15416742D-10
 412 C5H3+       1  3  0  5  0  0  0  0  0  0  0  0  0  0  0.40567081D-14
 413 C3H5+       1  5  0  3  0  0  0  0  0  0  0  0  0  0  0.97788139D-18
 414 C6H2+       1  2  0  6  0  0  0  0  0  0  0  0  0  0  0.11632757D-11
 415 C7H+        1  1  0  7  0  0  0  0  0  0  0  0  0  0  0.39744880D-11
 416 CH3CHOH+    1  5  0  2  0  1  0  0  0  0  0  0  0  0  0.15711387D-18
 417 C2H6+       1  6  0  2  0  0  0  0  0  0  0  0  0  0  0.26452857D-29
 418 C3H3NH+     1  4  0  3  1  0  0  0  0  0  0  0  0  0  0.19260547D-21
 419 C4H4+       1  4  0  4  0  0  0  0  0  0  0  0  0  0  0.11345936D-16
 420 C7N+        1  0  0  7  1  0  0  0  0  0  0  0  0  0  0.53604111D-16
 421 CH3NH3+     1  6  0  1  1  0  0  0  0  0  0  0  0  0  0.97616926D-17
 422 COOCH4+     1  4  0  2  0  2  0  0  0  0  0  0  0  0  0.26922801D-25
 423 H3C4N+      1  3  0  4  1  0  0  0  0  0  0  0  0  0  0.11853436D-17
 424 HC6N+       1  1  0  6  1  0  0  0  0  0  0  0  0  0  0.24946877D-18
 425 C9+         1  0  0  9  0  0  0  0  0  0  0  0  0  0  0.11783914D-12
 426 C8H-       -1  1  0  8  0  0  0  0  0  0  0  0  0  0  0.55839272D-10
 427 C9-        -1  0  0  9  0  0  0  0  0  0  0  0  0  0  0.16700441D-10
 428 C4H5+       1  5  0  4  0  0  0  0  0  0  0  0  0  0  0.19855707D-16
 429 C6H3+       1  3  0  6  0  0  0  0  0  0  0  0  0  0  0.92113019D-14
 430 C7H2+       1  2  0  7  0  0  0  0  0  0  0  0  0  0  0.97773113D-14
 431 C2H5OH+     1  6  0  2  0  1  0  0  0  0  0  0  0  0  0.11859723D-25
 432 H3C4NH+     1  4  0  4  1  0  0  0  0  0  0  0  0  0  0.23534273D-15
 433 C5H3N+      1  3  0  5  1  0  0  0  0  0  0  0  0  0  0.22375041D-17
 434 C5H4+       1  4  0  5  0  0  0  0  0  0  0  0  0  0  0.86838350D-17
 435 HC7N+       1  1  0  7  1  0  0  0  0  0  0  0  0  0  0.86288540D-14
 436 C8H+        1  1  0  8  0  0  0  0  0  0  0  0  0  0  0.40870466D-14
 437 CH3OCH3+    1  6  0  2  0  1  0  0  0  0  0  0  0  0  0.13375958D-26
 438 H5C2O2+     1  5  0  2  0  2  0  0  0  0  0  0  0  0  0.87477655D-25
 439 HC7O+       1  1  0  7  0  1  0  0  0  0  0  0  0  0  0.66926555D-16
 440 C8N+        1  0  0  8  1  0  0  0  0  0  0  0  0  0  0.41416975D-15
 441 H2C6N+      1  2  0  6  1  0  0  0  0  0  0  0  0  0  0.44890022D-15
 442 C2H7+       1  7  0  2  0  0  0  0  0  0  0  0  0  0  0.15032757D-40
 443 C10+        1  0  0 10  0  0  0  0  0  0  0  0  0  0  0.66235883D-13
 444 CH3OCH4+    1  7  0  2  0  1  0  0  0  0  0  0  0  0  0.12533685D-25
 445 C9H-       -1  1  0  9  0  0  0  0  0  0  0  0  0  0  0.64896943D-10
 446 C10-       -1  0  0 10  0  0  0  0  0  0  0  0  0  0  0.83949687D-11
 447 C7H2N+      1  2  0  7  1  0  0  0  0  0  0  0  0  0  0.39591220D-13
 448 C7H3+       1  3  0  7  0  0  0  0  0  0  0  0  0  0  0.29517425D-14
 449 C5H5+       1  5  0  5  0  0  0  0  0  0  0  0  0  0  0.17329009D-16
 450 C8H2+       1  2  0  8  0  0  0  0  0  0  0  0  0  0  0.60606974D-12
 451 C9H+        1  1  0  9  0  0  0  0  0  0  0  0  0  0  0.12906751D-11
 452 C2H5OH2+    1  7  0  2  0  1  0  0  0  0  0  0  0  0  0.29591032D-24
 453 C2H6CO+     1  6  0  3  0  1  0  0  0  0  0  0  0  0  0.38557272D-25
 454 C5H4N+      1  4  0  5  1  0  0  0  0  0  0  0  0  0  0.29934500D-17
 455 C6H4+       1  4  0  6  0  0  0  0  0  0  0  0  0  0  0.46458182D-15
 456 C9N+        1  0  0  9  1  0  0  0  0  0  0  0  0  0  0.17444127D-16
 457 HC8N+       1  1  0  8  1  0  0  0  0  0  0  0  0  0  0.94708564D-19
 458 C10H+       1  1  0 10  0  0  0  0  0  0  0  0  0  0  0.41807758D-12
 459 C10H-      -1  1  0 10  0  0  0  0  0  0  0  0  0  0  0.10476236D-10
 460 C8H3+       1  3  0  8  0  0  0  0  0  0  0  0  0  0  0.42719635D-14
 461 C9H2+       1  2  0  9  0  0  0  0  0  0  0  0  0  0  0.33359470D-14
 462 C3H6OH+     1  7  0  3  0  1  0  0  0  0  0  0  0  0  0.99861997D-25
 463 C4H7+       1  7  0  4  0  0  0  0  0  0  0  0  0  0  0.56894349D-24
 464 H3C6NH+     1  4  0  6  1  0  0  0  0  0  0  0  0  0  0.69998134D-18
 465 C6H5+       1  5  0  6  0  0  0  0  0  0  0  0  0  0  0.14201381D-17
 466 H3C7N+      1  3  0  7  1  0  0  0  0  0  0  0  0  0  0.40387727D-18
 467 C7H4+       1  4  0  7  0  0  0  0  0  0  0  0  0  0  0.11015208D-15
 468 C9HN+       1  1  0  9  1  0  0  0  0  0  0  0  0  0  0.27764546D-14
 469 C11+        1  0  0 11  0  0  0  0  0  0  0  0  0  0  0.19534231D-12
 470 HC9O+       1  1  0  9  0  1  0  0  0  0  0  0  0  0  0.24293972D-16
 471 C10N+       1  0  0 10  1  0  0  0  0  0  0  0  0  0  0.10163517D-15
 472 H2C8N+      1  2  0  8  1  0  0  0  0  0  0  0  0  0  0.17042091D-15
 473 C9H2N+      1  2  0  9  1  0  0  0  0  0  0  0  0  0  0.20673320D-14
 474 C9H3+       1  3  0  9  0  0  0  0  0  0  0  0  0  0  0.42937221D-15
 475 C10H2+      1  2  0 10  0  0  0  0  0  0  0  0  0  0  0.15430357D-14
 476 C7H5+       1  5  0  7  0  0  0  0  0  0  0  0  0  0  0.44335157D-17
 477 C8H4+       1  4  0  8  0  0  0  0  0  0  0  0  0  0  0.41405704D-16
 478 HC10N+      1  1  0 10  1  0  0  0  0  0  0  0  0  0  0.16054395D-19
 479 C6H7+       1  7  0  6  0  0  0  0  0  0  0  0  0  0  0.31546188D-16
 480 C9H4+       1  4  0  9  0  0  0  0  0  0  0  0  0  0  0.56520964D-17
 481 C8H4N+      1  4  0  8  1  0  0  0  0  0  0  0  0  0  0.26610553D-18
 482 C8H5+       1  5  0  8  0  0  0  0  0  0  0  0  0  0  0.35968707D-19
 483 C9H3N+      1  3  0  9  1  0  0  0  0  0  0  0  0  0  0.43474098D-19
 484 C10H3+      1  3  0 10  0  0  0  0  0  0  0  0  0  0  0.54481771D-16
 485 H2C10N+     1  2  0 10  1  0  0  0  0  0  0  0  0  0  0.43333007D-16
 486 C9H5+       1  5  0  9  0  0  0  0  0  0  0  0  0  0  0.20292014D-22
 487 GRAIN0      0  0  0  0  0  0  0  0  0  0  0  0  0  0  0.86435517D-14
 488 GRAIN-     -1  0  0  0  0  0  0  0  0  0  0  0  0  0  0.13128564D-11
 489 XH          0  1  0  0  0  0  0  0  0  0  0  0  0  0  0.49835522D-17
