0.11D+08                                              +-  H  He C  O  S  G    
 JSPACE =            1
   1 H           0  1  0  0  0  0  0  0  0  0  0  0  0  0  0.15939100D-04
   2 C           0  0  0  1  0  0  0  0  0  0  0  0  0  0  0.22385405D-04
   3 Fe          0  0  0  0  0  0  0  0  1  0  0  0  0  0  0.49892570D-10
   4 Mg          0  0  0  0  0  0  0  0  0  0  1  0  0  0  0.29089334D-09
   5 S           0  0  0  0  0  0  0  1  0  0  0  0  0  0  0.56705061D-08
   6 Si          0  0  0  0  0  0  1  0  0  0  0  0  0  0  0.12294582D-08
   7 O           0  0  0  0  0  1  0  0  0  0  0  0  0  0  0.93334176D-04
   8 N           0  0  0  0  1  0  0  0  0  0  0  0  0  0  0.45283984D-04
   9 He          0  0  1  0  0  0  0  0  0  0  0  0  0  0  0.90000000D-01
  10 Cl          0  0  0  0  0  0  0  0  0  0  0  1  0  0  0.98546361D-09
  11 Na          0  0  0  0  0  0  0  0  0  1  0  0  0  0  0.84748039D-10
  12 P           0  0  0  0  0  0  0  0  0  0  0  0  1  0  0.63591950D-11
  13 F           0  0  0  0  0  0  0  0  0  0  0  0  0  1  0.73399165D-11
  14 OH          0  1  0  0  0  1  0  0  0  0  0  0  0  0  0.90026165D-09
  15 CO          0  0  0  1  0  1  0  0  0  0  0  0  0  0  0.14665845D-03
  16 CS          0  0  0  1  0  0  0  1  0  0  0  0  0  0  0.25255707D-08
  17 HS          0  1  0  0  0  0  0  1  0  0  0  0  0  0  0.96743743D-11
  18 N2          0  0  0  0  2  0  0  0  0  0  0  0  0  0  0.83470924D-05
  19 NH          0  1  0  0  1  0  0  0  0  0  0  0  0  0  0.15563783D-10
  20 SiH         0  1  0  0  0  0  1  0  0  0  0  0  0  0  0.45964147D-10
  21 SiO         0  0  0  0  0  1  1  0  0  0  0  0  0  0  0.14968008D-09
  22 SO          0  0  0  0  0  1  0  1  0  0  0  0  0  0  0.21118868D-10
  23 CH          0  1  0  1  0  0  0  0  0  0  0  0  0  0  0.28648902D-08
  24 O2          0  0  0  0  0  2  0  0  0  0  0  0  0  0  0.17384109D-08
  25 H2          0  2  0  0  0  0  0  0  0  0  0  0  0  0  0.49999200D+00
  26 C2          0  0  0  2  0  0  0  0  0  0  0  0  0  0  0.10668045D-08
  27 CN          0  0  0  1  1  0  0  0  0  0  0  0  0  0  0.11992478D-07
  28 MgH         0  1  0  0  0  0  0  0  0  0  1  0  0  0  0.16292321D-15
  29 NaH         0  1  0  0  0  0  0  0  0  1  0  0  0  0  0.52211901D-14
  30 NO          0  0  0  0  1  1  0  0  0  0  0  0  0  0  0.32714121D-09
  31 NS          0  0  0  0  1  0  0  1  0  0  0  0  0  0  0.22859998D-11
  32 PH          0  1  0  0  0  0  0  0  0  0  0  0  1  0  0.45232319D-13
  33 PN          0  0  0  0  1  0  0  0  0  0  0  0  1  0  0.63614741D-10
  34 PO          0  0  0  0  0  1  0  0  0  0  0  0  1  0  0.10037201D-12
  35 S2          0  0  0  0  0  0  0  2  0  0  0  0  0  0  0.98078968D-15
  36 SiC         0  0  0  1  0  0  1  0  0  0  0  0  0  0  0.15689463D-10
  37 SiN         0  0  0  0  1  0  1  0  0  0  0  0  0  0  0.29282496D-10
  38 SiS         0  0  0  0  0  0  1  1  0  0  0  0  0  0  0.45379342D-12
  39 CCl         0  0  0  1  0  0  0  0  0  0  0  1  0  0  0.41153017D-15
  40 ClO         0  0  0  0  0  1  0  0  0  0  0  1  0  0  0.16751751D-54
  41 CP          0  0  0  1  0  0  0  0  0  0  0  0  1  0  0.63022377D-13
  42 HCl         0  1  0  0  0  0  0  0  0  0  0  1  0  0  0.14444491D-10
  43 HF          0  1  0  0  0  0  0  0  0  0  0  0  0  1  0.65855853D-08
  44 CCH         0  1  0  2  0  0  0  0  0  0  0  0  0  0  0.26314081D-08
  45 C3          0  0  0  3  0  0  0  0  0  0  0  0  0  0  0.99600196D-08
  46 CH2         0  2  0  1  0  0  0  0  0  0  0  0  0  0  0.88404549D-08
  47 SO2         0  0  0  0  0  2  0  1  0  0  0  0  0  0  0.62396998D-15
  48 H2O         0  2  0  0  0  1  0  0  0  0  0  0  0  0  0.13757149D-08
  49 HCN         0  1  0  1  1  0  0  0  0  0  0  0  0  0  0.60990131D-08
  50 HCSi        0  1  0  1  0  0  1  0  0  0  0  0  0  0  0.22702394D-10
  51 CCN         0  0  0  2  1  0  0  0  0  0  0  0  0  0  0.98629771D-09
  52 CCS         0  0  0  2  0  0  0  1  0  0  0  0  0  0  0.51839074D-10
  53 CCO         0  0  0  2  0  1  0  0  0  0  0  0  0  0  0.44498658D-11
  54 CCP         0  0  0  2  0  0  0  0  0  0  0  0  1  0  0.22976082D-13
  55 CO2         0  0  0  1  0  2  0  0  0  0  0  0  0  0  0.32061185D-09
  56 H2S         0  2  0  0  0  0  0  1  0  0  0  0  0  0  0.65231596D-13
  57 HCO         0  1  0  1  0  1  0  0  0  0  0  0  0  0  0.66507091D-10
  58 HCP         0  1  0  1  0  0  0  0  0  0  0  0  1  0  0.62653626D-13
  59 HCS         0  1  0  1  0  0  0  1  0  0  0  0  0  0  0.30992310D-12
  60 HNC         0  1  0  1  1  0  0  0  0  0  0  0  0  0  0.13305117D-08
  61 HNO         0  1  0  0  1  1  0  0  0  0  0  0  0  0  0.12925837D-10
  62 HNSi        0  1  0  0  1  0  1  0  0  0  0  0  0  0  0.49803729D-11
  63 HPO         0  1  0  0  0  1  0  0  0  0  0  0  1  0  0.23036401D-17
  64 HSS         0  1  0  0  0  0  0  2  0  0  0  0  0  0  0.63576548D-16
  65 N2O         0  0  0  0  2  1  0  0  0  0  0  0  0  0  0.10713983D-15
  66 NaOH        0  1  0  0  0  1  0  0  0  1  0  0  0  0  0.22878787D-18
  67 NH2         0  2  0  0  1  0  0  0  0  0  0  0  0  0  0.96006931D-11
  68 NO2         0  0  0  0  1  2  0  0  0  0  0  0  0  0  0.18233259D-52
  69 O2H         0  1  0  0  0  2  0  0  0  0  0  0  0  0  0.11284532D-15
  70 OCN         0  0  0  1  1  1  0  0  0  0  0  0  0  0  0.24010046D-10
  71 OCS         0  0  0  1  0  1  0  1  0  0  0  0  0  0  0.33201760D-12
  72 PH2         0  2  0  0  0  0  0  0  0  0  0  0  1  0  0.32833343D-18
  73 c-SiC2      0  0  0  2  0  0  1  0  0  0  0  0  0  0  0.10130741D-10
  74 SiH2        0  2  0  0  0  0  1  0  0  0  0  0  0  0  0.98248961D-16
  75 SiNC        0  0  0  1  1  0  1  0  0  0  0  0  0  0  0.32519219D-13
  76 SiO2        0  0  0  0  0  2  1  0  0  0  0  0  0  0  0.20752791D-15
  77 C4          0  0  0  4  0  0  0  0  0  0  0  0  0  0  0.23558460D-09
  78 c-C3H       0  1  0  3  0  0  0  0  0  0  0  0  0  0  0.46608362D-09
  79 l-C3H       0  1  0  3  0  0  0  0  0  0  0  0  0  0  0.38794523D-09
  80 CH3         0  3  0  1  0  0  0  0  0  0  0  0  0  0  0.63013163D-11
  81 C2H2        0  2  0  2  0  0  0  0  0  0  0  0  0  0  0.12555966D-08
  82 NH3         0  3  0  0  1  0  0  0  0  0  0  0  0  0  0.13567726D-10
  83 SiCH2       0  2  0  1  0  0  1  0  0  0  0  0  0  0  0.27210851D-15
  84 C3N         0  0  0  3  1  0  0  0  0  0  0  0  0  0  0.31120435D-09
  85 C3O         0  0  0  3  0  1  0  0  0  0  0  0  0  0  0.13273086D-09
  86 C3P         0  0  0  3  0  0  0  0  0  0  0  0  1  0  0.69971715D-17
  87 C3S         0  0  0  3  0  0  0  1  0  0  0  0  0  0  0.72517101D-10
  88 H2CO        0  2  0  1  0  1  0  0  0  0  0  0  0  0  0.20795900D-10
  89 H2CS        0  2  0  1  0  0  0  1  0  0  0  0  0  0  0.46261963D-13
  90 HOOH        0  2  0  0  0  2  0  0  0  0  0  0  0  0  0.51097596D-20
  91 HSSH        0  2  0  0  0  0  0  2  0  0  0  0  0  0  0.48007903D-16
  92 H2SiO       0  2  0  0  0  1  1  0  0  0  0  0  0  0  0.42480808D-21
  93 HCCP        0  1  0  2  0  0  0  0  0  0  0  0  1  0  0.51820361D-15
  94 HCCSi       0  1  0  2  0  0  1  0  0  0  0  0  0  0  0.16780770D-12
  95 l-SiC3      0  0  0  3  0  0  1  0  0  0  0  0  0  0  0.30401651D-11
  96 SiH3        0  3  0  0  0  0  1  0  0  0  0  0  0  0  0.20917035D-21
  97 H2CN        0  2  0  1  1  0  0  0  0  0  0  0  0  0  0.21365464D-11
  98 C5          0  0  0  5  0  0  0  0  0  0  0  0  0  0  0.99452460D-10
  99 c-C3H2      0  2  0  3  0  0  0  0  0  0  0  0  0  0  0.15489436D-08
 100 l-C3H2      0  2  0  3  0  0  0  0  0  0  0  0  0  0  0.96521825D-09
 101 C4H         0  1  0  4  0  0  0  0  0  0  0  0  0  0  0.44870325D-09
 102 CH4         0  4  0  1  0  0  0  0  0  0  0  0  0  0  0.34544565D-10
 103 HC3N        0  1  0  3  1  0  0  0  0  0  0  0  0  0  0.15488955D-09
 104 H2CCN       0  2  0  2  1  0  0  0  0  0  0  0  0  0  0.20417406D-11
 105 H2CCO       0  2  0  2  0  1  0  0  0  0  0  0  0  0  0.35887707D-10
 106 C2H3        0  3  0  2  0  0  0  0  0  0  0  0  0  0  0.92874720D-11
 107 C4N         0  0  0  4  1  0  0  0  0  0  0  0  0  0  0.13550956D-09
 108 C4P         0  0  0  4  0  0  0  0  0  0  0  0  1  0  0.23962468D-16
 109 C4S         0  0  0  4  0  0  0  1  0  0  0  0  0  0  0.17299544D-11
 110 HCOOH       0  2  0  1  0  2  0  0  0  0  0  0  0  0  0.11962353D-14
 111 CH2PH       0  3  0  1  0  0  0  0  0  0  0  0  1  0  0.24955453D-22
 112 CH2NH       0  3  0  1  1  0  0  0  0  0  0  0  0  0  0.98343081D-15
 113 c-HCCHSi    0  2  0  2  0  0  1  0  0  0  0  0  0  0  0.86472299D-14
 114 SiC3H       0  1  0  3  0  0  1  0  0  0  0  0  0  0  0.43887952D-14
 115 SiC4        0  0  0  4  0  0  1  0  0  0  0  0  0  0  0.12170892D-14
 116 SiCH3       0  3  0  1  0  0  1  0  0  0  0  0  0  0  0.66188783D-17
 117 SiH4        0  4  0  0  0  0  1  0  0  0  0  0  0  0  0.22547855D-20
 118 HCNCC       0  1  0  3  1  0  0  0  0  0  0  0  0  0  0.64823261D-13
 119 HCCNC       0  1  0  3  1  0  0  0  0  0  0  0  0  0  0.19366267D-12
 120 HNCCC       0  1  0  3  1  0  0  0  0  0  0  0  0  0  0.15664780D-12
 121 NH2CN       0  2  0  1  2  0  0  0  0  0  0  0  0  0  0.00000000D+00
 122 C6          0  0  0  6  0  0  0  0  0  0  0  0  0  0  0.12068011D-10
 123 CH3CN       0  3  0  2  1  0  0  0  0  0  0  0  0  0  0.72036295D-12
 124 CH2CCH      0  3  0  3  0  0  0  0  0  0  0  0  0  0  0.20577445D-11
 125 C2H4        0  4  0  2  0  0  0  0  0  0  0  0  0  0  0.16626226D-14
 126 NC4N        0  0  0  4  2  0  0  0  0  0  0  0  0  0  0.50405972D-10
 127 H2CSiCH     0  3  0  2  0  0  1  0  0  0  0  0  0  0  0.20538019D-16
 128 SiC4H       0  1  0  4  0  0  1  0  0  0  0  0  0  0  0.15923471D-10
 129 HC4N        0  1  0  4  1  0  0  0  0  0  0  0  0  0  0.25373050D-12
 130 C4H2        0  2  0  4  0  0  0  0  0  0  0  0  0  0  0.11520231D-08
 131 C5H         0  1  0  5  0  0  0  0  0  0  0  0  0  0  0.19505172D-09
 132 C5N         0  0  0  5  1  0  0  0  0  0  0  0  0  0  0.51740805D-10
 133 CH3OH       0  4  0  1  0  1  0  0  0  0  0  0  0  0  0.24356576D-17
 134 NH2CHO      0  3  0  1  1  1  0  0  0  0  0  0  0  0  0.31731286D-17
 135 C5O         0  0  0  5  0  1  0  0  0  0  0  0  0  0  0.27105575D-10
 136 C7          0  0  0  7  0  0  0  0  0  0  0  0  0  0  0.23282423D-11
 137 HC5N        0  1  0  5  1  0  0  0  0  0  0  0  0  0  0.15779488D-10
 138 SiC2CH3     0  3  0  3  0  0  1  0  0  0  0  0  0  0  0.78627394D-18
 139 CH3CHO      0  4  0  2  0  1  0  0  0  0  0  0  0  0  0.60541064D-18
 140 C2H5        0  5  0  2  0  0  0  0  0  0  0  0  0  0  0.12895657D-23
 141 CH2CHCN     0  3  0  3  1  0  0  0  0  0  0  0  0  0  0.11884611D-17
 142 CH3CCH      0  4  0  3  0  0  0  0  0  0  0  0  0  0  0.56884943D-16
 143 C5H2        0  2  0  5  0  0  0  0  0  0  0  0  0  0  0.23148470D-09
 144 C6H         0  1  0  6  0  0  0  0  0  0  0  0  0  0  0.51761044D-10
 145 CH3NH2      0  5  0  1  1  0  0  0  0  0  0  0  0  0  0.49119857D-15
 146 C4H3        0  3  0  4  0  0  0  0  0  0  0  0  0  0  0.50072513D-16
 147 C6N         0  0  0  6  1  0  0  0  0  0  0  0  0  0  0.21084979D-10
 148 C8          0  0  0  8  0  0  0  0  0  0  0  0  0  0  0.16586697D-11
 149 HC6N        0  1  0  6  1  0  0  0  0  0  0  0  0  0  0.25852328D-13
 150 NC6N        0  0  0  6  2  0  0  0  0  0  0  0  0  0  0.45081983D-11
 151 SiC6H       0  1  0  6  0  0  1  0  0  0  0  0  0  0  0.21243872D-11
 152 CH2CHC2H    0  4  0  4  0  0  0  0  0  0  0  0  0  0  0.15769243D-15
 153 C6H2        0  2  0  6  0  0  0  0  0  0  0  0  0  0  0.15369407D-09
 154 C7H         0  1  0  7  0  0  0  0  0  0  0  0  0  0  0.14191936D-10
 155 C7N         0  0  0  7  1  0  0  0  0  0  0  0  0  0  0.80939762D-11
 156 CH3C3N      0  3  0  4  1  0  0  0  0  0  0  0  0  0  0.63806761D-14
 157 HCOOCH3     0  4  0  2  0  2  0  0  0  0  0  0  0  0  0.39597201D-23
 158 C2H6        0  6  0  2  0  0  0  0  0  0  0  0  0  0  0.93630288D-35
 159 C7O         0  0  0  7  0  1  0  0  0  0  0  0  0  0  0.19721980D-11
 160 C9          0  0  0  9  0  0  0  0  0  0  0  0  0  0  0.57491827D-12
 161 HC7N        0  1  0  7  1  0  0  0  0  0  0  0  0  0  0.47458484D-11
 162 SiC3H5      0  5  0  3  0  0  1  0  0  0  0  0  0  0  0.00000000D+00
 163 CH3CH2OH    0  6  0  2  0  1  0  0  0  0  0  0  0  0  0.89283039D-23
 164 C7H2        0  2  0  7  0  0  0  0  0  0  0  0  0  0  0.28278573D-10
 165 C8H         0  1  0  8  0  0  0  0  0  0  0  0  0  0  0.13809218D-10
 166 CH3C4H      0  4  0  5  0  0  0  0  0  0  0  0  0  0  0.18141717D-15
 167 CH3OCH3     0  6  0  2  0  1  0  0  0  0  0  0  0  0  0.44826967D-24
 168 CH3CHCH2    0  6  0  3  0  0  0  0  0  0  0  0  0  0  0.00000000D+00
 169 C8N         0  0  0  8  1  0  0  0  0  0  0  0  0  0  0.44493561D-11
 170 C10         0  0  0 10  0  0  0  0  0  0  0  0  0  0  0.10231302D-11
 171 CH3COCH3    0  6  0  3  0  1  0  0  0  0  0  0  0  0  0.78187481D-24
 172 C8H2        0  2  0  8  0  0  0  0  0  0  0  0  0  0  0.47497219D-10
 173 C9H         0  1  0  9  0  0  0  0  0  0  0  0  0  0  0.43205026D-11
 174 C9N         0  0  0  9  1  0  0  0  0  0  0  0  0  0  0.23355968D-11
 175 CH3C5N      0  3  0  6  1  0  0  0  0  0  0  0  0  0  0.26988071D-16
 176 HC8N        0  1  0  8  1  0  0  0  0  0  0  0  0  0  0.77753620D-14
 177 NC8N        0  0  0  8  2  0  0  0  0  0  0  0  0  0  0.13558885D-11
 178 SiC8H       0  1  0  8  0  0  1  0  0  0  0  0  0  0  0.65651511D-12
 179 CH2CHCHCH2  0  6  0  4  0  0  0  0  0  0  0  0  0  0  0.00000000D+00
 180 C9O         0  0  0  9  0  1  0  0  0  0  0  0  0  0  0.60040338D-12
 181 HC9N        0  1  0  9  1  0  0  0  0  0  0  0  0  0  0.10991498D-11
 182 C10H        0  1  0 10  0  0  0  0  0  0  0  0  0  0  0.30692928D-11
 183 C9H2        0  2  0  9  0  0  0  0  0  0  0  0  0  0  0.77164012D-11
 184 CH3C6H      0  4  0  7  0  0  0  0  0  0  0  0  0  0  0.11767624D-16
 185 C11         0  0  0 11  0  0  0  0  0  0  0  0  0  0  0.46076870D-11
 186 C10N        0  0  0 10  1  0  0  0  0  0  0  0  0  0  0.69464308D-12
 187 CH3C7N      0  3  0  8  1  0  0  0  0  0  0  0  0  0  0.78843629D-17
 188 C10H2       0  2  0 10  0  0  0  0  0  0  0  0  0  0  0.87928141D-11
 189 C6H6        0  6  0  6  0  0  0  0  0  0  0  0  0  0  0.20231561D-13
 190 Si+         1  0  0  0  0  0  1  0  0  0  0  0  0  0  0.64619836D-08
 191 C+          1  0  0  1  0  0  0  0  0  0  0  0  0  0  0.85154827D-06
 192 C-         -1  0  0  1  0  0  0  0  0  0  0  0  0  0  0.63938972D-13
 193 H-         -1  1  0  0  0  0  0  0  0  0  0  0  0  0  0.21365822D-13
 194 O-         -1  0  0  0  0  1  0  0  0  0  0  0  0  0  0.36059338D-15
 195 S-         -1  0  0  0  0  0  0  1  0  0  0  0  0  0  0.29265670D-16
 196 He+         1  0  1  0  0  0  0  0  0  0  0  0  0  0  0.20574802D-10
 197 H+          1  1  0  0  0  0  0  0  0  0  0  0  0  0  0.18086902D-09
 198 Fe+         1  0  0  0  0  0  0  0  1  0  0  0  0  0  0.29501075D-08
 199 Mg+         1  0  0  0  0  0  0  0  0  0  1  0  0  0  0.67091065D-08
 200 N+          1  0  0  0  1  0  0  0  0  0  0  0  0  0  0.13715153D-14
 201 Na+         1  0  0  0  0  0  0  0  0  1  0  0  0  0  0.19152457D-08
 202 O+          1  0  0  0  0  1  0  0  0  0  0  0  0  0  0.48044023D-14
 203 S+          1  0  0  0  0  0  0  1  0  0  0  0  0  0  0.71633952D-07
 204 Cl+         1  0  0  0  0  0  0  0  0  0  0  1  0  0  0.53324314D-17
 205 F+          1  0  0  0  0  0  0  0  0  0  0  0  0  1  0.15528770D-17
 206 P+          1  0  0  0  0  0  0  0  0  0  0  0  1  0  0.12971971D-09
 207 e-         -1  0  0  0  0  0  0  0  0  0  0  0  0  0  0.94194836D-06
 208 CH+         1  1  0  1  0  0  0  0  0  0  0  0  0  0  0.22392712D-13
 209 H2+         1  2  0  0  0  0  0  0  0  0  0  0  0  0  0.57797340D-13
 210 OH+         1  1  0  0  0  1  0  0  0  0  0  0  0  0  0.22429496D-13
 211 SiH+        1  1  0  0  0  0  1  0  0  0  0  0  0  0  0.23298654D-12
 212 C2+         1  0  0  2  0  0  0  0  0  0  0  0  0  0  0.77847975D-14
 213 CN-        -1  0  0  1  1  0  0  0  0  0  0  0  0  0  0.53731408D-12
 214 OH-        -1  1  0  0  0  1  0  0  0  0  0  0  0  0  0.88520195D-14
 215 CF+         1  0  0  1  0  0  0  0  0  0  0  0  0  1  0.86542513D-10
 216 HS+         1  1  0  0  0  0  0  1  0  0  0  0  0  0  0.11165454D-12
 217 SO+         1  0  0  0  0  1  0  1  0  0  0  0  0  0  0.96298850D-12
 218 CCl+        1  0  0  1  0  0  0  0  0  0  0  1  0  0  0.85768382D-13
 219 ClO+        1  0  0  0  0  1  0  0  0  0  0  1  0  0  0.16565827D-56
 220 CN+         1  0  0  1  1  0  0  0  0  0  0  0  0  0  0.65917749D-16
 221 CO+         1  0  0  1  0  1  0  0  0  0  0  0  0  0  0.50239647D-14
 222 CP+         1  0  0  1  0  0  0  0  0  0  0  0  1  0  0.35991043D-18
 223 CS+         1  0  0  1  0  0  0  1  0  0  0  0  0  0  0.32930110D-14
 224 HCl+        1  1  0  0  0  0  0  0  0  0  0  1  0  0  0.42911932D-17
 225 HF+         1  1  0  0  0  0  0  0  0  0  0  0  0  1  0.11940676D-17
 226 HeH+        1  1  1  0  0  0  0  0  0  0  0  0  0  0  0.28758243D-20
 227 N2+         1  0  0  0  2  0  0  0  0  0  0  0  0  0  0.80845587D-16
 228 NH+         1  1  0  0  1  0  0  0  0  0  0  0  0  0  0.69666989D-15
 229 NO+         1  0  0  0  1  1  0  0  0  0  0  0  0  0  0.52960257D-12
 230 NS+         1  0  0  0  1  0  0  1  0  0  0  0  0  0  0.15909376D-12
 231 O2+         1  0  0  0  0  2  0  0  0  0  0  0  0  0  0.17204707D-13
 232 PH+         1  1  0  0  0  0  0  0  0  0  0  0  1  0  0.34173185D-15
 233 PN+         1  0  0  0  1  0  0  0  0  0  0  0  1  0  0.88384565D-15
 234 PO+         1  0  0  0  0  1  0  0  0  0  0  0  1  0  0.51262159D-14
 235 S2+         1  0  0  0  0  0  0  2  0  0  0  0  0  0  0.17471872D-15
 236 SiC+        1  0  0  1  0  0  1  0  0  0  0  0  0  0  0.30616126D-15
 237 SiN+        1  0  0  0  1  0  1  0  0  0  0  0  0  0  0.21872440D-12
 238 SiO+        1  0  0  0  0  1  1  0  0  0  0  0  0  0  0.32278517D-15
 239 SiS+        1  0  0  0  0  0  1  1  0  0  0  0  0  0  0.43082223D-17
 240 SiF+        1  0  0  0  0  0  1  0  0  0  0  0  0  1  0.52612048D-12
 241 CH2+        1  2  0  1  0  0  0  0  0  0  0  0  0  0  0.28930570D-12
 242 C2N+        1  0  0  2  1  0  0  0  0  0  0  0  0  0  0.10599209D-14
 243 CNC+        1  0  0  2  1  0  0  0  0  0  0  0  0  0  0.75119575D-10
 244 HSiO+       1  1  0  0  0  1  1  0  0  0  0  0  0  0  0.87443646D-12
 245 N2H+        1  1  0  0  2  0  0  0  0  0  0  0  0  0  0.29467474D-11
 246 C2H+        1  1  0  2  0  0  0  0  0  0  0  0  0  0  0.28619457D-13
 247 H3+         1  3  0  0  0  0  0  0  0  0  0  0  0  0  0.10563518D-09
 248 C3-        -1  0  0  3  0  0  0  0  0  0  0  0  0  0  0.50628618D-11
 249 HCO+        1  1  0  1  0  1  0  0  0  0  0  0  0  0  0.11474320D-09
 250 HSO+        1  1  0  0  0  1  0  1  0  0  0  0  0  0  0.82187741D-16
 251 H2S+        1  2  0  0  0  0  0  1  0  0  0  0  0  0  0.98477153D-12
 252 HCS+        1  1  0  1  0  0  0  1  0  0  0  0  0  0  0.13879529D-11
 253 HPO+        1  1  0  0  0  1  0  0  0  0  0  0  1  0  0.79307485D-15
 254 C2O+        1  0  0  2  0  1  0  0  0  0  0  0  0  0  0.52732937D-13
 255 C2S+        1  0  0  2  0  0  0  1  0  0  0  0  0  0  0.13550123D-11
 256 C3+         1  0  0  3  0  0  0  0  0  0  0  0  0  0  0.53974334D-13
 257 CCP+        1  0  0  2  0  0  0  0  0  0  0  0  1  0  0.24788104D-15
 258 CHSi+       1  1  0  1  0  0  1  0  0  0  0  0  0  0  0.56937567D-15
 259 CO2+        1  0  0  1  0  2  0  0  0  0  0  0  0  0  0.18972543D-20
 260 H2Cl+       1  2  0  0  0  0  0  0  0  0  0  1  0  0  0.56456402D-14
 261 H2F+        1  2  0  0  0  0  0  0  0  0  0  0  0  1  0.60790729D-14
 262 H2O+        1  2  0  0  0  1  0  0  0  0  0  0  0  0  0.52267145D-13
 263 HCN+        1  1  0  1  1  0  0  0  0  0  0  0  0  0  0.63098489D-15
 264 HCP+        1  1  0  1  0  0  0  0  0  0  0  0  1  0  0.46697949D-18
 265 HNC+        1  1  0  1  1  0  0  0  0  0  0  0  0  0  0.14673832D-15
 266 HNO+        1  1  0  0  1  1  0  0  0  0  0  0  0  0  0.24081397D-14
 267 HNS+        1  1  0  0  1  0  0  1  0  0  0  0  0  0  0.67828793D-17
 268 HNSi+       1  1  0  0  1  0  1  0  0  0  0  0  0  0  0.37286834D-16
 269 HOC+        1  1  0  1  0  1  0  0  0  0  0  0  0  0  0.17939338D-11
 270 HPN+        1  1  0  0  1  0  0  0  0  0  0  0  1  0  0.28520581D-15
 271 HSiS+       1  1  0  0  0  0  1  1  0  0  0  0  0  0  0.88036873D-14
 272 NaH2+       1  2  0  0  0  0  0  0  0  1  0  0  0  0  0.10352663D-14
 273 NCO+        1  0  0  1  1  1  0  0  0  0  0  0  0  0  0.76140992D-16
 274 NH2+        1  2  0  0  1  0  0  0  0  0  0  0  0  0  0.57739308D-14
 275 NO2+        1  0  0  0  1  2  0  0  0  0  0  0  0  0  0.29877538D-20
 276 HO2+        1  1  0  0  0  2  0  0  0  0  0  0  0  0  0.73308185D-18
 277 OCS+        1  0  0  1  0  1  0  1  0  0  0  0  0  0  0.14156103D-12
 278 PH2+        1  2  0  0  0  0  0  0  0  0  0  0  1  0  0.26494567D-14
 279 HS2+        1  1  0  0  0  0  0  2  0  0  0  0  0  0  0.52461716D-17
 280 SiC2+       1  0  0  2  0  0  1  0  0  0  0  0  0  0  0.11302908D-15
 281 SiH2+       1  2  0  0  0  0  1  0  0  0  0  0  0  0  0.41137799D-11
 282 SiNC+       1  0  0  1  1  0  1  0  0  0  0  0  0  0  0.62635407D-12
 283 SO2+        1  0  0  0  0  2  0  1  0  0  0  0  0  0  0.63826348D-23
 284 HCNH+       1  2  0  1  1  0  0  0  0  0  0  0  0  0  0.28345320D-11
 285 HC2N+       1  1  0  2  1  0  0  0  0  0  0  0  0  0  0.19550715D-15
 286 C3H+        1  1  0  3  0  0  0  0  0  0  0  0  0  0  0.19398238D-11
 287 C4+         1  0  0  4  0  0  0  0  0  0  0  0  0  0  0.15080959D-12
 288 H2CO+       1  2  0  1  0  1  0  0  0  0  0  0  0  0  0.40494364D-13
 289 CH3+        1  3  0  1  0  0  0  0  0  0  0  0  0  0  0.14396774D-09
 290 C3N-       -1  0  0  3  1  0  0  0  0  0  0  0  0  0  0.68321855D-12
 291 C4-        -1  0  0  4  0  0  0  0  0  0  0  0  0  0  0.26620342D-10
 292 H3O+        1  3  0  0  0  1  0  0  0  0  0  0  0  0  0.29658744D-10
 293 H2NO+       1  2  0  0  1  1  0  0  0  0  0  0  0  0  0.19271650D-14
 294 H3S+        1  3  0  0  0  0  0  1  0  0  0  0  0  0  0.73753291D-16
 295 HC2S+       1  1  0  2  0  0  0  1  0  0  0  0  0  0  0.23481451D-12
 296 HOCS+       1  1  0  1  0  1  0  1  0  0  0  0  0  0  0.19738636D-16
 297 PCH2+       1  2  0  1  0  0  0  0  0  0  0  0  1  0  0.64522435D-15
 298 H2S2+       1  2  0  0  0  0  0  2  0  0  0  0  0  0  0.40137035D-21
 299 C2H2+       1  2  0  2  0  0  0  0  0  0  0  0  0  0  0.21257228D-10
 300 C2HO+       1  1  0  2  0  1  0  0  0  0  0  0  0  0  0.32175389D-12
 301 C2N2+       1  0  0  2  2  0  0  0  0  0  0  0  0  0  0.59425747D-21
 302 C3N+        1  0  0  3  1  0  0  0  0  0  0  0  0  0  0.71766042D-18
 303 C3O+        1  0  0  3  0  1  0  0  0  0  0  0  0  0  0.52599871D-12
 304 C3S+        1  0  0  3  0  0  0  1  0  0  0  0  0  0  0.13844768D-11
 305 CH2Si+      1  2  0  1  0  0  1  0  0  0  0  0  0  0  0.51877563D-12
 306 H2CCl+      1  2  0  1  0  0  0  0  0  0  0  1  0  0  0.13447569D-16
 307 H2CS+       1  2  0  1  0  0  0  1  0  0  0  0  0  0  0.10223811D-16
 308 H2NC+       1  2  0  1  1  0  0  0  0  0  0  0  0  0  0.16368672D-11
 309 H2PO+       1  2  0  0  0  1  0  0  0  0  0  0  1  0  0.13932002D-20
 310 H2SiO+      1  2  0  0  0  1  1  0  0  0  0  0  0  0  0.69966173D-18
 311 HOCO+       1  1  0  1  0  2  0  0  0  0  0  0  0  0  0.12191585D-15
 312 HNCO+       1  1  0  1  1  1  0  0  0  0  0  0  0  0  0.18549716D-21
 313 HSiO2+      1  1  0  0  0  2  1  0  0  0  0  0  0  0  0.12534729D-21
 314 HSO2+       1  1  0  0  0  2  0  1  0  0  0  0  0  0  0.92248063D-21
 315 NaH2O+      1  2  0  0  0  1  0  0  0  1  0  0  0  0  0.14210707D-19
 316 NH3+        1  3  0  0  1  0  0  0  0  0  0  0  0  0  0.75003989D-12
 317 PC2H+       1  1  0  2  0  0  0  0  0  0  0  0  1  0  0.54630647D-15
 318 PH3+        1  3  0  0  0  0  0  0  0  0  0  0  1  0  0.23571905D-19
 319 PNH2+       1  2  0  0  1  0  0  0  0  0  0  0  1  0  0.70309299D-17
 320 SiC2H+      1  1  0  2  0  0  1  0  0  0  0  0  0  0  0.23395754D-12
 321 l-SiC3+     1  0  0  3  0  0  1  0  0  0  0  0  0  0  0.13168910D-12
 322 SiH3+       1  3  0  0  0  0  1  0  0  0  0  0  0  0  0.13867655D-16
 323 SiNCH+      1  1  0  1  1  0  1  0  0  0  0  0  0  0  0.29236762D-15
 324 HSiNH+      1  2  0  0  1  0  1  0  0  0  0  0  0  0  0.50499387D-13
 325 HN2O+       1  1  0  0  2  1  0  0  0  0  0  0  0  0  0.19296875D-22
 326 C2H3+       1  3  0  2  0  0  0  0  0  0  0  0  0  0  0.27734603D-12
 327 c-C3H2+     1  2  0  3  0  0  0  0  0  0  0  0  0  0  0.21263795D-11
 328 l-C3H2+     1  2  0  3  0  0  0  0  0  0  0  0  0  0  0.42224008D-12
 329 C4H+        1  1  0  4  0  0  0  0  0  0  0  0  0  0  0.21679898D-12
 330 C5+         1  0  0  5  0  0  0  0  0  0  0  0  0  0  0.11035394D-13
 331 HC3O+       1  1  0  3  0  1  0  0  0  0  0  0  0  0  0.43008705D-15
 332 C4H-       -1  1  0  4  0  0  0  0  0  0  0  0  0  0  0.38134120D-10
 333 C5-        -1  0  0  5  0  0  0  0  0  0  0  0  0  0  0.24128949D-10
 334 NH4+        1  4  0  0  1  0  0  0  0  0  0  0  0  0  0.40015734D-13
 335 H3CS+       1  3  0  1  0  0  0  1  0  0  0  0  0  0  0.46839049D-15
 336 H2COH+      1  3  0  1  0  1  0  0  0  0  0  0  0  0  0.12548493D-15
 337 H3S2+       1  3  0  0  0  0  0  2  0  0  0  0  0  0  0.12164207D-18
 338 HC3S+       1  1  0  3  0  0  0  1  0  0  0  0  0  0  0.25699247D-11
 339 PC3H+       1  1  0  3  0  0  0  0  0  0  0  0  1  0  0.43848570D-19
 340 PCH3+       1  3  0  1  0  0  0  0  0  0  0  0  1  0  0.17548467D-22
 341 PNH3+       1  3  0  0  1  0  0  0  0  0  0  0  1  0  0.12335755D-22
 342 SiC2H2+     1  2  0  2  0  0  1  0  0  0  0  0  0  0  0.33547432D-15
 343 SiC3H+      1  1  0  3  0  0  1  0  0  0  0  0  0  0  0.15947864D-12
 344 SiC4+       1  0  0  4  0  0  1  0  0  0  0  0  0  0  0.17653153D-13
 345 SiCH3+      1  3  0  1  0  0  1  0  0  0  0  0  0  0  0.10954327D-18
 346 SiH4+       1  4  0  0  0  0  1  0  0  0  0  0  0  0  0.13632055D-29
 347 CH2CN+      1  2  0  2  1  0  0  0  0  0  0  0  0  0  0.23893340D-12
 348 H2CCO+      1  2  0  2  0  1  0  0  0  0  0  0  0  0  0.15383667D-12
 349 HC3N+       1  1  0  3  1  0  0  0  0  0  0  0  0  0  0.74180138D-14
 350 C4N+        1  0  0  4  1  0  0  0  0  0  0  0  0  0  0.12274491D-14
 351 C4P+        1  0  0  4  0  0  0  0  0  0  0  0  1  0  0.29754256D-22
 352 C4S+        1  0  0  4  0  0  0  1  0  0  0  0  0  0  0.18451457D-12
 353 HCOOH+      1  2  0  1  0  2  0  0  0  0  0  0  0  0  0.13654969D-18
 354 CH4+        1  4  0  1  0  0  0  0  0  0  0  0  0  0  0.28782933D-17
 355 H3SiO+      1  3  0  0  0  1  1  0  0  0  0  0  0  0  0.78823967D-24
 356 PC2H2+      1  2  0  2  0  0  0  0  0  0  0  0  1  0  0.26429060D-16
 357 C6+         1  0  0  6  0  0  0  0  0  0  0  0  0  0  0.67924227D-13
 358 HC4N+       1  1  0  4  1  0  0  0  0  0  0  0  0  0  0.10689280D-18
 359 C5H-       -1  1  0  5  0  0  0  0  0  0  0  0  0  0  0.76836114D-10
 360 C6-        -1  0  0  6  0  0  0  0  0  0  0  0  0  0  0.16838412D-10
 361 CH3CO+      1  3  0  2  0  1  0  0  0  0  0  0  0  0  0.70426559D-13
 362 C2H4+       1  4  0  2  0  0  0  0  0  0  0  0  0  0  0.25581012D-11
 363 HC3NH+      1  2  0  3  1  0  0  0  0  0  0  0  0  0  0.57544164D-13
 364 HC4S+       1  1  0  4  0  0  0  1  0  0  0  0  0  0  0.10762874D-12
 365 CH5+        1  5  0  1  0  0  0  0  0  0  0  0  0  0  0.14275011D-12
 366 C4H2+       1  2  0  4  0  0  0  0  0  0  0  0  0  0  0.36186440D-10
 367 C5H+        1  1  0  5  0  0  0  0  0  0  0  0  0  0  0.23888111D-11
 368 CH3CN+      1  3  0  2  1  0  0  0  0  0  0  0  0  0  0.40324564D-13
 369 c-C3H3+     1  3  0  3  0  0  0  0  0  0  0  0  0  0  0.60604130D-11
 370 l-C3H3+     1  3  0  3  0  0  0  0  0  0  0  0  0  0  0.60619466D-11
 371 C5N+        1  0  0  5  1  0  0  0  0  0  0  0  0  0  0.28832873D-16
 372 CH3O2+      1  3  0  1  0  2  0  0  0  0  0  0  0  0  0.17536546D-17
 373 CH2NH2+     1  4  0  1  1  0  0  0  0  0  0  0  0  0  0.14844487D-16
 374 CH3OH+      1  4  0  1  0  1  0  0  0  0  0  0  0  0  0.42900095D-20
 375 H2C3O+      1  2  0  3  0  1  0  0  0  0  0  0  0  0  0.13346856D-15
 376 HC2NCH+     1  2  0  3  1  0  0  0  0  0  0  0  0  0  0.31356172D-14
 377 HC4O+       1  1  0  4  0  1  0  0  0  0  0  0  0  0  0.82176267D-12
 378 NH2CNH+     1  3  0  1  2  0  0  0  0  0  0  0  0  0  0.00000000D+00
 379 PC2H3+      1  3  0  2  0  0  0  0  0  0  0  0  1  0  0.47686184D-25
 380 PC4H+       1  1  0  4  0  0  0  0  0  0  0  0  1  0  0.49757540D-18
 381 PCH4+       1  4  0  1  0  0  0  0  0  0  0  0  1  0  0.87744783D-24
 382 SiC2H3+     1  3  0  2  0  0  1  0  0  0  0  0  0  0  0.16238940D-15
 383 SiC3H2+     1  2  0  3  0  0  1  0  0  0  0  0  0  0  0.59836103D-16
 384 SiC4H+      1  1  0  4  0  0  1  0  0  0  0  0  0  0  0.24800117D-16
 385 SiCH4+      1  4  0  1  0  0  1  0  0  0  0  0  0  0  0.94287934D-19
 386 SiH5+       1  5  0  0  0  0  1  0  0  0  0  0  0  0  0.23657554D-22
 387 C7+         1  0  0  7  0  0  0  0  0  0  0  0  0  0  0.10312250D-13
 388 H2C4N+      1  2  0  4  1  0  0  0  0  0  0  0  0  0  0.15915254D-18
 389 C6H-       -1  1  0  6  0  0  0  0  0  0  0  0  0  0  0.23330188D-10
 390 C7-        -1  0  0  7  0  0  0  0  0  0  0  0  0  0  0.83030527D-11
 391 C4H3+       1  3  0  4  0  0  0  0  0  0  0  0  0  0  0.46569109D-12
 392 C5H2+       1  2  0  5  0  0  0  0  0  0  0  0  0  0  0.20827029D-14
 393 CH3CNH+     1  4  0  2  1  0  0  0  0  0  0  0  0  0  0.30973077D-13
 394 C2H4O+      1  4  0  2  0  1  0  0  0  0  0  0  0  0  0.10497160D-19
 395 C2H5+       1  5  0  2  0  0  0  0  0  0  0  0  0  0  0.49338212D-17
 396 C3H3N+      1  3  0  3  1  0  0  0  0  0  0  0  0  0  0.43345715D-19
 397 C3H4+       1  4  0  3  0  0  0  0  0  0  0  0  0  0  0.79425407D-18
 398 HC5N+       1  1  0  5  1  0  0  0  0  0  0  0  0  0  0.71652450D-14
 399 C6H+        1  1  0  6  0  0  0  0  0  0  0  0  0  0  0.76721347D-12
 400 CH3NH2+     1  5  0  1  1  0  0  0  0  0  0  0  0  0  0.17882746D-17
 401 CH3OH2+     1  5  0  1  0  1  0  0  0  0  0  0  0  0  0.34268469D-18
 402 H3C3O+      1  3  0  3  0  1  0  0  0  0  0  0  0  0  0.12925756D-16
 403 NH2CH2O+    1  4  0  1  1  1  0  0  0  0  0  0  0  0  0.77060327D-23
 404 PC2H4+      1  4  0  2  0  0  0  0  0  0  0  0  1  0  0.13096440D-25
 405 PC4H2+      1  2  0  4  0  0  0  0  0  0  0  0  1  0  0.16870887D-20
 406 HC5O+       1  1  0  5  0  1  0  0  0  0  0  0  0  0  0.77563363D-16
 407 C6N+        1  0  0  6  1  0  0  0  0  0  0  0  0  0  0.16193570D-15
 408 H2C5N+      1  2  0  5  1  0  0  0  0  0  0  0  0  0  0.65470906D-14
 409 C8+         1  0  0  8  0  0  0  0  0  0  0  0  0  0  0.57023696D-13
 410 C7H-       -1  1  0  7  0  0  0  0  0  0  0  0  0  0  0.25657702D-10
 411 C8-        -1  0  0  8  0  0  0  0  0  0  0  0  0  0  0.23960254D-11
 412 C5H3+       1  3  0  5  0  0  0  0  0  0  0  0  0  0  0.40977471D-15
 413 C3H5+       1  5  0  3  0  0  0  0  0  0  0  0  0  0  0.13326661D-17
 414 C6H2+       1  2  0  6  0  0  0  0  0  0  0  0  0  0  0.19989251D-12
 415 C7H+        1  1  0  7  0  0  0  0  0  0  0  0  0  0  0.51884022D-12
 416 CH3CHOH+    1  5  0  2  0  1  0  0  0  0  0  0  0  0  0.19136633D-19
 417 C2H6+       1  6  0  2  0  0  0  0  0  0  0  0  0  0  0.16549971D-29
 418 C3H3NH+     1  4  0  3  1  0  0  0  0  0  0  0  0  0  0.18490772D-22
 419 C4H4+       1  4  0  4  0  0  0  0  0  0  0  0  0  0  0.42471449D-18
 420 C7N+        1  0  0  7  1  0  0  0  0  0  0  0  0  0  0.66575197D-17
 421 CH3NH3+     1  6  0  1  1  0  0  0  0  0  0  0  0  0  0.80617568D-17
 422 COOCH4+     1  4  0  2  0  2  0  0  0  0  0  0  0  0  0.25910653D-25
 423 H3C4N+      1  3  0  4  1  0  0  0  0  0  0  0  0  0  0.15903485D-18
 424 HC6N+       1  1  0  6  1  0  0  0  0  0  0  0  0  0  0.22626546D-19
 425 C9+         1  0  0  9  0  0  0  0  0  0  0  0  0  0  0.11653767D-13
 426 C8H-       -1  1  0  8  0  0  0  0  0  0  0  0  0  0  0.78983319D-11
 427 C9-        -1  0  0  9  0  0  0  0  0  0  0  0  0  0  0.21606694D-11
 428 C4H5+       1  5  0  4  0  0  0  0  0  0  0  0  0  0  0.18696793D-17
 429 C6H3+       1  3  0  6  0  0  0  0  0  0  0  0  0  0  0.47401559D-15
 430 C7H2+       1  2  0  7  0  0  0  0  0  0  0  0  0  0  0.47349444D-15
 431 C2H5OH+     1  6  0  2  0  1  0  0  0  0  0  0  0  0  0.12333900D-25
 432 H3C4NH+     1  4  0  4  1  0  0  0  0  0  0  0  0  0  0.37380276D-16
 433 C5H3N+      1  3  0  5  1  0  0  0  0  0  0  0  0  0  0.40137087D-18
 434 C5H4+       1  4  0  5  0  0  0  0  0  0  0  0  0  0  0.14715983D-17
 435 HC7N+       1  1  0  7  1  0  0  0  0  0  0  0  0  0  0.11123276D-14
 436 C8H+        1  1  0  8  0  0  0  0  0  0  0  0  0  0  0.36223022D-15
 437 CH3OCH3+    1  6  0  2  0  1  0  0  0  0  0  0  0  0  0.11536821D-26
 438 H5C2O2+     1  5  0  2  0  2  0  0  0  0  0  0  0  0  0.70392266D-25
 439 HC7O+       1  1  0  7  0  1  0  0  0  0  0  0  0  0  0.56434997D-17
 440 C8N+        1  0  0  8  1  0  0  0  0  0  0  0  0  0  0.52691624D-16
 441 H2C6N+      1  2  0  6  1  0  0  0  0  0  0  0  0  0  0.45559361D-16
 442 C2H7+       1  7  0  2  0  0  0  0  0  0  0  0  0  0  0.35276513D-42
 443 C10+        1  0  0 10  0  0  0  0  0  0  0  0  0  0  0.48147520D-14
 444 CH3OCH4+    1  7  0  2  0  1  0  0  0  0  0  0  0  0  0.84064878D-26
 445 C9H-       -1  1  0  9  0  0  0  0  0  0  0  0  0  0  0.76242641D-11
 446 C10-       -1  0  0 10  0  0  0  0  0  0  0  0  0  0  0.11323997D-11
 447 C7H2N+      1  2  0  7  1  0  0  0  0  0  0  0  0  0  0.56856896D-14
 448 C7H3+       1  3  0  7  0  0  0  0  0  0  0  0  0  0  0.17251922D-15
 449 C5H5+       1  5  0  5  0  0  0  0  0  0  0  0  0  0  0.44330351D-17
 450 C8H2+       1  2  0  8  0  0  0  0  0  0  0  0  0  0  0.61029204D-13
 451 C9H+        1  1  0  9  0  0  0  0  0  0  0  0  0  0  0.13140781D-12
 452 C2H5OH2+    1  7  0  2  0  1  0  0  0  0  0  0  0  0  0.25520088D-24
 453 C2H6CO+     1  6  0  3  0  1  0  0  0  0  0  0  0  0  0.81879317D-26
 454 C5H4N+      1  4  0  5  1  0  0  0  0  0  0  0  0  0  0.21480983D-18
 455 C6H4+       1  4  0  6  0  0  0  0  0  0  0  0  0  0  0.29252685D-16
 456 C9N+        1  0  0  9  1  0  0  0  0  0  0  0  0  0  0.17001081D-17
 457 HC8N+       1  1  0  8  1  0  0  0  0  0  0  0  0  0  0.69067954D-20
 458 C10H+       1  1  0 10  0  0  0  0  0  0  0  0  0  0  0.35864731D-13
 459 C10H-      -1  1  0 10  0  0  0  0  0  0  0  0  0  0  0.14444300D-11
 460 C8H3+       1  3  0  8  0  0  0  0  0  0  0  0  0  0  0.12620758D-15
 461 C9H2+       1  2  0  9  0  0  0  0  0  0  0  0  0  0  0.13098684D-15
 462 C3H6OH+     1  7  0  3  0  1  0  0  0  0  0  0  0  0  0.19167286D-25
 463 C4H7+       1  7  0  4  0  0  0  0  0  0  0  0  0  0  0.82766378D-24
 464 H3C6NH+     1  4  0  6  1  0  0  0  0  0  0  0  0  0  0.18581324D-18
 465 C6H5+       1  5  0  6  0  0  0  0  0  0  0  0  0  0  0.18776112D-19
 466 H3C7N+      1  3  0  7  1  0  0  0  0  0  0  0  0  0  0.28041494D-19
 467 C7H4+       1  4  0  7  0  0  0  0  0  0  0  0  0  0  0.21933400D-17
 468 C9HN+       1  1  0  9  1  0  0  0  0  0  0  0  0  0  0.28337074D-15
 469 C11+        1  0  0 11  0  0  0  0  0  0  0  0  0  0  0.16072541D-13
 470 HC9O+       1  1  0  9  0  1  0  0  0  0  0  0  0  0  0.17180711D-17
 471 C10N+       1  0  0 10  1  0  0  0  0  0  0  0  0  0  0.11511596D-16
 472 H2C8N+      1  2  0  8  1  0  0  0  0  0  0  0  0  0  0.13907080D-16
 473 C9H2N+      1  2  0  9  1  0  0  0  0  0  0  0  0  0  0.24178150D-15
 474 C9H3+       1  3  0  9  0  0  0  0  0  0  0  0  0  0  0.15279923D-16
 475 C10H2+      1  2  0 10  0  0  0  0  0  0  0  0  0  0  0.62133877D-16
 476 C7H5+       1  5  0  7  0  0  0  0  0  0  0  0  0  0  0.50637065D-18
 477 C8H4+       1  4  0  8  0  0  0  0  0  0  0  0  0  0  0.16338897D-17
 478 HC10N+      1  1  0 10  1  0  0  0  0  0  0  0  0  0  0.10783038D-20
 479 C6H7+       1  7  0  6  0  0  0  0  0  0  0  0  0  0  0.46744745D-18
 480 C9H4+       1  4  0  9  0  0  0  0  0  0  0  0  0  0  0.99947603D-19
 481 C8H4N+      1  4  0  8  1  0  0  0  0  0  0  0  0  0  0.55873920D-19
 482 C8H5+       1  5  0  8  0  0  0  0  0  0  0  0  0  0  0.55792676D-21
 483 C9H3N+      1  3  0  9  1  0  0  0  0  0  0  0  0  0  0.31039887D-20
 484 C10H3+      1  3  0 10  0  0  0  0  0  0  0  0  0  0  0.20589830D-17
 485 H2C10N+     1  2  0 10  1  0  0  0  0  0  0  0  0  0  0.32568051D-17
 486 C9H5+       1  5  0  9  0  0  0  0  0  0  0  0  0  0  0.49093547D-24
 487 GRAIN0      0  0  0  0  0  0  0  0  0  0  0  0  0  0  0.85589067D-14
 488 GRAIN-     -1  0  0  0  0  0  0  0  0  0  0  0  0  0  0.13129411D-11
 489 XH          0  1  0  0  0  0  0  0  0  0  0  0  0  0  0.50665968D-17
