0.11D+08                                              +-  H  He C  O  S  G    
 JSPACE =            1
   1 H           0  1  0  0  0  0  0  0  0  0  0  0  0  0  0.20420121D-04
   2 C           0  0  0  1  0  0  0  0  0  0  0  0  0  0  0.23692276D-04
   3 Fe          0  0  0  0  0  0  0  0  1  0  0  0  0  0  0.23866560D-10
   4 Mg          0  0  0  0  0  0  0  0  0  0  1  0  0  0  0.15456181D-09
   5 S           0  0  0  0  0  0  0  1  0  0  0  0  0  0  0.49416150D-08
   6 Si          0  0  0  0  0  0  1  0  0  0  0  0  0  0  0.12946734D-08
   7 O           0  0  0  0  0  1  0  0  0  0  0  0  0  0  0.94469116D-04
   8 N           0  0  0  0  1  0  0  0  0  0  0  0  0  0  0.47782771D-04
   9 He          0  0  1  0  0  0  0  0  0  0  0  0  0  0  0.90000000D-01
  10 Cl          0  0  0  0  0  0  0  0  0  0  0  1  0  0  0.99969260D-09
  11 Na          0  0  0  0  0  0  0  0  0  1  0  0  0  0  0.43265709D-10
  12 P           0  0  0  0  0  0  0  0  0  0  0  0  1  0  0.55459389D-11
  13 F           0  0  0  0  0  0  0  0  0  0  0  0  0  1  0.79166398D-11
  14 OH          0  1  0  0  0  1  0  0  0  0  0  0  0  0  0.96338299D-09
  15 CO          0  0  0  1  0  1  0  0  0  0  0  0  0  0  0.14552479D-03
  16 CS          0  0  0  1  0  0  0  1  0  0  0  0  0  0  0.20659792D-08
  17 HS          0  1  0  0  0  0  0  1  0  0  0  0  0  0  0.10824666D-10
  18 N2          0  0  0  0  2  0  0  0  0  0  0  0  0  0  0.70993900D-05
  19 NH          0  1  0  0  1  0  0  0  0  0  0  0  0  0  0.13007592D-10
  20 SiH         0  1  0  0  0  0  1  0  0  0  0  0  0  0  0.44011195D-10
  21 SiO         0  0  0  0  0  1  1  0  0  0  0  0  0  0  0.13896232D-09
  22 SO          0  0  0  0  0  1  0  1  0  0  0  0  0  0  0.17626834D-10
  23 CH          0  1  0  1  0  0  0  0  0  0  0  0  0  0  0.53105598D-08
  24 O2          0  0  0  0  0  2  0  0  0  0  0  0  0  0  0.12907278D-08
  25 H2          0  2  0  0  0  0  0  0  0  0  0  0  0  0  0.49998977D+00
  26 C2          0  0  0  2  0  0  0  0  0  0  0  0  0  0  0.19680177D-08
  27 CN          0  0  0  1  1  0  0  0  0  0  0  0  0  0  0.12169559D-07
  28 MgH         0  1  0  0  0  0  0  0  0  0  1  0  0  0  0.18929602D-15
  29 NaH         0  1  0  0  0  0  0  0  0  1  0  0  0  0  0.49526305D-14
  30 NO          0  0  0  0  1  1  0  0  0  0  0  0  0  0  0.32891431D-09
  31 NS          0  0  0  0  1  0  0  1  0  0  0  0  0  0  0.24716836D-11
  32 PH          0  1  0  0  0  0  0  0  0  0  0  0  1  0  0.86786874D-13
  33 PN          0  0  0  0  1  0  0  0  0  0  0  0  1  0  0.49554284D-10
  34 PO          0  0  0  0  0  1  0  0  0  0  0  0  1  0  0.14538864D-12
  35 S2          0  0  0  0  0  0  0  2  0  0  0  0  0  0  0.96958396D-15
  36 SiC         0  0  0  1  0  0  1  0  0  0  0  0  0  0  0.14610472D-10
  37 SiN         0  0  0  0  1  0  1  0  0  0  0  0  0  0  0.29968050D-10
  38 SiS         0  0  0  0  0  0  1  1  0  0  0  0  0  0  0.43058580D-12
  39 CCl         0  0  0  1  0  0  0  0  0  0  0  1  0  0  0.15404026D-16
  40 ClO         0  0  0  0  0  1  0  0  0  0  0  1  0  0  0.00000000D+00
  41 CP          0  0  0  1  0  0  0  0  0  0  0  0  1  0  0.51105700D-13
  42 HCl         0  1  0  0  0  0  0  0  0  0  0  1  0  0  0.30057534D-12
  43 HF          0  1  0  0  0  0  0  0  0  0  0  0  0  1  0.65892287D-08
  44 CCH         0  1  0  2  0  0  0  0  0  0  0  0  0  0  0.15410720D-08
  45 C3          0  0  0  3  0  0  0  0  0  0  0  0  0  0  0.74791050D-08
  46 CH2         0  2  0  1  0  0  0  0  0  0  0  0  0  0  0.83989639D-08
  47 SO2         0  0  0  0  0  2  0  1  0  0  0  0  0  0  0.86892963D-15
  48 H2O         0  2  0  0  0  1  0  0  0  0  0  0  0  0  0.10691541D-08
  49 HCN         0  1  0  1  1  0  0  0  0  0  0  0  0  0  0.40929913D-08
  50 HCSi        0  1  0  1  0  0  1  0  0  0  0  0  0  0  0.28419991D-10
  51 CCN         0  0  0  2  1  0  0  0  0  0  0  0  0  0  0.45127861D-09
  52 CCS         0  0  0  2  0  0  0  1  0  0  0  0  0  0  0.65391527D-11
  53 CCO         0  0  0  2  0  1  0  0  0  0  0  0  0  0  0.42693466D-11
  54 CCP         0  0  0  2  0  0  0  0  0  0  0  0  1  0  0.51951366D-14
  55 CO2         0  0  0  1  0  2  0  0  0  0  0  0  0  0  0.33271462D-09
  56 H2S         0  2  0  0  0  0  0  1  0  0  0  0  0  0  0.60949739D-13
  57 HCO         0  1  0  1  0  1  0  0  0  0  0  0  0  0  0.59257919D-10
  58 HCP         0  1  0  1  0  0  0  0  0  0  0  0  1  0  0.52368930D-13
  59 HCS         0  1  0  1  0  0  0  1  0  0  0  0  0  0  0.24018501D-12
  60 HNC         0  1  0  1  1  0  0  0  0  0  0  0  0  0  0.11031288D-08
  61 HNO         0  1  0  0  1  1  0  0  0  0  0  0  0  0  0.10926212D-10
  62 HNSi        0  1  0  0  1  0  1  0  0  0  0  0  0  0  0.52678692D-11
  63 HPO         0  1  0  0  0  1  0  0  0  0  0  0  1  0  0.10499125D-17
  64 HSS         0  1  0  0  0  0  0  2  0  0  0  0  0  0  0.11025276D-15
  65 N2O         0  0  0  0  2  1  0  0  0  0  0  0  0  0  0.53677929D-16
  66 NaOH        0  1  0  0  0  1  0  0  0  1  0  0  0  0  0.18555767D-18
  67 NH2         0  2  0  0  1  0  0  0  0  0  0  0  0  0  0.77254576D-11
  68 NO2         0  0  0  0  1  2  0  0  0  0  0  0  0  0  0.00000000D+00
  69 O2H         0  1  0  0  0  2  0  0  0  0  0  0  0  0  0.70621504D-16
  70 OCN         0  0  0  1  1  1  0  0  0  0  0  0  0  0  0.22159547D-10
  71 OCS         0  0  0  1  0  1  0  1  0  0  0  0  0  0  0.26451115D-12
  72 PH2         0  2  0  0  0  0  0  0  0  0  0  0  1  0  0.11321131D-17
  73 c-SiC2      0  0  0  2  0  0  1  0  0  0  0  0  0  0  0.46713386D-11
  74 SiH2        0  2  0  0  0  0  1  0  0  0  0  0  0  0  0.17403232D-15
  75 SiNC        0  0  0  1  1  0  1  0  0  0  0  0  0  0  0.28257031D-13
  76 SiO2        0  0  0  0  0  2  1  0  0  0  0  0  0  0  0.17791586D-15
  77 C4          0  0  0  4  0  0  0  0  0  0  0  0  0  0  0.55124974D-10
  78 c-C3H       0  1  0  3  0  0  0  0  0  0  0  0  0  0  0.10002673D-09
  79 l-C3H       0  1  0  3  0  0  0  0  0  0  0  0  0  0  0.64039277D-10
  80 CH3         0  3  0  1  0  0  0  0  0  0  0  0  0  0  0.16900182D-10
  81 C2H2        0  2  0  2  0  0  0  0  0  0  0  0  0  0  0.27530541D-09
  82 NH3         0  3  0  0  1  0  0  0  0  0  0  0  0  0  0.99458804D-11
  83 SiCH2       0  2  0  1  0  0  1  0  0  0  0  0  0  0  0.86829967D-15
  84 C3N         0  0  0  3  1  0  0  0  0  0  0  0  0  0  0.45416361D-10
  85 C3O         0  0  0  3  0  1  0  0  0  0  0  0  0  0  0.23991960D-10
  86 C3P         0  0  0  3  0  0  0  0  0  0  0  0  1  0  0.66065267D-18
  87 C3S         0  0  0  3  0  0  0  1  0  0  0  0  0  0  0.77360207D-11
  88 H2CO        0  2  0  1  0  1  0  0  0  0  0  0  0  0  0.43642610D-10
  89 H2CS        0  2  0  1  0  0  0  1  0  0  0  0  0  0  0.16508017D-12
  90 HOOH        0  2  0  0  0  2  0  0  0  0  0  0  0  0  0.17920421D-19
  91 HSSH        0  2  0  0  0  0  0  2  0  0  0  0  0  0  0.83317634D-16
  92 H2SiO       0  2  0  0  0  1  1  0  0  0  0  0  0  0  0.81862139D-21
  93 HCCP        0  1  0  2  0  0  0  0  0  0  0  0  1  0  0.12606799D-15
  94 HCCSi       0  1  0  2  0  0  1  0  0  0  0  0  0  0  0.77421657D-13
  95 l-SiC3      0  0  0  3  0  0  1  0  0  0  0  0  0  0  0.32019459D-12
  96 SiH3        0  3  0  0  0  0  1  0  0  0  0  0  0  0  0.42915815D-21
  97 H2CN        0  2  0  1  1  0  0  0  0  0  0  0  0  0  0.43707606D-11
  98 C5          0  0  0  5  0  0  0  0  0  0  0  0  0  0  0.11251839D-10
  99 c-C3H2      0  2  0  3  0  0  0  0  0  0  0  0  0  0  0.12377119D-09
 100 l-C3H2      0  2  0  3  0  0  0  0  0  0  0  0  0  0  0.89125867D-10
 101 C4H         0  1  0  4  0  0  0  0  0  0  0  0  0  0  0.48429711D-10
 102 CH4         0  4  0  1  0  0  0  0  0  0  0  0  0  0  0.12784158D-09
 103 HC3N        0  1  0  3  1  0  0  0  0  0  0  0  0  0  0.14152556D-10
 104 H2CCN       0  2  0  2  1  0  0  0  0  0  0  0  0  0  0.21701321D-11
 105 H2CCO       0  2  0  2  0  1  0  0  0  0  0  0  0  0  0.42950249D-10
 106 C2H3        0  3  0  2  0  0  0  0  0  0  0  0  0  0  0.11002895D-10
 107 C4N         0  0  0  4  1  0  0  0  0  0  0  0  0  0  0.12341197D-10
 108 C4P         0  0  0  4  0  0  0  0  0  0  0  0  1  0  0.18810689D-17
 109 C4S         0  0  0  4  0  0  0  1  0  0  0  0  0  0  0.12859329D-13
 110 HCOOH       0  2  0  1  0  2  0  0  0  0  0  0  0  0  0.76578827D-15
 111 CH2PH       0  3  0  1  0  0  0  0  0  0  0  0  1  0  0.14697190D-21
 112 CH2NH       0  3  0  1  1  0  0  0  0  0  0  0  0  0  0.13992247D-14
 113 c-HCCHSi    0  2  0  2  0  0  1  0  0  0  0  0  0  0  0.90603140D-14
 114 SiC3H       0  1  0  3  0  0  1  0  0  0  0  0  0  0  0.47160155D-15
 115 SiC4        0  0  0  4  0  0  1  0  0  0  0  0  0  0  0.11863581D-15
 116 SiCH3       0  3  0  1  0  0  1  0  0  0  0  0  0  0  0.31645683D-16
 117 SiH4        0  4  0  0  0  0  1  0  0  0  0  0  0  0  0.54320484D-20
 118 HCNCC       0  1  0  3  1  0  0  0  0  0  0  0  0  0  0.36097105D-13
 119 HCCNC       0  1  0  3  1  0  0  0  0  0  0  0  0  0  0.11040835D-12
 120 HNCCC       0  1  0  3  1  0  0  0  0  0  0  0  0  0  0.55616962D-13
 121 NH2CN       0  2  0  1  2  0  0  0  0  0  0  0  0  0  0.00000000D+00
 122 C6          0  0  0  6  0  0  0  0  0  0  0  0  0  0  0.47788461D-12
 123 CH3CN       0  3  0  2  1  0  0  0  0  0  0  0  0  0  0.92685036D-12
 124 CH2CCH      0  3  0  3  0  0  0  0  0  0  0  0  0  0  0.35149999D-14
 125 C2H4        0  4  0  2  0  0  0  0  0  0  0  0  0  0  0.15890734D-13
 126 NC4N        0  0  0  4  2  0  0  0  0  0  0  0  0  0  0.58043740D-11
 127 H2CSiCH     0  3  0  2  0  0  1  0  0  0  0  0  0  0  0.22106494D-15
 128 SiC4H       0  1  0  4  0  0  1  0  0  0  0  0  0  0  0.13153253D-12
 129 HC4N        0  1  0  4  1  0  0  0  0  0  0  0  0  0  0.48706737D-13
 130 C4H2        0  2  0  4  0  0  0  0  0  0  0  0  0  0  0.84972022D-11
 131 C5H         0  1  0  5  0  0  0  0  0  0  0  0  0  0  0.49296171D-11
 132 C5N         0  0  0  5  1  0  0  0  0  0  0  0  0  0  0.17643654D-11
 133 CH3OH       0  4  0  1  0  1  0  0  0  0  0  0  0  0  0.22408128D-17
 134 NH2CHO      0  3  0  1  1  1  0  0  0  0  0  0  0  0  0.49722685D-17
 135 C5O         0  0  0  5  0  1  0  0  0  0  0  0  0  0  0.65512872D-12
 136 C7          0  0  0  7  0  0  0  0  0  0  0  0  0  0  0.52543731D-13
 137 HC5N        0  1  0  5  1  0  0  0  0  0  0  0  0  0  0.32115638D-12
 138 SiC2CH3     0  3  0  3  0  0  1  0  0  0  0  0  0  0  0.15890260D-17
 139 CH3CHO      0  4  0  2  0  1  0  0  0  0  0  0  0  0  0.11664407D-18
 140 C2H5        0  5  0  2  0  0  0  0  0  0  0  0  0  0  0.11121451D-22
 141 CH2CHCN     0  3  0  3  1  0  0  0  0  0  0  0  0  0  0.13327218D-16
 142 CH3CCH      0  4  0  3  0  0  0  0  0  0  0  0  0  0  0.10265351D-15
 143 C5H2        0  2  0  5  0  0  0  0  0  0  0  0  0  0  0.14832684D-11
 144 C6H         0  1  0  6  0  0  0  0  0  0  0  0  0  0  0.11005551D-11
 145 CH3NH2      0  5  0  1  1  0  0  0  0  0  0  0  0  0  0.82932712D-15
 146 C4H3        0  3  0  4  0  0  0  0  0  0  0  0  0  0  0.64412387D-16
 147 C6N         0  0  0  6  1  0  0  0  0  0  0  0  0  0  0.44835189D-12
 148 C8          0  0  0  8  0  0  0  0  0  0  0  0  0  0  0.29941795D-13
 149 HC6N        0  1  0  6  1  0  0  0  0  0  0  0  0  0  0.11054318D-14
 150 NC6N        0  0  0  6  2  0  0  0  0  0  0  0  0  0  0.11481820D-12
 151 SiC6H       0  1  0  6  0  0  1  0  0  0  0  0  0  0  0.10205710D-13
 152 CH2CHC2H    0  4  0  4  0  0  0  0  0  0  0  0  0  0  0.10973331D-17
 153 C6H2        0  2  0  6  0  0  0  0  0  0  0  0  0  0  0.65930445D-12
 154 C7H         0  1  0  7  0  0  0  0  0  0  0  0  0  0  0.18154694D-12
 155 C7N         0  0  0  7  1  0  0  0  0  0  0  0  0  0  0.11961902D-12
 156 CH3C3N      0  3  0  4  1  0  0  0  0  0  0  0  0  0  0.53810774D-15
 157 HCOOCH3     0  4  0  2  0  2  0  0  0  0  0  0  0  0  0.90545053D-23
 158 C2H6        0  6  0  2  0  0  0  0  0  0  0  0  0  0  0.16424200D-42
 159 C7O         0  0  0  7  0  1  0  0  0  0  0  0  0  0  0.24126948D-13
 160 C9          0  0  0  9  0  0  0  0  0  0  0  0  0  0  0.74928863D-14
 161 HC7N        0  1  0  7  1  0  0  0  0  0  0  0  0  0  0.64819376D-13
 162 SiC3H5      0  5  0  3  0  0  1  0  0  0  0  0  0  0  0.00000000D+00
 163 CH3CH2OH    0  6  0  2  0  1  0  0  0  0  0  0  0  0  0.73426201D-22
 164 C7H2        0  2  0  7  0  0  0  0  0  0  0  0  0  0  0.20667228D-12
 165 C8H         0  1  0  8  0  0  0  0  0  0  0  0  0  0  0.21065178D-12
 166 CH3C4H      0  4  0  5  0  0  0  0  0  0  0  0  0  0  0.22291823D-16
 167 CH3OCH3     0  6  0  2  0  1  0  0  0  0  0  0  0  0  0.57701900D-24
 168 CH3CHCH2    0  6  0  3  0  0  0  0  0  0  0  0  0  0  0.00000000D+00
 169 C8N         0  0  0  8  1  0  0  0  0  0  0  0  0  0  0.62253324D-13
 170 C10         0  0  0 10  0  0  0  0  0  0  0  0  0  0  0.12895485D-13
 171 CH3COCH3    0  6  0  3  0  1  0  0  0  0  0  0  0  0  0.29663389D-24
 172 C8H2        0  2  0  8  0  0  0  0  0  0  0  0  0  0  0.24340444D-12
 173 C9H         0  1  0  9  0  0  0  0  0  0  0  0  0  0  0.43989110D-13
 174 C9N         0  0  0  9  1  0  0  0  0  0  0  0  0  0  0.26531435D-13
 175 CH3C5N      0  3  0  6  1  0  0  0  0  0  0  0  0  0  0.16241976D-17
 176 HC8N        0  1  0  8  1  0  0  0  0  0  0  0  0  0  0.22311062D-15
 177 NC8N        0  0  0  8  2  0  0  0  0  0  0  0  0  0  0.23173895D-13
 178 SiC8H       0  1  0  8  0  0  1  0  0  0  0  0  0  0  0.37677815D-14
 179 CH2CHCHCH2  0  6  0  4  0  0  0  0  0  0  0  0  0  0  0.00000000D+00
 180 C9O         0  0  0  9  0  1  0  0  0  0  0  0  0  0  0.58459975D-14
 181 HC9N        0  1  0  9  1  0  0  0  0  0  0  0  0  0  0.11808819D-13
 182 C10H        0  1  0 10  0  0  0  0  0  0  0  0  0  0  0.36896800D-13
 183 C9H2        0  2  0  9  0  0  0  0  0  0  0  0  0  0  0.52469244D-13
 184 CH3C6H      0  4  0  7  0  0  0  0  0  0  0  0  0  0  0.10108516D-18
 185 C11         0  0  0 11  0  0  0  0  0  0  0  0  0  0  0.65362081D-13
 186 C10N        0  0  0 10  1  0  0  0  0  0  0  0  0  0  0.83153534D-14
 187 CH3C7N      0  3  0  8  1  0  0  0  0  0  0  0  0  0  0.31839485D-18
 188 C10H2       0  2  0 10  0  0  0  0  0  0  0  0  0  0  0.33096812D-13
 189 C6H6        0  6  0  6  0  0  0  0  0  0  0  0  0  0  0.98449182D-16
 190 Si+         1  0  0  0  0  0  1  0  0  0  0  0  0  0  0.64317180D-08
 191 C+          1  0  0  1  0  0  0  0  0  0  0  0  0  0  0.71536503D-06
 192 C-         -1  0  0  1  0  0  0  0  0  0  0  0  0  0  0.55653463D-13
 193 H-         -1  1  0  0  0  0  0  0  0  0  0  0  0  0  0.19510858D-13
 194 O-         -1  0  0  0  0  1  0  0  0  0  0  0  0  0  0.31298962D-15
 195 S-         -1  0  0  0  0  0  0  1  0  0  0  0  0  0  0.20992656D-16
 196 He+         1  0  1  0  0  0  0  0  0  0  0  0  0  0  0.20505667D-10
 197 H+          1  1  0  0  0  0  0  0  0  0  0  0  0  0  0.49341984D-09
 198 Fe+         1  0  0  0  0  0  0  0  1  0  0  0  0  0  0.29761335D-08
 199 Mg+         1  0  0  0  0  0  0  0  0  0  1  0  0  0  0.68454380D-08
 200 N+          1  0  0  0  1  0  0  0  0  0  0  0  0  0  0.26599864D-14
 201 Na+         1  0  0  0  0  0  0  0  0  1  0  0  0  0  0.19567284D-08
 202 O+          1  0  0  0  0  1  0  0  0  0  0  0  0  0  0.45743824D-14
 203 S+          1  0  0  0  0  0  0  1  0  0  0  0  0  0  0.72940582D-07
 204 Cl+         1  0  0  0  0  0  0  0  0  0  0  1  0  0  0.54070403D-17
 205 F+          1  0  0  0  0  0  0  0  0  0  0  0  0  1  0.19862907D-17
 206 P+          1  0  0  0  0  0  0  0  0  0  0  0  1  0  0.14454299D-09
 207 e-         -1  0  0  0  0  0  0  0  0  0  0  0  0  0  0.80778424D-06
 208 CH+         1  1  0  1  0  0  0  0  0  0  0  0  0  0  0.28728131D-13
 209 H2+         1  2  0  0  0  0  0  0  0  0  0  0  0  0  0.57784017D-13
 210 OH+         1  1  0  0  0  1  0  0  0  0  0  0  0  0  0.22851583D-13
 211 SiH+        1  1  0  0  0  0  1  0  0  0  0  0  0  0  0.23383036D-12
 212 C2+         1  0  0  2  0  0  0  0  0  0  0  0  0  0  0.14037725D-13
 213 CN-        -1  0  0  1  1  0  0  0  0  0  0  0  0  0  0.55678254D-13
 214 OH-        -1  1  0  0  0  1  0  0  0  0  0  0  0  0  0.75593790D-14
 215 CF+         1  0  0  1  0  0  0  0  0  0  0  0  0  1  0.82255536D-10
 216 HS+         1  1  0  0  0  0  0  1  0  0  0  0  0  0  0.99229938D-13
 217 SO+         1  0  0  0  0  1  0  1  0  0  0  0  0  0  0.10942960D-11
 218 CCl+        1  0  0  1  0  0  0  0  0  0  0  1  0  0  0.16212318D-14
 219 ClO+        1  0  0  0  0  1  0  0  0  0  0  1  0  0  0.00000000D+00
 220 CN+         1  0  0  1  1  0  0  0  0  0  0  0  0  0  0.58575063D-16
 221 CO+         1  0  0  1  0  1  0  0  0  0  0  0  0  0  0.52603100D-14
 222 CP+         1  0  0  1  0  0  0  0  0  0  0  0  1  0  0.24852360D-18
 223 CS+         1  0  0  1  0  0  0  1  0  0  0  0  0  0  0.68131814D-14
 224 HCl+        1  1  0  0  0  0  0  0  0  0  0  1  0  0  0.43138460D-17
 225 HF+         1  1  0  0  0  0  0  0  0  0  0  0  0  1  0.15272584D-17
 226 HeH+        1  1  1  0  0  0  0  0  0  0  0  0  0  0  0.31991858D-20
 227 N2+         1  0  0  0  2  0  0  0  0  0  0  0  0  0  0.68532189D-16
 228 NH+         1  1  0  0  1  0  0  0  0  0  0  0  0  0  0.60250880D-15
 229 NO+         1  0  0  0  1  1  0  0  0  0  0  0  0  0  0.31412929D-12
 230 NS+         1  0  0  0  1  0  0  1  0  0  0  0  0  0  0.14348114D-12
 231 O2+         1  0  0  0  0  2  0  0  0  0  0  0  0  0  0.12898108D-13
 232 PH+         1  1  0  0  0  0  0  0  0  0  0  0  1  0  0.54480376D-15
 233 PN+         1  0  0  0  1  0  0  0  0  0  0  0  1  0  0.20959390D-14
 234 PO+         1  0  0  0  0  1  0  0  0  0  0  0  1  0  0.60924069D-14
 235 S2+         1  0  0  0  0  0  0  2  0  0  0  0  0  0  0.14776875D-15
 236 SiC+        1  0  0  1  0  0  1  0  0  0  0  0  0  0  0.39293384D-15
 237 SiN+        1  0  0  0  1  0  1  0  0  0  0  0  0  0  0.21173692D-12
 238 SiO+        1  0  0  0  0  1  1  0  0  0  0  0  0  0  0.36759591D-15
 239 SiS+        1  0  0  0  0  0  1  1  0  0  0  0  0  0  0.42527220D-17
 240 SiF+        1  0  0  0  0  0  1  0  0  0  0  0  0  1  0.59241303D-12
 241 CH2+        1  2  0  1  0  0  0  0  0  0  0  0  0  0  0.43898527D-12
 242 C2N+        1  0  0  2  1  0  0  0  0  0  0  0  0  0  0.55886920D-15
 243 CNC+        1  0  0  2  1  0  0  0  0  0  0  0  0  0  0.46638786D-10
 244 HSiO+       1  1  0  0  0  1  1  0  0  0  0  0  0  0  0.72617356D-12
 245 N2H+        1  1  0  0  2  0  0  0  0  0  0  0  0  0  0.18941192D-11
 246 C2H+        1  1  0  2  0  0  0  0  0  0  0  0  0  0  0.38219586D-13
 247 H3+         1  3  0  0  0  0  0  0  0  0  0  0  0  0  0.10088868D-09
 248 C3-        -1  0  0  3  0  0  0  0  0  0  0  0  0  0  0.87585467D-12
 249 HCO+        1  1  0  1  0  1  0  0  0  0  0  0  0  0  0.93322147D-10
 250 HSO+        1  1  0  0  0  1  0  1  0  0  0  0  0  0  0.68462632D-16
 251 H2S+        1  2  0  0  0  0  0  1  0  0  0  0  0  0  0.91058691D-12
 252 HCS+        1  1  0  1  0  0  0  1  0  0  0  0  0  0  0.18285320D-11
 253 HPO+        1  1  0  0  0  1  0  0  0  0  0  0  1  0  0.77056876D-15
 254 C2O+        1  0  0  2  0  1  0  0  0  0  0  0  0  0  0.49633939D-13
 255 C2S+        1  0  0  2  0  0  0  1  0  0  0  0  0  0  0.65417289D-12
 256 C3+         1  0  0  3  0  0  0  0  0  0  0  0  0  0  0.32362150D-13
 257 CCP+        1  0  0  2  0  0  0  0  0  0  0  0  1  0  0.11850189D-15
 258 CHSi+       1  1  0  1  0  0  1  0  0  0  0  0  0  0  0.66331093D-15
 259 CO2+        1  0  0  1  0  2  0  0  0  0  0  0  0  0  0.19628892D-20
 260 H2Cl+       1  2  0  0  0  0  0  0  0  0  0  1  0  0  0.51335718D-14
 261 H2F+        1  2  0  0  0  0  0  0  0  0  0  0  0  1  0.66104027D-14
 262 H2O+        1  2  0  0  0  1  0  0  0  0  0  0  0  0  0.53606544D-13
 263 HCN+        1  1  0  1  1  0  0  0  0  0  0  0  0  0  0.89485318D-15
 264 HCP+        1  1  0  1  0  0  0  0  0  0  0  0  1  0  0.32894203D-18
 265 HNC+        1  1  0  1  1  0  0  0  0  0  0  0  0  0  0.23659147D-15
 266 HNO+        1  1  0  0  1  1  0  0  0  0  0  0  0  0  0.19857263D-14
 267 HNS+        1  1  0  0  1  0  0  1  0  0  0  0  0  0  0.73413611D-17
 268 HNSi+       1  1  0  0  1  0  1  0  0  0  0  0  0  0  0.34802752D-16
 269 HOC+        1  1  0  1  0  1  0  0  0  0  0  0  0  0  0.19311821D-11
 270 HPN+        1  1  0  0  1  0  0  0  0  0  0  0  1  0  0.22600655D-15
 271 HSiS+       1  1  0  0  0  0  1  1  0  0  0  0  0  0  0.76471028D-14
 272 NaH2+       1  2  0  0  0  0  0  0  0  1  0  0  0  0  0.93232984D-15
 273 NCO+        1  0  0  1  1  1  0  0  0  0  0  0  0  0  0.58589161D-16
 274 NH2+        1  2  0  0  1  0  0  0  0  0  0  0  0  0  0.49897748D-14
 275 NO2+        1  0  0  0  1  2  0  0  0  0  0  0  0  0  0.24917015D-20
 276 HO2+        1  1  0  0  0  2  0  0  0  0  0  0  0  0  0.51971327D-18
 277 OCS+        1  0  0  1  0  1  0  1  0  0  0  0  0  0  0.15544560D-12
 278 PH2+        1  2  0  0  0  0  0  0  0  0  0  0  1  0  0.53865152D-14
 279 HS2+        1  1  0  0  0  0  0  2  0  0  0  0  0  0  0.52462007D-17
 280 SiC2+       1  0  0  2  0  0  1  0  0  0  0  0  0  0  0.86221040D-16
 281 SiH2+       1  2  0  0  0  0  1  0  0  0  0  0  0  0  0.36362275D-11
 282 SiNC+       1  0  0  1  1  0  1  0  0  0  0  0  0  0  0.49448331D-12
 283 SO2+        1  0  0  0  0  2  0  1  0  0  0  0  0  0  0.10835736D-22
 284 HCNH+       1  2  0  1  1  0  0  0  0  0  0  0  0  0  0.16893800D-11
 285 HC2N+       1  1  0  2  1  0  0  0  0  0  0  0  0  0  0.25537905D-15
 286 C3H+        1  1  0  3  0  0  0  0  0  0  0  0  0  0  0.93272710D-12
 287 C4+         1  0  0  4  0  0  0  0  0  0  0  0  0  0  0.16846097D-13
 288 H2CO+       1  2  0  1  0  1  0  0  0  0  0  0  0  0  0.71417189D-13
 289 CH3+        1  3  0  1  0  0  0  0  0  0  0  0  0  0  0.21469204D-09
 290 C3N-       -1  0  0  3  1  0  0  0  0  0  0  0  0  0  0.69047527D-13
 291 C4-        -1  0  0  4  0  0  0  0  0  0  0  0  0  0  0.52584107D-11
 292 H3O+        1  3  0  0  0  1  0  0  0  0  0  0  0  0  0.26833116D-10
 293 H2NO+       1  2  0  0  1  1  0  0  0  0  0  0  0  0  0.13443391D-14
 294 H3S+        1  3  0  0  0  0  0  1  0  0  0  0  0  0  0.36379157D-16
 295 HC2S+       1  1  0  2  0  0  0  1  0  0  0  0  0  0  0.50548452D-13
 296 HOCS+       1  1  0  1  0  1  0  1  0  0  0  0  0  0  0.26614346D-16
 297 PCH2+       1  2  0  1  0  0  0  0  0  0  0  0  1  0  0.43700750D-15
 298 H2S2+       1  2  0  0  0  0  0  2  0  0  0  0  0  0  0.14037264D-20
 299 C2H2+       1  2  0  2  0  0  0  0  0  0  0  0  0  0  0.26662357D-10
 300 C2HO+       1  1  0  2  0  1  0  0  0  0  0  0  0  0  0.36006111D-12
 301 C2N2+       1  0  0  2  2  0  0  0  0  0  0  0  0  0  0.39871785D-21
 302 C3N+        1  0  0  3  1  0  0  0  0  0  0  0  0  0  0.31190930D-18
 303 C3O+        1  0  0  3  0  1  0  0  0  0  0  0  0  0  0.88510905D-13
 304 C3S+        1  0  0  3  0  0  0  1  0  0  0  0  0  0  0.22378014D-12
 305 CH2Si+      1  2  0  1  0  0  1  0  0  0  0  0  0  0  0.54159714D-12
 306 H2CCl+      1  2  0  1  0  0  0  0  0  0  0  1  0  0  0.45121292D-18
 307 H2CS+       1  2  0  1  0  0  0  1  0  0  0  0  0  0  0.22883898D-16
 308 H2NC+       1  2  0  1  1  0  0  0  0  0  0  0  0  0  0.22703792D-11
 309 H2PO+       1  2  0  0  0  1  0  0  0  0  0  0  1  0  0.19290104D-20
 310 H2SiO+      1  2  0  0  0  1  1  0  0  0  0  0  0  0  0.97435650D-18
 311 HOCO+       1  1  0  1  0  2  0  0  0  0  0  0  0  0  0.10897064D-15
 312 HNCO+       1  1  0  1  1  1  0  0  0  0  0  0  0  0  0.14372365D-21
 313 HSiO2+      1  1  0  0  0  2  1  0  0  0  0  0  0  0  0.11444881D-21
 314 HSO2+       1  1  0  0  0  2  0  1  0  0  0  0  0  0  0.13442609D-20
 315 NaH2O+      1  2  0  0  0  1  0  0  0  1  0  0  0  0  0.11071455D-19
 316 NH3+        1  3  0  0  1  0  0  0  0  0  0  0  0  0  0.58399116D-12
 317 PC2H+       1  1  0  2  0  0  0  0  0  0  0  0  1  0  0.11793033D-15
 318 PH3+        1  3  0  0  0  0  0  0  0  0  0  0  1  0  0.72512690D-19
 319 PNH2+       1  2  0  0  1  0  0  0  0  0  0  0  1  0  0.63472004D-17
 320 SiC2H+      1  1  0  2  0  0  1  0  0  0  0  0  0  0  0.15563092D-12
 321 l-SiC3+     1  0  0  3  0  0  1  0  0  0  0  0  0  0  0.23117691D-13
 322 SiH3+       1  3  0  0  0  0  1  0  0  0  0  0  0  0  0.21645599D-16
 323 SiNCH+      1  1  0  1  1  0  1  0  0  0  0  0  0  0  0.22653623D-15
 324 HSiNH+      1  2  0  0  1  0  1  0  0  0  0  0  0  0  0.41570755D-13
 325 HN2O+       1  1  0  0  2  1  0  0  0  0  0  0  0  0  0.69879908D-23
 326 C2H3+       1  3  0  2  0  0  0  0  0  0  0  0  0  0  0.14811656D-12
 327 c-C3H2+     1  2  0  3  0  0  0  0  0  0  0  0  0  0  0.81927738D-12
 328 l-C3H2+     1  2  0  3  0  0  0  0  0  0  0  0  0  0  0.93760280D-13
 329 C4H+        1  1  0  4  0  0  0  0  0  0  0  0  0  0  0.23550421D-13
 330 C5+         1  0  0  5  0  0  0  0  0  0  0  0  0  0  0.52203871D-15
 331 HC3O+       1  1  0  3  0  1  0  0  0  0  0  0  0  0  0.79423936D-16
 332 C4H-       -1  1  0  4  0  0  0  0  0  0  0  0  0  0  0.38813742D-11
 333 C5-        -1  0  0  5  0  0  0  0  0  0  0  0  0  0  0.25250896D-11
 334 NH4+        1  4  0  0  1  0  0  0  0  0  0  0  0  0  0.27469309D-13
 335 H3CS+       1  3  0  1  0  0  0  1  0  0  0  0  0  0  0.15555575D-14
 336 H2COH+      1  3  0  1  0  1  0  0  0  0  0  0  0  0  0.41263666D-15
 337 H3S2+       1  3  0  0  0  0  0  2  0  0  0  0  0  0  0.18766974D-18
 338 HC3S+       1  1  0  3  0  0  0  1  0  0  0  0  0  0  0.25087469D-12
 339 PC3H+       1  1  0  3  0  0  0  0  0  0  0  0  1  0  0.12068103D-19
 340 PCH3+       1  3  0  1  0  0  0  0  0  0  0  0  1  0  0.91264448D-22
 341 PNH3+       1  3  0  0  1  0  0  0  0  0  0  0  1  0  0.15933031D-22
 342 SiC2H2+     1  2  0  2  0  0  1  0  0  0  0  0  0  0  0.45655495D-15
 343 SiC3H+      1  1  0  3  0  0  1  0  0  0  0  0  0  0  0.15274261D-13
 344 SiC4+       1  0  0  4  0  0  1  0  0  0  0  0  0  0  0.18829400D-14
 345 SiCH3+      1  3  0  1  0  0  1  0  0  0  0  0  0  0  0.45710866D-18
 346 SiH4+       1  4  0  0  0  0  1  0  0  0  0  0  0  0  0.83082773D-29
 347 CH2CN+      1  2  0  2  1  0  0  0  0  0  0  0  0  0  0.27399905D-12
 348 H2CCO+      1  2  0  2  0  1  0  0  0  0  0  0  0  0  0.16536805D-12
 349 HC3N+       1  1  0  3  1  0  0  0  0  0  0  0  0  0  0.29072296D-14
 350 C4N+        1  0  0  4  1  0  0  0  0  0  0  0  0  0  0.11717720D-15
 351 C4P+        1  0  0  4  0  0  0  0  0  0  0  0  1  0  0.74303009D-23
 352 C4S+        1  0  0  4  0  0  0  1  0  0  0  0  0  0  0.18686122D-13
 353 HCOOH+      1  2  0  1  0  2  0  0  0  0  0  0  0  0  0.81023411D-19
 354 CH4+        1  4  0  1  0  0  0  0  0  0  0  0  0  0  0.84624328D-17
 355 H3SiO+      1  3  0  0  0  1  1  0  0  0  0  0  0  0  0.11705436D-23
 356 PC2H2+      1  2  0  2  0  0  0  0  0  0  0  0  1  0  0.57006187D-17
 357 C6+         1  0  0  6  0  0  0  0  0  0  0  0  0  0  0.15887850D-14
 358 HC4N+       1  1  0  4  1  0  0  0  0  0  0  0  0  0  0.89167657D-20
 359 C5H-       -1  1  0  5  0  0  0  0  0  0  0  0  0  0  0.19005178D-11
 360 C6-        -1  0  0  6  0  0  0  0  0  0  0  0  0  0  0.63978304D-12
 361 CH3CO+      1  3  0  2  0  1  0  0  0  0  0  0  0  0  0.91854060D-13
 362 C2H4+       1  4  0  2  0  0  0  0  0  0  0  0  0  0  0.24994643D-11
 363 HC3NH+      1  2  0  3  1  0  0  0  0  0  0  0  0  0  0.19640850D-13
 364 HC4S+       1  1  0  4  0  0  0  1  0  0  0  0  0  0  0.74917929D-15
 365 CH5+        1  5  0  1  0  0  0  0  0  0  0  0  0  0  0.64162415D-12
 366 C4H2+       1  2  0  4  0  0  0  0  0  0  0  0  0  0  0.34138425D-11
 367 C5H+        1  1  0  5  0  0  0  0  0  0  0  0  0  0  0.93041070D-13
 368 CH3CN+      1  3  0  2  1  0  0  0  0  0  0  0  0  0  0.37245454D-13
 369 c-C3H3+     1  3  0  3  0  0  0  0  0  0  0  0  0  0  0.25919465D-11
 370 l-C3H3+     1  3  0  3  0  0  0  0  0  0  0  0  0  0  0.25918639D-11
 371 C5N+        1  0  0  5  1  0  0  0  0  0  0  0  0  0  0.11848972D-17
 372 CH3O2+      1  3  0  1  0  2  0  0  0  0  0  0  0  0  0.97718007D-18
 373 CH2NH2+     1  4  0  1  1  0  0  0  0  0  0  0  0  0  0.19039062D-16
 374 CH3OH+      1  4  0  1  0  1  0  0  0  0  0  0  0  0  0.36404452D-20
 375 H2C3O+      1  2  0  3  0  1  0  0  0  0  0  0  0  0  0.14642439D-15
 376 HC2NCH+     1  2  0  3  1  0  0  0  0  0  0  0  0  0  0.38250662D-14
 377 HC4O+       1  1  0  4  0  1  0  0  0  0  0  0  0  0  0.69236392D-13
 378 NH2CNH+     1  3  0  1  2  0  0  0  0  0  0  0  0  0  0.00000000D+00
 379 PC2H3+      1  3  0  2  0  0  0  0  0  0  0  0  1  0  0.44910926D-25
 380 PC4H+       1  1  0  4  0  0  0  0  0  0  0  0  1  0  0.36086422D-19
 381 PCH4+       1  4  0  1  0  0  0  0  0  0  0  0  1  0  0.45633304D-23
 382 SiC2H3+     1  3  0  2  0  0  1  0  0  0  0  0  0  0  0.16678490D-15
 383 SiC3H2+     1  2  0  3  0  0  1  0  0  0  0  0  0  0  0.51025570D-17
 384 SiC4H+      1  1  0  4  0  0  1  0  0  0  0  0  0  0  0.21667408D-17
 385 SiCH4+      1  4  0  1  0  0  1  0  0  0  0  0  0  0  0.39549902D-18
 386 SiH5+       1  5  0  0  0  0  1  0  0  0  0  0  0  0  0.43212852D-22
 387 C7+         1  0  0  7  0  0  0  0  0  0  0  0  0  0  0.21074883D-15
 388 H2C4N+      1  2  0  4  1  0  0  0  0  0  0  0  0  0  0.13274838D-19
 389 C6H-       -1  1  0  6  0  0  0  0  0  0  0  0  0  0  0.50001526D-12
 390 C7-        -1  0  0  7  0  0  0  0  0  0  0  0  0  0  0.18913748D-12
 391 C4H3+       1  3  0  4  0  0  0  0  0  0  0  0  0  0  0.99711295D-14
 392 C5H2+       1  2  0  5  0  0  0  0  0  0  0  0  0  0  0.64488624D-16
 393 CH3CNH+     1  4  0  2  1  0  0  0  0  0  0  0  0  0  0.37669508D-13
 394 C2H4O+      1  4  0  2  0  1  0  0  0  0  0  0  0  0  0.36459866D-19
 395 C2H5+       1  5  0  2  0  0  0  0  0  0  0  0  0  0  0.24023879D-16
 396 C3H3N+      1  3  0  3  1  0  0  0  0  0  0  0  0  0  0.26550683D-18
 397 C3H4+       1  4  0  3  0  0  0  0  0  0  0  0  0  0  0.11001116D-17
 398 HC5N+       1  1  0  5  1  0  0  0  0  0  0  0  0  0  0.28887120D-15
 399 C6H+        1  1  0  6  0  0  0  0  0  0  0  0  0  0  0.15561740D-13
 400 CH3NH2+     1  5  0  1  1  0  0  0  0  0  0  0  0  0  0.29343593D-17
 401 CH3OH2+     1  5  0  1  0  1  0  0  0  0  0  0  0  0  0.31831221D-18
 402 H3C3O+      1  3  0  3  0  1  0  0  0  0  0  0  0  0  0.60378206D-17
 403 NH2CH2O+    1  4  0  1  1  1  0  0  0  0  0  0  0  0  0.12398965D-22
 404 PC2H4+      1  4  0  2  0  0  0  0  0  0  0  0  1  0  0.22431964D-24
 405 PC4H2+      1  2  0  4  0  0  0  0  0  0  0  0  1  0  0.70388937D-22
 406 HC5O+       1  1  0  5  0  1  0  0  0  0  0  0  0  0  0.18528078D-17
 407 C6N+        1  0  0  6  1  0  0  0  0  0  0  0  0  0  0.33964159D-17
 408 H2C5N+      1  2  0  5  1  0  0  0  0  0  0  0  0  0  0.20775070D-15
 409 C8+         1  0  0  8  0  0  0  0  0  0  0  0  0  0  0.75464385D-15
 410 C7H-       -1  1  0  7  0  0  0  0  0  0  0  0  0  0  0.33174087D-12
 411 C8-        -1  0  0  8  0  0  0  0  0  0  0  0  0  0  0.41146955D-13
 412 C5H3+       1  3  0  5  0  0  0  0  0  0  0  0  0  0  0.29827325D-16
 413 C3H5+       1  5  0  3  0  0  0  0  0  0  0  0  0  0  0.55145500D-17
 414 C6H2+       1  2  0  6  0  0  0  0  0  0  0  0  0  0  0.39346103D-14
 415 C7H+        1  1  0  7  0  0  0  0  0  0  0  0  0  0  0.92029477D-14
 416 CH3CHOH+    1  5  0  2  0  1  0  0  0  0  0  0  0  0  0.34855574D-20
 417 C2H6+       1  6  0  2  0  0  0  0  0  0  0  0  0  0  0.15129227D-28
 418 C3H3NH+     1  4  0  3  1  0  0  0  0  0  0  0  0  0  0.13758118D-22
 419 C4H4+       1  4  0  4  0  0  0  0  0  0  0  0  0  0  0.15215689D-19
 420 C7N+        1  0  0  7  1  0  0  0  0  0  0  0  0  0  0.12304068D-18
 421 CH3NH3+     1  6  0  1  1  0  0  0  0  0  0  0  0  0  0.12854912D-16
 422 COOCH4+     1  4  0  2  0  2  0  0  0  0  0  0  0  0  0.58128215D-25
 423 H3C4N+      1  3  0  4  1  0  0  0  0  0  0  0  0  0  0.13263703D-19
 424 HC6N+       1  1  0  6  1  0  0  0  0  0  0  0  0  0  0.44654494D-21
 425 C9+         1  0  0  9  0  0  0  0  0  0  0  0  0  0  0.17016237D-15
 426 C8H-       -1  1  0  8  0  0  0  0  0  0  0  0  0  0  0.11758671D-12
 427 C9-        -1  0  0  9  0  0  0  0  0  0  0  0  0  0  0.28697263D-13
 428 C4H5+       1  5  0  4  0  0  0  0  0  0  0  0  0  0  0.21926729D-18
 429 C6H3+       1  3  0  6  0  0  0  0  0  0  0  0  0  0  0.17605022D-17
 430 C7H2+       1  2  0  7  0  0  0  0  0  0  0  0  0  0  0.61232415D-17
 431 C2H5OH+     1  6  0  2  0  1  0  0  0  0  0  0  0  0  0.97265065D-25
 432 H3C4NH+     1  4  0  4  1  0  0  0  0  0  0  0  0  0  0.34584979D-17
 433 C5H3N+      1  3  0  5  1  0  0  0  0  0  0  0  0  0  0.43581431D-19
 434 C5H4+       1  4  0  5  0  0  0  0  0  0  0  0  0  0  0.30530250D-18
 435 HC7N+       1  1  0  7  1  0  0  0  0  0  0  0  0  0  0.20545827D-16
 436 C8H+        1  1  0  8  0  0  0  0  0  0  0  0  0  0  0.43206702D-17
 437 CH3OCH3+    1  6  0  2  0  1  0  0  0  0  0  0  0  0  0.14465846D-26
 438 H5C2O2+     1  5  0  2  0  2  0  0  0  0  0  0  0  0  0.15369783D-24
 439 HC7O+       1  1  0  7  0  1  0  0  0  0  0  0  0  0  0.68234832D-19
 440 C8N+        1  0  0  8  1  0  0  0  0  0  0  0  0  0  0.74315723D-18
 441 H2C6N+      1  2  0  6  1  0  0  0  0  0  0  0  0  0  0.79256574D-18
 442 C2H7+       1  7  0  2  0  0  0  0  0  0  0  0  0  0  0.46831277D-50
 443 C10+        1  0  0 10  0  0  0  0  0  0  0  0  0  0  0.44066257D-16
 444 CH3OCH4+    1  7  0  2  0  1  0  0  0  0  0  0  0  0  0.90899313D-26
 445 C9H-       -1  1  0  9  0  0  0  0  0  0  0  0  0  0  0.78003496D-13
 446 C10-       -1  0  0 10  0  0  0  0  0  0  0  0  0  0  0.14751116D-13
 447 C7H2N+      1  2  0  7  1  0  0  0  0  0  0  0  0  0  0.92476649D-16
 448 C7H3+       1  3  0  7  0  0  0  0  0  0  0  0  0  0  0.17189730D-17
 449 C5H5+       1  5  0  5  0  0  0  0  0  0  0  0  0  0  0.57192030D-18
 450 C8H2+       1  2  0  8  0  0  0  0  0  0  0  0  0  0  0.71505244D-15
 451 C9H+        1  1  0  9  0  0  0  0  0  0  0  0  0  0  0.16596475D-14
 452 C2H5OH2+    1  7  0  2  0  1  0  0  0  0  0  0  0  0  0.19436181D-23
 453 C2H6CO+     1  6  0  3  0  1  0  0  0  0  0  0  0  0  0.30447161D-26
 454 C5H4N+      1  4  0  5  1  0  0  0  0  0  0  0  0  0  0.14170672D-19
 455 C6H4+       1  4  0  6  0  0  0  0  0  0  0  0  0  0  0.95932324D-18
 456 C9N+        1  0  0  9  1  0  0  0  0  0  0  0  0  0  0.22431094D-19
 457 HC8N+       1  1  0  8  1  0  0  0  0  0  0  0  0  0  0.90984584D-22
 458 C10H+       1  1  0 10  0  0  0  0  0  0  0  0  0  0  0.34189078D-15
 459 C10H-      -1  1  0 10  0  0  0  0  0  0  0  0  0  0  0.17201752D-13
 460 C8H3+       1  3  0  8  0  0  0  0  0  0  0  0  0  0  0.13753854D-18
 461 C9H2+       1  2  0  9  0  0  0  0  0  0  0  0  0  0  0.11849506D-17
 462 C3H6OH+     1  7  0  3  0  1  0  0  0  0  0  0  0  0  0.70234173D-26
 463 C4H7+       1  7  0  4  0  0  0  0  0  0  0  0  0  0  0.68131218D-23
 464 H3C6NH+     1  4  0  6  1  0  0  0  0  0  0  0  0  0  0.12163545D-19
 465 C6H5+       1  5  0  6  0  0  0  0  0  0  0  0  0  0  0.91175396D-22
 466 H3C7N+      1  3  0  7  1  0  0  0  0  0  0  0  0  0  0.95429438D-21
 467 C7H4+       1  4  0  7  0  0  0  0  0  0  0  0  0  0  0.13113380D-19
 468 C9HN+       1  1  0  9  1  0  0  0  0  0  0  0  0  0  0.37552865D-17
 469 C11+        1  0  0 11  0  0  0  0  0  0  0  0  0  0  0.12849094D-15
 470 HC9O+       1  1  0  9  0  1  0  0  0  0  0  0  0  0  0.16533407D-19
 471 C10N+       1  0  0 10  1  0  0  0  0  0  0  0  0  0  0.12995870D-18
 472 H2C8N+      1  2  0  8  1  0  0  0  0  0  0  0  0  0  0.16148714D-18
 473 C9H2N+      1  2  0  9  1  0  0  0  0  0  0  0  0  0  0.31580486D-17
 474 C9H3+       1  3  0  9  0  0  0  0  0  0  0  0  0  0  0.67905598D-19
 475 C10H2+      1  2  0 10  0  0  0  0  0  0  0  0  0  0  0.27325953D-18
 476 C7H5+       1  5  0  7  0  0  0  0  0  0  0  0  0  0  0.40807693D-20
 477 C8H4+       1  4  0  8  0  0  0  0  0  0  0  0  0  0  0.91426352D-20
 478 HC10N+      1  1  0 10  1  0  0  0  0  0  0  0  0  0  0.12153070D-22
 479 C6H7+       1  7  0  6  0  0  0  0  0  0  0  0  0  0  0.19968523D-20
 480 C9H4+       1  4  0  9  0  0  0  0  0  0  0  0  0  0  0.79691176D-21
 481 C8H4N+      1  4  0  8  1  0  0  0  0  0  0  0  0  0  0.24549467D-20
 482 C8H5+       1  5  0  8  0  0  0  0  0  0  0  0  0  0  0.31466337D-24
 483 C9H3N+      1  3  0  9  1  0  0  0  0  0  0  0  0  0  0.66792497D-22
 484 C10H3+      1  3  0 10  0  0  0  0  0  0  0  0  0  0  0.76901381D-20
 485 H2C10N+     1  2  0 10  1  0  0  0  0  0  0  0  0  0  0.32355444D-19
 486 C9H5+       1  5  0  9  0  0  0  0  0  0  0  0  0  0  0.94127417D-27
 487 GRAIN0      0  0  0  0  0  0  0  0  0  0  0  0  0  0  0.85050188D-14
 488 GRAIN-     -1  0  0  0  0  0  0  0  0  0  0  0  0  0  0.13129950D-11
 489 XH          0  1  0  0  0  0  0  0  0  0  0  0  0  0  0.80750660D-17
