1.000E+04 2.500E+00 0.37948110168220167
1.000E+04 1.500E+00 0.9430769098961371
1.000E+04 0.500E+00 0.954454020487263
1.000E+04 -0.50E+00 0.7400821552674233
1.000E+04 3.000E+00 0.4329167924285646
1.000E+04 2.00E+00 0.7903988880049124
1.000E+04 1.000E+00 0.9518548631691736
1.000E+04 0.000E+00 0.9062802643751211
1.000E+04 -1.00E+00 0.43288036173421063
5.000E+04 2.500E+00 0.41224629946246927
5.000E+04 1.500E+00 0.9388694756823156
5.000E+04 0.500E+00 0.9698034137694769
5.000E+04 -0.50E+00 0.9292282221865639
5.000E+04 -1.50E+00 0.49906667910501723
5.000E+04 3.000E+00 0.4255333599106654
5.000E+04 2.00E+00 0.7897963344845806
5.000E+04 1.000E+00 0.9500875274907489
5.000E+04 0.000E+00 0.9722646217992941
5.000E+04 -1.00E+00 0.7893059491257184
5.000E+04 -2.00E+00 0.20684548333163721
1.000E+05 2.500E+00 0.39594248369128016
1.000E+05 1.500E+00 0.9284407768380517
1.000E+05 0.500E+00 0.9701415124641305
1.000E+05 -0.50E+00 0.960257299481512
1.000E+05 -1.50E+00 0.6646789454608902
1.000E+05 3.000E+00 0.3978602434757231
1.000E+05 2.00E+00 0.7897963344845806
1.000E+05 1.000E+00 0.9453385174897975
1.000E+05 0.000E+00 0.9815112765856209
1.000E+05 -1.00E+00 0.8801315722858293
1.000E+05 -2.00E+00 0.34236995824033284
5.000E+05 2.500E+00 0.3200289057083099
5.000E+05 1.500E+00 0.8350428465494955
5.000E+05 0.500E+00 0.9671352286070283
5.000E+05 -0.50E+00 0.9880297752245564
5.000E+05 -1.50E+00 0.9054972765759424
5.000E+05 -2.50E+00 0.40281996032883416
5.000E+05 3.000E+00 0.2993077397279266
5.000E+05 2.00E+00 0.4411396977557601
5.000E+05 1.000E+00 0.9215872987990759
5.000E+05 0.000E+00 0.9913505774916782
5.000E+05 -1.00E+00 0.9701532167342817
5.000E+05 -2.00E+00 0.7199445695763084
1.000E+06 2.500E+00 0.2772926491472113
1.000E+06 1.500E+00 0.7262642648212293
1.000E+06 0.500E+00 0.9650495614361686
1.000E+06 -0.50E+00 0.9921501194246994
1.000E+06 -1.50E+00 0.94817902227793
1.000E+06 -2.50E+00 0.5720660703958301
1.000E+06 3.000E+00 0.2503845003544801
1.000E+06 2.00E+00 0.29685108271715605
1.000E+06 1.000E+00 0.8918864480010853
1.000E+06 0.000E+00 0.9938234861605483
1.000E+06 -1.00E+00 0.9828013195824593
1.000E+06 -2.00E+00 0.8348674455069542
1.000E+06 -3.00E+00 0.25927562307060303
