0.11D+08                                              +-  H  He C  O  S  G    
 JSPACE =            1
   1 H           0  1  0  0  0  0  0  0  0  0  0  0  0  0  0.92325577D-04
   2 C           0  0  0  1  0  0  0  0  0  0  0  0  0  0  0.28310021D-04
   3 Fe          0  0  0  0  0  0  0  0  1  0  0  0  0  0  0.24449696D-10
   4 Mg          0  0  0  0  0  0  0  0  0  0  1  0  0  0  0.14971912D-09
   5 S           0  0  0  0  0  0  0  1  0  0  0  0  0  0  0.52527902D-08
   6 Si          0  0  0  0  0  0  1  0  0  0  0  0  0  0  0.89210765D-09
   7 O           0  0  0  0  0  1  0  0  0  0  0  0  0  0  0.10020007D-03
   8 N           0  0  0  0  1  0  0  0  0  0  0  0  0  0  0.57026418D-04
   9 He          0  0  1  0  0  0  0  0  0  0  0  0  0  0  0.90000000D-01
  10 Cl          0  0  0  0  0  0  0  0  0  0  0  1  0  0  0.99982692D-09
  11 Na          0  0  0  0  0  0  0  0  0  1  0  0  0  0  0.36709295D-10
  12 P           0  0  0  0  0  0  0  0  0  0  0  0  1  0  0.58102189D-11
  13 F           0  0  0  0  0  0  0  0  0  0  0  0  0  1  0.52894627D-10
  14 OH          0  1  0  0  0  1  0  0  0  0  0  0  0  0  0.17265540D-09
  15 CO          0  0  0  1  0  1  0  0  0  0  0  0  0  0  0.13979853D-03
  16 CS          0  0  0  1  0  0  0  1  0  0  0  0  0  0  0.63148137D-08
  17 HS          0  1  0  0  0  0  0  1  0  0  0  0  0  0  0.10822363D-10
  18 N2          0  0  0  0  2  0  0  0  0  0  0  0  0  0  0.24672582D-05
  19 NH          0  1  0  0  1  0  0  0  0  0  0  0  0  0  0.31338191D-11
  20 SiH         0  1  0  0  0  0  1  0  0  0  0  0  0  0  0.42173750D-10
  21 SiO         0  0  0  0  0  1  1  0  0  0  0  0  0  0  0.44623812D-10
  22 SO          0  0  0  0  0  1  0  1  0  0  0  0  0  0  0.58672954D-11
  23 CH          0  1  0  1  0  0  0  0  0  0  0  0  0  0  0.18156064D-07
  24 O2          0  0  0  0  0  2  0  0  0  0  0  0  0  0  0.18443812D-09
  25 H2          0  2  0  0  0  0  0  0  0  0  0  0  0  0  0.49995380D+00
  26 C2          0  0  0  2  0  0  0  0  0  0  0  0  0  0  0.79382412D-08
  27 CN          0  0  0  1  1  0  0  0  0  0  0  0  0  0  0.34381475D-07
  28 MgH         0  1  0  0  0  0  0  0  0  0  1  0  0  0  0.35497640D-16
  29 NaH         0  1  0  0  0  0  0  0  0  1  0  0  0  0  0.20395600D-14
  30 NO          0  0  0  0  1  1  0  0  0  0  0  0  0  0  0.61326450D-10
  31 NS          0  0  0  0  1  0  0  1  0  0  0  0  0  0  0.18762719D-11
  32 PH          0  1  0  0  0  0  0  0  0  0  0  0  1  0  0.18893474D-12
  33 PN          0  0  0  0  1  0  0  0  0  0  0  0  1  0  0.71043478D-11
  34 PO          0  0  0  0  0  1  0  0  0  0  0  0  1  0  0.11235931D-12
  35 S2          0  0  0  0  0  0  0  2  0  0  0  0  0  0  0.83727843D-15
  36 SiC         0  0  0  1  0  0  1  0  0  0  0  0  0  0  0.24071590D-10
  37 SiN         0  0  0  0  1  0  1  0  0  0  0  0  0  0  0.21071983D-10
  38 SiS         0  0  0  0  0  0  1  1  0  0  0  0  0  0  0.13035434D-12
  39 CCl         0  0  0  1  0  0  0  0  0  0  0  1  0  0  0.13302958D-16
  40 ClO         0  0  0  0  0  1  0  0  0  0  0  1  0  0  0.00000000D+00
  41 CP          0  0  0  1  0  0  0  0  0  0  0  0  1  0  0.11401447D-12
  42 HCl         0  1  0  0  0  0  0  0  0  0  0  1  0  0  0.16719373D-12
  43 HF          0  1  0  0  0  0  0  0  0  0  0  0  0  1  0.65419127D-08
  44 CCH         0  1  0  2  0  0  0  0  0  0  0  0  0  0  0.40155098D-08
  45 C3          0  0  0  3  0  0  0  0  0  0  0  0  0  0  0.30056486D-07
  46 CH2         0  2  0  1  0  0  0  0  0  0  0  0  0  0  0.13408239D-07
  47 SO2         0  0  0  0  0  2  0  1  0  0  0  0  0  0  0.27220450D-15
  48 H2O         0  2  0  0  0  1  0  0  0  0  0  0  0  0  0.13257720D-09
  49 HCN         0  1  0  1  1  0  0  0  0  0  0  0  0  0  0.25933247D-08
  50 HCSi        0  1  0  1  0  0  1  0  0  0  0  0  0  0  0.57575518D-10
  51 CCN         0  0  0  2  1  0  0  0  0  0  0  0  0  0  0.71078372D-09
  52 CCS         0  0  0  2  0  0  0  1  0  0  0  0  0  0  0.13682596D-10
  53 CCO         0  0  0  2  0  1  0  0  0  0  0  0  0  0  0.43794147D-11
  54 CCP         0  0  0  2  0  0  0  0  0  0  0  0  1  0  0.76524362D-14
  55 CO2         0  0  0  1  0  2  0  0  0  0  0  0  0  0  0.14751802D-09
  56 H2S         0  2  0  0  0  0  0  1  0  0  0  0  0  0  0.30547359D-13
  57 HCO         0  1  0  1  0  1  0  0  0  0  0  0  0  0  0.60936696D-10
  58 HCP         0  1  0  1  0  0  0  0  0  0  0  0  1  0  0.13039428D-12
  59 HCS         0  1  0  1  0  0  0  1  0  0  0  0  0  0  0.23944772D-12
  60 HNC         0  1  0  1  1  0  0  0  0  0  0  0  0  0  0.80628132D-09
  61 HNO         0  1  0  0  1  1  0  0  0  0  0  0  0  0  0.26272975D-11
  62 HNSi        0  1  0  0  1  0  1  0  0  0  0  0  0  0  0.98571553D-12
  63 HPO         0  1  0  0  0  1  0  0  0  0  0  0  1  0  0.31755054D-17
  64 HSS         0  1  0  0  0  0  0  2  0  0  0  0  0  0  0.65948038D-16
  65 N2O         0  0  0  0  2  1  0  0  0  0  0  0  0  0  0.24434292D-17
  66 NaOH        0  1  0  0  0  1  0  0  0  1  0  0  0  0  0.34470419D-20
  67 NH2         0  2  0  0  1  0  0  0  0  0  0  0  0  0  0.16085109D-11
  68 NO2         0  0  0  0  1  2  0  0  0  0  0  0  0  0  0.00000000D+00
  69 O2H         0  1  0  0  0  2  0  0  0  0  0  0  0  0  0.52459050D-17
  70 OCN         0  0  0  1  1  1  0  0  0  0  0  0  0  0  0.19763209D-10
  71 OCS         0  0  0  1  0  1  0  1  0  0  0  0  0  0  0.14483009D-12
  72 PH2         0  2  0  0  0  0  0  0  0  0  0  0  1  0  0.73334921D-17
  73 c-SiC2      0  0  0  2  0  0  1  0  0  0  0  0  0  0  0.11927673D-10
  74 SiH2        0  2  0  0  0  0  1  0  0  0  0  0  0  0  0.18193946D-15
  75 SiNC        0  0  0  1  1  0  1  0  0  0  0  0  0  0  0.53969832D-14
  76 SiO2        0  0  0  0  0  2  1  0  0  0  0  0  0  0  0.30447402D-17
  77 C4          0  0  0  4  0  0  0  0  0  0  0  0  0  0  0.17984054D-09
  78 c-C3H       0  1  0  3  0  0  0  0  0  0  0  0  0  0  0.41131439D-09
  79 l-C3H       0  1  0  3  0  0  0  0  0  0  0  0  0  0  0.26095892D-09
  80 CH3         0  3  0  1  0  0  0  0  0  0  0  0  0  0  0.10281792D-09
  81 C2H2        0  2  0  2  0  0  0  0  0  0  0  0  0  0  0.84895168D-09
  82 NH3         0  3  0  0  1  0  0  0  0  0  0  0  0  0  0.41487648D-12
  83 SiCH2       0  2  0  1  0  0  1  0  0  0  0  0  0  0  0.20718453D-14
  84 C3N         0  0  0  3  1  0  0  0  0  0  0  0  0  0  0.17825551D-09
  85 C3O         0  0  0  3  0  1  0  0  0  0  0  0  0  0  0.63952275D-10
  86 C3P         0  0  0  3  0  0  0  0  0  0  0  0  1  0  0.62153827D-18
  87 C3S         0  0  0  3  0  0  0  1  0  0  0  0  0  0  0.90397682D-11
  88 H2CO        0  2  0  1  0  1  0  0  0  0  0  0  0  0  0.94293776D-10
  89 H2CS        0  2  0  1  0  0  0  1  0  0  0  0  0  0  0.10082957D-12
  90 HOOH        0  2  0  0  0  2  0  0  0  0  0  0  0  0  0.31799819D-20
  91 HSSH        0  2  0  0  0  0  0  2  0  0  0  0  0  0  0.37706192D-16
  92 H2SiO       0  2  0  0  0  1  1  0  0  0  0  0  0  0  0.13053083D-21
  93 HCCP        0  1  0  2  0  0  0  0  0  0  0  0  1  0  0.27087238D-15
  94 HCCSi       0  1  0  2  0  0  1  0  0  0  0  0  0  0  0.10693910D-12
  95 l-SiC3      0  0  0  3  0  0  1  0  0  0  0  0  0  0  0.55579500D-12
  96 SiH3        0  3  0  0  0  0  1  0  0  0  0  0  0  0  0.19915254D-21
  97 H2CN        0  2  0  1  1  0  0  0  0  0  0  0  0  0  0.15561301D-10
  98 C5          0  0  0  5  0  0  0  0  0  0  0  0  0  0  0.26851270D-10
  99 c-C3H2      0  2  0  3  0  0  0  0  0  0  0  0  0  0  0.32179449D-09
 100 l-C3H2      0  2  0  3  0  0  0  0  0  0  0  0  0  0  0.25793844D-09
 101 C4H         0  1  0  4  0  0  0  0  0  0  0  0  0  0  0.25046961D-09
 102 CH4         0  4  0  1  0  0  0  0  0  0  0  0  0  0  0.21649010D-09
 103 HC3N        0  1  0  3  1  0  0  0  0  0  0  0  0  0  0.31155289D-10
 104 H2CCN       0  2  0  2  1  0  0  0  0  0  0  0  0  0  0.22354660D-11
 105 H2CCO       0  2  0  2  0  1  0  0  0  0  0  0  0  0  0.55881495D-10
 106 C2H3        0  3  0  2  0  0  0  0  0  0  0  0  0  0  0.32967622D-10
 107 C4N         0  0  0  4  1  0  0  0  0  0  0  0  0  0  0.51218307D-10
 108 C4P         0  0  0  4  0  0  0  0  0  0  0  0  1  0  0.30822596D-17
 109 C4S         0  0  0  4  0  0  0  1  0  0  0  0  0  0  0.56360106D-13
 110 HCOOH       0  2  0  1  0  2  0  0  0  0  0  0  0  0  0.20586579D-16
 111 CH2PH       0  3  0  1  0  0  0  0  0  0  0  0  1  0  0.38081561D-21
 112 CH2NH       0  3  0  1  1  0  0  0  0  0  0  0  0  0  0.14919849D-15
 113 c-HCCHSi    0  2  0  2  0  0  1  0  0  0  0  0  0  0  0.10097022D-13
 114 SiC3H       0  1  0  3  0  0  1  0  0  0  0  0  0  0  0.27231031D-15
 115 SiC4        0  0  0  4  0  0  1  0  0  0  0  0  0  0  0.20183593D-15
 116 SiCH3       0  3  0  1  0  0  1  0  0  0  0  0  0  0  0.22806023D-16
 117 SiH4        0  4  0  0  0  0  1  0  0  0  0  0  0  0  0.13774131D-20
 118 HCNCC       0  1  0  3  1  0  0  0  0  0  0  0  0  0  0.21985573D-13
 119 HCCNC       0  1  0  3  1  0  0  0  0  0  0  0  0  0  0.60534861D-13
 120 HNCCC       0  1  0  3  1  0  0  0  0  0  0  0  0  0  0.29718084D-13
 121 NH2CN       0  2  0  1  2  0  0  0  0  0  0  0  0  0  0.00000000D+00
 122 C6          0  0  0  6  0  0  0  0  0  0  0  0  0  0  0.13269706D-11
 123 CH3CN       0  3  0  2  1  0  0  0  0  0  0  0  0  0  0.48979890D-12
 124 CH2CCH      0  3  0  3  0  0  0  0  0  0  0  0  0  0  0.20517199D-13
 125 C2H4        0  4  0  2  0  0  0  0  0  0  0  0  0  0  0.94436014D-13
 126 NC4N        0  0  0  4  2  0  0  0  0  0  0  0  0  0  0.61900164D-10
 127 H2CSiCH     0  3  0  2  0  0  1  0  0  0  0  0  0  0  0.79109109D-15
 128 SiC4H       0  1  0  4  0  0  1  0  0  0  0  0  0  0  0.12312770D-11
 129 HC4N        0  1  0  4  1  0  0  0  0  0  0  0  0  0  0.33713566D-12
 130 C4H2        0  2  0  4  0  0  0  0  0  0  0  0  0  0  0.13301356D-09
 131 C5H         0  1  0  5  0  0  0  0  0  0  0  0  0  0  0.29948835D-10
 132 C5N         0  0  0  5  1  0  0  0  0  0  0  0  0  0  0.84099126D-11
 133 CH3OH       0  4  0  1  0  1  0  0  0  0  0  0  0  0  0.39192694D-18
 134 NH2CHO      0  3  0  1  1  1  0  0  0  0  0  0  0  0  0.68590469D-18
 135 C5O         0  0  0  5  0  1  0  0  0  0  0  0  0  0  0.35333032D-11
 136 C7          0  0  0  7  0  0  0  0  0  0  0  0  0  0  0.15773611D-12
 137 HC5N        0  1  0  5  1  0  0  0  0  0  0  0  0  0  0.80918009D-12
 138 SiC2CH3     0  3  0  3  0  0  1  0  0  0  0  0  0  0  0.28334275D-17
 139 CH3CHO      0  4  0  2  0  1  0  0  0  0  0  0  0  0  0.19742489D-19
 140 C2H5        0  5  0  2  0  0  0  0  0  0  0  0  0  0  0.32119904D-22
 141 CH2CHCN     0  3  0  3  1  0  0  0  0  0  0  0  0  0  0.79701058D-16
 142 CH3CCH      0  4  0  3  0  0  0  0  0  0  0  0  0  0  0.30609219D-15
 143 C5H2        0  2  0  5  0  0  0  0  0  0  0  0  0  0  0.29173458D-10
 144 C6H         0  1  0  6  0  0  0  0  0  0  0  0  0  0  0.63992002D-11
 145 CH3NH2      0  5  0  1  1  0  0  0  0  0  0  0  0  0  0.47653802D-16
 146 C4H3        0  3  0  4  0  0  0  0  0  0  0  0  0  0  0.14209408D-15
 147 C6N         0  0  0  6  1  0  0  0  0  0  0  0  0  0  0.19000603D-11
 148 C8          0  0  0  8  0  0  0  0  0  0  0  0  0  0  0.67641744D-13
 149 HC6N        0  1  0  6  1  0  0  0  0  0  0  0  0  0  0.87563803D-14
 150 NC6N        0  0  0  6  2  0  0  0  0  0  0  0  0  0  0.15206519D-11
 151 SiC6H       0  1  0  6  0  0  1  0  0  0  0  0  0  0  0.11263114D-12
 152 CH2CHC2H    0  4  0  4  0  0  0  0  0  0  0  0  0  0  0.22138827D-16
 153 C6H2        0  2  0  6  0  0  0  0  0  0  0  0  0  0  0.12167423D-10
 154 C7H         0  1  0  7  0  0  0  0  0  0  0  0  0  0  0.97771489D-12
 155 C7N         0  0  0  7  1  0  0  0  0  0  0  0  0  0  0.54258051D-12
 156 CH3C3N      0  3  0  4  1  0  0  0  0  0  0  0  0  0  0.31573995D-15
 157 HCOOCH3     0  4  0  2  0  2  0  0  0  0  0  0  0  0  0.63030585D-24
 158 C2H6        0  6  0  2  0  0  0  0  0  0  0  0  0  0  0.00000000D+00
 159 C7O         0  0  0  7  0  1  0  0  0  0  0  0  0  0  0.11534883D-12
 160 C9          0  0  0  9  0  0  0  0  0  0  0  0  0  0  0.21064338D-13
 161 HC7N        0  1  0  7  1  0  0  0  0  0  0  0  0  0  0.13038674D-12
 162 SiC3H5      0  5  0  3  0  0  1  0  0  0  0  0  0  0  0.00000000D+00
 163 CH3CH2OH    0  6  0  2  0  1  0  0  0  0  0  0  0  0  0.20876664D-22
 164 C7H2        0  2  0  7  0  0  0  0  0  0  0  0  0  0  0.38430098D-11
 165 C8H         0  1  0  8  0  0  0  0  0  0  0  0  0  0  0.97851802D-12
 166 CH3C4H      0  4  0  5  0  0  0  0  0  0  0  0  0  0  0.64630571D-16
 167 CH3OCH3     0  6  0  2  0  1  0  0  0  0  0  0  0  0  0.79689757D-25
 168 CH3CHCH2    0  6  0  3  0  0  0  0  0  0  0  0  0  0  0.00000000D+00
 169 C8N         0  0  0  8  1  0  0  0  0  0  0  0  0  0  0.20782860D-12
 170 C10         0  0  0 10  0  0  0  0  0  0  0  0  0  0  0.56921113D-13
 171 CH3COCH3    0  6  0  3  0  1  0  0  0  0  0  0  0  0  0.48117063D-25
 172 C8H2        0  2  0  8  0  0  0  0  0  0  0  0  0  0  0.34001512D-11
 173 C9H         0  1  0  9  0  0  0  0  0  0  0  0  0  0  0.18748956D-12
 174 C9N         0  0  0  9  1  0  0  0  0  0  0  0  0  0  0.10665828D-12
 175 CH3C5N      0  3  0  6  1  0  0  0  0  0  0  0  0  0  0.62517771D-17
 176 HC8N        0  1  0  8  1  0  0  0  0  0  0  0  0  0  0.14109540D-14
 177 NC8N        0  0  0  8  2  0  0  0  0  0  0  0  0  0  0.24502932D-12
 178 SiC8H       0  1  0  8  0  0  1  0  0  0  0  0  0  0  0.31474445D-13
 179 CH2CHCHCH2  0  6  0  4  0  0  0  0  0  0  0  0  0  0  0.00000000D+00
 180 C9O         0  0  0  9  0  1  0  0  0  0  0  0  0  0  0.22119641D-13
 181 HC9N        0  1  0  9  1  0  0  0  0  0  0  0  0  0  0.19495647D-13
 182 C10H        0  1  0 10  0  0  0  0  0  0  0  0  0  0  0.13453389D-12
 183 C9H2        0  2  0  9  0  0  0  0  0  0  0  0  0  0  0.78236302D-12
 184 CH3C6H      0  4  0  7  0  0  0  0  0  0  0  0  0  0  0.21327236D-17
 185 C11         0  0  0 11  0  0  0  0  0  0  0  0  0  0  0.36293198D-12
 186 C10N        0  0  0 10  1  0  0  0  0  0  0  0  0  0  0.22488432D-13
 187 CH3C7N      0  3  0  8  1  0  0  0  0  0  0  0  0  0  0.97644686D-18
 188 C10H2       0  2  0 10  0  0  0  0  0  0  0  0  0  0  0.33882189D-12
 189 C6H6        0  6  0  6  0  0  0  0  0  0  0  0  0  0  0.19786034D-14
 190 Si+         1  0  0  0  0  0  1  0  0  0  0  0  0  0  0.69002248D-08
 191 C+          1  0  0  1  0  0  0  0  0  0  0  0  0  0  0.16884465D-05
 192 C-         -1  0  0  1  0  0  0  0  0  0  0  0  0  0  0.11268854D-12
 193 H-         -1  1  0  0  0  0  0  0  0  0  0  0  0  0  0.69581489D-14
 194 O-         -1  0  0  0  0  1  0  0  0  0  0  0  0  0  0.73295097D-15
 195 S-         -1  0  0  0  0  0  0  1  0  0  0  0  0  0  0.38243727D-16
 196 He+         1  0  1  0  0  0  0  0  0  0  0  0  0  0  0.21020769D-11
 197 H+          1  1  0  0  0  0  0  0  0  0  0  0  0  0  0.52533281D-08
 198 Fe+         1  0  0  0  0  0  0  0  1  0  0  0  0  0  0.29755504D-08
 199 Mg+         1  0  0  0  0  0  0  0  0  0  1  0  0  0  0.68502808D-08
 200 N+          1  0  0  0  1  0  0  0  0  0  0  0  0  0  0.13643675D-14
 201 Na+         1  0  0  0  0  0  0  0  0  1  0  0  0  0  0.19632884D-08
 202 O+          1  0  0  0  0  1  0  0  0  0  0  0  0  0  0.46292244D-14
 203 S+          1  0  0  0  0  0  0  1  0  0  0  0  0  0  0.68386401D-07
 204 Cl+         1  0  0  0  0  0  0  0  0  0  0  1  0  0  0.14085214D-16
 205 F+          1  0  0  0  0  0  0  0  0  0  0  0  0  1  0.27778961D-18
 206 P+          1  0  0  0  0  0  0  0  0  0  0  0  1  0  0.18651997D-09
 207 e-         -1  0  0  0  0  0  0  0  0  0  0  0  0  0  0.17815093D-05
 208 CH+         1  1  0  1  0  0  0  0  0  0  0  0  0  0  0.17998463D-12
 209 H2+         1  2  0  0  0  0  0  0  0  0  0  0  0  0  0.57713720D-14
 210 OH+         1  1  0  0  0  1  0  0  0  0  0  0  0  0  0.81336543D-14
 211 SiH+        1  1  0  0  0  0  1  0  0  0  0  0  0  0  0.13230323D-12
 212 C2+         1  0  0  2  0  0  0  0  0  0  0  0  0  0  0.15044234D-12
 213 CN-        -1  0  0  1  1  0  0  0  0  0  0  0  0  0  0.59962096D-12
 214 OH-        -1  1  0  0  0  1  0  0  0  0  0  0  0  0  0.35062794D-13
 215 CF+         1  0  0  1  0  0  0  0  0  0  0  0  0  1  0.84914381D-10
 216 HS+         1  1  0  0  0  0  0  1  0  0  0  0  0  0  0.26935327D-13
 217 SO+         1  0  0  0  0  1  0  1  0  0  0  0  0  0  0.99297910D-13
 218 CCl+        1  0  0  1  0  0  0  0  0  0  0  1  0  0  0.89647285D-15
 219 ClO+        1  0  0  0  0  1  0  0  0  0  0  1  0  0  0.00000000D+00
 220 CN+         1  0  0  1  1  0  0  0  0  0  0  0  0  0  0.46839750D-16
 221 CO+         1  0  0  1  0  1  0  0  0  0  0  0  0  0  0.31879751D-14
 222 CP+         1  0  0  1  0  0  0  0  0  0  0  0  1  0  0.16371008D-17
 223 CS+         1  0  0  1  0  0  0  1  0  0  0  0  0  0  0.31203450D-13
 224 HCl+        1  1  0  0  0  0  0  0  0  0  0  1  0  0  0.10841378D-16
 225 HF+         1  1  0  0  0  0  0  0  0  0  0  0  0  1  0.21339776D-18
 226 HeH+        1  1  1  0  0  0  0  0  0  0  0  0  0  0  0.45267277D-21
 227 N2+         1  0  0  0  2  0  0  0  0  0  0  0  0  0  0.24564753D-17
 228 NH+         1  1  0  0  1  0  0  0  0  0  0  0  0  0  0.20161408D-15
 229 NO+         1  0  0  0  1  1  0  0  0  0  0  0  0  0  0.31933845D-13
 230 NS+         1  0  0  0  1  0  0  1  0  0  0  0  0  0  0.30844828D-13
 231 O2+         1  0  0  0  0  2  0  0  0  0  0  0  0  0  0.31103569D-14
 232 PH+         1  1  0  0  0  0  0  0  0  0  0  0  1  0  0.14145392D-14
 233 PN+         1  0  0  0  1  0  0  0  0  0  0  0  1  0  0.13914165D-14
 234 PO+         1  0  0  0  0  1  0  0  0  0  0  0  1  0  0.22041642D-14
 235 S2+         1  0  0  0  0  0  0  2  0  0  0  0  0  0  0.30008120D-16
 236 SiC+        1  0  0  1  0  0  1  0  0  0  0  0  0  0  0.14444025D-14
 237 SiN+        1  0  0  0  1  0  1  0  0  0  0  0  0  0  0.17204988D-12
 238 SiO+        1  0  0  0  0  1  1  0  0  0  0  0  0  0  0.24440644D-15
 239 SiS+        1  0  0  0  0  0  1  1  0  0  0  0  0  0  0.38393156D-17
 240 SiF+        1  0  0  0  0  0  1  0  0  0  0  0  0  1  0.27798437D-12
 241 CH2+        1  2  0  1  0  0  0  0  0  0  0  0  0  0  0.20589368D-11
 242 C2N+        1  0  0  2  1  0  0  0  0  0  0  0  0  0  0.19919257D-14
 243 CNC+        1  0  0  2  1  0  0  0  0  0  0  0  0  0  0.29802586D-10
 244 HSiO+       1  1  0  0  0  1  1  0  0  0  0  0  0  0  0.97647847D-13
 245 N2H+        1  1  0  0  2  0  0  0  0  0  0  0  0  0  0.18236175D-13
 246 C2H+        1  1  0  2  0  0  0  0  0  0  0  0  0  0  0.23685933D-12
 247 H3+         1  3  0  0  0  0  0  0  0  0  0  0  0  0  0.73525685D-11
 248 C3-        -1  0  0  3  0  0  0  0  0  0  0  0  0  0  0.10659340D-11
 249 HCO+        1  1  0  1  0  1  0  0  0  0  0  0  0  0  0.12456872D-10
 250 HSO+        1  1  0  0  0  1  0  1  0  0  0  0  0  0  0.90111776D-18
 251 H2S+        1  2  0  0  0  0  0  1  0  0  0  0  0  0  0.34830140D-12
 252 HCS+        1  1  0  1  0  0  0  1  0  0  0  0  0  0  0.19938580D-11
 253 HPO+        1  1  0  0  0  1  0  0  0  0  0  0  1  0  0.53913165D-16
 254 C2O+        1  0  0  2  0  1  0  0  0  0  0  0  0  0  0.54889972D-13
 255 C2S+        1  0  0  2  0  0  0  1  0  0  0  0  0  0  0.70019536D-12
 256 C3+         1  0  0  3  0  0  0  0  0  0  0  0  0  0  0.22590804D-12
 257 CCP+        1  0  0  2  0  0  0  0  0  0  0  0  1  0  0.24075141D-15
 258 CHSi+       1  1  0  1  0  0  1  0  0  0  0  0  0  0  0.18119127D-14
 259 CO2+        1  0  0  1  0  2  0  0  0  0  0  0  0  0  0.90103980D-22
 260 H2Cl+       1  2  0  0  0  0  0  0  0  0  0  1  0  0  0.49112935D-14
 261 H2F+        1  2  0  0  0  0  0  0  0  0  0  0  0  1  0.22385420D-15
 262 H2O+        1  2  0  0  0  1  0  0  0  0  0  0  0  0  0.15670069D-13
 263 HCN+        1  1  0  1  1  0  0  0  0  0  0  0  0  0  0.17692453D-14
 264 HCP+        1  1  0  1  0  0  0  0  0  0  0  0  1  0  0.21757171D-17
 265 HNC+        1  1  0  1  1  0  0  0  0  0  0  0  0  0  0.16624091D-14
 266 HNO+        1  1  0  0  1  1  0  0  0  0  0  0  0  0  0.17153951D-15
 267 HNS+        1  1  0  0  1  0  0  1  0  0  0  0  0  0  0.21523257D-18
 268 HNSi+       1  1  0  0  1  0  1  0  0  0  0  0  0  0  0.15067579D-16
 269 HOC+        1  1  0  1  0  1  0  0  0  0  0  0  0  0  0.16358789D-11
 270 HPN+        1  1  0  0  1  0  0  0  0  0  0  0  1  0  0.12631956D-17
 271 HSiS+       1  1  0  0  0  0  1  1  0  0  0  0  0  0  0.22051739D-14
 272 NaH2+       1  2  0  0  0  0  0  0  0  1  0  0  0  0  0.29990846D-15
 273 NCO+        1  0  0  1  1  1  0  0  0  0  0  0  0  0  0.62400390D-17
 274 NH2+        1  2  0  0  1  0  0  0  0  0  0  0  0  0  0.16478099D-14
 275 NO2+        1  0  0  0  1  2  0  0  0  0  0  0  0  0  0.22554225D-21
 276 HO2+        1  1  0  0  0  2  0  0  0  0  0  0  0  0  0.53887144D-20
 277 OCS+        1  0  0  1  0  1  0  1  0  0  0  0  0  0  0.53069433D-13
 278 PH2+        1  2  0  0  0  0  0  0  0  0  0  0  1  0  0.54869168D-14
 279 HS2+        1  1  0  0  0  0  0  2  0  0  0  0  0  0  0.10371180D-17
 280 SiC2+       1  0  0  2  0  0  1  0  0  0  0  0  0  0  0.50581734D-15
 281 SiH2+       1  2  0  0  0  0  1  0  0  0  0  0  0  0  0.13213308D-11
 282 SiNC+       1  0  0  1  1  0  1  0  0  0  0  0  0  0  0.15215297D-12
 283 SO2+        1  0  0  0  0  2  0  1  0  0  0  0  0  0  0.36766091D-24
 284 HCNH+       1  2  0  1  1  0  0  0  0  0  0  0  0  0  0.14924536D-11
 285 HC2N+       1  1  0  2  1  0  0  0  0  0  0  0  0  0  0.57377150D-15
 286 C3H+        1  1  0  3  0  0  0  0  0  0  0  0  0  0  0.25727058D-11
 287 C4+         1  0  0  4  0  0  0  0  0  0  0  0  0  0  0.16498824D-12
 288 H2CO+       1  2  0  1  0  1  0  0  0  0  0  0  0  0  0.13759823D-12
 289 CH3+        1  3  0  1  0  0  0  0  0  0  0  0  0  0  0.38928614D-09
 290 C3N-       -1  0  0  3  1  0  0  0  0  0  0  0  0  0  0.32978983D-12
 291 C4-        -1  0  0  4  0  0  0  0  0  0  0  0  0  0  0.19796461D-10
 292 H3O+        1  3  0  0  0  1  0  0  0  0  0  0  0  0  0.25359325D-11
 293 H2NO+       1  2  0  0  1  1  0  0  0  0  0  0  0  0  0.53127881D-16
 294 H3S+        1  3  0  0  0  0  0  1  0  0  0  0  0  0  0.31564848D-17
 295 HC2S+       1  1  0  2  0  0  0  1  0  0  0  0  0  0  0.48555761D-13
 296 HOCS+       1  1  0  1  0  1  0  1  0  0  0  0  0  0  0.67747690D-17
 297 PCH2+       1  2  0  1  0  0  0  0  0  0  0  0  1  0  0.86223493D-15
 298 H2S2+       1  2  0  0  0  0  0  2  0  0  0  0  0  0  0.21670284D-20
 299 C2H2+       1  2  0  2  0  0  0  0  0  0  0  0  0  0  0.50456346D-10
 300 C2HO+       1  1  0  2  0  1  0  0  0  0  0  0  0  0  0.23171334D-12
 301 C2N2+       1  0  0  2  2  0  0  0  0  0  0  0  0  0  0.87707485D-22
 302 C3N+        1  0  0  3  1  0  0  0  0  0  0  0  0  0  0.61535446D-18
 303 C3O+        1  0  0  3  0  1  0  0  0  0  0  0  0  0  0.24489410D-12
 304 C3S+        1  0  0  3  0  0  0  1  0  0  0  0  0  0  0.34449114D-12
 305 CH2Si+      1  2  0  1  0  0  1  0  0  0  0  0  0  0  0.52963904D-12
 306 H2CCl+      1  2  0  1  0  0  0  0  0  0  0  1  0  0  0.19166879D-18
 307 H2CS+       1  2  0  1  0  0  0  1  0  0  0  0  0  0  0.35671375D-16
 308 H2NC+       1  2  0  1  1  0  0  0  0  0  0  0  0  0  0.15752330D-11
 309 H2PO+       1  2  0  0  0  1  0  0  0  0  0  0  1  0  0.27146297D-21
 310 H2SiO+      1  2  0  0  0  1  1  0  0  0  0  0  0  0  0.12737381D-18
 311 HOCO+       1  1  0  1  0  2  0  0  0  0  0  0  0  0  0.11419220D-17
 312 HNCO+       1  1  0  1  1  1  0  0  0  0  0  0  0  0  0.62313000D-23
 313 HSiO2+      1  1  0  0  0  2  1  0  0  0  0  0  0  0  0.78834336D-25
 314 HSO2+       1  1  0  0  0  2  0  1  0  0  0  0  0  0  0.13146006D-22
 315 NaH2O+      1  2  0  0  0  1  0  0  0  1  0  0  0  0  0.20915414D-21
 316 NH3+        1  3  0  0  1  0  0  0  0  0  0  0  0  0  0.69042260D-13
 317 PC2H+       1  1  0  2  0  0  0  0  0  0  0  0  1  0  0.15022457D-15
 318 PH3+        1  3  0  0  0  0  0  0  0  0  0  0  1  0  0.15928822D-18
 319 PNH2+       1  2  0  0  1  0  0  0  0  0  0  0  1  0  0.14717346D-18
 320 SiC2H+      1  1  0  2  0  0  1  0  0  0  0  0  0  0  0.29024206D-12
 321 l-SiC3+     1  0  0  3  0  0  1  0  0  0  0  0  0  0  0.40183994D-13
 322 SiH3+       1  3  0  0  0  0  1  0  0  0  0  0  0  0  0.83207009D-17
 323 SiNCH+      1  1  0  1  1  0  1  0  0  0  0  0  0  0  0.13414959D-16
 324 HSiNH+      1  2  0  0  1  0  1  0  0  0  0  0  0  0  0.57405956D-14
 325 HN2O+       1  1  0  0  2  1  0  0  0  0  0  0  0  0  0.74152815D-26
 326 C2H3+       1  3  0  2  0  0  0  0  0  0  0  0  0  0  0.16091170D-12
 327 c-C3H2+     1  2  0  3  0  0  0  0  0  0  0  0  0  0  0.79659209D-12
 328 l-C3H2+     1  2  0  3  0  0  0  0  0  0  0  0  0  0  0.11895737D-12
 329 C4H+        1  1  0  4  0  0  0  0  0  0  0  0  0  0  0.20730284D-12
 330 C5+         1  0  0  5  0  0  0  0  0  0  0  0  0  0  0.72502979D-14
 331 HC3O+       1  1  0  3  0  1  0  0  0  0  0  0  0  0  0.85611293D-17
 332 C4H-       -1  1  0  4  0  0  0  0  0  0  0  0  0  0  0.24958339D-10
 333 C5-        -1  0  0  5  0  0  0  0  0  0  0  0  0  0  0.80446532D-11
 334 NH4+        1  4  0  0  1  0  0  0  0  0  0  0  0  0  0.10418524D-14
 335 H3CS+       1  3  0  1  0  0  0  1  0  0  0  0  0  0  0.79171064D-15
 336 H2COH+      1  3  0  1  0  1  0  0  0  0  0  0  0  0  0.34071352D-15
 337 H3S2+       1  3  0  0  0  0  0  2  0  0  0  0  0  0  0.23767246D-19
 338 HC3S+       1  1  0  3  0  0  0  1  0  0  0  0  0  0  0.28200930D-12
 339 PC3H+       1  1  0  3  0  0  0  0  0  0  0  0  1  0  0.40635514D-20
 340 PCH3+       1  3  0  1  0  0  0  0  0  0  0  0  1  0  0.12866550D-21
 341 PNH3+       1  3  0  0  1  0  0  0  0  0  0  0  1  0  0.74334626D-24
 342 SiC2H2+     1  2  0  2  0  0  1  0  0  0  0  0  0  0  0.66897170D-15
 343 SiC3H+      1  1  0  3  0  0  1  0  0  0  0  0  0  0  0.19730808D-13
 344 SiC4+       1  0  0  4  0  0  1  0  0  0  0  0  0  0  0.38774447D-14
 345 SiCH3+      1  3  0  1  0  0  1  0  0  0  0  0  0  0  0.31246820D-18
 346 SiH4+       1  4  0  0  0  0  1  0  0  0  0  0  0  0  0.21655884D-28
 347 CH2CN+      1  2  0  2  1  0  0  0  0  0  0  0  0  0  0.22606543D-12
 348 H2CCO+      1  2  0  2  0  1  0  0  0  0  0  0  0  0  0.20165207D-12
 349 HC3N+       1  1  0  3  1  0  0  0  0  0  0  0  0  0  0.45455912D-14
 350 C4N+        1  0  0  4  1  0  0  0  0  0  0  0  0  0  0.85434567D-15
 351 C4P+        1  0  0  4  0  0  0  0  0  0  0  0  1  0  0.58775471D-22
 352 C4S+        1  0  0  4  0  0  0  1  0  0  0  0  0  0  0.36601169D-13
 353 HCOOH+      1  2  0  1  0  2  0  0  0  0  0  0  0  0  0.18061750D-20
 354 CH4+        1  4  0  1  0  0  0  0  0  0  0  0  0  0  0.97301332D-16
 355 H3SiO+      1  3  0  0  0  1  1  0  0  0  0  0  0  0  0.62363012D-25
 356 PC2H2+      1  2  0  2  0  0  0  0  0  0  0  0  1  0  0.72796348D-17
 357 C6+         1  0  0  6  0  0  0  0  0  0  0  0  0  0  0.30420352D-13
 358 HC4N+       1  1  0  4  1  0  0  0  0  0  0  0  0  0  0.34525587D-20
 359 C5H-       -1  1  0  5  0  0  0  0  0  0  0  0  0  0  0.12072231D-10
 360 C6-        -1  0  0  6  0  0  0  0  0  0  0  0  0  0  0.21886914D-11
 361 CH3CO+      1  3  0  2  0  1  0  0  0  0  0  0  0  0  0.51240129D-13
 362 C2H4+       1  4  0  2  0  0  0  0  0  0  0  0  0  0  0.26902060D-11
 363 HC3NH+      1  2  0  3  1  0  0  0  0  0  0  0  0  0  0.97999412D-14
 364 HC4S+       1  1  0  4  0  0  0  1  0  0  0  0  0  0  0.33748258D-14
 365 CH5+        1  5  0  1  0  0  0  0  0  0  0  0  0  0  0.19671425D-11
 366 C4H2+       1  2  0  4  0  0  0  0  0  0  0  0  0  0  0.98340395D-11
 367 C5H+        1  1  0  5  0  0  0  0  0  0  0  0  0  0  0.44632656D-12
 368 CH3CN+      1  3  0  2  1  0  0  0  0  0  0  0  0  0  0.16832237D-13
 369 c-C3H3+     1  3  0  3  0  0  0  0  0  0  0  0  0  0  0.55965401D-11
 370 l-C3H3+     1  3  0  3  0  0  0  0  0  0  0  0  0  0  0.55964244D-11
 371 C5N+        1  0  0  5  1  0  0  0  0  0  0  0  0  0  0.67761063D-17
 372 CH3O2+      1  3  0  1  0  2  0  0  0  0  0  0  0  0  0.52325563D-20
 373 CH2NH2+     1  4  0  1  1  0  0  0  0  0  0  0  0  0  0.18672752D-17
 374 CH3OH+      1  4  0  1  0  1  0  0  0  0  0  0  0  0  0.62510459D-21
 375 H2C3O+      1  2  0  3  0  1  0  0  0  0  0  0  0  0  0.85347065D-16
 376 HC2NCH+     1  2  0  3  1  0  0  0  0  0  0  0  0  0  0.20981285D-14
 377 HC4O+       1  1  0  4  0  1  0  0  0  0  0  0  0  0  0.67814446D-13
 378 NH2CNH+     1  3  0  1  2  0  0  0  0  0  0  0  0  0  0.00000000D+00
 379 PC2H3+      1  3  0  2  0  0  0  0  0  0  0  0  1  0  0.14562447D-24
 380 PC4H+       1  1  0  4  0  0  0  0  0  0  0  0  1  0  0.34916468D-19
 381 PCH4+       1  4  0  1  0  0  0  0  0  0  0  0  1  0  0.64328243D-23
 382 SiC2H3+     1  3  0  2  0  0  1  0  0  0  0  0  0  0  0.19951999D-15
 383 SiC3H2+     1  2  0  3  0  0  1  0  0  0  0  0  0  0  0.25369594D-17
 384 SiC4H+      1  1  0  4  0  0  1  0  0  0  0  0  0  0  0.13550853D-17
 385 SiCH4+      1  4  0  1  0  0  1  0  0  0  0  0  0  0  0.27362753D-18
 386 SiH5+       1  5  0  0  0  0  1  0  0  0  0  0  0  0  0.76996648D-23
 387 C7+         1  0  0  7  0  0  0  0  0  0  0  0  0  0  0.40343226D-14
 388 H2C4N+      1  2  0  4  1  0  0  0  0  0  0  0  0  0  0.51308823D-20
 389 C6H-       -1  1  0  6  0  0  0  0  0  0  0  0  0  0  0.37066377D-11
 390 C7-        -1  0  0  7  0  0  0  0  0  0  0  0  0  0  0.72000631D-12
 391 C4H3+       1  3  0  4  0  0  0  0  0  0  0  0  0  0  0.44285857D-13
 392 C5H2+       1  2  0  5  0  0  0  0  0  0  0  0  0  0  0.37176140D-15
 393 CH3CNH+     1  4  0  2  1  0  0  0  0  0  0  0  0  0  0.20260044D-13
 394 C2H4O+      1  4  0  2  0  1  0  0  0  0  0  0  0  0  0.12503401D-19
 395 C2H5+       1  5  0  2  0  0  0  0  0  0  0  0  0  0  0.24361269D-16
 396 C3H3N+      1  3  0  3  1  0  0  0  0  0  0  0  0  0  0.12542707D-17
 397 C3H4+       1  4  0  3  0  0  0  0  0  0  0  0  0  0  0.20606979D-17
 398 HC5N+       1  1  0  5  1  0  0  0  0  0  0  0  0  0  0.12332319D-14
 399 C6H+        1  1  0  6  0  0  0  0  0  0  0  0  0  0  0.14828202D-12
 400 CH3NH2+     1  5  0  1  1  0  0  0  0  0  0  0  0  0  0.17217899D-18
 401 CH3OH2+     1  5  0  1  0  1  0  0  0  0  0  0  0  0  0.20396270D-19
 402 H3C3O+      1  3  0  3  0  1  0  0  0  0  0  0  0  0  0.20203291D-17
 403 NH2CH2O+    1  4  0  1  1  1  0  0  0  0  0  0  0  0  0.67197270D-25
 404 PC2H4+      1  4  0  2  0  0  0  0  0  0  0  0  1  0  0.43538527D-24
 405 PC4H2+      1  2  0  4  0  0  0  0  0  0  0  0  1  0  0.88650327D-22
 406 HC5O+       1  1  0  5  0  1  0  0  0  0  0  0  0  0  0.44238100D-18
 407 C6N+        1  0  0  6  1  0  0  0  0  0  0  0  0  0  0.28773019D-16
 408 H2C5N+      1  2  0  5  1  0  0  0  0  0  0  0  0  0  0.24694888D-15
 409 C8+         1  0  0  8  0  0  0  0  0  0  0  0  0  0  0.91654879D-14
 410 C7H-       -1  1  0  7  0  0  0  0  0  0  0  0  0  0  0.19691488D-11
 411 C8-        -1  0  0  8  0  0  0  0  0  0  0  0  0  0  0.11262543D-12
 412 C5H3+       1  3  0  5  0  0  0  0  0  0  0  0  0  0  0.68043910D-16
 413 C3H5+       1  5  0  3  0  0  0  0  0  0  0  0  0  0  0.62736522D-17
 414 C6H2+       1  2  0  6  0  0  0  0  0  0  0  0  0  0  0.13950175D-13
 415 C7H+        1  1  0  7  0  0  0  0  0  0  0  0  0  0  0.66890942D-13
 416 CH3CHOH+    1  5  0  2  0  1  0  0  0  0  0  0  0  0  0.46244866D-21
 417 C2H6+       1  6  0  2  0  0  0  0  0  0  0  0  0  0  0.17850239D-29
 418 C3H3NH+     1  4  0  3  1  0  0  0  0  0  0  0  0  0  0.53806793D-23
 419 C4H4+       1  4  0  4  0  0  0  0  0  0  0  0  0  0  0.15891477D-18
 420 C7N+        1  0  0  7  1  0  0  0  0  0  0  0  0  0  0.10569202D-17
 421 CH3NH3+     1  6  0  1  1  0  0  0  0  0  0  0  0  0  0.58166021D-18
 422 COOCH4+     1  4  0  2  0  2  0  0  0  0  0  0  0  0  0.43637962D-26
 423 H3C4N+      1  3  0  4  1  0  0  0  0  0  0  0  0  0  0.51174821D-20
 424 HC6N+       1  1  0  6  1  0  0  0  0  0  0  0  0  0  0.17965483D-21
 425 C9+         1  0  0  9  0  0  0  0  0  0  0  0  0  0  0.23930735D-14
 426 C8H-       -1  1  0  8  0  0  0  0  0  0  0  0  0  0  0.57833691D-12
 427 C9-        -1  0  0  9  0  0  0  0  0  0  0  0  0  0  0.10235300D-12
 428 C4H5+       1  5  0  4  0  0  0  0  0  0  0  0  0  0  0.25593501D-18
 429 C6H3+       1  3  0  6  0  0  0  0  0  0  0  0  0  0  0.13501095D-16
 430 C7H2+       1  2  0  7  0  0  0  0  0  0  0  0  0  0  0.73641173D-16
 431 C2H5OH+     1  6  0  2  0  1  0  0  0  0  0  0  0  0  0.26115849D-25
 432 H3C4NH+     1  4  0  4  1  0  0  0  0  0  0  0  0  0  0.25092035D-17
 433 C5H3N+      1  3  0  5  1  0  0  0  0  0  0  0  0  0  0.58594655D-19
 434 C5H4+       1  4  0  5  0  0  0  0  0  0  0  0  0  0  0.69706791D-18
 435 HC7N+       1  1  0  7  1  0  0  0  0  0  0  0  0  0  0.10146591D-15
 436 C8H+        1  1  0  8  0  0  0  0  0  0  0  0  0  0  0.90434677D-16
 437 CH3OCH3+    1  6  0  2  0  1  0  0  0  0  0  0  0  0  0.20686230D-27
 438 H5C2O2+     1  5  0  2  0  2  0  0  0  0  0  0  0  0  0.92872690D-26
 439 HC7O+       1  1  0  7  0  1  0  0  0  0  0  0  0  0  0.14442047D-19
 440 C8N+        1  0  0  8  1  0  0  0  0  0  0  0  0  0  0.49918051D-17
 441 H2C6N+      1  2  0  6  1  0  0  0  0  0  0  0  0  0  0.10222805D-18
 442 C2H7+       1  7  0  2  0  0  0  0  0  0  0  0  0  0  0.00000000D+00
 443 C10+        1  0  0 10  0  0  0  0  0  0  0  0  0  0  0.80321423D-15
 444 CH3OCH4+    1  7  0  2  0  1  0  0  0  0  0  0  0  0  0.80462319D-27
 445 C9H-       -1  1  0  9  0  0  0  0  0  0  0  0  0  0  0.35742165D-12
 446 C10-       -1  0  0 10  0  0  0  0  0  0  0  0  0  0  0.85296890D-13
 447 C7H2N+      1  2  0  7  1  0  0  0  0  0  0  0  0  0  0.14541272D-15
 448 C7H3+       1  3  0  7  0  0  0  0  0  0  0  0  0  0  0.75827640D-17
 449 C5H5+       1  5  0  5  0  0  0  0  0  0  0  0  0  0  0.89821001D-18
 450 C8H2+       1  2  0  8  0  0  0  0  0  0  0  0  0  0  0.55575861D-14
 451 C9H+        1  1  0  9  0  0  0  0  0  0  0  0  0  0  0.92194262D-14
 452 C2H5OH2+    1  7  0  2  0  1  0  0  0  0  0  0  0  0  0.34981524D-24
 453 C2H6CO+     1  6  0  3  0  1  0  0  0  0  0  0  0  0  0.53018165D-27
 454 C5H4N+      1  4  0  5  1  0  0  0  0  0  0  0  0  0  0.69905950D-20
 455 C6H4+       1  4  0  6  0  0  0  0  0  0  0  0  0  0  0.29861807D-17
 456 C9N+        1  0  0  9  1  0  0  0  0  0  0  0  0  0  0.14810422D-18
 457 HC8N+       1  1  0  8  1  0  0  0  0  0  0  0  0  0  0.29501266D-22
 458 C10H+       1  1  0 10  0  0  0  0  0  0  0  0  0  0  0.21919385D-14
 459 C10H-      -1  1  0 10  0  0  0  0  0  0  0  0  0  0  0.63846351D-13
 460 C8H3+       1  3  0  8  0  0  0  0  0  0  0  0  0  0  0.15954101D-17
 461 C9H2+       1  2  0  9  0  0  0  0  0  0  0  0  0  0  0.13456796D-16
 462 C3H6OH+     1  7  0  3  0  1  0  0  0  0  0  0  0  0  0.10918013D-26
 463 C4H7+       1  7  0  4  0  0  0  0  0  0  0  0  0  0  0.13972390D-22
 464 H3C6NH+     1  4  0  6  1  0  0  0  0  0  0  0  0  0  0.54320149D-19
 465 C6H5+       1  5  0  6  0  0  0  0  0  0  0  0  0  0  0.11369996D-20
 466 H3C7N+      1  3  0  7  1  0  0  0  0  0  0  0  0  0  0.10381711D-19
 467 C7H4+       1  4  0  7  0  0  0  0  0  0  0  0  0  0  0.55947023D-19
 468 C9HN+       1  1  0  9  1  0  0  0  0  0  0  0  0  0  0.14366046D-16
 469 C11+        1  0  0 11  0  0  0  0  0  0  0  0  0  0  0.68695118D-15
 470 HC9O+       1  1  0  9  0  1  0  0  0  0  0  0  0  0  0.27694506D-20
 471 C10N+       1  0  0 10  1  0  0  0  0  0  0  0  0  0  0.70747147D-18
 472 H2C8N+      1  2  0  8  1  0  0  0  0  0  0  0  0  0  0.16786951D-19
 473 C9H2N+      1  2  0  9  1  0  0  0  0  0  0  0  0  0  0.44180354D-17
 474 C9H3+       1  3  0  9  0  0  0  0  0  0  0  0  0  0  0.53100363D-18
 475 C10H2+      1  2  0 10  0  0  0  0  0  0  0  0  0  0  0.27917286D-17
 476 C7H5+       1  5  0  7  0  0  0  0  0  0  0  0  0  0  0.39756035D-19
 477 C8H4+       1  4  0  8  0  0  0  0  0  0  0  0  0  0  0.11522525D-18
 478 HC10N+      1  1  0 10  1  0  0  0  0  0  0  0  0  0  0.31922326D-23
 479 C6H7+       1  7  0  6  0  0  0  0  0  0  0  0  0  0  0.78418807D-20
 480 C9H4+       1  4  0  9  0  0  0  0  0  0  0  0  0  0  0.40520097D-20
 481 C8H4N+      1  4  0  8  1  0  0  0  0  0  0  0  0  0  0.87526733D-20
 482 C8H5+       1  5  0  8  0  0  0  0  0  0  0  0  0  0  0.39678395D-22
 483 C9H3N+      1  3  0  9  1  0  0  0  0  0  0  0  0  0  0.46475513D-21
 484 C10H3+      1  3  0 10  0  0  0  0  0  0  0  0  0  0  0.29767691D-19
 485 H2C10N+     1  2  0 10  1  0  0  0  0  0  0  0  0  0  0.27246890D-20
 486 C9H5+       1  5  0  9  0  0  0  0  0  0  0  0  0  0  0.60964681D-25
 487 GRAIN0      0  0  0  0  0  0  0  0  0  0  0  0  0  0  0.87739751D-14
 488 GRAIN-     -1  0  0  0  0  0  0  0  0  0  0  0  0  0  0.13127260D-11
 489 XH          0  1  0  0  0  0  0  0  0  0  0  0  0  0  0.14063769D-15
