0.11D+08                                              +-  H  He C  O  S  G    
 JSPACE =            1
   1 H           0  1  0  0  0  0  0  0  0  0  0  0  0  0  0.71820344D-06
   2 C           0  0  0  1  0  0  0  0  0  0  0  0  0  0  0.33896806D-05
   3 Fe          0  0  0  0  0  0  0  0  1  0  0  0  0  0  0.12354929D-08
   4 Mg          0  0  0  0  0  0  0  0  0  0  1  0  0  0  0.43123453D-08
   5 S           0  0  0  0  0  0  0  1  0  0  0  0  0  0  0.68832008D-07
   6 Si          0  0  0  0  0  0  1  0  0  0  0  0  0  0  0.43023486D-08
   7 O           0  0  0  0  0  1  0  0  0  0  0  0  0  0  0.73497399D-04
   8 N           0  0  0  0  1  0  0  0  0  0  0  0  0  0  0.39234653D-04
   9 He          0  0  1  0  0  0  0  0  0  0  0  0  0  0  0.90000000D-01
  10 Cl          0  0  0  0  0  0  0  0  0  0  0  1  0  0  0.54875451D-09
  11 Na          0  0  0  0  0  0  0  0  0  1  0  0  0  0  0.13219555D-08
  12 P           0  0  0  0  0  0  0  0  0  0  0  0  1  0  0.42733994D-10
  13 F           0  0  0  0  0  0  0  0  0  0  0  0  0  1  0.27424282D-13
  14 OH          0  1  0  0  0  1  0  0  0  0  0  0  0  0  0.23000499D-09
  15 CO          0  0  0  1  0  1  0  0  0  0  0  0  0  0  0.16644371D-03
  16 CS          0  0  0  1  0  0  0  1  0  0  0  0  0  0  0.22565077D-09
  17 HS          0  1  0  0  0  0  0  1  0  0  0  0  0  0  0.10355107D-11
  18 N2          0  0  0  0  2  0  0  0  0  0  0  0  0  0  0.11311541D-04
  19 NH          0  1  0  0  1  0  0  0  0  0  0  0  0  0  0.11234953D-11
  20 SiH         0  1  0  0  0  0  1  0  0  0  0  0  0  0  0.84544882D-12
  21 SiO         0  0  0  0  0  1  1  0  0  0  0  0  0  0  0.28575556D-08
  22 SO          0  0  0  0  0  1  0  1  0  0  0  0  0  0  0.38056437D-10
  23 CH          0  1  0  1  0  0  0  0  0  0  0  0  0  0  0.30698004D-10
  24 O2          0  0  0  0  0  2  0  0  0  0  0  0  0  0  0.35401325D-08
  25 H2          0  2  0  0  0  0  0  0  0  0  0  0  0  0  0.49999953D+00
  26 C2          0  0  0  2  0  0  0  0  0  0  0  0  0  0  0.43967031D-11
  27 CN          0  0  0  1  1  0  0  0  0  0  0  0  0  0  0.73287039D-09
  28 MgH         0  1  0  0  0  0  0  0  0  0  1  0  0  0  0.74442201D-13
  29 NaH         0  1  0  0  0  0  0  0  0  1  0  0  0  0  0.61020350D-13
  30 NO          0  0  0  0  1  1  0  0  0  0  0  0  0  0  0.23778956D-09
  31 NS          0  0  0  0  1  0  0  1  0  0  0  0  0  0  0.39542114D-12
  32 PH          0  1  0  0  0  0  0  0  0  0  0  0  1  0  0.24384658D-13
  33 PN          0  0  0  0  1  0  0  0  0  0  0  0  1  0  0.15585082D-09
  34 PO          0  0  0  0  0  1  0  0  0  0  0  0  1  0  0.11669414D-12
  35 S2          0  0  0  0  0  0  0  2  0  0  0  0  0  0  0.35955214D-14
  36 SiC         0  0  0  1  0  0  1  0  0  0  0  0  0  0  0.10936891D-12
  37 SiN         0  0  0  0  1  0  1  0  0  0  0  0  0  0  0.17619251D-11
  38 SiS         0  0  0  0  0  0  1  1  0  0  0  0  0  0  0.33914020D-11
  39 CCl         0  0  0  1  0  0  0  0  0  0  0  1  0  0  0.52837351D-14
  40 ClO         0  0  0  0  0  1  0  0  0  0  0  1  0  0  0.35680016D-53
  41 CP          0  0  0  1  0  0  0  0  0  0  0  0  1  0  0.31555261D-14
  42 HCl         0  1  0  0  0  0  0  0  0  0  0  1  0  0  0.45087464D-09
  43 HF          0  1  0  0  0  0  0  0  0  0  0  0  0  1  0.66670574D-08
  44 CCH         0  1  0  2  0  0  0  0  0  0  0  0  0  0  0.49929400D-10
  45 C3          0  0  0  3  0  0  0  0  0  0  0  0  0  0  0.12188621D-09
  46 CH2         0  2  0  1  0  0  0  0  0  0  0  0  0  0  0.12806580D-08
  47 SO2         0  0  0  0  0  2  0  1  0  0  0  0  0  0  0.10562140D-13
  48 H2O         0  2  0  0  0  1  0  0  0  0  0  0  0  0  0.23810318D-07
  49 HCN         0  1  0  1  1  0  0  0  0  0  0  0  0  0  0.13688605D-06
  50 HCSi        0  1  0  1  0  0  1  0  0  0  0  0  0  0  0.55191561D-12
  51 CCN         0  0  0  2  1  0  0  0  0  0  0  0  0  0  0.41607721D-10
  52 CCS         0  0  0  2  0  0  0  1  0  0  0  0  0  0  0.46516990D-11
  53 CCO         0  0  0  2  0  1  0  0  0  0  0  0  0  0  0.33621083D-12
  54 CCP         0  0  0  2  0  0  0  0  0  0  0  0  1  0  0.45235562D-15
  55 CO2         0  0  0  1  0  2  0  0  0  0  0  0  0  0  0.11750021D-07
  56 H2S         0  2  0  0  0  0  0  1  0  0  0  0  0  0  0.20552243D-11
  57 HCO         0  1  0  1  0  1  0  0  0  0  0  0  0  0  0.20304183D-10
  58 HCP         0  1  0  1  0  0  0  0  0  0  0  0  1  0  0.73361378D-13
  59 HCS         0  1  0  1  0  0  0  1  0  0  0  0  0  0  0.77448124D-12
  60 HNC         0  1  0  1  1  0  0  0  0  0  0  0  0  0  0.27825249D-08
  61 HNO         0  1  0  0  1  1  0  0  0  0  0  0  0  0  0.18282756D-11
  62 HNSi        0  1  0  0  1  0  1  0  0  0  0  0  0  0  0.18683556D-09
  63 HPO         0  1  0  0  0  1  0  0  0  0  0  0  1  0  0.22117486D-17
  64 HSS         0  1  0  0  0  0  0  2  0  0  0  0  0  0  0.92254519D-13
  65 N2O         0  0  0  0  2  1  0  0  0  0  0  0  0  0  0.16599622D-15
  66 NaOH        0  1  0  0  0  1  0  0  0  1  0  0  0  0  0.88849221D-14
  67 NH2         0  2  0  0  1  0  0  0  0  0  0  0  0  0  0.10951281D-11
  68 NO2         0  0  0  0  1  2  0  0  0  0  0  0  0  0  0.77172480D-53
  69 O2H         0  1  0  0  0  2  0  0  0  0  0  0  0  0  0.12177100D-15
  70 OCN         0  0  0  1  1  1  0  0  0  0  0  0  0  0  0.11002511D-10
  71 OCS         0  0  0  1  0  1  0  1  0  0  0  0  0  0  0.65638934D-11
  72 PH2         0  2  0  0  0  0  0  0  0  0  0  0  1  0  0.35318862D-18
  73 c-SiC2      0  0  0  2  0  0  1  0  0  0  0  0  0  0  0.20929828D-12
  74 SiH2        0  2  0  0  0  0  1  0  0  0  0  0  0  0  0.12464613D-16
  75 SiNC        0  0  0  1  1  0  1  0  0  0  0  0  0  0  0.73942044D-13
  76 SiO2        0  0  0  0  0  2  1  0  0  0  0  0  0  0  0.11363696D-12
  77 C4          0  0  0  4  0  0  0  0  0  0  0  0  0  0  0.10469212D-11
  78 c-C3H       0  1  0  3  0  0  0  0  0  0  0  0  0  0  0.62354191D-11
  79 l-C3H       0  1  0  3  0  0  0  0  0  0  0  0  0  0  0.55842318D-11
  80 CH3         0  3  0  1  0  0  0  0  0  0  0  0  0  0  0.30154264D-11
  81 C2H2        0  2  0  2  0  0  0  0  0  0  0  0  0  0  0.21006785D-09
  82 NH3         0  3  0  0  1  0  0  0  0  0  0  0  0  0  0.20763748D-09
  83 SiCH2       0  2  0  1  0  0  1  0  0  0  0  0  0  0  0.15605332D-13
  84 C3N         0  0  0  3  1  0  0  0  0  0  0  0  0  0  0.11451521D-10
  85 C3O         0  0  0  3  0  1  0  0  0  0  0  0  0  0  0.13403582D-10
  86 C3P         0  0  0  3  0  0  0  0  0  0  0  0  1  0  0.75114364D-17
  87 C3S         0  0  0  3  0  0  0  1  0  0  0  0  0  0  0.41518619D-10
  88 H2CO        0  2  0  1  0  1  0  0  0  0  0  0  0  0  0.31962758D-09
  89 H2CS        0  2  0  1  0  0  0  1  0  0  0  0  0  0  0.15673648D-10
  90 HOOH        0  2  0  0  0  2  0  0  0  0  0  0  0  0  0.47796025D-20
  91 HSSH        0  2  0  0  0  0  0  2  0  0  0  0  0  0  0.74593220D-13
  92 H2SiO       0  2  0  0  0  1  1  0  0  0  0  0  0  0  0.24540940D-18
  93 HCCP        0  1  0  2  0  0  0  0  0  0  0  0  1  0  0.46047148D-17
  94 HCCSi       0  1  0  2  0  0  1  0  0  0  0  0  0  0  0.48192645D-11
  95 l-SiC3      0  0  0  3  0  0  1  0  0  0  0  0  0  0  0.10142875D-12
  96 SiH3        0  3  0  0  0  0  1  0  0  0  0  0  0  0  0.73712990D-21
  97 H2CN        0  2  0  1  1  0  0  0  0  0  0  0  0  0  0.52146792D-11
  98 C5          0  0  0  5  0  0  0  0  0  0  0  0  0  0  0.85386863D-12
  99 c-C3H2      0  2  0  3  0  0  0  0  0  0  0  0  0  0  0.33074314D-09
 100 l-C3H2      0  2  0  3  0  0  0  0  0  0  0  0  0  0  0.22192340D-09
 101 C4H         0  1  0  4  0  0  0  0  0  0  0  0  0  0  0.85314935D-11
 102 CH4         0  4  0  1  0  0  0  0  0  0  0  0  0  0  0.11345850D-08
 103 HC3N        0  1  0  3  1  0  0  0  0  0  0  0  0  0  0.94363282D-10
 104 H2CCN       0  2  0  2  1  0  0  0  0  0  0  0  0  0  0.11012809D-10
 105 H2CCO       0  2  0  2  0  1  0  0  0  0  0  0  0  0  0.10268964D-09
 106 C2H3        0  3  0  2  0  0  0  0  0  0  0  0  0  0  0.63047022D-12
 107 C4N         0  0  0  4  1  0  0  0  0  0  0  0  0  0  0.92138660D-11
 108 C4P         0  0  0  4  0  0  0  0  0  0  0  0  1  0  0.91251872D-17
 109 C4S         0  0  0  4  0  0  0  1  0  0  0  0  0  0  0.26582255D-10
 110 HCOOH       0  2  0  1  0  2  0  0  0  0  0  0  0  0  0.12591389D-11
 111 CH2PH       0  3  0  1  0  0  0  0  0  0  0  0  1  0  0.14901323D-20
 112 CH2NH       0  3  0  1  1  0  0  0  0  0  0  0  0  0  0.14610298D-13
 113 c-HCCHSi    0  2  0  2  0  0  1  0  0  0  0  0  0  0  0.22883875D-12
 114 SiC3H       0  1  0  3  0  0  1  0  0  0  0  0  0  0  0.98913546D-13
 115 SiC4        0  0  0  4  0  0  1  0  0  0  0  0  0  0  0.14751640D-15
 116 SiCH3       0  3  0  1  0  0  1  0  0  0  0  0  0  0  0.40434018D-14
 117 SiH4        0  4  0  0  0  0  1  0  0  0  0  0  0  0  0.45822631D-18
 118 HCNCC       0  1  0  3  1  0  0  0  0  0  0  0  0  0  0.87350303D-12
 119 HCCNC       0  1  0  3  1  0  0  0  0  0  0  0  0  0  0.12628021D-10
 120 HNCCC       0  1  0  3  1  0  0  0  0  0  0  0  0  0  0.12638909D-11
 121 NH2CN       0  2  0  1  2  0  0  0  0  0  0  0  0  0  0.00000000D+00
 122 C6          0  0  0  6  0  0  0  0  0  0  0  0  0  0  0.27239650D-12
 123 CH3CN       0  3  0  2  1  0  0  0  0  0  0  0  0  0  0.49631557D-09
 124 CH2CCH      0  3  0  3  0  0  0  0  0  0  0  0  0  0  0.67035071D-12
 125 C2H4        0  4  0  2  0  0  0  0  0  0  0  0  0  0  0.11512165D-13
 126 NC4N        0  0  0  4  2  0  0  0  0  0  0  0  0  0  0.29558348D-10
 127 H2CSiCH     0  3  0  2  0  0  1  0  0  0  0  0  0  0  0.78362590D-14
 128 SiC4H       0  1  0  4  0  0  1  0  0  0  0  0  0  0  0.30724567D-09
 129 HC4N        0  1  0  4  1  0  0  0  0  0  0  0  0  0  0.11054550D-13
 130 C4H2        0  2  0  4  0  0  0  0  0  0  0  0  0  0  0.40338738D-09
 131 C5H         0  1  0  5  0  0  0  0  0  0  0  0  0  0  0.11706153D-10
 132 C5N         0  0  0  5  1  0  0  0  0  0  0  0  0  0  0.33919688D-11
 133 CH3OH       0  4  0  1  0  1  0  0  0  0  0  0  0  0  0.22411104D-15
 134 NH2CHO      0  3  0  1  1  1  0  0  0  0  0  0  0  0  0.16712203D-14
 135 C5O         0  0  0  5  0  1  0  0  0  0  0  0  0  0  0.84480214D-11
 136 C7          0  0  0  7  0  0  0  0  0  0  0  0  0  0  0.28029395D-13
 137 HC5N        0  1  0  5  1  0  0  0  0  0  0  0  0  0  0.63140321D-11
 138 SiC2CH3     0  3  0  3  0  0  1  0  0  0  0  0  0  0  0.13480288D-15
 139 CH3CHO      0  4  0  2  0  1  0  0  0  0  0  0  0  0  0.15987139D-16
 140 C2H5        0  5  0  2  0  0  0  0  0  0  0  0  0  0  0.60215216D-22
 141 CH2CHCN     0  3  0  3  1  0  0  0  0  0  0  0  0  0  0.12012020D-15
 142 CH3CCH      0  4  0  3  0  0  0  0  0  0  0  0  0  0  0.17698469D-15
 143 C5H2        0  2  0  5  0  0  0  0  0  0  0  0  0  0  0.19839947D-10
 144 C6H         0  1  0  6  0  0  0  0  0  0  0  0  0  0  0.82771026D-12
 145 CH3NH2      0  5  0  1  1  0  0  0  0  0  0  0  0  0  0.67626824D-13
 146 C4H3        0  3  0  4  0  0  0  0  0  0  0  0  0  0  0.15041119D-15
 147 C6N         0  0  0  6  1  0  0  0  0  0  0  0  0  0  0.66934209D-12
 148 C8          0  0  0  8  0  0  0  0  0  0  0  0  0  0  0.49132993D-14
 149 HC6N        0  1  0  6  1  0  0  0  0  0  0  0  0  0  0.73973747D-15
 150 NC6N        0  0  0  6  2  0  0  0  0  0  0  0  0  0  0.15362167D-11
 151 SiC6H       0  1  0  6  0  0  1  0  0  0  0  0  0  0  0.48823397D-11
 152 CH2CHC2H    0  4  0  4  0  0  0  0  0  0  0  0  0  0  0.13043933D-15
 153 C6H2        0  2  0  6  0  0  0  0  0  0  0  0  0  0  0.64100958D-11
 154 C7H         0  1  0  7  0  0  0  0  0  0  0  0  0  0  0.18099775D-12
 155 C7N         0  0  0  7  1  0  0  0  0  0  0  0  0  0  0.87379939D-13
 156 CH3C3N      0  3  0  4  1  0  0  0  0  0  0  0  0  0  0.19800098D-12
 157 HCOOCH3     0  4  0  2  0  2  0  0  0  0  0  0  0  0  0.60255041D-18
 158 C2H6        0  6  0  2  0  0  0  0  0  0  0  0  0  0  0.15062144D-30
 159 C7O         0  0  0  7  0  1  0  0  0  0  0  0  0  0  0.13062129D-12
 160 C9          0  0  0  9  0  0  0  0  0  0  0  0  0  0  0.65119854D-15
 161 HC7N        0  1  0  7  1  0  0  0  0  0  0  0  0  0  0.18040203D-12
 162 SiC3H5      0  5  0  3  0  0  1  0  0  0  0  0  0  0  0.00000000D+00
 163 CH3CH2OH    0  6  0  2  0  1  0  0  0  0  0  0  0  0  0.74044573D-20
 164 C7H2        0  2  0  7  0  0  0  0  0  0  0  0  0  0  0.31575252D-12
 165 C8H         0  1  0  8  0  0  0  0  0  0  0  0  0  0  0.18613452D-13
 166 CH3C4H      0  4  0  5  0  0  0  0  0  0  0  0  0  0  0.49867543D-15
 167 CH3OCH3     0  6  0  2  0  1  0  0  0  0  0  0  0  0  0.32228524D-21
 168 CH3CHCH2    0  6  0  3  0  0  0  0  0  0  0  0  0  0  0.00000000D+00
 169 C8N         0  0  0  8  1  0  0  0  0  0  0  0  0  0  0.15244923D-13
 170 C10         0  0  0 10  0  0  0  0  0  0  0  0  0  0  0.12279793D-15
 171 CH3COCH3    0  6  0  3  0  1  0  0  0  0  0  0  0  0  0.38234900D-21
 172 C8H2        0  2  0  8  0  0  0  0  0  0  0  0  0  0  0.14400518D-12
 173 C9H         0  1  0  9  0  0  0  0  0  0  0  0  0  0  0.42693617D-14
 174 C9N         0  0  0  9  1  0  0  0  0  0  0  0  0  0  0.23582497D-14
 175 CH3C5N      0  3  0  6  1  0  0  0  0  0  0  0  0  0  0.28304747D-15
 176 HC8N        0  1  0  8  1  0  0  0  0  0  0  0  0  0  0.21135487D-16
 177 NC8N        0  0  0  8  2  0  0  0  0  0  0  0  0  0  0.43892179D-13
 178 SiC8H       0  1  0  8  0  0  1  0  0  0  0  0  0  0  0.10968357D-12
 179 CH2CHCHCH2  0  6  0  4  0  0  0  0  0  0  0  0  0  0  0.00000000D+00
 180 C9O         0  0  0  9  0  1  0  0  0  0  0  0  0  0  0.30810856D-14
 181 HC9N        0  1  0  9  1  0  0  0  0  0  0  0  0  0  0.39162993D-14
 182 C10H        0  1  0 10  0  0  0  0  0  0  0  0  0  0  0.40447901D-15
 183 C9H2        0  2  0  9  0  0  0  0  0  0  0  0  0  0  0.68597992D-14
 184 CH3C6H      0  4  0  7  0  0  0  0  0  0  0  0  0  0  0.10765067D-16
 185 C11         0  0  0 11  0  0  0  0  0  0  0  0  0  0  0.99644661D-16
 186 C10N        0  0  0 10  1  0  0  0  0  0  0  0  0  0  0.28442415D-15
 187 CH3C7N      0  3  0  8  1  0  0  0  0  0  0  0  0  0  0.80070730D-17
 188 C10H2       0  2  0 10  0  0  0  0  0  0  0  0  0  0  0.90328595D-14
 189 C6H6        0  6  0  6  0  0  0  0  0  0  0  0  0  0  0.22166065D-13
 190 Si+         1  0  0  0  0  0  1  0  0  0  0  0  0  0  0.28224171D-09
 191 C+          1  0  0  1  0  0  0  0  0  0  0  0  0  0  0.23809493D-08
 192 C-         -1  0  0  1  0  0  0  0  0  0  0  0  0  0  0.12349110D-14
 193 H-         -1  1  0  0  0  0  0  0  0  0  0  0  0  0  0.11201998D-13
 194 O-         -1  0  0  0  0  1  0  0  0  0  0  0  0  0  0.59223048D-17
 195 S-         -1  0  0  0  0  0  0  1  0  0  0  0  0  0  0.58850249D-16
 196 He+         1  0  1  0  0  0  0  0  0  0  0  0  0  0  0.17989921D-11
 197 H+          1  1  0  0  0  0  0  0  0  0  0  0  0  0  0.93700205D-11
 198 Fe+         1  0  0  0  0  0  0  0  1  0  0  0  0  0  0.17645072D-08
 199 Mg+         1  0  0  0  0  0  0  0  0  0  1  0  0  0  0.26875802D-08
 200 N+          1  0  0  0  1  0  0  0  0  0  0  0  0  0  0.61521170D-16
 201 Na+         1  0  0  0  0  0  0  0  0  1  0  0  0  0  0.67795704D-09
 202 O+          1  0  0  0  0  1  0  0  0  0  0  0  0  0  0.16822158D-15
 203 S+          1  0  0  0  0  0  0  1  0  0  0  0  0  0  0.10786801D-07
 204 Cl+         1  0  0  0  0  0  0  0  0  0  0  1  0  0  0.18608594D-18
 205 F+          1  0  0  0  0  0  0  0  0  0  0  0  0  1  0.13745607D-18
 206 P+          1  0  0  0  0  0  0  0  0  0  0  0  1  0  0.11154208D-11
 207 e-         -1  0  0  0  0  0  0  0  0  0  0  0  0  0  0.19617169D-07
 208 CH+         1  1  0  1  0  0  0  0  0  0  0  0  0  0  0.32495745D-14
 209 H2+         1  2  0  0  0  0  0  0  0  0  0  0  0  0  0.57633848D-14
 210 OH+         1  1  0  0  0  1  0  0  0  0  0  0  0  0  0.17389941D-14
 211 SiH+        1  1  0  0  0  0  1  0  0  0  0  0  0  0  0.10407215D-12
 212 C2+         1  0  0  2  0  0  0  0  0  0  0  0  0  0  0.32640028D-18
 213 CN-        -1  0  0  1  1  0  0  0  0  0  0  0  0  0  0.91557345D-14
 214 OH-        -1  1  0  0  0  1  0  0  0  0  0  0  0  0  0.17322032D-14
 215 CF+         1  0  0  1  0  0  0  0  0  0  0  0  0  1  0.11763328D-10
 216 HS+         1  1  0  0  0  0  0  1  0  0  0  0  0  0  0.42455841D-12
 217 SO+         1  0  0  0  0  1  0  1  0  0  0  0  0  0  0.52842937D-11
 218 CCl+        1  0  0  1  0  0  0  0  0  0  0  1  0  0  0.35942087D-12
 219 ClO+        1  0  0  0  0  1  0  0  0  0  0  1  0  0  0.47370677D-56
 220 CN+         1  0  0  1  1  0  0  0  0  0  0  0  0  0  0.15214310D-17
 221 CO+         1  0  0  1  0  1  0  0  0  0  0  0  0  0  0.57253823D-16
 222 CP+         1  0  0  1  0  0  0  0  0  0  0  0  1  0  0.44348779D-22
 223 CS+         1  0  0  1  0  0  0  1  0  0  0  0  0  0  0.10920741D-16
 224 HCl+        1  1  0  0  0  0  0  0  0  0  0  1  0  0  0.20521546D-18
 225 HF+         1  1  0  0  0  0  0  0  0  0  0  0  0  1  0.10573461D-18
 226 HeH+        1  1  1  0  0  0  0  0  0  0  0  0  0  0  0.76769916D-22
 227 N2+         1  0  0  0  2  0  0  0  0  0  0  0  0  0  0.95777574D-17
 228 NH+         1  1  0  0  1  0  0  0  0  0  0  0  0  0  0.31610612D-16
 229 NO+         1  0  0  0  1  1  0  0  0  0  0  0  0  0  0.35220975D-11
 230 NS+         1  0  0  0  1  0  0  1  0  0  0  0  0  0  0.10083057D-11
 231 O2+         1  0  0  0  0  2  0  0  0  0  0  0  0  0  0.30785732D-13
 232 PH+         1  1  0  0  0  0  0  0  0  0  0  0  1  0  0.28489825D-15
 233 PN+         1  0  0  0  1  0  0  0  0  0  0  0  1  0  0.53863541D-14
 234 PO+         1  0  0  0  0  1  0  0  0  0  0  0  1  0  0.14801702D-13
 235 S2+         1  0  0  0  0  0  0  2  0  0  0  0  0  0  0.27165365D-13
 236 SiC+        1  0  0  1  0  0  1  0  0  0  0  0  0  0  0.17597720D-18
 237 SiN+        1  0  0  0  1  0  1  0  0  0  0  0  0  0  0.11813772D-11
 238 SiO+        1  0  0  0  0  1  1  0  0  0  0  0  0  0  0.57560978D-15
 239 SiS+        1  0  0  0  0  0  1  1  0  0  0  0  0  0  0.16813101D-18
 240 SiF+        1  0  0  0  0  0  1  0  0  0  0  0  0  1  0.11170462D-11
 241 CH2+        1  2  0  1  0  0  0  0  0  0  0  0  0  0  0.39955317D-14
 242 C2N+        1  0  0  2  1  0  0  0  0  0  0  0  0  0  0.12229135D-16
 243 CNC+        1  0  0  2  1  0  0  0  0  0  0  0  0  0  0.18626907D-09
 244 HSiO+       1  1  0  0  0  1  1  0  0  0  0  0  0  0  0.28250924D-10
 245 N2H+        1  1  0  0  2  0  0  0  0  0  0  0  0  0  0.16072531D-11
 246 C2H+        1  1  0  2  0  0  0  0  0  0  0  0  0  0  0.27160195D-15
 247 H3+         1  3  0  0  0  0  0  0  0  0  0  0  0  0  0.12982611D-10
 248 C3-        -1  0  0  3  0  0  0  0  0  0  0  0  0  0  0.27221571D-13
 249 HCO+        1  1  0  1  0  1  0  0  0  0  0  0  0  0  0.49645277D-09
 250 HSO+        1  1  0  0  0  1  0  1  0  0  0  0  0  0  0.98184876D-14
 251 H2S+        1  2  0  0  0  0  0  1  0  0  0  0  0  0  0.89222018D-12
 252 HCS+        1  1  0  1  0  0  0  1  0  0  0  0  0  0  0.32401247D-12
 253 HPO+        1  1  0  0  0  1  0  0  0  0  0  0  1  0  0.62530858D-14
 254 C2O+        1  0  0  2  0  1  0  0  0  0  0  0  0  0  0.54098452D-15
 255 C2S+        1  0  0  2  0  0  0  1  0  0  0  0  0  0  0.13948038D-12
 256 C3+         1  0  0  3  0  0  0  0  0  0  0  0  0  0  0.55063504D-16
 257 CCP+        1  0  0  2  0  0  0  0  0  0  0  0  1  0  0.23047768D-16
 258 CHSi+       1  1  0  1  0  0  1  0  0  0  0  0  0  0  0.11194662D-16
 259 CO2+        1  0  0  1  0  2  0  0  0  0  0  0  0  0  0.61146844D-20
 260 H2Cl+       1  2  0  0  0  0  0  0  0  0  0  1  0  0  0.10711074D-14
 261 H2F+        1  2  0  0  0  0  0  0  0  0  0  0  0  1  0.34766981D-13
 262 H2O+        1  2  0  0  0  1  0  0  0  0  0  0  0  0  0.42989836D-14
 263 HCN+        1  1  0  1  1  0  0  0  0  0  0  0  0  0  0.10479712D-15
 264 HCP+        1  1  0  1  0  0  0  0  0  0  0  0  1  0  0.41192571D-21
 265 HNC+        1  1  0  1  1  0  0  0  0  0  0  0  0  0  0.68851321D-16
 266 HNO+        1  1  0  0  1  1  0  0  0  0  0  0  0  0  0.12237730D-14
 267 HNS+        1  1  0  0  1  0  0  1  0  0  0  0  0  0  0.79054833D-16
 268 HNSi+       1  1  0  0  1  0  1  0  0  0  0  0  0  0  0.16050994D-16
 269 HOC+        1  1  0  1  0  1  0  0  0  0  0  0  0  0  0.18799522D-12
 270 HPN+        1  1  0  0  1  0  0  0  0  0  0  0  1  0  0.53395248D-13
 271 HSiS+       1  1  0  0  0  0  1  1  0  0  0  0  0  0  0.37113429D-13
 272 NaH2+       1  2  0  0  0  0  0  0  0  1  0  0  0  0  0.17412465D-13
 273 NCO+        1  0  0  1  1  1  0  0  0  0  0  0  0  0  0.18826801D-15
 274 NH2+        1  2  0  0  1  0  0  0  0  0  0  0  0  0  0.26343342D-15
 275 NO2+        1  0  0  0  1  2  0  0  0  0  0  0  0  0  0.11999115D-20
 276 HO2+        1  1  0  0  0  2  0  0  0  0  0  0  0  0  0.18384441D-18
 277 OCS+        1  0  0  1  0  1  0  1  0  0  0  0  0  0  0.12487166D-11
 278 PH2+        1  2  0  0  0  0  0  0  0  0  0  0  1  0  0.10962382D-14
 279 HS2+        1  1  0  0  0  0  0  2  0  0  0  0  0  0  0.57974656D-15
 280 SiC2+       1  0  0  2  0  0  1  0  0  0  0  0  0  0  0.43309675D-19
 281 SiH2+       1  2  0  0  0  0  1  0  0  0  0  0  0  0  0.20446529D-11
 282 SiNC+       1  0  0  1  1  0  1  0  0  0  0  0  0  0  0.12525830D-10
 283 SO2+        1  0  0  0  0  2  0  1  0  0  0  0  0  0  0.10497007D-22
 284 HCNH+       1  2  0  1  1  0  0  0  0  0  0  0  0  0  0.64339455D-10
 285 HC2N+       1  1  0  2  1  0  0  0  0  0  0  0  0  0  0.21400890D-16
 286 C3H+        1  1  0  3  0  0  0  0  0  0  0  0  0  0  0.40353133D-14
 287 C4+         1  0  0  4  0  0  0  0  0  0  0  0  0  0  0.81796179D-16
 288 H2CO+       1  2  0  1  0  1  0  0  0  0  0  0  0  0  0.93432083D-13
 289 CH3+        1  3  0  1  0  0  0  0  0  0  0  0  0  0  0.35906207D-10
 290 C3N-       -1  0  0  3  1  0  0  0  0  0  0  0  0  0  0.99170017D-14
 291 C4-        -1  0  0  4  0  0  0  0  0  0  0  0  0  0  0.33709820D-13
 292 H3O+        1  3  0  0  0  1  0  0  0  0  0  0  0  0  0.11277755D-09
 293 H2NO+       1  2  0  0  1  1  0  0  0  0  0  0  0  0  0.20678813D-13
 294 H3S+        1  3  0  0  0  0  0  1  0  0  0  0  0  0  0.93098611D-14
 295 HC2S+       1  1  0  2  0  0  0  1  0  0  0  0  0  0  0.32353654D-12
 296 HOCS+       1  1  0  1  0  1  0  1  0  0  0  0  0  0  0.95844635D-15
 297 PCH2+       1  2  0  1  0  0  0  0  0  0  0  0  1  0  0.39280513D-15
 298 H2S2+       1  2  0  0  0  0  0  2  0  0  0  0  0  0  0.20354618D-16
 299 C2H2+       1  2  0  2  0  0  0  0  0  0  0  0  0  0  0.18503014D-11
 300 C2HO+       1  1  0  2  0  1  0  0  0  0  0  0  0  0  0.10589940D-11
 301 C2N2+       1  0  0  2  2  0  0  0  0  0  0  0  0  0  0.14347088D-19
 302 C3N+        1  0  0  3  1  0  0  0  0  0  0  0  0  0  0.19915215D-19
 303 C3O+        1  0  0  3  0  1  0  0  0  0  0  0  0  0  0.73824904D-14
 304 C3S+        1  0  0  3  0  0  0  1  0  0  0  0  0  0  0.12522058D-12
 305 CH2Si+      1  2  0  1  0  0  1  0  0  0  0  0  0  0  0.74826635D-13
 306 H2CCl+      1  2  0  1  0  0  0  0  0  0  0  1  0  0  0.50268098D-14
 307 H2CS+       1  2  0  1  0  0  0  1  0  0  0  0  0  0  0.14267499D-15
 308 H2NC+       1  2  0  1  1  0  0  0  0  0  0  0  0  0  0.16979912D-10
 309 H2PO+       1  2  0  0  0  1  0  0  0  0  0  0  1  0  0.96009805D-18
 310 H2SiO+      1  2  0  0  0  1  1  0  0  0  0  0  0  0  0.11066404D-15
 311 HOCO+       1  1  0  1  0  2  0  0  0  0  0  0  0  0  0.19584418D-14
 312 HNCO+       1  1  0  1  1  1  0  0  0  0  0  0  0  0  0.35580716D-20
 313 HSiO2+      1  1  0  0  0  2  1  0  0  0  0  0  0  0  0.44844707D-17
 314 HSO2+       1  1  0  0  0  2  0  1  0  0  0  0  0  0  0.90845282D-19
 315 NaH2O+      1  2  0  0  0  1  0  0  0  1  0  0  0  0  0.19031019D-15
 316 NH3+        1  3  0  0  1  0  0  0  0  0  0  0  0  0  0.21222135D-12
 317 PC2H+       1  1  0  2  0  0  0  0  0  0  0  0  1  0  0.48074477D-16
 318 PH3+        1  3  0  0  0  0  0  0  0  0  0  0  1  0  0.94362255D-18
 319 PNH2+       1  2  0  0  1  0  0  0  0  0  0  0  1  0  0.44433249D-16
 320 SiC2H+      1  1  0  2  0  0  1  0  0  0  0  0  0  0  0.10308029D-13
 321 l-SiC3+     1  0  0  3  0  0  1  0  0  0  0  0  0  0  0.59304925D-14
 322 SiH3+       1  3  0  0  0  0  1  0  0  0  0  0  0  0  0.58009833D-16
 323 SiNCH+      1  1  0  1  1  0  1  0  0  0  0  0  0  0  0.15150199D-13
 324 HSiNH+      1  2  0  0  1  0  1  0  0  0  0  0  0  0  0.99927833D-12
 325 HN2O+       1  1  0  0  2  1  0  0  0  0  0  0  0  0  0.97302351D-21
 326 C2H3+       1  3  0  2  0  0  0  0  0  0  0  0  0  0  0.60686537D-12
 327 c-C3H2+     1  2  0  3  0  0  0  0  0  0  0  0  0  0  0.35130354D-12
 328 l-C3H2+     1  2  0  3  0  0  0  0  0  0  0  0  0  0  0.26236189D-12
 329 C4H+        1  1  0  4  0  0  0  0  0  0  0  0  0  0  0.21667540D-15
 330 C5+         1  0  0  5  0  0  0  0  0  0  0  0  0  0  0.11734955D-16
 331 HC3O+       1  1  0  3  0  1  0  0  0  0  0  0  0  0  0.35379783D-14
 332 C4H-       -1  1  0  4  0  0  0  0  0  0  0  0  0  0  0.21725654D-12
 333 C5-        -1  0  0  5  0  0  0  0  0  0  0  0  0  0  0.29555091D-13
 334 NH4+        1  4  0  0  1  0  0  0  0  0  0  0  0  0  0.55452696D-12
 335 H3CS+       1  3  0  1  0  0  0  1  0  0  0  0  0  0  0.11273985D-12
 336 H2COH+      1  3  0  1  0  1  0  0  0  0  0  0  0  0  0.58523378D-13
 337 H3S2+       1  3  0  0  0  0  0  2  0  0  0  0  0  0  0.65820045D-15
 338 HC3S+       1  1  0  3  0  0  0  1  0  0  0  0  0  0  0.41348223D-11
 339 PC3H+       1  1  0  3  0  0  0  0  0  0  0  0  1  0  0.34068613D-17
 340 PCH3+       1  3  0  1  0  0  0  0  0  0  0  0  1  0  0.23072277D-19
 341 PNH3+       1  3  0  0  1  0  0  0  0  0  0  0  1  0  0.75571752D-20
 342 SiC2H2+     1  2  0  2  0  0  1  0  0  0  0  0  0  0  0.13298946D-14
 343 SiC3H+      1  1  0  3  0  0  1  0  0  0  0  0  0  0  0.70627711D-13
 344 SiC4+       1  0  0  4  0  0  1  0  0  0  0  0  0  0  0.70189078D-14
 345 SiCH3+      1  3  0  1  0  0  1  0  0  0  0  0  0  0  0.12870905D-16
 346 SiH4+       1  4  0  0  0  0  1  0  0  0  0  0  0  0  0.12937865D-28
 347 CH2CN+      1  2  0  2  1  0  0  0  0  0  0  0  0  0  0.10823034D-11
 348 H2CCO+      1  2  0  2  0  1  0  0  0  0  0  0  0  0  0.41782299D-12
 349 HC3N+       1  1  0  3  1  0  0  0  0  0  0  0  0  0  0.17426562D-14
 350 C4N+        1  0  0  4  1  0  0  0  0  0  0  0  0  0  0.19648777D-17
 351 C4P+        1  0  0  4  0  0  0  0  0  0  0  0  1  0  0.28185547D-22
 352 C4S+        1  0  0  4  0  0  0  1  0  0  0  0  0  0  0.60625697D-13
 353 HCOOH+      1  2  0  1  0  2  0  0  0  0  0  0  0  0  0.41052156D-15
 354 CH4+        1  4  0  1  0  0  0  0  0  0  0  0  0  0  0.13782784D-17
 355 H3SiO+      1  3  0  0  0  1  1  0  0  0  0  0  0  0  0.24988915D-20
 356 PC2H2+      1  2  0  2  0  0  0  0  0  0  0  0  1  0  0.18793234D-17
 357 C6+         1  0  0  6  0  0  0  0  0  0  0  0  0  0  0.25664423D-16
 358 HC4N+       1  1  0  4  1  0  0  0  0  0  0  0  0  0  0.10976157D-19
 359 C5H-       -1  1  0  5  0  0  0  0  0  0  0  0  0  0  0.99139462D-12
 360 C6-        -1  0  0  6  0  0  0  0  0  0  0  0  0  0  0.32067661D-13
 361 CH3CO+      1  3  0  2  0  1  0  0  0  0  0  0  0  0  0.97742087D-12
 362 C2H4+       1  4  0  2  0  0  0  0  0  0  0  0  0  0  0.39419066D-11
 363 HC3NH+      1  2  0  3  1  0  0  0  0  0  0  0  0  0  0.69105426D-12
 364 HC4S+       1  1  0  4  0  0  0  1  0  0  0  0  0  0  0.29522564D-12
 365 CH5+        1  5  0  1  0  0  0  0  0  0  0  0  0  0  0.99886492D-13
 366 C4H2+       1  2  0  4  0  0  0  0  0  0  0  0  0  0  0.81156650D-12
 367 C5H+        1  1  0  5  0  0  0  0  0  0  0  0  0  0  0.97927026D-13
 368 CH3CN+      1  3  0  2  1  0  0  0  0  0  0  0  0  0  0.30777772D-12
 369 c-C3H3+     1  3  0  3  0  0  0  0  0  0  0  0  0  0  0.68288534D-12
 370 l-C3H3+     1  3  0  3  0  0  0  0  0  0  0  0  0  0  0.72577788D-12
 371 C5N+        1  0  0  5  1  0  0  0  0  0  0  0  0  0  0.10245592D-17
 372 CH3O2+      1  3  0  1  0  2  0  0  0  0  0  0  0  0  0.64948250D-14
 373 CH2NH2+     1  4  0  1  1  0  0  0  0  0  0  0  0  0  0.13830336D-14
 374 CH3OH+      1  4  0  1  0  1  0  0  0  0  0  0  0  0  0.14902467D-18
 375 H2C3O+      1  2  0  3  0  1  0  0  0  0  0  0  0  0  0.63309060D-15
 376 HC2NCH+     1  2  0  3  1  0  0  0  0  0  0  0  0  0  0.29270764D-12
 377 HC4O+       1  1  0  4  0  1  0  0  0  0  0  0  0  0  0.69671273D-12
 378 NH2CNH+     1  3  0  1  2  0  0  0  0  0  0  0  0  0  0.00000000D+00
 379 PC2H3+      1  3  0  2  0  0  0  0  0  0  0  0  1  0  0.15278156D-22
 380 PC4H+       1  1  0  4  0  0  0  0  0  0  0  0  1  0  0.36010589D-17
 381 PCH4+       1  4  0  1  0  0  0  0  0  0  0  0  1  0  0.11537364D-20
 382 SiC2H3+     1  3  0  2  0  0  1  0  0  0  0  0  0  0  0.76427501D-15
 383 SiC3H2+     1  2  0  3  0  0  1  0  0  0  0  0  0  0  0.25112349D-15
 384 SiC4H+      1  1  0  4  0  0  1  0  0  0  0  0  0  0  0.11281281D-15
 385 SiCH4+      1  4  0  1  0  0  1  0  0  0  0  0  0  0  0.11002795D-16
 386 SiH5+       1  5  0  0  0  0  1  0  0  0  0  0  0  0  0.24232423D-20
 387 C7+         1  0  0  7  0  0  0  0  0  0  0  0  0  0  0.80078351D-18
 388 H2C4N+      1  2  0  4  1  0  0  0  0  0  0  0  0  0  0.16354244D-19
 389 C6H-       -1  1  0  6  0  0  0  0  0  0  0  0  0  0  0.38973897D-13
 390 C7-        -1  0  0  7  0  0  0  0  0  0  0  0  0  0  0.70968142D-14
 391 C4H3+       1  3  0  4  0  0  0  0  0  0  0  0  0  0  0.28949992D-12
 392 C5H2+       1  2  0  5  0  0  0  0  0  0  0  0  0  0  0.57555977D-14
 393 CH3CNH+     1  4  0  2  1  0  0  0  0  0  0  0  0  0  0.71867913D-11
 394 C2H4O+      1  4  0  2  0  1  0  0  0  0  0  0  0  0  0.88053487D-16
 395 C2H5+       1  5  0  2  0  0  0  0  0  0  0  0  0  0  0.13844477D-14
 396 C3H3N+      1  3  0  3  1  0  0  0  0  0  0  0  0  0  0.50557862D-16
 397 C3H4+       1  4  0  3  0  0  0  0  0  0  0  0  0  0  0.49311289D-16
 398 HC5N+       1  1  0  5  1  0  0  0  0  0  0  0  0  0  0.32853987D-15
 399 C6H+        1  1  0  6  0  0  0  0  0  0  0  0  0  0  0.11201172D-14
 400 CH3NH2+     1  5  0  1  1  0  0  0  0  0  0  0  0  0  0.97195673D-16
 401 CH3OH2+     1  5  0  1  0  1  0  0  0  0  0  0  0  0  0.71040590D-16
 402 H3C3O+      1  3  0  3  0  1  0  0  0  0  0  0  0  0  0.15412654D-14
 403 NH2CH2O+    1  4  0  1  1  1  0  0  0  0  0  0  0  0  0.30970868D-18
 404 PC2H4+      1  4  0  2  0  0  0  0  0  0  0  0  1  0  0.18015878D-23
 405 PC4H2+      1  2  0  4  0  0  0  0  0  0  0  0  1  0  0.11926592D-20
 406 HC5O+       1  1  0  5  0  1  0  0  0  0  0  0  0  0  0.25091967D-14
 407 C6N+        1  0  0  6  1  0  0  0  0  0  0  0  0  0  0.14656709D-18
 408 H2C5N+      1  2  0  5  1  0  0  0  0  0  0  0  0  0  0.15191053D-13
 409 C8+         1  0  0  8  0  0  0  0  0  0  0  0  0  0  0.59394808D-17
 410 C7H-       -1  1  0  7  0  0  0  0  0  0  0  0  0  0  0.69137405D-13
 411 C8-        -1  0  0  8  0  0  0  0  0  0  0  0  0  0  0.48965671D-15
 412 C5H3+       1  3  0  5  0  0  0  0  0  0  0  0  0  0  0.12315365D-14
 413 C3H5+       1  5  0  3  0  0  0  0  0  0  0  0  0  0  0.49452622D-16
 414 C6H2+       1  2  0  6  0  0  0  0  0  0  0  0  0  0  0.10020775D-13
 415 C7H+        1  1  0  7  0  0  0  0  0  0  0  0  0  0  0.16215513D-14
 416 CH3CHOH+    1  5  0  2  0  1  0  0  0  0  0  0  0  0  0.67636524D-18
 417 C2H6+       1  6  0  2  0  0  0  0  0  0  0  0  0  0  0.54412734D-26
 418 C3H3NH+     1  4  0  3  1  0  0  0  0  0  0  0  0  0  0.90452056D-20
 419 C4H4+       1  4  0  4  0  0  0  0  0  0  0  0  0  0  0.57486367D-18
 420 C7N+        1  0  0  7  1  0  0  0  0  0  0  0  0  0  0.17224294D-19
 421 CH3NH3+     1  6  0  1  1  0  0  0  0  0  0  0  0  0  0.14852132D-14
 422 COOCH4+     1  4  0  2  0  2  0  0  0  0  0  0  0  0  0.53560734D-21
 423 H3C4N+      1  3  0  4  1  0  0  0  0  0  0  0  0  0  0.16353992D-19
 424 HC6N+       1  1  0  6  1  0  0  0  0  0  0  0  0  0  0.10560049D-20
 425 C9+         1  0  0  9  0  0  0  0  0  0  0  0  0  0  0.75904327D-19
 426 C8H-       -1  1  0  8  0  0  0  0  0  0  0  0  0  0  0.29427040D-14
 427 C9-        -1  0  0  9  0  0  0  0  0  0  0  0  0  0  0.15325351D-15
 428 C4H5+       1  5  0  4  0  0  0  0  0  0  0  0  0  0  0.12984792D-16
 429 C6H3+       1  3  0  6  0  0  0  0  0  0  0  0  0  0  0.83278539D-15
 430 C7H2+       1  2  0  7  0  0  0  0  0  0  0  0  0  0  0.43667302D-16
 431 C2H5OH+     1  6  0  2  0  1  0  0  0  0  0  0  0  0  0.80874668D-23
 432 H3C4NH+     1  4  0  4  1  0  0  0  0  0  0  0  0  0  0.19012279D-15
 433 C5H3N+      1  3  0  5  1  0  0  0  0  0  0  0  0  0  0.21758761D-16
 434 C5H4+       1  4  0  5  0  0  0  0  0  0  0  0  0  0  0.13199209D-16
 435 HC7N+       1  1  0  7  1  0  0  0  0  0  0  0  0  0  0.55418557D-17
 436 C8H+        1  1  0  8  0  0  0  0  0  0  0  0  0  0  0.31332288D-19
 437 CH3OCH3+    1  6  0  2  0  1  0  0  0  0  0  0  0  0  0.26404568D-24
 438 H5C2O2+     1  5  0  2  0  2  0  0  0  0  0  0  0  0  0.10873313D-19
 439 HC7O+       1  1  0  7  0  1  0  0  0  0  0  0  0  0  0.38796602D-16
 440 C8N+        1  0  0  8  1  0  0  0  0  0  0  0  0  0  0.47190885D-20
 441 H2C6N+      1  2  0  6  1  0  0  0  0  0  0  0  0  0  0.10209926D-15
 442 C2H7+       1  7  0  2  0  0  0  0  0  0  0  0  0  0  0.11154146D-35
 443 C10+        1  0  0 10  0  0  0  0  0  0  0  0  0  0  0.20015351D-19
 444 CH3OCH4+    1  7  0  2  0  1  0  0  0  0  0  0  0  0  0.92698737D-23
 445 C9H-       -1  1  0  9  0  0  0  0  0  0  0  0  0  0  0.16120331D-14
 446 C10-       -1  0  0 10  0  0  0  0  0  0  0  0  0  0  0.95849867D-17
 447 C7H2N+      1  2  0  7  1  0  0  0  0  0  0  0  0  0  0.14914752D-14
 448 C7H3+       1  3  0  7  0  0  0  0  0  0  0  0  0  0  0.43760698D-16
 449 C5H5+       1  5  0  5  0  0  0  0  0  0  0  0  0  0  0.77975164D-16
 450 C8H2+       1  2  0  8  0  0  0  0  0  0  0  0  0  0  0.19692373D-15
 451 C9H+        1  1  0  9  0  0  0  0  0  0  0  0  0  0  0.34343034D-16
 452 C2H5OH2+    1  7  0  2  0  1  0  0  0  0  0  0  0  0  0.40889170D-21
 453 C2H6CO+     1  6  0  3  0  1  0  0  0  0  0  0  0  0  0.64900383D-24
 454 C5H4N+      1  4  0  5  1  0  0  0  0  0  0  0  0  0  0.20723602D-16
 455 C6H4+       1  4  0  6  0  0  0  0  0  0  0  0  0  0  0.33130555D-16
 456 C9N+        1  0  0  9  1  0  0  0  0  0  0  0  0  0  0.36629919D-21
 457 HC8N+       1  1  0  8  1  0  0  0  0  0  0  0  0  0  0.34219831D-22
 458 C10H+       1  1  0 10  0  0  0  0  0  0  0  0  0  0  0.47495383D-17
 459 C10H-      -1  1  0 10  0  0  0  0  0  0  0  0  0  0  0.42980694D-16
 460 C8H3+       1  3  0  8  0  0  0  0  0  0  0  0  0  0  0.16754250D-16
 461 C9H2+       1  2  0  9  0  0  0  0  0  0  0  0  0  0  0.16722695D-17
 462 C3H6OH+     1  7  0  3  0  1  0  0  0  0  0  0  0  0  0.61666356D-23
 463 C4H7+       1  7  0  4  0  0  0  0  0  0  0  0  0  0  0.42403006D-21
 464 H3C6NH+     1  4  0  6  1  0  0  0  0  0  0  0  0  0  0.85498843D-18
 465 C6H5+       1  5  0  6  0  0  0  0  0  0  0  0  0  0  0.22241608D-20
 466 H3C7N+      1  3  0  7  1  0  0  0  0  0  0  0  0  0  0.14367935D-17
 467 C7H4+       1  4  0  7  0  0  0  0  0  0  0  0  0  0  0.12966056D-16
 468 C9HN+       1  1  0  9  1  0  0  0  0  0  0  0  0  0  0.12135423D-18
 469 C11+        1  0  0 11  0  0  0  0  0  0  0  0  0  0  0.12979164D-17
 470 HC9O+       1  1  0  9  0  1  0  0  0  0  0  0  0  0  0.91513142D-18
 471 C10N+       1  0  0 10  1  0  0  0  0  0  0  0  0  0  0.10217713D-21
 472 H2C8N+      1  2  0  8  1  0  0  0  0  0  0  0  0  0  0.33085259D-17
 473 C9H2N+      1  2  0  9  1  0  0  0  0  0  0  0  0  0  0.55238648D-17
 474 C9H3+       1  3  0  9  0  0  0  0  0  0  0  0  0  0  0.14365823D-17
 475 C10H2+      1  2  0 10  0  0  0  0  0  0  0  0  0  0  0.15797950D-18
 476 C7H5+       1  5  0  7  0  0  0  0  0  0  0  0  0  0  0.30116148D-17
 477 C8H4+       1  4  0  8  0  0  0  0  0  0  0  0  0  0  0.19772624D-17
 478 HC10N+      1  1  0 10  1  0  0  0  0  0  0  0  0  0  0.63843853D-24
 479 C6H7+       1  7  0  6  0  0  0  0  0  0  0  0  0  0  0.35054168D-17
 480 C9H4+       1  4  0  9  0  0  0  0  0  0  0  0  0  0  0.15674404D-18
 481 C8H4N+      1  4  0  8  1  0  0  0  0  0  0  0  0  0  0.24428253D-19
 482 C8H5+       1  5  0  8  0  0  0  0  0  0  0  0  0  0  0.58314907D-20
 483 C9H3N+      1  3  0  9  1  0  0  0  0  0  0  0  0  0  0.16040394D-19
 484 C10H3+      1  3  0 10  0  0  0  0  0  0  0  0  0  0  0.11113374D-18
 485 H2C10N+     1  2  0 10  1  0  0  0  0  0  0  0  0  0  0.92590628D-19
 486 C9H5+       1  5  0  9  0  0  0  0  0  0  0  0  0  0  0.24807239D-22
 487 GRAIN0      0  0  0  0  0  0  0  0  0  0  0  0  0  0  0.57626212D-14
 488 GRAIN-     -1  0  0  0  0  0  0  0  0  0  0  0  0  0  0.13157374D-11
 489 XH          0  1  0  0  0  0  0  0  0  0  0  0  0  0  0.34010122D-17
