0.11D+08                                              +-  H  He C  O  S  G    
 JSPACE =            1
   1 H           0  1  0  0  0  0  0  0  0  0  0  0  0  0  0.26829766D-05
   2 C           0  0  0  1  0  0  0  0  0  0  0  0  0  0  0.35634392D-05
   3 Fe          0  0  0  0  0  0  0  0  1  0  0  0  0  0  0.69657149D-09
   4 Mg          0  0  0  0  0  0  0  0  0  0  1  0  0  0  0.31031787D-08
   5 S           0  0  0  0  0  0  0  1  0  0  0  0  0  0  0.70248165D-07
   6 Si          0  0  0  0  0  0  1  0  0  0  0  0  0  0  0.60638415D-08
   7 O           0  0  0  0  0  1  0  0  0  0  0  0  0  0  0.73655753D-04
   8 N           0  0  0  0  1  0  0  0  0  0  0  0  0  0  0.51518030D-04
   9 He          0  0  1  0  0  0  0  0  0  0  0  0  0  0  0.90000000D-01
  10 Cl          0  0  0  0  0  0  0  0  0  0  0  1  0  0  0.21268210D-11
  11 Na          0  0  0  0  0  0  0  0  0  1  0  0  0  0  0.10425438D-08
  12 P           0  0  0  0  0  0  0  0  0  0  0  0  1  0  0.15077794D-09
  13 F           0  0  0  0  0  0  0  0  0  0  0  0  0  1  0.47945049D-12
  14 OH          0  1  0  0  0  1  0  0  0  0  0  0  0  0  0.22040490D-09
  15 CO          0  0  0  1  0  1  0  0  0  0  0  0  0  0  0.16630744D-03
  16 CS          0  0  0  1  0  0  0  1  0  0  0  0  0  0  0.36620067D-08
  17 HS          0  1  0  0  0  0  0  1  0  0  0  0  0  0  0.49097674D-11
  18 N2          0  0  0  0  2  0  0  0  0  0  0  0  0  0  0.52042250D-05
  19 NH          0  1  0  0  1  0  0  0  0  0  0  0  0  0  0.55305188D-12
  20 SiH         0  1  0  0  0  0  1  0  0  0  0  0  0  0  0.89874330D-12
  21 SiO         0  0  0  0  0  1  1  0  0  0  0  0  0  0  0.15533883D-08
  22 SO          0  0  0  0  0  1  0  1  0  0  0  0  0  0  0.40601686D-10
  23 CH          0  1  0  1  0  0  0  0  0  0  0  0  0  0  0.11866850D-09
  24 O2          0  0  0  0  0  2  0  0  0  0  0  0  0  0  0.13708786D-08
  25 H2          0  2  0  0  0  0  0  0  0  0  0  0  0  0  0.49999853D+00
  26 C2          0  0  0  2  0  0  0  0  0  0  0  0  0  0  0.13602077D-10
  27 CN          0  0  0  1  1  0  0  0  0  0  0  0  0  0  0.84986466D-09
  28 MgH         0  1  0  0  0  0  0  0  0  0  1  0  0  0  0.36960796D-12
  29 NaH         0  1  0  0  0  0  0  0  0  1  0  0  0  0  0.63638483D-13
  30 NO          0  0  0  0  1  1  0  0  0  0  0  0  0  0  0.25405535D-09
  31 NS          0  0  0  0  1  0  0  1  0  0  0  0  0  0  0.12082620D-11
  32 PH          0  1  0  0  0  0  0  0  0  0  0  0  1  0  0.13434161D-13
  33 PN          0  0  0  0  1  0  0  0  0  0  0  0  1  0  0.48426307D-10
  34 PO          0  0  0  0  0  1  0  0  0  0  0  0  1  0  0.94178389D-14
  35 S2          0  0  0  0  0  0  0  2  0  0  0  0  0  0  0.10763963D-13
  36 SiC         0  0  0  1  0  0  1  0  0  0  0  0  0  0  0.80292981D-13
  37 SiN         0  0  0  0  1  0  1  0  0  0  0  0  0  0  0.21097124D-11
  38 SiS         0  0  0  0  0  0  1  1  0  0  0  0  0  0  0.11675807D-11
  39 CCl         0  0  0  1  0  0  0  0  0  0  0  1  0  0  0.11069657D-13
  40 ClO         0  0  0  0  0  1  0  0  0  0  0  1  0  0  0.00000000D+00
  41 CP          0  0  0  1  0  0  0  0  0  0  0  0  1  0  0.58393368D-14
  42 HCl         0  1  0  0  0  0  0  0  0  0  0  1  0  0  0.99746534D-09
  43 HF          0  1  0  0  0  0  0  0  0  0  0  0  0  1  0.66717086D-08
  44 CCH         0  1  0  2  0  0  0  0  0  0  0  0  0  0  0.49370475D-10
  45 C3          0  0  0  3  0  0  0  0  0  0  0  0  0  0  0.89612140D-09
  46 CH2         0  2  0  1  0  0  0  0  0  0  0  0  0  0  0.13263237D-08
  47 SO2         0  0  0  0  0  2  0  1  0  0  0  0  0  0  0.76648158D-12
  48 H2O         0  2  0  0  0  1  0  0  0  0  0  0  0  0  0.10235388D-07
  49 HCN         0  1  0  1  1  0  0  0  0  0  0  0  0  0  0.69682062D-07
  50 HCSi        0  1  0  1  0  0  1  0  0  0  0  0  0  0  0.83511144D-12
  51 CCN         0  0  0  2  1  0  0  0  0  0  0  0  0  0  0.23975993D-10
  52 CCS         0  0  0  2  0  0  0  1  0  0  0  0  0  0  0.79125473D-13
  53 CCO         0  0  0  2  0  1  0  0  0  0  0  0  0  0  0.15325595D-12
  54 CCP         0  0  0  2  0  0  0  0  0  0  0  0  1  0  0.46278716D-16
  55 CO2         0  0  0  1  0  2  0  0  0  0  0  0  0  0  0.10371978D-07
  56 H2S         0  2  0  0  0  0  0  1  0  0  0  0  0  0  0.17780965D-11
  57 HCO         0  1  0  1  0  1  0  0  0  0  0  0  0  0  0.15066637D-10
  58 HCP         0  1  0  1  0  0  0  0  0  0  0  0  1  0  0.37478363D-12
  59 HCS         0  1  0  1  0  0  0  1  0  0  0  0  0  0  0.73003053D-12
  60 HNC         0  1  0  1  1  0  0  0  0  0  0  0  0  0  0.21095306D-08
  61 HNO         0  1  0  0  1  1  0  0  0  0  0  0  0  0  0.60591777D-12
  62 HNSi        0  1  0  0  1  0  1  0  0  0  0  0  0  0  0.14352763D-09
  63 HPO         0  1  0  0  0  1  0  0  0  0  0  0  1  0  0.31654488D-16
  64 HSS         0  1  0  0  0  0  0  2  0  0  0  0  0  0  0.21179349D-12
  65 N2O         0  0  0  0  2  1  0  0  0  0  0  0  0  0  0.31687491D-16
  66 NaOH        0  1  0  0  0  1  0  0  0  1  0  0  0  0  0.47144591D-14
  67 NH2         0  2  0  0  1  0  0  0  0  0  0  0  0  0  0.34395735D-12
  68 NO2         0  0  0  0  1  2  0  0  0  0  0  0  0  0  0.00000000D+00
  69 O2H         0  1  0  0  0  2  0  0  0  0  0  0  0  0  0.34055346D-16
  70 OCN         0  0  0  1  1  1  0  0  0  0  0  0  0  0  0.97885737D-11
  71 OCS         0  0  0  1  0  1  0  1  0  0  0  0  0  0  0.60884669D-11
  72 PH2         0  2  0  0  0  0  0  0  0  0  0  0  1  0  0.15469847D-16
  73 c-SiC2      0  0  0  2  0  0  1  0  0  0  0  0  0  0  0.47979093D-13
  74 SiH2        0  2  0  0  0  0  1  0  0  0  0  0  0  0  0.30637349D-15
  75 SiNC        0  0  0  1  1  0  1  0  0  0  0  0  0  0  0.37256543D-13
  76 SiO2        0  0  0  0  0  2  1  0  0  0  0  0  0  0  0.40459375D-13
  77 C4          0  0  0  4  0  0  0  0  0  0  0  0  0  0  0.93055276D-12
  78 c-C3H       0  1  0  3  0  0  0  0  0  0  0  0  0  0  0.22881138D-11
  79 l-C3H       0  1  0  3  0  0  0  0  0  0  0  0  0  0  0.18833498D-12
  80 CH3         0  3  0  1  0  0  0  0  0  0  0  0  0  0  0.11300939D-10
  81 C2H2        0  2  0  2  0  0  0  0  0  0  0  0  0  0  0.50594337D-10
  82 NH3         0  3  0  0  1  0  0  0  0  0  0  0  0  0  0.69218176D-10
  83 SiCH2       0  2  0  1  0  0  1  0  0  0  0  0  0  0  0.11612128D-12
  84 C3N         0  0  0  3  1  0  0  0  0  0  0  0  0  0  0.91826070D-12
  85 C3O         0  0  0  3  0  1  0  0  0  0  0  0  0  0  0.25582329D-11
  86 C3P         0  0  0  3  0  0  0  0  0  0  0  0  1  0  0.14737044D-17
  87 C3S         0  0  0  3  0  0  0  1  0  0  0  0  0  0  0.58662702D-11
  88 H2CO        0  2  0  1  0  1  0  0  0  0  0  0  0  0  0.67252684D-09
  89 H2CS        0  2  0  1  0  0  0  1  0  0  0  0  0  0  0.22704743D-09
  90 HOOH        0  2  0  0  0  2  0  0  0  0  0  0  0  0  0.13441898D-17
  91 HSSH        0  2  0  0  0  0  0  2  0  0  0  0  0  0  0.17214369D-12
  92 H2SiO       0  2  0  0  0  1  1  0  0  0  0  0  0  0  0.58895011D-17
  93 HCCP        0  1  0  2  0  0  0  0  0  0  0  0  1  0  0.12829718D-17
  94 HCCSi       0  1  0  2  0  0  1  0  0  0  0  0  0  0  0.22236748D-11
  95 l-SiC3      0  0  0  3  0  0  1  0  0  0  0  0  0  0  0.24236391D-14
  96 SiH3        0  3  0  0  0  0  1  0  0  0  0  0  0  0  0.33907037D-19
  97 H2CN        0  2  0  1  1  0  0  0  0  0  0  0  0  0  0.39833692D-11
  98 C5          0  0  0  5  0  0  0  0  0  0  0  0  0  0  0.79656906D-13
  99 c-C3H2      0  2  0  3  0  0  0  0  0  0  0  0  0  0  0.21136157D-11
 100 l-C3H2      0  2  0  3  0  0  0  0  0  0  0  0  0  0  0.15774790D-11
 101 C4H         0  1  0  4  0  0  0  0  0  0  0  0  0  0  0.14081786D-12
 102 CH4         0  4  0  1  0  0  0  0  0  0  0  0  0  0  0.34858358D-07
 103 HC3N        0  1  0  3  1  0  0  0  0  0  0  0  0  0  0.46124013D-11
 104 H2CCN       0  2  0  2  1  0  0  0  0  0  0  0  0  0  0.41748726D-11
 105 H2CCO       0  2  0  2  0  1  0  0  0  0  0  0  0  0  0.13985167D-09
 106 C2H3        0  3  0  2  0  0  0  0  0  0  0  0  0  0  0.59756958D-12
 107 C4N         0  0  0  4  1  0  0  0  0  0  0  0  0  0  0.31590997D-12
 108 C4P         0  0  0  4  0  0  0  0  0  0  0  0  1  0  0.78038991D-18
 109 C4S         0  0  0  4  0  0  0  1  0  0  0  0  0  0  0.10802904D-13
 110 HCOOH       0  2  0  1  0  2  0  0  0  0  0  0  0  0  0.99895104D-12
 111 CH2PH       0  3  0  1  0  0  0  0  0  0  0  0  1  0  0.36462666D-19
 112 CH2NH       0  3  0  1  1  0  0  0  0  0  0  0  0  0  0.12840073D-13
 113 c-HCCHSi    0  2  0  2  0  0  1  0  0  0  0  0  0  0  0.20201184D-12
 114 SiC3H       0  1  0  3  0  0  1  0  0  0  0  0  0  0  0.18903387D-13
 115 SiC4        0  0  0  4  0  0  1  0  0  0  0  0  0  0  0.58317624D-17
 116 SiCH3       0  3  0  1  0  0  1  0  0  0  0  0  0  0  0.11881656D-12
 117 SiH4        0  4  0  0  0  0  1  0  0  0  0  0  0  0  0.25994788D-16
 118 HCNCC       0  1  0  3  1  0  0  0  0  0  0  0  0  0  0.47651539D-12
 119 HCCNC       0  1  0  3  1  0  0  0  0  0  0  0  0  0  0.64490419D-11
 120 HNCCC       0  1  0  3  1  0  0  0  0  0  0  0  0  0  0.11554663D-12
 121 NH2CN       0  2  0  1  2  0  0  0  0  0  0  0  0  0  0.00000000D+00
 122 C6          0  0  0  6  0  0  0  0  0  0  0  0  0  0  0.77353951D-15
 123 CH3CN       0  3  0  2  1  0  0  0  0  0  0  0  0  0  0.23312753D-09
 124 CH2CCH      0  3  0  3  0  0  0  0  0  0  0  0  0  0  0.17697605D-13
 125 C2H4        0  4  0  2  0  0  0  0  0  0  0  0  0  0  0.32281699D-12
 126 NC4N        0  0  0  4  2  0  0  0  0  0  0  0  0  0  0.13627894D-11
 127 H2CSiCH     0  3  0  2  0  0  1  0  0  0  0  0  0  0  0.43663141D-12
 128 SiC4H       0  1  0  4  0  0  1  0  0  0  0  0  0  0  0.19019769D-13
 129 HC4N        0  1  0  4  1  0  0  0  0  0  0  0  0  0  0.58858172D-15
 130 C4H2        0  2  0  4  0  0  0  0  0  0  0  0  0  0  0.12931990D-13
 131 C5H         0  1  0  5  0  0  0  0  0  0  0  0  0  0  0.23303220D-14
 132 C5N         0  0  0  5  1  0  0  0  0  0  0  0  0  0  0.32952165D-14
 133 CH3OH       0  4  0  1  0  1  0  0  0  0  0  0  0  0  0.85998308D-17
 134 NH2CHO      0  3  0  1  1  1  0  0  0  0  0  0  0  0  0.62875061D-15
 135 C5O         0  0  0  5  0  1  0  0  0  0  0  0  0  0  0.16035949D-14
 136 C7          0  0  0  7  0  0  0  0  0  0  0  0  0  0  0.26499916D-16
 137 HC5N        0  1  0  5  1  0  0  0  0  0  0  0  0  0  0.83266095D-14
 138 SiC2CH3     0  3  0  3  0  0  1  0  0  0  0  0  0  0  0.69750128D-15
 139 CH3CHO      0  4  0  2  0  1  0  0  0  0  0  0  0  0  0.63224692D-16
 140 C2H5        0  5  0  2  0  0  0  0  0  0  0  0  0  0  0.31248468D-19
 141 CH2CHCN     0  3  0  3  1  0  0  0  0  0  0  0  0  0  0.86120338D-15
 142 CH3CCH      0  4  0  3  0  0  0  0  0  0  0  0  0  0  0.47424757D-15
 143 C5H2        0  2  0  5  0  0  0  0  0  0  0  0  0  0  0.11861183D-15
 144 C6H         0  1  0  6  0  0  0  0  0  0  0  0  0  0  0.18343410D-15
 145 CH3NH2      0  5  0  1  1  0  0  0  0  0  0  0  0  0  0.81257002D-13
 146 C4H3        0  3  0  4  0  0  0  0  0  0  0  0  0  0  0.47604612D-15
 147 C6N         0  0  0  6  1  0  0  0  0  0  0  0  0  0  0.62495061D-15
 148 C8          0  0  0  8  0  0  0  0  0  0  0  0  0  0  0.39818653D-17
 149 HC6N        0  1  0  6  1  0  0  0  0  0  0  0  0  0  0.10627047D-17
 150 NC6N        0  0  0  6  2  0  0  0  0  0  0  0  0  0  0.17356578D-14
 151 SiC6H       0  1  0  6  0  0  1  0  0  0  0  0  0  0  0.19135453D-16
 152 CH2CHC2H    0  4  0  4  0  0  0  0  0  0  0  0  0  0  0.50512430D-18
 153 C6H2        0  2  0  6  0  0  0  0  0  0  0  0  0  0  0.13010646D-16
 154 C7H         0  1  0  7  0  0  0  0  0  0  0  0  0  0  0.55550839D-17
 155 C7N         0  0  0  7  1  0  0  0  0  0  0  0  0  0  0.12090774D-16
 156 CH3C3N      0  3  0  4  1  0  0  0  0  0  0  0  0  0  0.67722712D-14
 157 HCOOCH3     0  4  0  2  0  2  0  0  0  0  0  0  0  0  0.10453416D-18
 158 C2H6        0  6  0  2  0  0  0  0  0  0  0  0  0  0  0.00000000D+00
 159 C7O         0  0  0  7  0  1  0  0  0  0  0  0  0  0  0.38226925D-17
 160 C9          0  0  0  9  0  0  0  0  0  0  0  0  0  0  0.13097865D-18
 161 HC7N        0  1  0  7  1  0  0  0  0  0  0  0  0  0  0.18798851D-16
 162 SiC3H5      0  5  0  3  0  0  1  0  0  0  0  0  0  0  0.00000000D+00
 163 CH3CH2OH    0  6  0  2  0  1  0  0  0  0  0  0  0  0  0.48293152D-17
 164 C7H2        0  2  0  7  0  0  0  0  0  0  0  0  0  0  0.70821642D-18
 165 C8H         0  1  0  8  0  0  0  0  0  0  0  0  0  0  0.14730624D-17
 166 CH3C4H      0  4  0  5  0  0  0  0  0  0  0  0  0  0  0.70474114D-16
 167 CH3OCH3     0  6  0  2  0  1  0  0  0  0  0  0  0  0  0.20155495D-22
 168 CH3CHCH2    0  6  0  3  0  0  0  0  0  0  0  0  0  0  0.00000000D+00
 169 C8N         0  0  0  8  1  0  0  0  0  0  0  0  0  0  0.16917980D-17
 170 C10         0  0  0 10  0  0  0  0  0  0  0  0  0  0  0.21309630D-19
 171 CH3COCH3    0  6  0  3  0  1  0  0  0  0  0  0  0  0  0.24524942D-20
 172 C8H2        0  2  0  8  0  0  0  0  0  0  0  0  0  0  0.10569641D-18
 173 C9H         0  1  0  9  0  0  0  0  0  0  0  0  0  0  0.77646391D-19
 174 C9N         0  0  0  9  1  0  0  0  0  0  0  0  0  0  0.11674163D-18
 175 CH3C5N      0  3  0  6  1  0  0  0  0  0  0  0  0  0  0.46987213D-17
 176 HC8N        0  1  0  8  1  0  0  0  0  0  0  0  0  0  0.23992510D-20
 177 NC8N        0  0  0  8  2  0  0  0  0  0  0  0  0  0  0.39185663D-17
 178 SiC8H       0  1  0  8  0  0  1  0  0  0  0  0  0  0  0.15545336D-18
 179 CH2CHCHCH2  0  6  0  4  0  0  0  0  0  0  0  0  0  0  0.00000000D+00
 180 C9O         0  0  0  9  0  1  0  0  0  0  0  0  0  0  0.53431826D-19
 181 HC9N        0  1  0  9  1  0  0  0  0  0  0  0  0  0  0.14438135D-18
 182 C10H        0  1  0 10  0  0  0  0  0  0  0  0  0  0  0.17144587D-19
 183 C9H2        0  2  0  9  0  0  0  0  0  0  0  0  0  0  0.10675378D-19
 184 CH3C6H      0  4  0  7  0  0  0  0  0  0  0  0  0  0  0.88333962D-19
 185 C11         0  0  0 11  0  0  0  0  0  0  0  0  0  0  0.19731475D-19
 186 C10N        0  0  0 10  1  0  0  0  0  0  0  0  0  0  0.14332305D-19
 187 CH3C7N      0  3  0  8  1  0  0  0  0  0  0  0  0  0  0.10445488D-19
 188 C10H2       0  2  0 10  0  0  0  0  0  0  0  0  0  0  0.84027117D-20
 189 C6H6        0  6  0  6  0  0  0  0  0  0  0  0  0  0  0.41315356D-16
 190 Si+         1  0  0  0  0  0  1  0  0  0  0  0  0  0  0.21315009D-09
 191 C+          1  0  0  1  0  0  0  0  0  0  0  0  0  0  0.11201904D-08
 192 C-         -1  0  0  1  0  0  0  0  0  0  0  0  0  0  0.86024217D-15
 193 H-         -1  1  0  0  0  0  0  0  0  0  0  0  0  0  0.96803606D-14
 194 O-         -1  0  0  0  0  1  0  0  0  0  0  0  0  0  0.44097138D-17
 195 S-         -1  0  0  0  0  0  0  1  0  0  0  0  0  0  0.39856369D-16
 196 He+         1  0  1  0  0  0  0  0  0  0  0  0  0  0  0.14700637D-11
 197 H+          1  1  0  0  0  0  0  0  0  0  0  0  0  0  0.26022816D-10
 198 Fe+         1  0  0  0  0  0  0  0  1  0  0  0  0  0  0.23034286D-08
 199 Mg+         1  0  0  0  0  0  0  0  0  0  1  0  0  0  0.38964517D-08
 200 N+          1  0  0  0  1  0  0  0  0  0  0  0  0  0  0.23751945D-14
 201 Na+         1  0  0  0  0  0  0  0  0  1  0  0  0  0  0.95737993D-09
 202 O+          1  0  0  0  0  1  0  0  0  0  0  0  0  0  0.42884004D-17
 203 S+          1  0  0  0  0  0  0  1  0  0  0  0  0  0  0.57938115D-08
 204 Cl+         1  0  0  0  0  0  0  0  0  0  0  1  0  0  0.39575671D-19
 205 F+          1  0  0  0  0  0  0  0  0  0  0  0  0  1  0.42569020D-18
 206 P+          1  0  0  0  0  0  0  0  0  0  0  0  1  0  0.37172152D-12
 207 e-         -1  0  0  0  0  0  0  0  0  0  0  0  0  0  0.14575703D-07
 208 CH+         1  1  0  1  0  0  0  0  0  0  0  0  0  0  0.90492172D-15
 209 H2+         1  2  0  0  0  0  0  0  0  0  0  0  0  0  0.57607853D-14
 210 OH+         1  1  0  0  0  1  0  0  0  0  0  0  0  0  0.16387351D-14
 211 SiH+        1  1  0  0  0  0  1  0  0  0  0  0  0  0  0.65760827D-13
 212 C2+         1  0  0  2  0  0  0  0  0  0  0  0  0  0  0.14192082D-17
 213 CN-        -1  0  0  1  1  0  0  0  0  0  0  0  0  0  0.18796974D-14
 214 OH-        -1  1  0  0  0  1  0  0  0  0  0  0  0  0  0.11365604D-14
 215 CF+         1  0  0  1  0  0  0  0  0  0  0  0  0  1  0.67482820D-11
 216 HS+         1  1  0  0  0  0  0  1  0  0  0  0  0  0  0.21692158D-12
 217 SO+         1  0  0  0  0  1  0  1  0  0  0  0  0  0  0.19157601D-11
 218 CCl+        1  0  0  1  0  0  0  0  0  0  0  1  0  0  0.38931698D-12
 219 ClO+        1  0  0  0  0  1  0  0  0  0  0  1  0  0  0.00000000D+00
 220 CN+         1  0  0  1  1  0  0  0  0  0  0  0  0  0  0.23504757D-17
 221 CO+         1  0  0  1  0  1  0  0  0  0  0  0  0  0  0.32754653D-16
 222 CP+         1  0  0  1  0  0  0  0  0  0  0  0  1  0  0.10625203D-21
 223 CS+         1  0  0  1  0  0  0  1  0  0  0  0  0  0  0.52042527D-16
 224 HCl+        1  1  0  0  0  0  0  0  0  0  0  1  0  0  0.10462870D-17
 225 HF+         1  1  0  0  0  0  0  0  0  0  0  0  0  1  0.32744595D-18
 226 HeH+        1  1  1  0  0  0  0  0  0  0  0  0  0  0  0.16254971D-21
 227 N2+         1  0  0  0  2  0  0  0  0  0  0  0  0  0  0.36011555D-17
 228 NH+         1  1  0  0  1  0  0  0  0  0  0  0  0  0  0.13191782D-16
 229 NO+         1  0  0  0  1  1  0  0  0  0  0  0  0  0  0.19328083D-12
 230 NS+         1  0  0  0  1  0  0  1  0  0  0  0  0  0  0.70441159D-12
 231 O2+         1  0  0  0  0  2  0  0  0  0  0  0  0  0  0.59597299D-14
 232 PH+         1  1  0  0  0  0  0  0  0  0  0  0  1  0  0.22755292D-15
 233 PN+         1  0  0  0  1  0  0  0  0  0  0  0  1  0  0.54164409D-14
 234 PO+         1  0  0  0  0  1  0  0  0  0  0  0  1  0  0.28621042D-14
 235 S2+         1  0  0  0  0  0  0  2  0  0  0  0  0  0  0.11552477D-13
 236 SiC+        1  0  0  1  0  0  1  0  0  0  0  0  0  0  0.47085614D-18
 237 SiN+        1  0  0  0  1  0  1  0  0  0  0  0  0  0  0.72828339D-12
 238 SiO+        1  0  0  0  0  1  1  0  0  0  0  0  0  0  0.37404933D-15
 239 SiS+        1  0  0  0  0  0  1  1  0  0  0  0  0  0  0.10387757D-18
 240 SiF+        1  0  0  0  0  0  1  0  0  0  0  0  0  1  0.10285969D-11
 241 CH2+        1  2  0  1  0  0  0  0  0  0  0  0  0  0  0.25225848D-14
 242 C2N+        1  0  0  2  1  0  0  0  0  0  0  0  0  0  0.47158152D-18
 243 CNC+        1  0  0  2  1  0  0  0  0  0  0  0  0  0  0.41015718D-10
 244 HSiO+       1  1  0  0  0  1  1  0  0  0  0  0  0  0  0.58315693D-11
 245 N2H+        1  1  0  0  2  0  0  0  0  0  0  0  0  0  0.36676635D-12
 246 C2H+        1  1  0  2  0  0  0  0  0  0  0  0  0  0  0.91308648D-16
 247 H3+         1  3  0  0  0  0  0  0  0  0  0  0  0  0  0.10341857D-10
 248 C3-        -1  0  0  3  0  0  0  0  0  0  0  0  0  0  0.10516535D-13
 249 HCO+        1  1  0  1  0  1  0  0  0  0  0  0  0  0  0.11662609D-09
 250 HSO+        1  1  0  0  0  1  0  1  0  0  0  0  0  0  0.30708712D-14
 251 H2S+        1  2  0  0  0  0  0  1  0  0  0  0  0  0  0.72844532D-12
 252 HCS+        1  1  0  1  0  0  0  1  0  0  0  0  0  0  0.34539147D-12
 253 HPO+        1  1  0  0  0  1  0  0  0  0  0  0  1  0  0.11915851D-14
 254 C2O+        1  0  0  2  0  1  0  0  0  0  0  0  0  0  0.16523957D-15
 255 C2S+        1  0  0  2  0  0  0  1  0  0  0  0  0  0  0.64978948D-13
 256 C3+         1  0  0  3  0  0  0  0  0  0  0  0  0  0  0.54318214D-17
 257 CCP+        1  0  0  2  0  0  0  0  0  0  0  0  1  0  0.35200156D-16
 258 CHSi+       1  1  0  1  0  0  1  0  0  0  0  0  0  0  0.77321251D-17
 259 CO2+        1  0  0  1  0  2  0  0  0  0  0  0  0  0  0.45252191D-20
 260 H2Cl+       1  2  0  0  0  0  0  0  0  0  0  1  0  0  0.41150015D-14
 261 H2F+        1  2  0  0  0  0  0  0  0  0  0  0  0  1  0.33864438D-13
 262 H2O+        1  2  0  0  0  1  0  0  0  0  0  0  0  0  0.42510672D-14
 263 HCN+        1  1  0  1  1  0  0  0  0  0  0  0  0  0  0.42282298D-16
 264 HCP+        1  1  0  1  0  0  0  0  0  0  0  0  1  0  0.20465618D-20
 265 HNC+        1  1  0  1  1  0  0  0  0  0  0  0  0  0  0.36272458D-15
 266 HNO+        1  1  0  0  1  1  0  0  0  0  0  0  0  0  0.29577074D-15
 267 HNS+        1  1  0  0  1  0  0  1  0  0  0  0  0  0  0.71282798D-16
 268 HNSi+       1  1  0  0  1  0  1  0  0  0  0  0  0  0  0.10729957D-16
 269 HOC+        1  1  0  1  0  1  0  0  0  0  0  0  0  0  0.10253043D-12
 270 HPN+        1  1  0  0  1  0  0  0  0  0  0  0  1  0  0.54367223D-14
 271 HSiS+       1  1  0  0  0  0  1  1  0  0  0  0  0  0  0.66643325D-14
 272 NaH2+       1  2  0  0  0  0  0  0  0  1  0  0  0  0  0.79517470D-14
 273 NCO+        1  0  0  1  1  1  0  0  0  0  0  0  0  0  0.31812385D-16
 274 NH2+        1  2  0  0  1  0  0  0  0  0  0  0  0  0  0.10992147D-15
 275 NO2+        1  0  0  0  1  2  0  0  0  0  0  0  0  0  0.29064925D-21
 276 HO2+        1  1  0  0  0  2  0  0  0  0  0  0  0  0  0.56713283D-19
 277 OCS+        1  0  0  1  0  1  0  1  0  0  0  0  0  0  0.30440634D-12
 278 PH2+        1  2  0  0  0  0  0  0  0  0  0  0  1  0  0.48441140D-14
 279 HS2+        1  1  0  0  0  0  0  2  0  0  0  0  0  0  0.77629350D-16
 280 SiC2+       1  0  0  2  0  0  1  0  0  0  0  0  0  0  0.23643885D-19
 281 SiH2+       1  2  0  0  0  0  1  0  0  0  0  0  0  0  0.10379364D-11
 282 SiNC+       1  0  0  1  1  0  1  0  0  0  0  0  0  0  0.87635134D-11
 283 SO2+        1  0  0  0  0  2  0  1  0  0  0  0  0  0  0.20687521D-20
 284 HCNH+       1  2  0  1  1  0  0  0  0  0  0  0  0  0  0.10153952D-10
 285 HC2N+       1  1  0  2  1  0  0  0  0  0  0  0  0  0  0.54197144D-17
 286 C3H+        1  1  0  3  0  0  0  0  0  0  0  0  0  0  0.52005740D-16
 287 C4+         1  0  0  4  0  0  0  0  0  0  0  0  0  0  0.28733669D-17
 288 H2CO+       1  2  0  1  0  1  0  0  0  0  0  0  0  0  0.63466060D-13
 289 CH3+        1  3  0  1  0  0  0  0  0  0  0  0  0  0  0.10540728D-10
 290 C3N-       -1  0  0  3  1  0  0  0  0  0  0  0  0  0  0.23570382D-14
 291 C4-        -1  0  0  4  0  0  0  0  0  0  0  0  0  0  0.16983817D-13
 292 H3O+        1  3  0  0  0  1  0  0  0  0  0  0  0  0  0.37104796D-10
 293 H2NO+       1  2  0  0  1  1  0  0  0  0  0  0  0  0  0.59600792D-15
 294 H3S+        1  3  0  0  0  0  0  1  0  0  0  0  0  0  0.35646887D-14
 295 HC2S+       1  1  0  2  0  0  0  1  0  0  0  0  0  0  0.16112829D-13
 296 HOCS+       1  1  0  1  0  1  0  1  0  0  0  0  0  0  0.25588092D-15
 297 PCH2+       1  2  0  1  0  0  0  0  0  0  0  0  1  0  0.63702480D-15
 298 H2S2+       1  2  0  0  0  0  0  2  0  0  0  0  0  0  0.17796432D-16
 299 C2H2+       1  2  0  2  0  0  0  0  0  0  0  0  0  0  0.44930739D-13
 300 C2HO+       1  1  0  2  0  1  0  0  0  0  0  0  0  0  0.83019792D-14
 301 C2N2+       1  0  0  2  2  0  0  0  0  0  0  0  0  0  0.13526846D-19
 302 C3N+        1  0  0  3  1  0  0  0  0  0  0  0  0  0  0.15269038D-19
 303 C3O+        1  0  0  3  0  1  0  0  0  0  0  0  0  0  0.87302038D-15
 304 C3S+        1  0  0  3  0  0  0  1  0  0  0  0  0  0  0.13033421D-13
 305 CH2Si+      1  2  0  1  0  0  1  0  0  0  0  0  0  0  0.38155448D-13
 306 H2CCl+      1  2  0  1  0  0  0  0  0  0  0  1  0  0  0.33974427D-14
 307 H2CS+       1  2  0  1  0  0  0  1  0  0  0  0  0  0  0.48807436D-14
 308 H2NC+       1  2  0  1  1  0  0  0  0  0  0  0  0  0  0.21060149D-11
 309 H2PO+       1  2  0  0  0  1  0  0  0  0  0  0  1  0  0.39338088D-18
 310 H2SiO+      1  2  0  0  0  1  1  0  0  0  0  0  0  0  0.27449846D-15
 311 HOCO+       1  1  0  1  0  2  0  0  0  0  0  0  0  0  0.87776175D-15
 312 HNCO+       1  1  0  1  1  1  0  0  0  0  0  0  0  0  0.28048486D-20
 313 HSiO2+      1  1  0  0  0  2  1  0  0  0  0  0  0  0  0.58173514D-18
 314 HSO2+       1  1  0  0  0  2  0  1  0  0  0  0  0  0  0.57370886D-17
 315 NaH2O+      1  2  0  0  0  1  0  0  0  1  0  0  0  0  0.44463193D-16
 316 NH3+        1  3  0  0  1  0  0  0  0  0  0  0  0  0  0.17981755D-13
 317 PC2H+       1  1  0  2  0  0  0  0  0  0  0  0  1  0  0.12607735D-17
 318 PH3+        1  3  0  0  0  0  0  0  0  0  0  0  1  0  0.13333104D-16
 319 PNH2+       1  2  0  0  1  0  0  0  0  0  0  0  1  0  0.55634615D-17
 320 SiC2H+      1  1  0  2  0  0  1  0  0  0  0  0  0  0  0.15458248D-14
 321 l-SiC3+     1  0  0  3  0  0  1  0  0  0  0  0  0  0  0.81285927D-15
 322 SiH3+       1  3  0  0  0  0  1  0  0  0  0  0  0  0  0.44627501D-15
 323 SiNCH+      1  1  0  1  1  0  1  0  0  0  0  0  0  0  0.24651690D-14
 324 HSiNH+      1  2  0  0  1  0  1  0  0  0  0  0  0  0  0.22623321D-12
 325 HN2O+       1  1  0  0  2  1  0  0  0  0  0  0  0  0  0.99986132D-23
 326 C2H3+       1  3  0  2  0  0  0  0  0  0  0  0  0  0  0.32954572D-12
 327 c-C3H2+     1  2  0  3  0  0  0  0  0  0  0  0  0  0  0.32574497D-13
 328 l-C3H2+     1  2  0  3  0  0  0  0  0  0  0  0  0  0  0.32054360D-13
 329 C4H+        1  1  0  4  0  0  0  0  0  0  0  0  0  0  0.93283278D-17
 330 C5+         1  0  0  5  0  0  0  0  0  0  0  0  0  0  0.11820818D-18
 331 HC3O+       1  1  0  3  0  1  0  0  0  0  0  0  0  0  0.20417418D-15
 332 C4H-       -1  1  0  4  0  0  0  0  0  0  0  0  0  0  0.24804543D-14
 333 C5-        -1  0  0  5  0  0  0  0  0  0  0  0  0  0  0.30029974D-14
 334 NH4+        1  4  0  0  1  0  0  0  0  0  0  0  0  0  0.89551461D-13
 335 H3CS+       1  3  0  1  0  0  0  1  0  0  0  0  0  0  0.59660832D-12
 336 H2COH+      1  3  0  1  0  1  0  0  0  0  0  0  0  0  0.52569493D-13
 337 H3S2+       1  3  0  0  0  0  0  2  0  0  0  0  0  0  0.49431782D-15
 338 HC3S+       1  1  0  3  0  0  0  1  0  0  0  0  0  0  0.18993702D-13
 339 PC3H+       1  1  0  3  0  0  0  0  0  0  0  0  1  0  0.40709151D-18
 340 PCH3+       1  3  0  1  0  0  0  0  0  0  0  0  1  0  0.18215526D-18
 341 PNH3+       1  3  0  0  1  0  0  0  0  0  0  0  1  0  0.22672897D-20
 342 SiC2H2+     1  2  0  2  0  0  1  0  0  0  0  0  0  0  0.21984984D-15
 343 SiC3H+      1  1  0  3  0  0  1  0  0  0  0  0  0  0  0.55577976D-15
 344 SiC4+       1  0  0  4  0  0  1  0  0  0  0  0  0  0  0.29401946D-16
 345 SiCH3+      1  3  0  1  0  0  1  0  0  0  0  0  0  0  0.12372096D-15
 346 SiH4+       1  4  0  0  0  0  1  0  0  0  0  0  0  0  0.20307703D-26
 347 CH2CN+      1  2  0  2  1  0  0  0  0  0  0  0  0  0  0.98385028D-13
 348 H2CCO+      1  2  0  2  0  1  0  0  0  0  0  0  0  0  0.13277615D-12
 349 HC3N+       1  1  0  3  1  0  0  0  0  0  0  0  0  0  0.25032332D-15
 350 C4N+        1  0  0  4  1  0  0  0  0  0  0  0  0  0  0.23978882D-18
 351 C4P+        1  0  0  4  0  0  0  0  0  0  0  0  1  0  0.90098363D-23
 352 C4S+        1  0  0  4  0  0  0  1  0  0  0  0  0  0  0.18205596D-15
 353 HCOOH+      1  2  0  1  0  2  0  0  0  0  0  0  0  0  0.12117264D-15
 354 CH4+        1  4  0  1  0  0  0  0  0  0  0  0  0  0  0.87529176D-16
 355 H3SiO+      1  3  0  0  0  1  1  0  0  0  0  0  0  0  0.12713935D-19
 356 PC2H2+      1  2  0  2  0  0  0  0  0  0  0  0  1  0  0.68140452D-19
 357 C6+         1  0  0  6  0  0  0  0  0  0  0  0  0  0  0.90251224D-19
 358 HC4N+       1  1  0  4  1  0  0  0  0  0  0  0  0  0  0.10377004D-21
 359 C5H-       -1  1  0  5  0  0  0  0  0  0  0  0  0  0  0.40998479D-15
 360 C6-        -1  0  0  6  0  0  0  0  0  0  0  0  0  0  0.20990269D-15
 361 CH3CO+      1  3  0  2  0  1  0  0  0  0  0  0  0  0  0.73958056D-12
 362 C2H4+       1  4  0  2  0  0  0  0  0  0  0  0  0  0  0.78608146D-12
 363 HC3NH+      1  2  0  3  1  0  0  0  0  0  0  0  0  0  0.30277911D-13
 364 HC4S+       1  1  0  4  0  0  0  1  0  0  0  0  0  0  0.61957403D-16
 365 CH5+        1  5  0  1  0  0  0  0  0  0  0  0  0  0  0.21496469D-11
 366 C4H2+       1  2  0  4  0  0  0  0  0  0  0  0  0  0  0.19779230D-13
 367 C5H+        1  1  0  5  0  0  0  0  0  0  0  0  0  0  0.66221917D-15
 368 CH3CN+      1  3  0  2  1  0  0  0  0  0  0  0  0  0  0.58066644D-13
 369 c-C3H3+     1  3  0  3  0  0  0  0  0  0  0  0  0  0  0.41556781D-13
 370 l-C3H3+     1  3  0  3  0  0  0  0  0  0  0  0  0  0  0.41520459D-13
 371 C5N+        1  0  0  5  1  0  0  0  0  0  0  0  0  0  0.90973968D-20
 372 CH3O2+      1  3  0  1  0  2  0  0  0  0  0  0  0  0  0.17128334D-14
 373 CH2NH2+     1  4  0  1  1  0  0  0  0  0  0  0  0  0  0.15859141D-15
 374 CH3OH+      1  4  0  1  0  1  0  0  0  0  0  0  0  0  0.22927628D-20
 375 H2C3O+      1  2  0  3  0  1  0  0  0  0  0  0  0  0  0.12354895D-15
 376 HC2NCH+     1  2  0  3  1  0  0  0  0  0  0  0  0  0  0.78098819D-13
 377 HC4O+       1  1  0  4  0  1  0  0  0  0  0  0  0  0  0.54769174D-14
 378 NH2CNH+     1  3  0  1  2  0  0  0  0  0  0  0  0  0  0.00000000D+00
 379 PC2H3+      1  3  0  2  0  0  0  0  0  0  0  0  1  0  0.18912512D-22
 380 PC4H+       1  1  0  4  0  0  0  0  0  0  0  0  1  0  0.99626552D-19
 381 PCH4+       1  4  0  1  0  0  0  0  0  0  0  0  1  0  0.91084914D-20
 382 SiC2H3+     1  3  0  2  0  0  1  0  0  0  0  0  0  0  0.34161155D-15
 383 SiC3H2+     1  2  0  3  0  0  1  0  0  0  0  0  0  0  0.14682556D-16
 384 SiC4H+      1  1  0  4  0  0  1  0  0  0  0  0  0  0  0.14396241D-17
 385 SiCH4+      1  4  0  1  0  0  1  0  0  0  0  0  0  0  0.13119747D-15
 386 SiH5+       1  5  0  0  0  0  1  0  0  0  0  0  0  0  0.38193078D-19
 387 C7+         1  0  0  7  0  0  0  0  0  0  0  0  0  0  0.63550922D-21
 388 H2C4N+      1  2  0  4  1  0  0  0  0  0  0  0  0  0  0.15460998D-21
 389 C6H-       -1  1  0  6  0  0  0  0  0  0  0  0  0  0  0.17834890D-16
 390 C7-        -1  0  0  7  0  0  0  0  0  0  0  0  0  0  0.17675739D-16
 391 C4H3+       1  3  0  4  0  0  0  0  0  0  0  0  0  0  0.18185929D-15
 392 C5H2+       1  2  0  5  0  0  0  0  0  0  0  0  0  0  0.27782241D-17
 393 CH3CNH+     1  4  0  2  1  0  0  0  0  0  0  0  0  0  0.14502421D-11
 394 C2H4O+      1  4  0  2  0  1  0  0  0  0  0  0  0  0  0.10350756D-15
 395 C2H5+       1  5  0  2  0  0  0  0  0  0  0  0  0  0  0.50469567D-14
 396 C3H3N+      1  3  0  3  1  0  0  0  0  0  0  0  0  0  0.24002042D-16
 397 C3H4+       1  4  0  3  0  0  0  0  0  0  0  0  0  0  0.38700294D-16
 398 HC5N+       1  1  0  5  1  0  0  0  0  0  0  0  0  0  0.27236649D-17
 399 C6H+        1  1  0  6  0  0  0  0  0  0  0  0  0  0  0.32624098D-17
 400 CH3NH2+     1  5  0  1  1  0  0  0  0  0  0  0  0  0  0.49972570D-16
 401 CH3OH2+     1  5  0  1  0  1  0  0  0  0  0  0  0  0  0.17726884D-17
 402 H3C3O+      1  3  0  3  0  1  0  0  0  0  0  0  0  0  0.15040347D-13
 403 NH2CH2O+    1  4  0  1  1  1  0  0  0  0  0  0  0  0  0.39667523D-19
 404 PC2H4+      1  4  0  2  0  0  0  0  0  0  0  0  1  0  0.71821096D-22
 405 PC4H2+      1  2  0  4  0  0  0  0  0  0  0  0  1  0  0.24236448D-23
 406 HC5O+       1  1  0  5  0  1  0  0  0  0  0  0  0  0  0.13291941D-18
 407 C6N+        1  0  0  6  1  0  0  0  0  0  0  0  0  0  0.32803786D-21
 408 H2C5N+      1  2  0  5  1  0  0  0  0  0  0  0  0  0  0.21789640D-16
 409 C8+         1  0  0  8  0  0  0  0  0  0  0  0  0  0  0.14467529D-20
 410 C7H-       -1  1  0  7  0  0  0  0  0  0  0  0  0  0  0.46682703D-17
 411 C8-        -1  0  0  8  0  0  0  0  0  0  0  0  0  0  0.86865571D-18
 412 C5H3+       1  3  0  5  0  0  0  0  0  0  0  0  0  0  0.26680422D-18
 413 C3H5+       1  5  0  3  0  0  0  0  0  0  0  0  0  0  0.67410075D-16
 414 C6H2+       1  2  0  6  0  0  0  0  0  0  0  0  0  0  0.18301471D-16
 415 C7H+        1  1  0  7  0  0  0  0  0  0  0  0  0  0  0.85612023D-18
 416 CH3CHOH+    1  5  0  2  0  1  0  0  0  0  0  0  0  0  0.80816091D-18
 417 C2H6+       1  6  0  2  0  0  0  0  0  0  0  0  0  0  0.10117128D-23
 418 C3H3NH+     1  4  0  3  1  0  0  0  0  0  0  0  0  0  0.27057324D-19
 419 C4H4+       1  4  0  4  0  0  0  0  0  0  0  0  0  0  0.75668914D-20
 420 C7N+        1  0  0  7  1  0  0  0  0  0  0  0  0  0  0.11796976D-22
 421 CH3NH3+     1  6  0  1  1  0  0  0  0  0  0  0  0  0  0.61480034D-15
 422 COOCH4+     1  4  0  2  0  2  0  0  0  0  0  0  0  0  0.62403601D-22
 423 H3C4N+      1  3  0  4  1  0  0  0  0  0  0  0  0  0  0.15460257D-21
 424 HC6N+       1  1  0  6  1  0  0  0  0  0  0  0  0  0  0.32231318D-24
 425 C9+         1  0  0  9  0  0  0  0  0  0  0  0  0  0  0.85791733D-23
 426 C8H-       -1  1  0  8  0  0  0  0  0  0  0  0  0  0  0.37411018D-18
 427 C9-        -1  0  0  9  0  0  0  0  0  0  0  0  0  0  0.80316858D-19
 428 C4H5+       1  5  0  4  0  0  0  0  0  0  0  0  0  0  0.24737550D-17
 429 C6H3+       1  3  0  6  0  0  0  0  0  0  0  0  0  0  0.28274249D-19
 430 C7H2+       1  2  0  7  0  0  0  0  0  0  0  0  0  0  0.68485384D-20
 431 C2H5OH+     1  6  0  2  0  1  0  0  0  0  0  0  0  0  0.19555127D-20
 432 H3C4NH+     1  4  0  4  1  0  0  0  0  0  0  0  0  0  0.71169532D-17
 433 C5H3N+      1  3  0  5  1  0  0  0  0  0  0  0  0  0  0.84775535D-18
 434 C5H4+       1  4  0  5  0  0  0  0  0  0  0  0  0  0  0.13650334D-17
 435 HC7N+       1  1  0  7  1  0  0  0  0  0  0  0  0  0  0.35375328D-20
 436 C8H+        1  1  0  8  0  0  0  0  0  0  0  0  0  0  0.68923204D-23
 437 CH3OCH3+    1  6  0  2  0  1  0  0  0  0  0  0  0  0  0.74817307D-26
 438 H5C2O2+     1  5  0  2  0  2  0  0  0  0  0  0  0  0  0.67421732D-21
 439 HC7O+       1  1  0  7  0  1  0  0  0  0  0  0  0  0  0.31685684D-21
 440 C8N+        1  0  0  8  1  0  0  0  0  0  0  0  0  0  0.82691204D-24
 441 H2C6N+      1  2  0  6  1  0  0  0  0  0  0  0  0  0  0.10025861D-19
 442 C2H7+       1  7  0  2  0  0  0  0  0  0  0  0  0  0  0.00000000D+00
 443 C10+        1  0  0 10  0  0  0  0  0  0  0  0  0  0  0.69088743D-24
 444 CH3OCH4+    1  7  0  2  0  1  0  0  0  0  0  0  0  0  0.11132238D-24
 445 C9H-       -1  1  0  9  0  0  0  0  0  0  0  0  0  0  0.62871602D-19
 446 C10-       -1  0  0 10  0  0  0  0  0  0  0  0  0  0  0.43882258D-20
 447 C7H2N+      1  2  0  7  1  0  0  0  0  0  0  0  0  0  0.28427799D-18
 448 C7H3+       1  3  0  7  0  0  0  0  0  0  0  0  0  0  0.97421169D-20
 449 C5H5+       1  5  0  5  0  0  0  0  0  0  0  0  0  0  0.66234925D-17
 450 C8H2+       1  2  0  8  0  0  0  0  0  0  0  0  0  0  0.27754617D-19
 451 C9H+        1  1  0  9  0  0  0  0  0  0  0  0  0  0  0.21209270D-20
 452 C2H5OH2+    1  7  0  2  0  1  0  0  0  0  0  0  0  0  0.88831765D-19
 453 C2H6CO+     1  6  0  3  0  1  0  0  0  0  0  0  0  0  0.25478612D-23
 454 C5H4N+      1  4  0  5  1  0  0  0  0  0  0  0  0  0  0.70357291D-19
 455 C6H4+       1  4  0  6  0  0  0  0  0  0  0  0  0  0  0.24976306D-19
 456 C9N+        1  0  0  9  1  0  0  0  0  0  0  0  0  0  0.29482575D-25
 457 HC8N+       1  1  0  8  1  0  0  0  0  0  0  0  0  0  0.14893158D-26
 458 C10H+       1  1  0 10  0  0  0  0  0  0  0  0  0  0  0.10422040D-21
 459 C10H-      -1  1  0 10  0  0  0  0  0  0  0  0  0  0  0.36007223D-20
 460 C8H3+       1  3  0  8  0  0  0  0  0  0  0  0  0  0  0.32748378D-22
 461 C9H2+       1  2  0  9  0  0  0  0  0  0  0  0  0  0  0.31250073D-22
 462 C3H6OH+     1  7  0  3  0  1  0  0  0  0  0  0  0  0  0.15228439D-22
 463 C4H7+       1  7  0  4  0  0  0  0  0  0  0  0  0  0  0.76286034D-21
 464 H3C6NH+     1  4  0  6  1  0  0  0  0  0  0  0  0  0  0.10646025D-19
 465 C6H5+       1  5  0  6  0  0  0  0  0  0  0  0  0  0  0.31079711D-23
 466 H3C7N+      1  3  0  7  1  0  0  0  0  0  0  0  0  0  0.12255389D-19
 467 C7H4+       1  4  0  7  0  0  0  0  0  0  0  0  0  0  0.13385738D-20
 468 C9HN+       1  1  0  9  1  0  0  0  0  0  0  0  0  0  0.93966839D-23
 469 C11+        1  0  0 11  0  0  0  0  0  0  0  0  0  0  0.76857100D-23
 470 HC9O+       1  1  0  9  0  1  0  0  0  0  0  0  0  0  0.44288782D-23
 471 C10N+       1  0  0 10  1  0  0  0  0  0  0  0  0  0  0.63567926D-26
 472 H2C8N+      1  2  0  8  1  0  0  0  0  0  0  0  0  0  0.46326597D-22
 473 C9H2N+      1  2  0  9  1  0  0  0  0  0  0  0  0  0  0.22847844D-21
 474 C9H3+       1  3  0  9  0  0  0  0  0  0  0  0  0  0  0.87762802D-23
 475 C10H2+      1  2  0 10  0  0  0  0  0  0  0  0  0  0  0.71131033D-24
 476 C7H5+       1  5  0  7  0  0  0  0  0  0  0  0  0  0  0.83770708D-20
 477 C8H4+       1  4  0  8  0  0  0  0  0  0  0  0  0  0  0.30551786D-22
 478 HC10N+      1  1  0 10  1  0  0  0  0  0  0  0  0  0  0.12616948D-28
 479 C6H7+       1  7  0  6  0  0  0  0  0  0  0  0  0  0  0.13227104D-20
 480 C9H4+       1  4  0  9  0  0  0  0  0  0  0  0  0  0  0.90635621D-23
 481 C8H4N+      1  4  0  8  1  0  0  0  0  0  0  0  0  0  0.24038113D-22
 482 C8H5+       1  5  0  8  0  0  0  0  0  0  0  0  0  0  0.48405263D-25
 483 C9H3N+      1  3  0  9  1  0  0  0  0  0  0  0  0  0  0.21817281D-22
 484 C10H3+      1  3  0 10  0  0  0  0  0  0  0  0  0  0  0.14889123D-25
 485 H2C10N+     1  2  0 10  1  0  0  0  0  0  0  0  0  0  0.58869343D-24
 486 C9H5+       1  5  0  9  0  0  0  0  0  0  0  0  0  0  0.71014949D-28
 487 GRAIN0      0  0  0  0  0  0  0  0  0  0  0  0  0  0  0.57722051D-14
 488 GRAIN-     -1  0  0  0  0  0  0  0  0  0  0  0  0  0  0.13157278D-11
 489 XH          0  1  0  0  0  0  0  0  0  0  0  0  0  0  0.12991431D-12
