0.11D+08                                              +-  H  He C  O  S  G    
 JSPACE =            1
   1 H           0  1  0  0  0  0  0  0  0  0  0  0  0  0  0.14801385D-05
   2 C           0  0  0  1  0  0  0  0  0  0  0  0  0  0  0.61327975D-05
   3 Fe          0  0  0  0  0  0  0  0  1  0  0  0  0  0  0.56075645D-09
   4 Mg          0  0  0  0  0  0  0  0  0  0  1  0  0  0  0.25306680D-08
   5 S           0  0  0  0  0  0  0  1  0  0  0  0  0  0  0.50782972D-07
   6 Si          0  0  0  0  0  0  1  0  0  0  0  0  0  0  0.44092301D-08
   7 O           0  0  0  0  0  1  0  0  0  0  0  0  0  0  0.76204376D-04
   8 N           0  0  0  0  1  0  0  0  0  0  0  0  0  0  0.39973186D-04
   9 He          0  0  1  0  0  0  0  0  0  0  0  0  0  0  0.90000000D-01
  10 Cl          0  0  0  0  0  0  0  0  0  0  0  1  0  0  0.74565354D-09
  11 Na          0  0  0  0  0  0  0  0  0  1  0  0  0  0  0.79398190D-09
  12 P           0  0  0  0  0  0  0  0  0  0  0  0  1  0  0.20780475D-10
  13 F           0  0  0  0  0  0  0  0  0  0  0  0  0  1  0.12708072D-12
  14 OH          0  1  0  0  0  1  0  0  0  0  0  0  0  0  0.38009450D-09
  15 CO          0  0  0  1  0  1  0  0  0  0  0  0  0  0  0.16376115D-03
  16 CS          0  0  0  1  0  0  0  1  0  0  0  0  0  0  0.73738765D-09
  17 HS          0  1  0  0  0  0  0  1  0  0  0  0  0  0  0.24642365D-11
  18 N2          0  0  0  0  2  0  0  0  0  0  0  0  0  0  0.10977406D-04
  19 NH          0  1  0  0  1  0  0  0  0  0  0  0  0  0  0.19755834D-11
  20 SiH         0  1  0  0  0  0  1  0  0  0  0  0  0  0  0.51233537D-11
  21 SiO         0  0  0  0  0  1  1  0  0  0  0  0  0  0  0.20417571D-08
  22 SO          0  0  0  0  0  1  0  1  0  0  0  0  0  0  0.44612450D-10
  23 CH          0  1  0  1  0  0  0  0  0  0  0  0  0  0  0.10411058D-09
  24 O2          0  0  0  0  0  2  0  0  0  0  0  0  0  0  0.32930432D-08
  25 H2          0  2  0  0  0  0  0  0  0  0  0  0  0  0  0.49999920D+00
  26 C2          0  0  0  2  0  0  0  0  0  0  0  0  0  0  0.17805736D-10
  27 CN          0  0  0  1  1  0  0  0  0  0  0  0  0  0  0.14763493D-08
  28 MgH         0  1  0  0  0  0  0  0  0  0  1  0  0  0  0.36515648D-13
  29 NaH         0  1  0  0  0  0  0  0  0  1  0  0  0  0  0.50193913D-13
  30 NO          0  0  0  0  1  1  0  0  0  0  0  0  0  0  0.32521805D-09
  31 NS          0  0  0  0  1  0  0  1  0  0  0  0  0  0  0.88795089D-12
  32 PH          0  1  0  0  0  0  0  0  0  0  0  0  1  0  0.26956066D-13
  33 PN          0  0  0  0  1  0  0  0  0  0  0  0  1  0  0.17437419D-09
  34 PO          0  0  0  0  0  1  0  0  0  0  0  0  1  0  0.13956436D-12
  35 S2          0  0  0  0  0  0  0  2  0  0  0  0  0  0  0.63648961D-14
  36 SiC         0  0  0  1  0  0  1  0  0  0  0  0  0  0  0.77057853D-12
  37 SiN         0  0  0  0  1  0  1  0  0  0  0  0  0  0  0.69682317D-11
  38 SiS         0  0  0  0  0  0  1  1  0  0  0  0  0  0  0.25329145D-11
  39 CCl         0  0  0  1  0  0  0  0  0  0  0  1  0  0  0.39900219D-14
  40 ClO         0  0  0  0  0  1  0  0  0  0  0  1  0  0  0.26661987D-53
  41 CP          0  0  0  1  0  0  0  0  0  0  0  0  1  0  0.58465417D-14
  42 HCl         0  1  0  0  0  0  0  0  0  0  0  1  0  0  0.25392020D-09
  43 HF          0  1  0  0  0  0  0  0  0  0  0  0  0  1  0.66539992D-08
  44 CCH         0  1  0  2  0  0  0  0  0  0  0  0  0  0  0.15706543D-09
  45 C3          0  0  0  3  0  0  0  0  0  0  0  0  0  0  0.42916801D-09
  46 CH2         0  2  0  1  0  0  0  0  0  0  0  0  0  0  0.22552960D-08
  47 SO2         0  0  0  0  0  2  0  1  0  0  0  0  0  0  0.76509490D-14
  48 H2O         0  2  0  0  0  1  0  0  0  0  0  0  0  0  0.12974132D-07
  49 HCN         0  1  0  1  1  0  0  0  0  0  0  0  0  0  0.66441391D-07
  50 HCSi        0  1  0  1  0  0  1  0  0  0  0  0  0  0  0.23569919D-11
  51 CCN         0  0  0  2  1  0  0  0  0  0  0  0  0  0  0.11665395D-09
  52 CCS         0  0  0  2  0  0  0  1  0  0  0  0  0  0  0.18907512D-10
  53 CCO         0  0  0  2  0  1  0  0  0  0  0  0  0  0  0.84145788D-12
  54 CCP         0  0  0  2  0  0  0  0  0  0  0  0  1  0  0.18691031D-14
  55 CO2         0  0  0  1  0  2  0  0  0  0  0  0  0  0  0.56009664D-08
  56 H2S         0  2  0  0  0  0  0  1  0  0  0  0  0  0  0.13531843D-11
  57 HCO         0  1  0  1  0  1  0  0  0  0  0  0  0  0  0.31033183D-10
  58 HCP         0  1  0  1  0  0  0  0  0  0  0  0  1  0  0.38712242D-13
  59 HCS         0  1  0  1  0  0  0  1  0  0  0  0  0  0  0.96715103D-12
  60 HNC         0  1  0  1  1  0  0  0  0  0  0  0  0  0  0.24235537D-08
  61 HNO         0  1  0  0  1  1  0  0  0  0  0  0  0  0  0.32094554D-11
  62 HNSi        0  1  0  0  1  0  1  0  0  0  0  0  0  0  0.18441526D-09
  63 HPO         0  1  0  0  0  1  0  0  0  0  0  0  1  0  0.18044499D-17
  64 HSS         0  1  0  0  0  0  0  2  0  0  0  0  0  0  0.45304897D-13
  65 N2O         0  0  0  0  2  1  0  0  0  0  0  0  0  0  0.16268187D-15
  66 NaOH        0  1  0  0  0  1  0  0  0  1  0  0  0  0  0.10285508D-14
  67 NH2         0  2  0  0  1  0  0  0  0  0  0  0  0  0  0.19677969D-11
  68 NO2         0  0  0  0  1  2  0  0  0  0  0  0  0  0  0.16018429D-52
  69 O2H         0  1  0  0  0  2  0  0  0  0  0  0  0  0  0.16090662D-15
  70 OCN         0  0  0  1  1  1  0  0  0  0  0  0  0  0  0.15999404D-10
  71 OCS         0  0  0  1  0  1  0  1  0  0  0  0  0  0  0.44465701D-11
  72 PH2         0  2  0  0  0  0  0  0  0  0  0  0  1  0  0.14206908D-18
  73 c-SiC2      0  0  0  2  0  0  1  0  0  0  0  0  0  0  0.89373981D-12
  74 SiH2        0  2  0  0  0  0  1  0  0  0  0  0  0  0  0.42434973D-16
  75 SiNC        0  0  0  1  1  0  1  0  0  0  0  0  0  0  0.20643058D-12
  76 SiO2        0  0  0  0  0  2  1  0  0  0  0  0  0  0  0.45490428D-13
  77 C4          0  0  0  4  0  0  0  0  0  0  0  0  0  0  0.48162068D-11
  78 c-C3H       0  1  0  3  0  0  0  0  0  0  0  0  0  0  0.21647423D-10
  79 l-C3H       0  1  0  3  0  0  0  0  0  0  0  0  0  0  0.19143508D-10
  80 CH3         0  3  0  1  0  0  0  0  0  0  0  0  0  0  0.30205382D-11
  81 C2H2        0  2  0  2  0  0  0  0  0  0  0  0  0  0  0.35659278D-09
  82 NH3         0  3  0  0  1  0  0  0  0  0  0  0  0  0  0.14204272D-09
  83 SiCH2       0  2  0  1  0  0  1  0  0  0  0  0  0  0  0.74513678D-14
  84 C3N         0  0  0  3  1  0  0  0  0  0  0  0  0  0  0.33320689D-10
  85 C3O         0  0  0  3  0  1  0  0  0  0  0  0  0  0  0.32106887D-10
  86 C3P         0  0  0  3  0  0  0  0  0  0  0  0  1  0  0.10238990D-16
  87 C3S         0  0  0  3  0  0  0  1  0  0  0  0  0  0  0.15197137D-09
  88 H2CO        0  2  0  1  0  1  0  0  0  0  0  0  0  0  0.16444071D-09
  89 H2CS        0  2  0  1  0  0  0  1  0  0  0  0  0  0  0.79864875D-11
  90 HOOH        0  2  0  0  0  2  0  0  0  0  0  0  0  0  0.65264674D-20
  91 HSSH        0  2  0  0  0  0  0  2  0  0  0  0  0  0  0.36855705D-13
  92 H2SiO       0  2  0  0  0  1  1  0  0  0  0  0  0  0  0.11037001D-18
  93 HCCP        0  1  0  2  0  0  0  0  0  0  0  0  1  0  0.13409108D-16
  94 HCCSi       0  1  0  2  0  0  1  0  0  0  0  0  0  0  0.34703645D-11
  95 l-SiC3      0  0  0  3  0  0  1  0  0  0  0  0  0  0  0.60260352D-12
  96 SiH3        0  3  0  0  0  0  1  0  0  0  0  0  0  0  0.13121927D-20
  97 H2CN        0  2  0  1  1  0  0  0  0  0  0  0  0  0  0.49106030D-11
  98 C5          0  0  0  5  0  0  0  0  0  0  0  0  0  0  0.40795638D-11
  99 c-C3H2      0  2  0  3  0  0  0  0  0  0  0  0  0  0  0.58510857D-09
 100 l-C3H2      0  2  0  3  0  0  0  0  0  0  0  0  0  0  0.38126161D-09
 101 C4H         0  1  0  4  0  0  0  0  0  0  0  0  0  0  0.27645781D-10
 102 CH4         0  4  0  1  0  0  0  0  0  0  0  0  0  0  0.56343436D-09
 103 HC3N        0  1  0  3  1  0  0  0  0  0  0  0  0  0  0.13507845D-09
 104 H2CCN       0  2  0  2  1  0  0  0  0  0  0  0  0  0  0.10831877D-10
 105 H2CCO       0  2  0  2  0  1  0  0  0  0  0  0  0  0  0.10714400D-09
 106 C2H3        0  3  0  2  0  0  0  0  0  0  0  0  0  0  0.17132117D-11
 107 C4N         0  0  0  4  1  0  0  0  0  0  0  0  0  0  0.24776853D-10
 108 C4P         0  0  0  4  0  0  0  0  0  0  0  0  1  0  0.15370490D-16
 109 C4S         0  0  0  4  0  0  0  1  0  0  0  0  0  0  0.24070046D-10
 110 HCOOH       0  2  0  1  0  2  0  0  0  0  0  0  0  0  0.29533203D-12
 111 CH2PH       0  3  0  1  0  0  0  0  0  0  0  0  1  0  0.29243605D-21
 112 CH2NH       0  3  0  1  1  0  0  0  0  0  0  0  0  0  0.83094724D-14
 113 c-HCCHSi    0  2  0  2  0  0  1  0  0  0  0  0  0  0  0.10041679D-12
 114 SiC3H       0  1  0  3  0  0  1  0  0  0  0  0  0  0  0.48319992D-13
 115 SiC4        0  0  0  4  0  0  1  0  0  0  0  0  0  0  0.47751333D-15
 116 SiCH3       0  3  0  1  0  0  1  0  0  0  0  0  0  0  0.12389877D-14
 117 SiH4        0  4  0  0  0  0  1  0  0  0  0  0  0  0  0.32009651D-18
 118 HCNCC       0  1  0  3  1  0  0  0  0  0  0  0  0  0  0.62040513D-12
 119 HCCNC       0  1  0  3  1  0  0  0  0  0  0  0  0  0  0.61765898D-11
 120 HNCCC       0  1  0  3  1  0  0  0  0  0  0  0  0  0  0.10882139D-11
 121 NH2CN       0  2  0  1  2  0  0  0  0  0  0  0  0  0  0.00000000D+00
 122 C6          0  0  0  6  0  0  0  0  0  0  0  0  0  0  0.12866135D-11
 123 CH3CN       0  3  0  2  1  0  0  0  0  0  0  0  0  0  0.10518538D-09
 124 CH2CCH      0  3  0  3  0  0  0  0  0  0  0  0  0  0  0.11143834D-11
 125 C2H4        0  4  0  2  0  0  0  0  0  0  0  0  0  0  0.69382866D-14
 126 NC4N        0  0  0  4  2  0  0  0  0  0  0  0  0  0  0.41463961D-10
 127 H2CSiCH     0  3  0  2  0  0  1  0  0  0  0  0  0  0  0.24200881D-14
 128 SiC4H       0  1  0  4  0  0  1  0  0  0  0  0  0  0  0.25212270D-09
 129 HC4N        0  1  0  4  1  0  0  0  0  0  0  0  0  0  0.29632378D-13
 130 C4H2        0  2  0  4  0  0  0  0  0  0  0  0  0  0  0.64598333D-09
 131 C5H         0  1  0  5  0  0  0  0  0  0  0  0  0  0  0.33547488D-10
 132 C5N         0  0  0  5  1  0  0  0  0  0  0  0  0  0  0.10115055D-10
 133 CH3OH       0  4  0  1  0  1  0  0  0  0  0  0  0  0  0.86399862D-16
 134 NH2CHO      0  3  0  1  1  1  0  0  0  0  0  0  0  0  0.32951508D-15
 135 C5O         0  0  0  5  0  1  0  0  0  0  0  0  0  0  0.13885691D-10
 136 C7          0  0  0  7  0  0  0  0  0  0  0  0  0  0  0.21339450D-12
 137 HC5N        0  1  0  5  1  0  0  0  0  0  0  0  0  0  0.15324204D-10
 138 SiC2CH3     0  3  0  3  0  0  1  0  0  0  0  0  0  0  0.73839122D-16
 139 CH3CHO      0  4  0  2  0  1  0  0  0  0  0  0  0  0  0.92463538D-17
 140 C2H5        0  5  0  2  0  0  0  0  0  0  0  0  0  0  0.27340311D-22
 141 CH2CHCN     0  3  0  3  1  0  0  0  0  0  0  0  0  0  0.34864675D-16
 142 CH3CCH      0  4  0  3  0  0  0  0  0  0  0  0  0  0  0.18918900D-15
 143 C5H2        0  2  0  5  0  0  0  0  0  0  0  0  0  0  0.54473575D-10
 144 C6H         0  1  0  6  0  0  0  0  0  0  0  0  0  0  0.42881675D-11
 145 CH3NH2      0  5  0  1  1  0  0  0  0  0  0  0  0  0  0.29237902D-13
 146 C4H3        0  3  0  4  0  0  0  0  0  0  0  0  0  0  0.16066743D-15
 147 C6N         0  0  0  6  1  0  0  0  0  0  0  0  0  0  0.32527214D-11
 148 C8          0  0  0  8  0  0  0  0  0  0  0  0  0  0  0.70138535D-13
 149 HC6N        0  1  0  6  1  0  0  0  0  0  0  0  0  0  0.33619811D-14
 150 NC6N        0  0  0  6  2  0  0  0  0  0  0  0  0  0  0.37552561D-11
 151 SiC6H       0  1  0  6  0  0  1  0  0  0  0  0  0  0  0.11275976D-10
 152 CH2CHC2H    0  4  0  4  0  0  0  0  0  0  0  0  0  0  0.24418347D-15
 153 C6H2        0  2  0  6  0  0  0  0  0  0  0  0  0  0  0.28891062D-10
 154 C7H         0  1  0  7  0  0  0  0  0  0  0  0  0  0  0.13249196D-11
 155 C7N         0  0  0  7  1  0  0  0  0  0  0  0  0  0  0.69358356D-12
 156 CH3C3N      0  3  0  4  1  0  0  0  0  0  0  0  0  0  0.93160452D-13
 157 HCOOCH3     0  4  0  2  0  2  0  0  0  0  0  0  0  0  0.38984632D-19
 158 C2H6        0  6  0  2  0  0  0  0  0  0  0  0  0  0  0.13016283D-31
 159 C7O         0  0  0  7  0  1  0  0  0  0  0  0  0  0  0.54839947D-12
 160 C9          0  0  0  9  0  0  0  0  0  0  0  0  0  0  0.15643808D-13
 161 HC7N        0  1  0  7  1  0  0  0  0  0  0  0  0  0  0.13658995D-11
 162 SiC3H5      0  5  0  3  0  0  1  0  0  0  0  0  0  0  0.00000000D+00
 163 CH3CH2OH    0  6  0  2  0  1  0  0  0  0  0  0  0  0  0.15059320D-20
 164 C7H2        0  2  0  7  0  0  0  0  0  0  0  0  0  0  0.23381179D-11
 165 C8H         0  1  0  8  0  0  0  0  0  0  0  0  0  0  0.30698767D-12
 166 CH3C4H      0  4  0  5  0  0  0  0  0  0  0  0  0  0  0.61126362D-15
 167 CH3OCH3     0  6  0  2  0  1  0  0  0  0  0  0  0  0  0.80274786D-22
 168 CH3CHCH2    0  6  0  3  0  0  0  0  0  0  0  0  0  0  0.00000000D+00
 169 C8N         0  0  0  8  1  0  0  0  0  0  0  0  0  0  0.22839482D-12
 170 C10         0  0  0 10  0  0  0  0  0  0  0  0  0  0  0.58155854D-14
 171 CH3COCH3    0  6  0  3  0  1  0  0  0  0  0  0  0  0  0.11989885D-21
 172 C8H2        0  2  0  8  0  0  0  0  0  0  0  0  0  0  0.20588168D-11
 173 C9H         0  1  0  9  0  0  0  0  0  0  0  0  0  0  0.10187943D-12
 174 C9N         0  0  0  9  1  0  0  0  0  0  0  0  0  0  0.57209914D-13
 175 CH3C5N      0  3  0  6  1  0  0  0  0  0  0  0  0  0  0.33325882D-15
 176 HC8N        0  1  0  8  1  0  0  0  0  0  0  0  0  0  0.29966505D-15
 177 NC8N        0  0  0  8  2  0  0  0  0  0  0  0  0  0  0.33471901D-12
 178 SiC8H       0  1  0  8  0  0  1  0  0  0  0  0  0  0  0.80354155D-12
 179 CH2CHCHCH2  0  6  0  4  0  0  0  0  0  0  0  0  0  0  0.00000000D+00
 180 C9O         0  0  0  9  0  1  0  0  0  0  0  0  0  0  0.42169069D-13
 181 HC9N        0  1  0  9  1  0  0  0  0  0  0  0  0  0  0.92268216D-13
 182 C10H        0  1  0 10  0  0  0  0  0  0  0  0  0  0  0.20427600D-13
 183 C9H2        0  2  0  9  0  0  0  0  0  0  0  0  0  0  0.15403078D-12
 184 CH3C6H      0  4  0  7  0  0  0  0  0  0  0  0  0  0  0.22457775D-16
 185 C11         0  0  0 11  0  0  0  0  0  0  0  0  0  0  0.82781458D-14
 186 C10N        0  0  0 10  1  0  0  0  0  0  0  0  0  0  0.12015939D-13
 187 CH3C7N      0  3  0  8  1  0  0  0  0  0  0  0  0  0  0.29202186D-16
 188 C10H2       0  2  0 10  0  0  0  0  0  0  0  0  0  0  0.25120342D-12
 189 C6H6        0  6  0  6  0  0  0  0  0  0  0  0  0  0  0.36310104D-13
 190 Si+         1  0  0  0  0  0  1  0  0  0  0  0  0  0  0.10352639D-08
 191 C+          1  0  0  1  0  0  0  0  0  0  0  0  0  0  0.12830259D-07
 192 C-         -1  0  0  1  0  0  0  0  0  0  0  0  0  0  0.42390397D-14
 193 H-         -1  1  0  0  0  0  0  0  0  0  0  0  0  0  0.16446958D-13
 194 O-         -1  0  0  0  0  1  0  0  0  0  0  0  0  0  0.15998314D-16
 195 S-         -1  0  0  0  0  0  0  1  0  0  0  0  0  0  0.75698018D-16
 196 He+         1  0  1  0  0  0  0  0  0  0  0  0  0  0  0.36658984D-11
 197 H+          1  1  0  0  0  0  0  0  0  0  0  0  0  0  0.21104159D-10
 198 Fe+         1  0  0  0  0  0  0  0  1  0  0  0  0  0  0.24392436D-08
 199 Mg+         1  0  0  0  0  0  0  0  0  0  1  0  0  0  0.44692955D-08
 200 N+          1  0  0  0  1  0  0  0  0  0  0  0  0  0  0.13128077D-15
 201 Na+         1  0  0  0  0  0  0  0  0  1  0  0  0  0  0.12059549D-08
 202 O+          1  0  0  0  0  1  0  0  0  0  0  0  0  0  0.40470981D-15
 203 S+          1  0  0  0  0  0  0  1  0  0  0  0  0  0  0.28197445D-07
 204 Cl+         1  0  0  0  0  0  0  0  0  0  0  1  0  0  0.49527259D-18
 205 F+          1  0  0  0  0  0  0  0  0  0  0  0  0  1  0.27955287D-18
 206 P+          1  0  0  0  0  0  0  0  0  0  0  0  1  0  0.45888545D-11
 207 e-         -1  0  0  0  0  0  0  0  0  0  0  0  0  0  0.51117682D-07
 208 CH+         1  1  0  1  0  0  0  0  0  0  0  0  0  0  0.53021007D-14
 209 H2+         1  2  0  0  0  0  0  0  0  0  0  0  0  0  0.11529862D-13
 210 OH+         1  1  0  0  0  1  0  0  0  0  0  0  0  0  0.36520817D-14
 211 SiH+        1  1  0  0  0  0  1  0  0  0  0  0  0  0  0.18833065D-12
 212 C2+         1  0  0  2  0  0  0  0  0  0  0  0  0  0  0.52225710D-17
 213 CN-        -1  0  0  1  1  0  0  0  0  0  0  0  0  0  0.44597512D-13
 214 OH-        -1  1  0  0  0  1  0  0  0  0  0  0  0  0  0.23185457D-14
 215 CF+         1  0  0  1  0  0  0  0  0  0  0  0  0  1  0.24277999D-10
 216 HS+         1  1  0  0  0  0  0  1  0  0  0  0  0  0  0.60110200D-12
 217 SO+         1  0  0  0  0  1  0  1  0  0  0  0  0  0  0.59413002D-11
 218 CCl+        1  0  0  1  0  0  0  0  0  0  0  1  0  0  0.41859821D-12
 219 ClO+        1  0  0  0  0  1  0  0  0  0  0  1  0  0  0.73202770D-56
 220 CN+         1  0  0  1  1  0  0  0  0  0  0  0  0  0  0.16520524D-17
 221 CO+         1  0  0  1  0  1  0  0  0  0  0  0  0  0  0.16862119D-15
 222 CP+         1  0  0  1  0  0  0  0  0  0  0  0  1  0  0.49072928D-21
 223 CS+         1  0  0  1  0  0  0  1  0  0  0  0  0  0  0.58731568D-16
 224 HCl+        1  1  0  0  0  0  0  0  0  0  0  1  0  0  0.47524800D-18
 225 HF+         1  1  0  0  0  0  0  0  0  0  0  0  0  1  0.21503624D-18
 226 HeH+        1  1  1  0  0  0  0  0  0  0  0  0  0  0  0.23910155D-21
 227 N2+         1  0  0  0  2  0  0  0  0  0  0  0  0  0  0.18940786D-16
 228 NH+         1  1  0  0  1  0  0  0  0  0  0  0  0  0  0.67377480D-16
 229 NO+         1  0  0  0  1  1  0  0  0  0  0  0  0  0  0.23000592D-11
 230 NS+         1  0  0  0  1  0  0  1  0  0  0  0  0  0  0.14845319D-11
 231 O2+         1  0  0  0  0  2  0  0  0  0  0  0  0  0  0.35257589D-13
 232 PH+         1  1  0  0  0  0  0  0  0  0  0  0  1  0  0.11905774D-15
 233 PN+         1  0  0  0  1  0  0  0  0  0  0  0  1  0  0.52090759D-14
 234 PO+         1  0  0  0  0  1  0  0  0  0  0  0  1  0  0.10537074D-13
 235 S2+         1  0  0  0  0  0  0  2  0  0  0  0  0  0  0.18348066D-13
 236 SiC+        1  0  0  1  0  0  1  0  0  0  0  0  0  0  0.14278974D-17
 237 SiN+        1  0  0  0  1  0  1  0  0  0  0  0  0  0  0.10761016D-11
 238 SiO+        1  0  0  0  0  1  1  0  0  0  0  0  0  0  0.57911589D-15
 239 SiS+        1  0  0  0  0  0  1  1  0  0  0  0  0  0  0.49614754D-18
 240 SiF+        1  0  0  0  0  0  1  0  0  0  0  0  0  1  0.15693317D-11
 241 CH2+        1  2  0  1  0  0  0  0  0  0  0  0  0  0  0.92644155D-14
 242 C2N+        1  0  0  2  1  0  0  0  0  0  0  0  0  0  0.28331406D-16
 243 CNC+        1  0  0  2  1  0  0  0  0  0  0  0  0  0  0.18999807D-09
 244 HSiO+       1  1  0  0  0  1  1  0  0  0  0  0  0  0  0.19829131D-10
 245 N2H+        1  1  0  0  2  0  0  0  0  0  0  0  0  0  0.28549644D-11
 246 C2H+        1  1  0  2  0  0  0  0  0  0  0  0  0  0  0.72988794D-15
 247 H3+         1  3  0  0  0  0  0  0  0  0  0  0  0  0  0.25670552D-10
 248 C3-        -1  0  0  3  0  0  0  0  0  0  0  0  0  0  0.23586906D-12
 249 HCO+        1  1  0  1  0  1  0  0  0  0  0  0  0  0  0.41990286D-09
 250 HSO+        1  1  0  0  0  1  0  1  0  0  0  0  0  0  0.40503556D-14
 251 H2S+        1  2  0  0  0  0  0  1  0  0  0  0  0  0  0.18694862D-11
 252 HCS+        1  1  0  1  0  0  0  1  0  0  0  0  0  0  0.93750511D-12
 253 HPO+        1  1  0  0  0  1  0  0  0  0  0  0  1  0  0.49671620D-14
 254 C2O+        1  0  0  2  0  1  0  0  0  0  0  0  0  0  0.27806336D-14
 255 C2S+        1  0  0  2  0  0  0  1  0  0  0  0  0  0  0.46368995D-12
 256 C3+         1  0  0  3  0  0  0  0  0  0  0  0  0  0  0.25649163D-15
 257 CCP+        1  0  0  2  0  0  0  0  0  0  0  0  1  0  0.27169930D-16
 258 CHSi+       1  1  0  1  0  0  1  0  0  0  0  0  0  0  0.54536817D-16
 259 CO2+        1  0  0  1  0  2  0  0  0  0  0  0  0  0  0.59294562D-20
 260 H2Cl+       1  2  0  0  0  0  0  0  0  0  0  1  0  0  0.21198954D-14
 261 H2F+        1  2  0  0  0  0  0  0  0  0  0  0  0  1  0.26418672D-13
 262 H2O+        1  2  0  0  0  1  0  0  0  0  0  0  0  0  0.89600980D-14
 263 HCN+        1  1  0  1  1  0  0  0  0  0  0  0  0  0  0.14931905D-15
 264 HCP+        1  1  0  1  0  0  0  0  0  0  0  0  1  0  0.15121576D-20
 265 HNC+        1  1  0  1  1  0  0  0  0  0  0  0  0  0  0.77211440D-16
 266 HNO+        1  1  0  0  1  1  0  0  0  0  0  0  0  0  0.22469153D-14
 267 HNS+        1  1  0  0  1  0  0  1  0  0  0  0  0  0  0.62177398D-16
 268 HNSi+       1  1  0  0  1  0  1  0  0  0  0  0  0  0  0.42504201D-16
 269 HOC+        1  1  0  1  0  1  0  0  0  0  0  0  0  0  0.34777673D-12
 270 HPN+        1  1  0  0  1  0  0  0  0  0  0  0  1  0  0.20578871D-13
 271 HSiS+       1  1  0  0  0  0  1  1  0  0  0  0  0  0  0.33492209D-13
 272 NaH2+       1  2  0  0  0  0  0  0  0  1  0  0  0  0  0.11985778D-13
 273 NCO+        1  0  0  1  1  1  0  0  0  0  0  0  0  0  0.15151864D-15
 274 NH2+        1  2  0  0  1  0  0  0  0  0  0  0  0  0  0.56140143D-15
 275 NO2+        1  0  0  0  1  2  0  0  0  0  0  0  0  0  0.22839396D-20
 276 HO2+        1  1  0  0  0  2  0  0  0  0  0  0  0  0  0.33811973D-18
 277 OCS+        1  0  0  1  0  1  0  1  0  0  0  0  0  0  0.14371525D-11
 278 PH2+        1  2  0  0  0  0  0  0  0  0  0  0  1  0  0.17279427D-14
 279 HS2+        1  1  0  0  0  0  0  2  0  0  0  0  0  0  0.56656934D-15
 280 SiC2+       1  0  0  2  0  0  1  0  0  0  0  0  0  0  0.40115978D-18
 281 SiH2+       1  2  0  0  0  0  1  0  0  0  0  0  0  0  0.53148028D-11
 282 SiNC+       1  0  0  1  1  0  1  0  0  0  0  0  0  0  0.12419678D-10
 283 SO2+        1  0  0  0  0  2  0  1  0  0  0  0  0  0  0.15444434D-22
 284 HCNH+       1  2  0  1  1  0  0  0  0  0  0  0  0  0  0.14810690D-10
 285 HC2N+       1  1  0  2  1  0  0  0  0  0  0  0  0  0  0.39431612D-16
 286 C3H+        1  1  0  3  0  0  0  0  0  0  0  0  0  0  0.17777116D-13
 287 C4+         1  0  0  4  0  0  0  0  0  0  0  0  0  0  0.84134610D-15
 288 H2CO+       1  2  0  1  0  1  0  0  0  0  0  0  0  0  0.93730871D-13
 289 CH3+        1  3  0  1  0  0  0  0  0  0  0  0  0  0  0.50156911D-10
 290 C3N-       -1  0  0  3  1  0  0  0  0  0  0  0  0  0  0.33683681D-13
 291 C4-        -1  0  0  4  0  0  0  0  0  0  0  0  0  0  0.34227587D-12
 292 H3O+        1  3  0  0  0  1  0  0  0  0  0  0  0  0  0.93000090D-10
 293 H2NO+       1  2  0  0  1  1  0  0  0  0  0  0  0  0  0.15123764D-13
 294 H3S+        1  3  0  0  0  0  0  1  0  0  0  0  0  0  0.55377277D-14
 295 HC2S+       1  1  0  2  0  0  0  1  0  0  0  0  0  0  0.49757169D-12
 296 HOCS+       1  1  0  1  0  1  0  1  0  0  0  0  0  0  0.39128704D-15
 297 PCH2+       1  2  0  1  0  0  0  0  0  0  0  0  1  0  0.21486167D-15
 298 H2S2+       1  2  0  0  0  0  0  2  0  0  0  0  0  0  0.36725245D-17
 299 C2H2+       1  2  0  2  0  0  0  0  0  0  0  0  0  0  0.39915170D-11
 300 C2HO+       1  1  0  2  0  1  0  0  0  0  0  0  0  0  0.90899638D-12
 301 C2N2+       1  0  0  2  2  0  0  0  0  0  0  0  0  0  0.29354166D-20
 302 C3N+        1  0  0  3  1  0  0  0  0  0  0  0  0  0  0.81334903D-19
 303 C3O+        1  0  0  3  0  1  0  0  0  0  0  0  0  0  0.35804759D-13
 304 C3S+        1  0  0  3  0  0  0  1  0  0  0  0  0  0  0.63478462D-12
 305 CH2Si+      1  2  0  1  0  0  1  0  0  0  0  0  0  0  0.28720246D-12
 306 H2CCl+      1  2  0  1  0  0  0  0  0  0  0  1  0  0  0.15176105D-14
 307 H2CS+       1  2  0  1  0  0  0  1  0  0  0  0  0  0  0.80396262D-16
 308 H2NC+       1  2  0  1  1  0  0  0  0  0  0  0  0  0  0.92760326D-11
 309 H2PO+       1  2  0  0  0  1  0  0  0  0  0  0  1  0  0.84004522D-19
 310 H2SiO+      1  2  0  0  0  1  1  0  0  0  0  0  0  0  0.60442584D-16
 311 HOCO+       1  1  0  1  0  2  0  0  0  0  0  0  0  0  0.17560814D-14
 312 HNCO+       1  1  0  1  1  1  0  0  0  0  0  0  0  0  0.80791287D-21
 313 HSiO2+      1  1  0  0  0  2  1  0  0  0  0  0  0  0  0.63237969D-18
 314 HSO2+       1  1  0  0  0  2  0  1  0  0  0  0  0  0  0.50245354D-19
 315 NaH2O+      1  2  0  0  0  1  0  0  0  1  0  0  0  0  0.26871142D-16
 316 NH3+        1  3  0  0  1  0  0  0  0  0  0  0  0  0  0.39231862D-12
 317 PC2H+       1  1  0  2  0  0  0  0  0  0  0  0  1  0  0.10533864D-15
 318 PH3+        1  3  0  0  0  0  0  0  0  0  0  0  1  0  0.15133219D-18
 319 PNH2+       1  2  0  0  1  0  0  0  0  0  0  0  1  0  0.47982809D-16
 320 SiC2H+      1  1  0  2  0  0  1  0  0  0  0  0  0  0  0.28940922D-13
 321 l-SiC3+     1  0  0  3  0  0  1  0  0  0  0  0  0  0  0.19025779D-13
 322 SiH3+       1  3  0  0  0  0  1  0  0  0  0  0  0  0  0.79627575D-16
 323 SiNCH+      1  1  0  1  1  0  1  0  0  0  0  0  0  0  0.17848417D-13
 324 HSiNH+      1  2  0  0  1  0  1  0  0  0  0  0  0  0  0.10255998D-11
 325 HN2O+       1  1  0  0  2  1  0  0  0  0  0  0  0  0  0.37474333D-21
 326 C2H3+       1  3  0  2  0  0  0  0  0  0  0  0  0  0  0.65516103D-12
 327 c-C3H2+     1  2  0  3  0  0  0  0  0  0  0  0  0  0  0.70062705D-12
 328 l-C3H2+     1  2  0  3  0  0  0  0  0  0  0  0  0  0  0.50476596D-12
 329 C4H+        1  1  0  4  0  0  0  0  0  0  0  0  0  0  0.15140959D-14
 330 C5+         1  0  0  5  0  0  0  0  0  0  0  0  0  0  0.91066621D-16
 331 HC3O+       1  1  0  3  0  1  0  0  0  0  0  0  0  0  0.27302937D-14
 332 C4H-       -1  1  0  4  0  0  0  0  0  0  0  0  0  0  0.11453759D-11
 333 C5-        -1  0  0  5  0  0  0  0  0  0  0  0  0  0  0.31824675D-12
 334 NH4+        1  4  0  0  1  0  0  0  0  0  0  0  0  0  0.38789078D-12
 335 H3CS+       1  3  0  1  0  0  0  1  0  0  0  0  0  0  0.55675663D-13
 336 H2COH+      1  3  0  1  0  1  0  0  0  0  0  0  0  0  0.10421847D-13
 337 H3S2+       1  3  0  0  0  0  0  2  0  0  0  0  0  0  0.24412616D-15
 338 HC3S+       1  1  0  3  0  0  0  1  0  0  0  0  0  0  0.72107747D-11
 339 PC3H+       1  1  0  3  0  0  0  0  0  0  0  0  1  0  0.12491838D-17
 340 PCH3+       1  3  0  1  0  0  0  0  0  0  0  0  1  0  0.18375110D-20
 341 PNH3+       1  3  0  0  1  0  0  0  0  0  0  0  1  0  0.82909777D-21
 342 SiC2H2+     1  2  0  2  0  0  1  0  0  0  0  0  0  0  0.62148303D-15
 343 SiC3H+      1  1  0  3  0  0  1  0  0  0  0  0  0  0  0.17589093D-12
 344 SiC4+       1  0  0  4  0  0  1  0  0  0  0  0  0  0  0.13818338D-13
 345 SiCH3+      1  3  0  1  0  0  1  0  0  0  0  0  0  0  0.63548503D-17
 346 SiH4+       1  4  0  0  0  0  1  0  0  0  0  0  0  0  0.20474426D-28
 347 CH2CN+      1  2  0  2  1  0  0  0  0  0  0  0  0  0  0.79630886D-12
 348 H2CCO+      1  2  0  2  0  1  0  0  0  0  0  0  0  0  0.31523456D-12
 349 HC3N+       1  1  0  3  1  0  0  0  0  0  0  0  0  0  0.34932089D-14
 350 C4N+        1  0  0  4  1  0  0  0  0  0  0  0  0  0  0.14846496D-16
 351 C4P+        1  0  0  4  0  0  0  0  0  0  0  0  1  0  0.41036007D-22
 352 C4S+        1  0  0  4  0  0  0  1  0  0  0  0  0  0  0.14408070D-12
 353 HCOOH+      1  2  0  1  0  2  0  0  0  0  0  0  0  0  0.74080034D-16
 354 CH4+        1  4  0  1  0  0  0  0  0  0  0  0  0  0  0.16279898D-17
 355 H3SiO+      1  3  0  0  0  1  1  0  0  0  0  0  0  0  0.74073502D-21
 356 PC2H2+      1  2  0  2  0  0  0  0  0  0  0  0  1  0  0.49383114D-17
 357 C6+         1  0  0  6  0  0  0  0  0  0  0  0  0  0  0.27929188D-15
 358 HC4N+       1  1  0  4  1  0  0  0  0  0  0  0  0  0  0.24894822D-19
 359 C5H-       -1  1  0  5  0  0  0  0  0  0  0  0  0  0  0.52328907D-11
 360 C6-        -1  0  0  6  0  0  0  0  0  0  0  0  0  0  0.37269378D-12
 361 CH3CO+      1  3  0  2  0  1  0  0  0  0  0  0  0  0  0.51189136D-12
 362 C2H4+       1  4  0  2  0  0  0  0  0  0  0  0  0  0  0.51013573D-11
 363 HC3NH+      1  2  0  3  1  0  0  0  0  0  0  0  0  0  0.51604391D-12
 364 HC4S+       1  1  0  4  0  0  0  1  0  0  0  0  0  0  0.44879163D-12
 365 CH5+        1  5  0  1  0  0  0  0  0  0  0  0  0  0  0.12889186D-12
 366 C4H2+       1  2  0  4  0  0  0  0  0  0  0  0  0  0  0.30262345D-11
 367 C5H+        1  1  0  5  0  0  0  0  0  0  0  0  0  0  0.35350582D-12
 368 CH3CN+      1  3  0  2  1  0  0  0  0  0  0  0  0  0  0.34818818D-12
 369 c-C3H3+     1  3  0  3  0  0  0  0  0  0  0  0  0  0  0.10822701D-11
 370 l-C3H3+     1  3  0  3  0  0  0  0  0  0  0  0  0  0  0.11198500D-11
 371 C5N+        1  0  0  5  1  0  0  0  0  0  0  0  0  0  0.37681061D-17
 372 CH3O2+      1  3  0  1  0  2  0  0  0  0  0  0  0  0  0.11293411D-14
 373 CH2NH2+     1  4  0  1  1  0  0  0  0  0  0  0  0  0  0.51687189D-15
 374 CH3OH+      1  4  0  1  0  1  0  0  0  0  0  0  0  0  0.68333414D-19
 375 H2C3O+      1  2  0  3  0  1  0  0  0  0  0  0  0  0  0.51566782D-15
 376 HC2NCH+     1  2  0  3  1  0  0  0  0  0  0  0  0  0  0.12757626D-12
 377 HC4O+       1  1  0  4  0  1  0  0  0  0  0  0  0  0  0.10337299D-11
 378 NH2CNH+     1  3  0  1  2  0  0  0  0  0  0  0  0  0  0.00000000D+00
 379 PC2H3+      1  3  0  2  0  0  0  0  0  0  0  0  1  0  0.15933853D-23
 380 PC4H+       1  1  0  4  0  0  0  0  0  0  0  0  1  0  0.25058153D-17
 381 PCH4+       1  4  0  1  0  0  0  0  0  0  0  0  1  0  0.91883801D-22
 382 SiC2H3+     1  3  0  2  0  0  1  0  0  0  0  0  0  0  0.56778919D-15
 383 SiC3H2+     1  2  0  3  0  0  1  0  0  0  0  0  0  0  0.20227344D-15
 384 SiC4H+      1  1  0  4  0  0  1  0  0  0  0  0  0  0  0.14537554D-15
 385 SiCH4+      1  4  0  1  0  0  1  0  0  0  0  0  0  0  0.54371205D-17
 386 SiH5+       1  5  0  0  0  0  1  0  0  0  0  0  0  0  0.18069406D-20
 387 C7+         1  0  0  7  0  0  0  0  0  0  0  0  0  0  0.17763238D-16
 388 H2C4N+      1  2  0  4  1  0  0  0  0  0  0  0  0  0  0.37091834D-19
 389 C6H-       -1  1  0  6  0  0  0  0  0  0  0  0  0  0  0.44867833D-12
 390 C7-        -1  0  0  7  0  0  0  0  0  0  0  0  0  0  0.12806789D-12
 391 C4H3+       1  3  0  4  0  0  0  0  0  0  0  0  0  0  0.48009010D-12
 392 C5H2+       1  2  0  5  0  0  0  0  0  0  0  0  0  0  0.81767781D-14
 393 CH3CNH+     1  4  0  2  1  0  0  0  0  0  0  0  0  0  0.18584969D-11
 394 C2H4O+      1  4  0  2  0  1  0  0  0  0  0  0  0  0  0.10682385D-16
 395 C2H5+       1  5  0  2  0  0  0  0  0  0  0  0  0  0  0.42166268D-15
 396 C3H3N+      1  3  0  3  1  0  0  0  0  0  0  0  0  0  0.99693388D-17
 397 C3H4+       1  4  0  3  0  0  0  0  0  0  0  0  0  0  0.15495173D-16
 398 HC5N+       1  1  0  5  1  0  0  0  0  0  0  0  0  0  0.11586860D-14
 399 C6H+        1  1  0  6  0  0  0  0  0  0  0  0  0  0  0.11338934D-13
 400 CH3NH2+     1  5  0  1  1  0  0  0  0  0  0  0  0  0  0.49174001D-16
 401 CH3OH2+     1  5  0  1  0  1  0  0  0  0  0  0  0  0  0.20749367D-16
 402 H3C3O+      1  3  0  3  0  1  0  0  0  0  0  0  0  0  0.62826344D-15
 403 NH2CH2O+    1  4  0  1  1  1  0  0  0  0  0  0  0  0  0.21078961D-19
 404 PC2H4+      1  4  0  2  0  0  0  0  0  0  0  0  1  0  0.65681074D-24
 405 PC4H2+      1  2  0  4  0  0  0  0  0  0  0  0  1  0  0.17024235D-20
 406 HC5O+       1  1  0  5  0  1  0  0  0  0  0  0  0  0  0.12859954D-14
 407 C6N+        1  0  0  6  1  0  0  0  0  0  0  0  0  0  0.19561168D-17
 408 H2C5N+      1  2  0  5  1  0  0  0  0  0  0  0  0  0  0.20072566D-13
 409 C8+         1  0  0  8  0  0  0  0  0  0  0  0  0  0  0.17910668D-15
 410 C7H-       -1  1  0  7  0  0  0  0  0  0  0  0  0  0  0.89021277D-12
 411 C8-        -1  0  0  8  0  0  0  0  0  0  0  0  0  0  0.17930936D-13
 412 C5H3+       1  3  0  5  0  0  0  0  0  0  0  0  0  0  0.13580955D-14
 413 C3H5+       1  5  0  3  0  0  0  0  0  0  0  0  0  0  0.33837199D-16
 414 C6H2+       1  2  0  6  0  0  0  0  0  0  0  0  0  0  0.46656506D-13
 415 C7H+        1  1  0  7  0  0  0  0  0  0  0  0  0  0  0.16261690D-13
 416 CH3CHOH+    1  5  0  2  0  1  0  0  0  0  0  0  0  0  0.33132390D-18
 417 C2H6+       1  6  0  2  0  0  0  0  0  0  0  0  0  0  0.86431147D-27
 418 C3H3NH+     1  4  0  3  1  0  0  0  0  0  0  0  0  0  0.10771197D-20
 419 C4H4+       1  4  0  4  0  0  0  0  0  0  0  0  0  0  0.75054404D-18
 420 C7N+        1  0  0  7  1  0  0  0  0  0  0  0  0  0  0.17744662D-18
 421 CH3NH3+     1  6  0  1  1  0  0  0  0  0  0  0  0  0  0.54296688D-15
 422 COOCH4+     1  4  0  2  0  2  0  0  0  0  0  0  0  0  0.71147843D-22
 423 H3C4N+      1  3  0  4  1  0  0  0  0  0  0  0  0  0  0.37090344D-19
 424 HC6N+       1  1  0  6  1  0  0  0  0  0  0  0  0  0  0.43411338D-20
 425 C9+         1  0  0  9  0  0  0  0  0  0  0  0  0  0  0.54389589D-17
 426 C8H-       -1  1  0  8  0  0  0  0  0  0  0  0  0  0  0.84513842D-13
 427 C9-        -1  0  0  9  0  0  0  0  0  0  0  0  0  0  0.87000010D-14
 428 C4H5+       1  5  0  4  0  0  0  0  0  0  0  0  0  0  0.12269998D-16
 429 C6H3+       1  3  0  6  0  0  0  0  0  0  0  0  0  0  0.16739746D-14
 430 C7H2+       1  2  0  7  0  0  0  0  0  0  0  0  0  0  0.14820545D-15
 431 C2H5OH+     1  6  0  2  0  1  0  0  0  0  0  0  0  0  0.15429330D-23
 432 H3C4NH+     1  4  0  4  1  0  0  0  0  0  0  0  0  0  0.15895422D-15
 433 C5H3N+      1  3  0  5  1  0  0  0  0  0  0  0  0  0  0.10722586D-16
 434 C5H4+       1  4  0  5  0  0  0  0  0  0  0  0  0  0  0.10770986D-16
 435 HC7N+       1  1  0  7  1  0  0  0  0  0  0  0  0  0  0.55163413D-16
 436 C8H+        1  1  0  8  0  0  0  0  0  0  0  0  0  0  0.96490209D-18
 437 CH3OCH3+    1  6  0  2  0  1  0  0  0  0  0  0  0  0  0.84282694D-25
 438 H5C2O2+     1  5  0  2  0  2  0  0  0  0  0  0  0  0  0.62331467D-21
 439 HC7O+       1  1  0  7  0  1  0  0  0  0  0  0  0  0  0.50788914D-16
 440 C8N+        1  0  0  8  1  0  0  0  0  0  0  0  0  0  0.19604311D-18
 441 H2C6N+      1  2  0  6  1  0  0  0  0  0  0  0  0  0  0.16107374D-15
 442 C2H7+       1  7  0  2  0  0  0  0  0  0  0  0  0  0  0.32486014D-37
 443 C10+        1  0  0 10  0  0  0  0  0  0  0  0  0  0  0.21643803D-17
 444 CH3OCH4+    1  7  0  2  0  1  0  0  0  0  0  0  0  0  0.19149625D-23
 445 C9H-       -1  1  0  9  0  0  0  0  0  0  0  0  0  0  0.67123386D-13
 446 C10-       -1  0  0 10  0  0  0  0  0  0  0  0  0  0  0.10341368D-14
 447 C7H2N+      1  2  0  7  1  0  0  0  0  0  0  0  0  0  0.54788762D-14
 448 C7H3+       1  3  0  7  0  0  0  0  0  0  0  0  0  0  0.11441125D-15
 449 C5H5+       1  5  0  5  0  0  0  0  0  0  0  0  0  0  0.66690714D-16
 450 C8H2+       1  2  0  8  0  0  0  0  0  0  0  0  0  0  0.26607823D-14
 451 C9H+        1  1  0  9  0  0  0  0  0  0  0  0  0  0  0.11011963D-14
 452 C2H5OH2+    1  7  0  2  0  1  0  0  0  0  0  0  0  0  0.66971482D-22
 453 C2H6CO+     1  6  0  3  0  1  0  0  0  0  0  0  0  0  0.37341071D-24
 454 C5H4N+      1  4  0  5  1  0  0  0  0  0  0  0  0  0  0.10081331D-16
 455 C6H4+       1  4  0  6  0  0  0  0  0  0  0  0  0  0  0.35010415D-16
 456 C9N+        1  0  0  9  1  0  0  0  0  0  0  0  0  0  0.12076873D-19
 457 HC8N+       1  1  0  8  1  0  0  0  0  0  0  0  0  0  0.43454624D-21
 458 C10H+       1  1  0 10  0  0  0  0  0  0  0  0  0  0  0.23392880D-15
 459 C10H-      -1  1  0 10  0  0  0  0  0  0  0  0  0  0  0.36977873D-14
 460 C8H3+       1  3  0  8  0  0  0  0  0  0  0  0  0  0  0.92459220D-16
 461 C9H2+       1  2  0  9  0  0  0  0  0  0  0  0  0  0  0.13246735D-16
 462 C3H6OH+     1  7  0  3  0  1  0  0  0  0  0  0  0  0  0.18905268D-23
 463 C4H7+       1  7  0  4  0  0  0  0  0  0  0  0  0  0  0.12692187D-21
 464 H3C6NH+     1  4  0  6  1  0  0  0  0  0  0  0  0  0  0.11205034D-17
 465 C6H5+       1  5  0  6  0  0  0  0  0  0  0  0  0  0  0.58851979D-20
 466 H3C7N+      1  3  0  7  1  0  0  0  0  0  0  0  0  0  0.74332798D-18
 467 C7H4+       1  4  0  7  0  0  0  0  0  0  0  0  0  0  0.15343284D-16
 468 C9HN+       1  1  0  9  1  0  0  0  0  0  0  0  0  0  0.37850473D-17
 469 C11+        1  0  0 11  0  0  0  0  0  0  0  0  0  0  0.80188352D-16
 470 HC9O+       1  1  0  9  0  1  0  0  0  0  0  0  0  0  0.39054036D-17
 471 C10N+       1  0  0 10  1  0  0  0  0  0  0  0  0  0  0.13136915D-19
 472 H2C8N+      1  2  0  8  1  0  0  0  0  0  0  0  0  0  0.16123435D-16
 473 C9H2N+      1  2  0  9  1  0  0  0  0  0  0  0  0  0  0.62763827D-16
 474 C9H3+       1  3  0  9  0  0  0  0  0  0  0  0  0  0  0.62982203D-17
 475 C10H2+      1  2  0 10  0  0  0  0  0  0  0  0  0  0  0.34290990D-17
 476 C7H5+       1  5  0  7  0  0  0  0  0  0  0  0  0  0  0.43808397D-17
 477 C8H4+       1  4  0  8  0  0  0  0  0  0  0  0  0  0  0.29980653D-17
 478 HC10N+      1  1  0 10  1  0  0  0  0  0  0  0  0  0  0.22861645D-22
 479 C6H7+       1  7  0  6  0  0  0  0  0  0  0  0  0  0  0.31507303D-17
 480 C9H4+       1  4  0  9  0  0  0  0  0  0  0  0  0  0  0.38009239D-18
 481 C8H4N+      1  4  0  8  1  0  0  0  0  0  0  0  0  0  0.99860727D-19
 482 C8H5+       1  5  0  8  0  0  0  0  0  0  0  0  0  0  0.59431688D-20
 483 C9H3N+      1  3  0  9  1  0  0  0  0  0  0  0  0  0  0.21057118D-19
 484 C10H3+      1  3  0 10  0  0  0  0  0  0  0  0  0  0  0.13077734D-17
 485 H2C10N+     1  2  0 10  1  0  0  0  0  0  0  0  0  0  0.12723901D-17
 486 C9H5+       1  5  0  9  0  0  0  0  0  0  0  0  0  0  0.16812242D-22
 487 GRAIN0      0  0  0  0  0  0  0  0  0  0  0  0  0  0  0.62983920D-14
 488 GRAIN-     -1  0  0  0  0  0  0  0  0  0  0  0  0  0  0.13152016D-11
 489 XH          0  1  0  0  0  0  0  0  0  0  0  0  0  0  0.34523963D-17
