0.11D+08                                              +-  H  He C  O  S  G    
 JSPACE =            1
   1 H           0  1  0  0  0  0  0  0  0  0  0  0  0  0  0.57597903D-03
   2 C           0  0  0  1  0  0  0  0  0  0  0  0  0  0  0.55773196D-04
   3 Fe          0  0  0  0  0  0  0  0  1  0  0  0  0  0  0.49612053D-10
   4 Mg          0  0  0  0  0  0  0  0  0  0  1  0  0  0  0.38001508D-09
   5 S           0  0  0  0  0  0  0  1  0  0  0  0  0  0  0.76725636D-08
   6 Si          0  0  0  0  0  0  1  0  0  0  0  0  0  0  0.56565932D-09
   7 O           0  0  0  0  0  1  0  0  0  0  0  0  0  0  0.12881274D-03
   8 N           0  0  0  0  1  0  0  0  0  0  0  0  0  0  0.58734848D-04
   9 He          0  0  1  0  0  0  0  0  0  0  0  0  0  0  0.90000000D-01
  10 Cl          0  0  0  0  0  0  0  0  0  0  0  1  0  0  0.54137674D-09
  11 Na          0  0  0  0  0  0  0  0  0  1  0  0  0  0  0.73938672D-10
  12 P           0  0  0  0  0  0  0  0  0  0  0  0  1  0  0.21931932D-10
  13 F           0  0  0  0  0  0  0  0  0  0  0  0  0  1  0.82578257D-09
  14 OH          0  1  0  0  0  1  0  0  0  0  0  0  0  0  0.77209762D-09
  15 CO          0  0  0  1  0  1  0  0  0  0  0  0  0  0  0.11118495D-03
  16 CS          0  0  0  1  0  0  0  1  0  0  0  0  0  0  0.19957733D-08
  17 HS          0  1  0  0  0  0  0  1  0  0  0  0  0  0  0.84676251D-11
  18 N2          0  0  0  0  2  0  0  0  0  0  0  0  0  0  0.16179471D-05
  19 NH          0  1  0  0  1  0  0  0  0  0  0  0  0  0  0.64394866D-11
  20 SiH         0  1  0  0  0  0  1  0  0  0  0  0  0  0  0.23494734D-10
  21 SiO         0  0  0  0  0  1  1  0  0  0  0  0  0  0  0.10263582D-10
  22 SO          0  0  0  0  0  1  0  1  0  0  0  0  0  0  0.78940347D-12
  23 CH          0  1  0  1  0  0  0  0  0  0  0  0  0  0  0.21120027D-07
  24 O2          0  0  0  0  0  2  0  0  0  0  0  0  0  0  0.35900125D-09
  25 H2          0  2  0  0  0  0  0  0  0  0  0  0  0  0  0.49971195D+00
  26 C2          0  0  0  2  0  0  0  0  0  0  0  0  0  0  0.17135153D-07
  27 CN          0  0  0  1  1  0  0  0  0  0  0  0  0  0  0.28009747D-07
  28 MgH         0  1  0  0  0  0  0  0  0  0  1  0  0  0  0.38646519D-17
  29 NaH         0  1  0  0  0  0  0  0  0  1  0  0  0  0  0.42083377D-15
  30 NO          0  0  0  0  1  1  0  0  0  0  0  0  0  0  0.58064039D-10
  31 NS          0  0  0  0  1  0  0  1  0  0  0  0  0  0  0.59952701D-12
  32 PH          0  1  0  0  0  0  0  0  0  0  0  0  1  0  0.78900132D-12
  33 PN          0  0  0  0  1  0  0  0  0  0  0  0  1  0  0.16495277D-11
  34 PO          0  0  0  0  0  1  0  0  0  0  0  0  1  0  0.17904113D-12
  35 S2          0  0  0  0  0  0  0  2  0  0  0  0  0  0  0.41870532D-15
  36 SiC         0  0  0  1  0  0  1  0  0  0  0  0  0  0  0.25664985D-10
  37 SiN         0  0  0  0  1  0  1  0  0  0  0  0  0  0  0.54740475D-11
  38 SiS         0  0  0  0  0  0  1  1  0  0  0  0  0  0  0.23488309D-13
  39 CCl         0  0  0  1  0  0  0  0  0  0  0  1  0  0  0.27549188D-13
  40 ClO         0  0  0  0  0  1  0  0  0  0  0  1  0  0  0.00000000D+00
  41 CP          0  0  0  1  0  0  0  0  0  0  0  0  1  0  0.42098954D-12
  42 HCl         0  1  0  0  0  0  0  0  0  0  0  1  0  0  0.45627844D-09
  43 HF          0  1  0  0  0  0  0  0  0  0  0  0  0  1  0.57813911D-08
  44 CCH         0  1  0  2  0  0  0  0  0  0  0  0  0  0  0.53341739D-08
  45 C3          0  0  0  3  0  0  0  0  0  0  0  0  0  0  0.17186233D-07
  46 CH2         0  2  0  1  0  0  0  0  0  0  0  0  0  0  0.82603024D-08
  47 SO2         0  0  0  0  0  2  0  1  0  0  0  0  0  0  0.18464567D-15
  48 H2O         0  2  0  0  0  1  0  0  0  0  0  0  0  0  0.40655466D-09
  49 HCN         0  1  0  1  1  0  0  0  0  0  0  0  0  0  0.59357750D-09
  50 HCSi        0  1  0  1  0  0  1  0  0  0  0  0  0  0  0.50841686D-10
  51 CCN         0  0  0  2  1  0  0  0  0  0  0  0  0  0  0.18980861D-09
  52 CCS         0  0  0  2  0  0  0  1  0  0  0  0  0  0  0.14602995D-10
  53 CCO         0  0  0  2  0  1  0  0  0  0  0  0  0  0  0.15399347D-11
  54 CCP         0  0  0  2  0  0  0  0  0  0  0  0  1  0  0.49867171D-14
  55 CO2         0  0  0  1  0  2  0  0  0  0  0  0  0  0  0.29739518D-10
  56 H2S         0  2  0  0  0  0  0  1  0  0  0  0  0  0  0.18036754D-13
  57 HCO         0  1  0  1  0  1  0  0  0  0  0  0  0  0  0.17018743D-10
  58 HCP         0  1  0  1  0  0  0  0  0  0  0  0  1  0  0.45957467D-12
  59 HCS         0  1  0  1  0  0  0  1  0  0  0  0  0  0  0.62165603D-13
  60 HNC         0  1  0  1  1  0  0  0  0  0  0  0  0  0  0.13695657D-09
  61 HNO         0  1  0  0  1  1  0  0  0  0  0  0  0  0  0.25670966D-11
  62 HNSi        0  1  0  0  1  0  1  0  0  0  0  0  0  0  0.11232998D-12
  63 HPO         0  1  0  0  0  1  0  0  0  0  0  0  1  0  0.30107865D-16
  64 HSS         0  1  0  0  0  0  0  2  0  0  0  0  0  0  0.64941522D-17
  65 N2O         0  0  0  0  2  1  0  0  0  0  0  0  0  0  0.71355491D-18
  66 NaOH        0  1  0  0  0  1  0  0  0  1  0  0  0  0  0.41937931D-20
  67 NH2         0  2  0  0  1  0  0  0  0  0  0  0  0  0  0.33081116D-11
  68 NO2         0  0  0  0  1  2  0  0  0  0  0  0  0  0  0.00000000D+00
  69 O2H         0  1  0  0  0  2  0  0  0  0  0  0  0  0  0.96576625D-18
  70 OCN         0  0  0  1  1  1  0  0  0  0  0  0  0  0  0.30428044D-11
  71 OCS         0  0  0  1  0  1  0  1  0  0  0  0  0  0  0.20791514D-13
  72 PH2         0  2  0  0  0  0  0  0  0  0  0  0  1  0  0.18648051D-15
  73 c-SiC2      0  0  0  2  0  0  1  0  0  0  0  0  0  0  0.88148413D-11
  74 SiH2        0  2  0  0  0  0  1  0  0  0  0  0  0  0  0.27827442D-15
  75 SiNC        0  0  0  1  1  0  1  0  0  0  0  0  0  0  0.36856673D-15
  76 SiO2        0  0  0  0  0  2  1  0  0  0  0  0  0  0  0.69328449D-18
  77 C4          0  0  0  4  0  0  0  0  0  0  0  0  0  0  0.22879597D-09
  78 c-C3H       0  1  0  3  0  0  0  0  0  0  0  0  0  0  0.74296055D-09
  79 l-C3H       0  1  0  3  0  0  0  0  0  0  0  0  0  0  0.41432418D-09
  80 CH3         0  3  0  1  0  0  0  0  0  0  0  0  0  0  0.48900365D-09
  81 C2H2        0  2  0  2  0  0  0  0  0  0  0  0  0  0  0.24091637D-08
  82 NH3         0  3  0  0  1  0  0  0  0  0  0  0  0  0  0.92148733D-12
  83 SiCH2       0  2  0  1  0  0  1  0  0  0  0  0  0  0  0.17214739D-14
  84 C3N         0  0  0  3  1  0  0  0  0  0  0  0  0  0  0.15107857D-09
  85 C3O         0  0  0  3  0  1  0  0  0  0  0  0  0  0  0.30004488D-10
  86 C3P         0  0  0  3  0  0  0  0  0  0  0  0  1  0  0.70421489D-18
  87 C3S         0  0  0  3  0  0  0  1  0  0  0  0  0  0  0.63634780D-11
  88 H2CO        0  2  0  1  0  1  0  0  0  0  0  0  0  0  0.13962403D-09
  89 H2CS        0  2  0  1  0  0  0  1  0  0  0  0  0  0  0.66449201D-13
  90 HOOH        0  2  0  0  0  2  0  0  0  0  0  0  0  0  0.16495387D-18
  91 HSSH        0  2  0  0  0  0  0  2  0  0  0  0  0  0  0.53755607D-17
  92 H2SiO       0  2  0  0  0  1  1  0  0  0  0  0  0  0  0.41114663D-22
  93 HCCP        0  1  0  2  0  0  0  0  0  0  0  0  1  0  0.27199731D-15
  94 HCCSi       0  1  0  2  0  0  1  0  0  0  0  0  0  0  0.16484042D-12
  95 l-SiC3      0  0  0  3  0  0  1  0  0  0  0  0  0  0  0.45715460D-12
  96 SiH3        0  3  0  0  0  0  1  0  0  0  0  0  0  0  0.19352617D-21
  97 H2CN        0  2  0  1  1  0  0  0  0  0  0  0  0  0  0.16797962D-10
  98 C5          0  0  0  5  0  0  0  0  0  0  0  0  0  0  0.30951338D-10
  99 c-C3H2      0  2  0  3  0  0  0  0  0  0  0  0  0  0  0.39105871D-09
 100 l-C3H2      0  2  0  3  0  0  0  0  0  0  0  0  0  0  0.28530475D-09
 101 C4H         0  1  0  4  0  0  0  0  0  0  0  0  0  0  0.45223944D-09
 102 CH4         0  4  0  1  0  0  0  0  0  0  0  0  0  0  0.46974520D-09
 103 HC3N        0  1  0  3  1  0  0  0  0  0  0  0  0  0  0.12439356D-10
 104 H2CCN       0  2  0  2  1  0  0  0  0  0  0  0  0  0  0.16575789D-11
 105 H2CCO       0  2  0  2  0  1  0  0  0  0  0  0  0  0  0.61622413D-10
 106 C2H3        0  3  0  2  0  0  0  0  0  0  0  0  0  0  0.11791076D-09
 107 C4N         0  0  0  4  1  0  0  0  0  0  0  0  0  0  0.43949713D-10
 108 C4P         0  0  0  4  0  0  0  0  0  0  0  0  1  0  0.36440716D-17
 109 C4S         0  0  0  4  0  0  0  1  0  0  0  0  0  0  0.55183498D-13
 110 HCOOH       0  2  0  1  0  2  0  0  0  0  0  0  0  0  0.37817262D-16
 111 CH2PH       0  3  0  1  0  0  0  0  0  0  0  0  1  0  0.11333753D-20
 112 CH2NH       0  3  0  1  1  0  0  0  0  0  0  0  0  0  0.16167277D-15
 113 c-HCCHSi    0  2  0  2  0  0  1  0  0  0  0  0  0  0  0.72332424D-14
 114 SiC3H       0  1  0  3  0  0  1  0  0  0  0  0  0  0  0.89677940D-16
 115 SiC4        0  0  0  4  0  0  1  0  0  0  0  0  0  0  0.53635251D-16
 116 SiCH3       0  3  0  1  0  0  1  0  0  0  0  0  0  0  0.12039917D-16
 117 SiH4        0  4  0  0  0  0  1  0  0  0  0  0  0  0  0.88932007D-21
 118 HCNCC       0  1  0  3  1  0  0  0  0  0  0  0  0  0  0.46887527D-14
 119 HCCNC       0  1  0  3  1  0  0  0  0  0  0  0  0  0  0.12668096D-13
 120 HNCCC       0  1  0  3  1  0  0  0  0  0  0  0  0  0  0.93967972D-14
 121 NH2CN       0  2  0  1  2  0  0  0  0  0  0  0  0  0  0.00000000D+00
 122 C6          0  0  0  6  0  0  0  0  0  0  0  0  0  0  0.20186502D-11
 123 CH3CN       0  3  0  2  1  0  0  0  0  0  0  0  0  0  0.54358487D-13
 124 CH2CCH      0  3  0  3  0  0  0  0  0  0  0  0  0  0  0.82751178D-14
 125 C2H4        0  4  0  2  0  0  0  0  0  0  0  0  0  0  0.29779089D-13
 126 NC4N        0  0  0  4  2  0  0  0  0  0  0  0  0  0  0.89673453D-12
 127 H2CSiCH     0  3  0  2  0  0  1  0  0  0  0  0  0  0  0.37573106D-16
 128 SiC4H       0  1  0  4  0  0  1  0  0  0  0  0  0  0  0.65088756D-12
 129 HC4N        0  1  0  4  1  0  0  0  0  0  0  0  0  0  0.17127349D-13
 130 C4H2        0  2  0  4  0  0  0  0  0  0  0  0  0  0  0.47441560D-09
 131 C5H         0  1  0  5  0  0  0  0  0  0  0  0  0  0  0.50877337D-10
 132 C5N         0  0  0  5  1  0  0  0  0  0  0  0  0  0  0.71737319D-11
 133 CH3OH       0  4  0  1  0  1  0  0  0  0  0  0  0  0  0.19465555D-18
 134 NH2CHO      0  3  0  1  1  1  0  0  0  0  0  0  0  0  0.55190401D-18
 135 C5O         0  0  0  5  0  1  0  0  0  0  0  0  0  0  0.39158122D-11
 136 C7          0  0  0  7  0  0  0  0  0  0  0  0  0  0  0.22337215D-12
 137 HC5N        0  1  0  5  1  0  0  0  0  0  0  0  0  0  0.31005864D-12
 138 SiC2CH3     0  3  0  3  0  0  1  0  0  0  0  0  0  0  0.16951762D-18
 139 CH3CHO      0  4  0  2  0  1  0  0  0  0  0  0  0  0  0.42253085D-18
 140 C2H5        0  5  0  2  0  0  0  0  0  0  0  0  0  0  0.76104224D-22
 141 CH2CHCN     0  3  0  3  1  0  0  0  0  0  0  0  0  0  0.13159387D-17
 142 CH3CCH      0  4  0  3  0  0  0  0  0  0  0  0  0  0  0.12355714D-15
 143 C5H2        0  2  0  5  0  0  0  0  0  0  0  0  0  0  0.12401339D-09
 144 C6H         0  1  0  6  0  0  0  0  0  0  0  0  0  0  0.11701391D-10
 145 CH3NH2      0  5  0  1  1  0  0  0  0  0  0  0  0  0  0.86573150D-16
 146 C4H3        0  3  0  4  0  0  0  0  0  0  0  0  0  0  0.13123816D-15
 147 C6N         0  0  0  6  1  0  0  0  0  0  0  0  0  0  0.16484698D-11
 148 C8          0  0  0  8  0  0  0  0  0  0  0  0  0  0  0.99506313D-13
 149 HC6N        0  1  0  6  1  0  0  0  0  0  0  0  0  0  0.42748885D-15
 150 NC6N        0  0  0  6  2  0  0  0  0  0  0  0  0  0  0.21283951D-13
 151 SiC6H       0  1  0  6  0  0  1  0  0  0  0  0  0  0  0.66349423D-13
 152 CH2CHC2H    0  4  0  4  0  0  0  0  0  0  0  0  0  0  0.73514466D-17
 153 C6H2        0  2  0  6  0  0  0  0  0  0  0  0  0  0  0.48360429D-10
 154 C7H         0  1  0  7  0  0  0  0  0  0  0  0  0  0  0.15717371D-11
 155 C7N         0  0  0  7  1  0  0  0  0  0  0  0  0  0  0.45556897D-12
 156 CH3C3N      0  3  0  4  1  0  0  0  0  0  0  0  0  0  0.52279074D-15
 157 HCOOCH3     0  4  0  2  0  2  0  0  0  0  0  0  0  0  0.24496880D-24
 158 C2H6        0  6  0  2  0  0  0  0  0  0  0  0  0  0  0.00000000D+00
 159 C7O         0  0  0  7  0  1  0  0  0  0  0  0  0  0  0.12096992D-12
 160 C9          0  0  0  9  0  0  0  0  0  0  0  0  0  0  0.20295359D-13
 161 HC7N        0  1  0  7  1  0  0  0  0  0  0  0  0  0  0.41787414D-13
 162 SiC3H5      0  5  0  3  0  0  1  0  0  0  0  0  0  0  0.00000000D+00
 163 CH3CH2OH    0  6  0  2  0  1  0  0  0  0  0  0  0  0  0.46018003D-21
 164 C7H2        0  2  0  7  0  0  0  0  0  0  0  0  0  0  0.15169698D-10
 165 C8H         0  1  0  8  0  0  0  0  0  0  0  0  0  0  0.13981048D-11
 166 CH3C4H      0  4  0  5  0  0  0  0  0  0  0  0  0  0  0.82719915D-16
 167 CH3OCH3     0  6  0  2  0  1  0  0  0  0  0  0  0  0  0.42624837D-25
 168 CH3CHCH2    0  6  0  3  0  0  0  0  0  0  0  0  0  0  0.00000000D+00
 169 C8N         0  0  0  8  1  0  0  0  0  0  0  0  0  0  0.11751637D-12
 170 C10         0  0  0 10  0  0  0  0  0  0  0  0  0  0  0.67803093D-13
 171 CH3COCH3    0  6  0  3  0  1  0  0  0  0  0  0  0  0  0.62366210D-24
 172 C8H2        0  2  0  8  0  0  0  0  0  0  0  0  0  0  0.99058227D-11
 173 C9H         0  1  0  9  0  0  0  0  0  0  0  0  0  0  0.21717937D-12
 174 C9N         0  0  0  9  1  0  0  0  0  0  0  0  0  0  0.60927783D-13
 175 CH3C5N      0  3  0  6  1  0  0  0  0  0  0  0  0  0  0.48789766D-17
 176 HC8N        0  1  0  8  1  0  0  0  0  0  0  0  0  0  0.57613790D-16
 177 NC8N        0  0  0  8  2  0  0  0  0  0  0  0  0  0  0.28684938D-14
 178 SiC8H       0  1  0  8  0  0  1  0  0  0  0  0  0  0  0.13590566D-13
 179 CH2CHCHCH2  0  6  0  4  0  0  0  0  0  0  0  0  0  0  0.00000000D+00
 180 C9O         0  0  0  9  0  1  0  0  0  0  0  0  0  0  0.16715372D-13
 181 HC9N        0  1  0  9  1  0  0  0  0  0  0  0  0  0  0.48213169D-14
 182 C10H        0  1  0 10  0  0  0  0  0  0  0  0  0  0  0.15175065D-12
 183 C9H2        0  2  0  9  0  0  0  0  0  0  0  0  0  0  0.22382029D-11
 184 CH3C6H      0  4  0  7  0  0  0  0  0  0  0  0  0  0  0.31719138D-16
 185 C11         0  0  0 11  0  0  0  0  0  0  0  0  0  0  0.51196778D-12
 186 C10N        0  0  0 10  1  0  0  0  0  0  0  0  0  0  0.11192631D-13
 187 CH3C7N      0  3  0  8  1  0  0  0  0  0  0  0  0  0  0.63760840D-18
 188 C10H2       0  2  0 10  0  0  0  0  0  0  0  0  0  0  0.10897176D-11
 189 C6H6        0  6  0  6  0  0  0  0  0  0  0  0  0  0  0.91523823D-15
 190 Si+         1  0  0  0  0  0  1  0  0  0  0  0  0  0  0.73069125D-08
 191 C+          1  0  0  1  0  0  0  0  0  0  0  0  0  0  0.28645736D-05
 192 C-         -1  0  0  1  0  0  0  0  0  0  0  0  0  0  0.55900937D-13
 193 H-         -1  1  0  0  0  0  0  0  0  0  0  0  0  0  0.22292202D-13
 194 O-         -1  0  0  0  0  1  0  0  0  0  0  0  0  0  0.15671413D-14
 195 S-         -1  0  0  0  0  0  0  1  0  0  0  0  0  0  0.13327809D-16
 196 He+         1  0  1  0  0  0  0  0  0  0  0  0  0  0  0.22046731D-09
 197 H+          1  1  0  0  0  0  0  0  0  0  0  0  0  0  0.46315178D-07
 198 Fe+         1  0  0  0  0  0  0  0  1  0  0  0  0  0  0.29503880D-08
 199 Mg+         1  0  0  0  0  0  0  0  0  0  1  0  0  0  0.66199849D-08
 200 N+          1  0  0  0  1  0  0  0  0  0  0  0  0  0  0.19652952D-12
 201 Na+         1  0  0  0  0  0  0  0  0  1  0  0  0  0  0.19260609D-08
 202 O+          1  0  0  0  0  1  0  0  0  0  0  0  0  0  0.11739395D-14
 203 S+          1  0  0  0  0  0  0  1  0  0  0  0  0  0  0.70297885D-07
 204 Cl+         1  0  0  0  0  0  0  0  0  0  0  1  0  0  0.20381306D-16
 205 F+          1  0  0  0  0  0  0  0  0  0  0  0  0  1  0.55353609D-16
 206 P+          1  0  0  0  0  0  0  0  0  0  0  0  1  0  0.17453957D-09
 207 e-         -1  0  0  0  0  0  0  0  0  0  0  0  0  0  0.30011269D-05
 208 CH+         1  1  0  1  0  0  0  0  0  0  0  0  0  0  0.83004966D-12
 209 H2+         1  2  0  0  0  0  0  0  0  0  0  0  0  0  0.57619467D-12
 210 OH+         1  1  0  0  0  1  0  0  0  0  0  0  0  0  0.92476474D-13
 211 SiH+        1  1  0  0  0  0  1  0  0  0  0  0  0  0  0.57814116D-13
 212 C2+         1  0  0  2  0  0  0  0  0  0  0  0  0  0  0.61302704D-12
 213 CN-        -1  0  0  1  1  0  0  0  0  0  0  0  0  0  0.34321439D-13
 214 OH-        -1  1  0  0  0  1  0  0  0  0  0  0  0  0  0.41656033D-14
 215 CF+         1  0  0  1  0  0  0  0  0  0  0  0  0  1  0.72626852D-10
 216 HS+         1  1  0  0  0  0  0  1  0  0  0  0  0  0  0.10891858D-13
 217 SO+         1  0  0  0  0  1  0  1  0  0  0  0  0  0  0.18432198D-12
 218 CCl+        1  0  0  1  0  0  0  0  0  0  0  1  0  0  0.22119528D-11
 219 ClO+        1  0  0  0  0  1  0  0  0  0  0  1  0  0  0.00000000D+00
 220 CN+         1  0  0  1  1  0  0  0  0  0  0  0  0  0  0.33773880D-15
 221 CO+         1  0  0  1  0  1  0  0  0  0  0  0  0  0  0.41575443D-13
 222 CP+         1  0  0  1  0  0  0  0  0  0  0  0  1  0  0.19220405D-16
 223 CS+         1  0  0  1  0  0  0  1  0  0  0  0  0  0  0.85456252D-13
 224 HCl+        1  1  0  0  0  0  0  0  0  0  0  1  0  0  0.83711111D-15
 225 HF+         1  1  0  0  0  0  0  0  0  0  0  0  0  1  0.42365301D-16
 226 HeH+        1  1  1  0  0  0  0  0  0  0  0  0  0  0  0.27521279D-19
 227 N2+         1  0  0  0  2  0  0  0  0  0  0  0  0  0  0.16763712D-15
 228 NH+         1  1  0  0  1  0  0  0  0  0  0  0  0  0  0.11288681D-14
 229 NO+         1  0  0  0  1  1  0  0  0  0  0  0  0  0  0.90419015D-14
 230 NS+         1  0  0  0  1  0  0  1  0  0  0  0  0  0  0.75449098D-14
 231 O2+         1  0  0  0  0  2  0  0  0  0  0  0  0  0  0.50805734D-14
 232 PH+         1  1  0  0  0  0  0  0  0  0  0  0  1  0  0.53866892D-14
 233 PN+         1  0  0  0  1  0  0  0  0  0  0  0  1  0  0.15948009D-14
 234 PO+         1  0  0  0  0  1  0  0  0  0  0  0  1  0  0.35174757D-14
 235 S2+         1  0  0  0  0  0  0  2  0  0  0  0  0  0  0.34007710D-17
 236 SiC+        1  0  0  1  0  0  1  0  0  0  0  0  0  0  0.32644780D-14
 237 SiN+        1  0  0  0  1  0  1  0  0  0  0  0  0  0  0.48518604D-13
 238 SiO+        1  0  0  0  0  1  1  0  0  0  0  0  0  0  0.65522843D-15
 239 SiS+        1  0  0  0  0  0  1  1  0  0  0  0  0  0  0.24118367D-17
 240 SiF+        1  0  0  0  0  0  1  0  0  0  0  0  0  1  0.14840004D-12
 241 CH2+        1  2  0  1  0  0  0  0  0  0  0  0  0  0  0.48427563D-11
 242 C2N+        1  0  0  2  1  0  0  0  0  0  0  0  0  0  0.17578914D-14
 243 CNC+        1  0  0  2  1  0  0  0  0  0  0  0  0  0  0.52756005D-11
 244 HSiO+       1  1  0  0  0  1  1  0  0  0  0  0  0  0  0.34791379D-13
 245 N2H+        1  1  0  0  2  0  0  0  0  0  0  0  0  0  0.75049767D-13
 246 C2H+        1  1  0  2  0  0  0  0  0  0  0  0  0  0  0.77157606D-12
 247 H3+         1  3  0  0  0  0  0  0  0  0  0  0  0  0  0.31948034D-09
 248 C3-        -1  0  0  3  0  0  0  0  0  0  0  0  0  0  0.33097958D-12
 249 HCO+        1  1  0  1  0  1  0  0  0  0  0  0  0  0  0.15662238D-10
 250 HSO+        1  1  0  0  0  1  0  1  0  0  0  0  0  0  0.19013577D-17
 251 H2S+        1  2  0  0  0  0  0  1  0  0  0  0  0  0  0.14525291D-12
 252 HCS+        1  1  0  1  0  0  0  1  0  0  0  0  0  0  0.11419508D-11
 253 HPO+        1  1  0  0  0  1  0  0  0  0  0  0  1  0  0.87872216D-16
 254 C2O+        1  0  0  2  0  1  0  0  0  0  0  0  0  0  0.20205860D-13
 255 C2S+        1  0  0  2  0  0  0  1  0  0  0  0  0  0  0.51718189D-12
 256 C3+         1  0  0  3  0  0  0  0  0  0  0  0  0  0  0.90006995D-12
 257 CCP+        1  0  0  2  0  0  0  0  0  0  0  0  1  0  0.56204382D-15
 258 CHSi+       1  1  0  1  0  0  1  0  0  0  0  0  0  0  0.36769059D-14
 259 CO2+        1  0  0  1  0  2  0  0  0  0  0  0  0  0  0.18290612D-20
 260 H2Cl+       1  2  0  0  0  0  0  0  0  0  0  1  0  0  0.10809816D-12
 261 H2F+        1  2  0  0  0  0  0  0  0  0  0  0  0  1  0.63104753D-14
 262 H2O+        1  2  0  0  0  1  0  0  0  0  0  0  0  0  0.23200010D-12
 263 HCN+        1  1  0  1  1  0  0  0  0  0  0  0  0  0  0.25634004D-14
 264 HCP+        1  1  0  1  0  0  0  0  0  0  0  0  1  0  0.24796433D-16
 265 HNC+        1  1  0  1  1  0  0  0  0  0  0  0  0  0  0.68561640D-14
 266 HNO+        1  1  0  0  1  1  0  0  0  0  0  0  0  0  0.55830201D-15
 267 HNS+        1  1  0  0  1  0  0  1  0  0  0  0  0  0  0.98880340D-18
 268 HNSi+       1  1  0  0  1  0  1  0  0  0  0  0  0  0  0.44668697D-17
 269 HOC+        1  1  0  1  0  1  0  0  0  0  0  0  0  0  0.32547684D-11
 270 HPN+        1  1  0  0  1  0  0  0  0  0  0  0  1  0  0.40235164D-17
 271 HSiS+       1  1  0  0  0  0  1  1  0  0  0  0  0  0  0.36726902D-15
 272 NaH2+       1  2  0  0  0  0  0  0  0  1  0  0  0  0  0.78069796D-16
 273 NCO+        1  0  0  1  1  1  0  0  0  0  0  0  0  0  0.88391848D-17
 274 NH2+        1  2  0  0  1  0  0  0  0  0  0  0  0  0  0.87955152D-14
 275 NO2+        1  0  0  0  1  2  0  0  0  0  0  0  0  0  0.90149427D-21
 276 HO2+        1  1  0  0  0  2  0  0  0  0  0  0  0  0  0.44698811D-18
 277 OCS+        1  0  0  1  0  1  0  1  0  0  0  0  0  0  0.85448391D-14
 278 PH2+        1  2  0  0  0  0  0  0  0  0  0  0  1  0  0.11040329D-13
 279 HS2+        1  1  0  0  0  0  0  2  0  0  0  0  0  0  0.32430125D-18
 280 SiC2+       1  0  0  2  0  0  1  0  0  0  0  0  0  0  0.10772183D-14
 281 SiH2+       1  2  0  0  0  0  1  0  0  0  0  0  0  0  0.36955924D-12
 282 SiNC+       1  0  0  1  1  0  1  0  0  0  0  0  0  0  0.19612030D-13
 283 SO2+        1  0  0  0  0  2  0  1  0  0  0  0  0  0  0.28817563D-22
 284 HCNH+       1  2  0  1  1  0  0  0  0  0  0  0  0  0  0.58876869D-12
 285 HC2N+       1  1  0  2  1  0  0  0  0  0  0  0  0  0  0.43595472D-15
 286 C3H+        1  1  0  3  0  0  0  0  0  0  0  0  0  0  0.29117926D-11
 287 C4+         1  0  0  4  0  0  0  0  0  0  0  0  0  0  0.75908936D-12
 288 H2CO+       1  2  0  1  0  1  0  0  0  0  0  0  0  0  0.14963403D-12
 289 CH3+        1  3  0  1  0  0  0  0  0  0  0  0  0  0  0.33835830D-09
 290 C3N-       -1  0  0  3  1  0  0  0  0  0  0  0  0  0  0.29602222D-12
 291 C4-        -1  0  0  4  0  0  0  0  0  0  0  0  0  0  0.25142151D-10
 292 H3O+        1  3  0  0  0  1  0  0  0  0  0  0  0  0  0.98897491D-11
 293 H2NO+       1  2  0  0  1  1  0  0  0  0  0  0  0  0  0.28695672D-16
 294 H3S+        1  3  0  0  0  0  0  1  0  0  0  0  0  0  0.89987896D-18
 295 HC2S+       1  1  0  2  0  0  0  1  0  0  0  0  0  0  0.46666341D-13
 296 HOCS+       1  1  0  1  0  1  0  1  0  0  0  0  0  0  0.44126857D-18
 297 PCH2+       1  2  0  1  0  0  0  0  0  0  0  0  1  0  0.25303858D-14
 298 H2S2+       1  2  0  0  0  0  0  2  0  0  0  0  0  0  0.13864833D-20
 299 C2H2+       1  2  0  2  0  0  0  0  0  0  0  0  0  0  0.37247100D-10
 300 C2HO+       1  1  0  2  0  1  0  0  0  0  0  0  0  0  0.58378874D-13
 301 C2N2+       1  0  0  2  2  0  0  0  0  0  0  0  0  0  0.80190388D-22
 302 C3N+        1  0  0  3  1  0  0  0  0  0  0  0  0  0  0.16114188D-17
 303 C3O+        1  0  0  3  0  1  0  0  0  0  0  0  0  0  0.12019075D-12
 304 C3S+        1  0  0  3  0  0  0  1  0  0  0  0  0  0  0.31783569D-12
 305 CH2Si+      1  2  0  1  0  0  1  0  0  0  0  0  0  0  0.29778240D-12
 306 H2CCl+      1  2  0  1  0  0  0  0  0  0  0  1  0  0  0.24229011D-15
 307 H2CS+       1  2  0  1  0  0  0  1  0  0  0  0  0  0  0.48840584D-16
 308 H2NC+       1  2  0  1  1  0  0  0  0  0  0  0  0  0  0.37436198D-12
 309 H2PO+       1  2  0  0  0  1  0  0  0  0  0  0  1  0  0.18473500D-20
 310 H2SiO+      1  2  0  0  0  1  1  0  0  0  0  0  0  0  0.25114333D-19
 311 HOCO+       1  1  0  1  0  2  0  0  0  0  0  0  0  0  0.27350702D-17
 312 HNCO+       1  1  0  1  1  1  0  0  0  0  0  0  0  0  0.77748930D-22
 313 HSiO2+      1  1  0  0  0  2  1  0  0  0  0  0  0  0  0.28573206D-24
 314 HSO2+       1  1  0  0  0  2  0  1  0  0  0  0  0  0  0.21318383D-21
 315 NaH2O+      1  2  0  0  0  1  0  0  0  1  0  0  0  0  0.26637560D-21
 316 NH3+        1  3  0  0  1  0  0  0  0  0  0  0  0  0  0.94926293D-13
 317 PC2H+       1  1  0  2  0  0  0  0  0  0  0  0  1  0  0.10597945D-15
 318 PH3+        1  3  0  0  0  0  0  0  0  0  0  0  1  0  0.15320996D-17
 319 PNH2+       1  2  0  0  1  0  0  0  0  0  0  0  1  0  0.16883698D-18
 320 SiC2H+      1  1  0  2  0  0  1  0  0  0  0  0  0  0  0.16467195D-12
 321 l-SiC3+     1  0  0  3  0  0  1  0  0  0  0  0  0  0  0.37324096D-13
 322 SiH3+       1  3  0  0  0  0  1  0  0  0  0  0  0  0  0.48071509D-17
 323 SiNCH+      1  1  0  1  1  0  1  0  0  0  0  0  0  0  0.13878475D-17
 324 HSiNH+      1  2  0  0  1  0  1  0  0  0  0  0  0  0  0.46604875D-15
 325 HN2O+       1  1  0  0  2  1  0  0  0  0  0  0  0  0  0.12869145D-25
 326 C2H3+       1  3  0  2  0  0  0  0  0  0  0  0  0  0  0.14103216D-12
 327 c-C3H2+     1  2  0  3  0  0  0  0  0  0  0  0  0  0  0.47746234D-12
 328 l-C3H2+     1  2  0  3  0  0  0  0  0  0  0  0  0  0  0.25856805D-12
 329 C4H+        1  1  0  4  0  0  0  0  0  0  0  0  0  0  0.87862579D-12
 330 C5+         1  0  0  5  0  0  0  0  0  0  0  0  0  0  0.39908302D-13
 331 HC3O+       1  1  0  3  0  1  0  0  0  0  0  0  0  0  0.50860987D-16
 332 C4H-       -1  1  0  4  0  0  0  0  0  0  0  0  0  0  0.44530259D-10
 333 C5-        -1  0  0  5  0  0  0  0  0  0  0  0  0  0  0.96296077D-11
 334 NH4+        1  4  0  0  1  0  0  0  0  0  0  0  0  0  0.22668273D-14
 335 H3CS+       1  3  0  1  0  0  0  1  0  0  0  0  0  0  0.46880252D-15
 336 H2COH+      1  3  0  1  0  1  0  0  0  0  0  0  0  0  0.36226217D-15
 337 H3S2+       1  3  0  0  0  0  0  2  0  0  0  0  0  0  0.98644510D-20
 338 HC3S+       1  1  0  3  0  0  0  1  0  0  0  0  0  0  0.19060203D-12
 339 PC3H+       1  1  0  3  0  0  0  0  0  0  0  0  1  0  0.32758827D-20
 340 PCH3+       1  3  0  1  0  0  0  0  0  0  0  0  1  0  0.28233652D-21
 341 PNH3+       1  3  0  0  1  0  0  0  0  0  0  0  1  0  0.34702510D-23
 342 SiC2H2+     1  2  0  2  0  0  1  0  0  0  0  0  0  0  0.15117601D-14
 343 SiC3H+      1  1  0  3  0  0  1  0  0  0  0  0  0  0  0.13759968D-13
 344 SiC4+       1  0  0  4  0  0  1  0  0  0  0  0  0  0  0.35726944D-14
 345 SiCH3+      1  3  0  1  0  0  1  0  0  0  0  0  0  0  0.10472900D-18
 346 SiH4+       1  4  0  0  0  0  1  0  0  0  0  0  0  0  0.12276042D-27
 347 CH2CN+      1  2  0  2  1  0  0  0  0  0  0  0  0  0  0.68454208D-13
 348 H2CCO+      1  2  0  2  0  1  0  0  0  0  0  0  0  0  0.21468115D-12
 349 HC3N+       1  1  0  3  1  0  0  0  0  0  0  0  0  0  0.54014261D-14
 350 C4N+        1  0  0  4  1  0  0  0  0  0  0  0  0  0  0.12026994D-14
 351 C4P+        1  0  0  4  0  0  0  0  0  0  0  0  1  0  0.36366906D-21
 352 C4S+        1  0  0  4  0  0  0  1  0  0  0  0  0  0  0.33254605D-13
 353 HCOOH+      1  2  0  1  0  2  0  0  0  0  0  0  0  0  0.79005497D-20
 354 CH4+        1  4  0  1  0  0  0  0  0  0  0  0  0  0  0.12037924D-14
 355 H3SiO+      1  3  0  0  0  1  1  0  0  0  0  0  0  0  0.81184580D-26
 356 PC2H2+      1  2  0  2  0  0  0  0  0  0  0  0  1  0  0.51287016D-17
 357 C6+         1  0  0  6  0  0  0  0  0  0  0  0  0  0  0.18376036D-12
 358 HC4N+       1  1  0  4  1  0  0  0  0  0  0  0  0  0  0.79692068D-19
 359 C5H-       -1  1  0  5  0  0  0  0  0  0  0  0  0  0  0.18262408D-10
 360 C6-        -1  0  0  6  0  0  0  0  0  0  0  0  0  0  0.33346822D-11
 361 CH3CO+      1  3  0  2  0  1  0  0  0  0  0  0  0  0  0.76270743D-13
 362 C2H4+       1  4  0  2  0  0  0  0  0  0  0  0  0  0  0.39279613D-11
 363 HC3NH+      1  2  0  3  1  0  0  0  0  0  0  0  0  0  0.31288934D-14
 364 HC4S+       1  1  0  4  0  0  0  1  0  0  0  0  0  0  0.32640433D-14
 365 CH5+        1  5  0  1  0  0  0  0  0  0  0  0  0  0  0.36040052D-11
 366 C4H2+       1  2  0  4  0  0  0  0  0  0  0  0  0  0  0.11237976D-10
 367 C5H+        1  1  0  5  0  0  0  0  0  0  0  0  0  0  0.89740683D-12
 368 CH3CN+      1  3  0  2  1  0  0  0  0  0  0  0  0  0  0.69500472D-14
 369 c-C3H3+     1  3  0  3  0  0  0  0  0  0  0  0  0  0  0.64731400D-11
 370 l-C3H3+     1  3  0  3  0  0  0  0  0  0  0  0  0  0  0.64730286D-11
 371 C5N+        1  0  0  5  1  0  0  0  0  0  0  0  0  0  0.13971929D-16
 372 CH3O2+      1  3  0  1  0  2  0  0  0  0  0  0  0  0  0.43824988D-19
 373 CH2NH2+     1  4  0  1  1  0  0  0  0  0  0  0  0  0  0.19309402D-17
 374 CH3OH+      1  4  0  1  0  1  0  0  0  0  0  0  0  0  0.30337869D-21
 375 H2C3O+      1  2  0  3  0  1  0  0  0  0  0  0  0  0  0.33255801D-15
 376 HC2NCH+     1  2  0  3  1  0  0  0  0  0  0  0  0  0  0.22485963D-15
 377 HC4O+       1  1  0  4  0  1  0  0  0  0  0  0  0  0  0.26852709D-13
 378 NH2CNH+     1  3  0  1  2  0  0  0  0  0  0  0  0  0  0.00000000D+00
 379 PC2H3+      1  3  0  2  0  0  0  0  0  0  0  0  1  0  0.46144941D-24
 380 PC4H+       1  1  0  4  0  0  0  0  0  0  0  0  1  0  0.39985445D-19
 381 PCH4+       1  4  0  1  0  0  0  0  0  0  0  0  1  0  0.14111279D-22
 382 SiC2H3+     1  3  0  2  0  0  1  0  0  0  0  0  0  0  0.14999146D-15
 383 SiC3H2+     1  2  0  3  0  0  1  0  0  0  0  0  0  0  0.65530629D-18
 384 SiC4H+      1  1  0  4  0  0  1  0  0  0  0  0  0  0  0.26120211D-18
 385 SiCH4+      1  4  0  1  0  0  1  0  0  0  0  0  0  0  0.12815162D-18
 386 SiH5+       1  5  0  0  0  0  1  0  0  0  0  0  0  0  0.26676526D-23
 387 C7+         1  0  0  7  0  0  0  0  0  0  0  0  0  0  0.25325895D-13
 388 H2C4N+      1  2  0  4  1  0  0  0  0  0  0  0  0  0  0.11758086D-18
 389 C6H-       -1  1  0  6  0  0  0  0  0  0  0  0  0  0  0.70074496D-11
 390 C7-        -1  0  0  7  0  0  0  0  0  0  0  0  0  0  0.10342366D-11
 391 C4H3+       1  3  0  4  0  0  0  0  0  0  0  0  0  0  0.96862101D-13
 392 C5H2+       1  2  0  5  0  0  0  0  0  0  0  0  0  0  0.71124670D-14
 393 CH3CNH+     1  4  0  2  1  0  0  0  0  0  0  0  0  0  0.22464393D-14
 394 C2H4O+      1  4  0  2  0  1  0  0  0  0  0  0  0  0  0.38042076D-20
 395 C2H5+       1  5  0  2  0  0  0  0  0  0  0  0  0  0  0.12430729D-16
 396 C3H3N+      1  3  0  3  1  0  0  0  0  0  0  0  0  0  0.27158192D-19
 397 C3H4+       1  4  0  3  0  0  0  0  0  0  0  0  0  0  0.26933676D-17
 398 HC5N+       1  1  0  5  1  0  0  0  0  0  0  0  0  0  0.13951876D-14
 399 C6H+        1  1  0  6  0  0  0  0  0  0  0  0  0  0  0.46073362D-12
 400 CH3NH2+     1  5  0  1  1  0  0  0  0  0  0  0  0  0  0.32792700D-18
 401 CH3OH2+     1  5  0  1  0  1  0  0  0  0  0  0  0  0  0.10977492D-19
 402 H3C3O+      1  3  0  3  0  1  0  0  0  0  0  0  0  0  0.20899687D-16
 403 NH2CH2O+    1  4  0  1  1  1  0  0  0  0  0  0  0  0  0.75194353D-24
 404 PC2H4+      1  4  0  2  0  0  0  0  0  0  0  0  1  0  0.73336444D-25
 405 PC4H2+      1  2  0  4  0  0  0  0  0  0  0  0  1  0  0.47115428D-22
 406 HC5O+       1  1  0  5  0  1  0  0  0  0  0  0  0  0  0.52569392D-17
 407 C6N+        1  0  0  6  1  0  0  0  0  0  0  0  0  0  0.41435959D-16
 408 H2C5N+      1  2  0  5  1  0  0  0  0  0  0  0  0  0  0.53920125D-16
 409 C8+         1  0  0  8  0  0  0  0  0  0  0  0  0  0  0.36177349D-13
 410 C7H-       -1  1  0  7  0  0  0  0  0  0  0  0  0  0  0.29582568D-11
 411 C8-        -1  0  0  8  0  0  0  0  0  0  0  0  0  0  0.15813778D-12
 412 C5H3+       1  3  0  5  0  0  0  0  0  0  0  0  0  0  0.10109583D-15
 413 C3H5+       1  5  0  3  0  0  0  0  0  0  0  0  0  0  0.27591312D-17
 414 C6H2+       1  2  0  6  0  0  0  0  0  0  0  0  0  0  0.16748659D-13
 415 C7H+        1  1  0  7  0  0  0  0  0  0  0  0  0  0  0.15542253D-12
 416 CH3CHOH+    1  5  0  2  0  1  0  0  0  0  0  0  0  0  0.12142575D-19
 417 C2H6+       1  6  0  2  0  0  0  0  0  0  0  0  0  0  0.63797386D-28
 418 C3H3NH+     1  4  0  3  1  0  0  0  0  0  0  0  0  0  0.23129374D-22
 419 C4H4+       1  4  0  4  0  0  0  0  0  0  0  0  0  0  0.17759738D-17
 420 C7N+        1  0  0  7  1  0  0  0  0  0  0  0  0  0  0.25539614D-17
 421 CH3NH3+     1  6  0  1  1  0  0  0  0  0  0  0  0  0  0.12690251D-17
 422 COOCH4+     1  4  0  2  0  2  0  0  0  0  0  0  0  0  0.17782681D-26
 423 H3C4N+      1  3  0  4  1  0  0  0  0  0  0  0  0  0  0.11643186D-18
 424 HC6N+       1  1  0  6  1  0  0  0  0  0  0  0  0  0  0.48723674D-20
 425 C9+         1  0  0  9  0  0  0  0  0  0  0  0  0  0  0.92297214D-14
 426 C8H-       -1  1  0  8  0  0  0  0  0  0  0  0  0  0  0.75334240D-12
 427 C9-        -1  0  0  9  0  0  0  0  0  0  0  0  0  0  0.96739379D-13
 428 C4H5+       1  5  0  4  0  0  0  0  0  0  0  0  0  0  0.39225633D-18
 429 C6H3+       1  3  0  6  0  0  0  0  0  0  0  0  0  0  0.32610475D-16
 430 C7H2+       1  2  0  7  0  0  0  0  0  0  0  0  0  0  0.10171980D-14
 431 C2H5OH+     1  6  0  2  0  1  0  0  0  0  0  0  0  0  0.62469826D-24
 432 H3C4NH+     1  4  0  4  1  0  0  0  0  0  0  0  0  0  0.60168317D-17
 433 C5H3N+      1  3  0  5  1  0  0  0  0  0  0  0  0  0  0.29538668D-18
 434 C5H4+       1  4  0  5  0  0  0  0  0  0  0  0  0  0  0.14881276D-17
 435 HC7N+       1  1  0  7  1  0  0  0  0  0  0  0  0  0  0.12528421D-15
 436 C8H+        1  1  0  8  0  0  0  0  0  0  0  0  0  0  0.87422352D-15
 437 CH3OCH3+    1  6  0  2  0  1  0  0  0  0  0  0  0  0  0.11452307D-27
 438 H5C2O2+     1  5  0  2  0  2  0  0  0  0  0  0  0  0  0.41669424D-26
 439 HC7O+       1  1  0  7  0  1  0  0  0  0  0  0  0  0  0.16240092D-18
 440 C8N+        1  0  0  8  1  0  0  0  0  0  0  0  0  0  0.58524287D-17
 441 H2C6N+      1  2  0  6  1  0  0  0  0  0  0  0  0  0  0.73566449D-18
 442 C2H7+       1  7  0  2  0  0  0  0  0  0  0  0  0  0  0.00000000D+00
 443 C10+        1  0  0 10  0  0  0  0  0  0  0  0  0  0  0.42338912D-14
 444 CH3OCH4+    1  7  0  2  0  1  0  0  0  0  0  0  0  0  0.39251667D-27
 445 C9H-       -1  1  0  9  0  0  0  0  0  0  0  0  0  0  0.37918343D-12
 446 C10-       -1  0  0 10  0  0  0  0  0  0  0  0  0  0  0.10472533D-12
 447 C7H2N+      1  2  0  7  1  0  0  0  0  0  0  0  0  0  0.47916566D-16
 448 C7H3+       1  3  0  7  0  0  0  0  0  0  0  0  0  0  0.15685129D-16
 449 C5H5+       1  5  0  5  0  0  0  0  0  0  0  0  0  0  0.10743467D-17
 450 C8H2+       1  2  0  8  0  0  0  0  0  0  0  0  0  0  0.19749007D-13
 451 C9H+        1  1  0  9  0  0  0  0  0  0  0  0  0  0  0.13662197D-13
 452 C2H5OH2+    1  7  0  2  0  1  0  0  0  0  0  0  0  0  0.10346178D-22
 453 C2H6CO+     1  6  0  3  0  1  0  0  0  0  0  0  0  0  0.72037324D-26
 454 C5H4N+      1  4  0  5  1  0  0  0  0  0  0  0  0  0  0.16814483D-20
 455 C6H4+       1  4  0  6  0  0  0  0  0  0  0  0  0  0  0.35881332D-17
 456 C9N+        1  0  0  9  1  0  0  0  0  0  0  0  0  0  0.23065143D-18
 457 HC8N+       1  1  0  8  1  0  0  0  0  0  0  0  0  0  0.60504371D-21
 458 C10H+       1  1  0 10  0  0  0  0  0  0  0  0  0  0  0.41426439D-14
 459 C10H-      -1  1  0 10  0  0  0  0  0  0  0  0  0  0  0.60855675D-13
 460 C8H3+       1  3  0  8  0  0  0  0  0  0  0  0  0  0  0.45314042D-17
 461 C9H2+       1  2  0  9  0  0  0  0  0  0  0  0  0  0  0.14847367D-15
 462 C3H6OH+     1  7  0  3  0  1  0  0  0  0  0  0  0  0  0.15598567D-25
 463 C4H7+       1  7  0  4  0  0  0  0  0  0  0  0  0  0  0.17078309D-23
 464 H3C6NH+     1  4  0  6  1  0  0  0  0  0  0  0  0  0  0.63160137D-19
 465 C6H5+       1  5  0  6  0  0  0  0  0  0  0  0  0  0  0.60215886D-20
 466 H3C7N+      1  3  0  7  1  0  0  0  0  0  0  0  0  0  0.89995957D-19
 467 C7H4+       1  4  0  7  0  0  0  0  0  0  0  0  0  0  0.11155070D-18
 468 C9HN+       1  1  0  9  1  0  0  0  0  0  0  0  0  0  0.12110600D-16
 469 C11+        1  0  0 11  0  0  0  0  0  0  0  0  0  0  0.11572321D-14
 470 HC9O+       1  1  0  9  0  1  0  0  0  0  0  0  0  0  0.22440222D-19
 471 C10N+       1  0  0 10  1  0  0  0  0  0  0  0  0  0  0.64937334D-18
 472 H2C8N+      1  2  0  8  1  0  0  0  0  0  0  0  0  0  0.91353779D-19
 473 C9H2N+      1  2  0  9  1  0  0  0  0  0  0  0  0  0  0.13738737D-17
 474 C9H3+       1  3  0  9  0  0  0  0  0  0  0  0  0  0  0.21335678D-17
 475 C10H2+      1  2  0 10  0  0  0  0  0  0  0  0  0  0  0.80171504D-17
 476 C7H5+       1  5  0  7  0  0  0  0  0  0  0  0  0  0  0.39148187D-18
 477 C8H4+       1  4  0  8  0  0  0  0  0  0  0  0  0  0  0.45043968D-18
 478 HC10N+      1  1  0 10  1  0  0  0  0  0  0  0  0  0  0.57626282D-22
 479 C6H7+       1  7  0  6  0  0  0  0  0  0  0  0  0  0  0.11055564D-19
 480 C9H4+       1  4  0  9  0  0  0  0  0  0  0  0  0  0  0.14688011D-19
 481 C8H4N+      1  4  0  8  1  0  0  0  0  0  0  0  0  0  0.85119798D-20
 482 C8H5+       1  5  0  8  0  0  0  0  0  0  0  0  0  0  0.45935637D-20
 483 C9H3N+      1  3  0  9  1  0  0  0  0  0  0  0  0  0  0.30183163D-20
 484 C10H3+      1  3  0 10  0  0  0  0  0  0  0  0  0  0  0.65257079D-19
 485 H2C10N+     1  2  0 10  1  0  0  0  0  0  0  0  0  0  0.13051235D-19
 486 C9H5+       1  5  0  9  0  0  0  0  0  0  0  0  0  0  0.47943432D-23
 487 GRAIN0      0  0  0  0  0  0  0  0  0  0  0  0  0  0  0.91100441D-14
 488 GRAIN-     -1  0  0  0  0  0  0  0  0  0  0  0  0  0  0.13123899D-11
 489 XH          0  1  0  0  0  0  0  0  0  0  0  0  0  0  0.19034957D-12
