0.11D+08                                              +-  H  He C  O  S  G    
 JSPACE =            1
   1 H           0  1  0  0  0  0  0  0  0  0  0  0  0  0  0.58641483D-05
   2 C           0  0  0  1  0  0  0  0  0  0  0  0  0  0  0.10731325D-04
   3 Fe          0  0  0  0  0  0  0  0  1  0  0  0  0  0  0.10225678D-09
   4 Mg          0  0  0  0  0  0  0  0  0  0  1  0  0  0  0.64158422D-09
   5 S           0  0  0  0  0  0  0  1  0  0  0  0  0  0  0.17981861D-07
   6 Si          0  0  0  0  0  0  1  0  0  0  0  0  0  0  0.31507540D-08
   7 O           0  0  0  0  0  1  0  0  0  0  0  0  0  0  0.80837562D-04
   8 N           0  0  0  0  1  0  0  0  0  0  0  0  0  0  0.41109210D-04
   9 He          0  0  1  0  0  0  0  0  0  0  0  0  0  0  0.90000000D-01
  10 Cl          0  0  0  0  0  0  0  0  0  0  0  1  0  0  0.99817682D-09
  11 Na          0  0  0  0  0  0  0  0  0  1  0  0  0  0  0.19935125D-09
  12 P           0  0  0  0  0  0  0  0  0  0  0  0  1  0  0.25528951D-10
  13 F           0  0  0  0  0  0  0  0  0  0  0  0  0  1  0.99616467D-12
  14 OH          0  1  0  0  0  1  0  0  0  0  0  0  0  0  0.16950899D-08
  15 CO          0  0  0  1  0  1  0  0  0  0  0  0  0  0  0.15913736D-03
  16 CS          0  0  0  1  0  0  0  1  0  0  0  0  0  0  0.70619405D-09
  17 HS          0  1  0  0  0  0  0  1  0  0  0  0  0  0  0.77887500D-11
  18 N2          0  0  0  0  2  0  0  0  0  0  0  0  0  0  0.10435191D-04
  19 NH          0  1  0  0  1  0  0  0  0  0  0  0  0  0  0.12895712D-10
  20 SiH         0  1  0  0  0  0  1  0  0  0  0  0  0  0  0.27358197D-10
  21 SiO         0  0  0  0  0  1  1  0  0  0  0  0  0  0  0.82094821D-09
  22 SO          0  0  0  0  0  1  0  1  0  0  0  0  0  0  0.48102156D-10
  23 CH          0  1  0  1  0  0  0  0  0  0  0  0  0  0  0.10576835D-08
  24 O2          0  0  0  0  0  2  0  0  0  0  0  0  0  0  0.54298015D-08
  25 H2          0  2  0  0  0  0  0  0  0  0  0  0  0  0  0.49999704D+00
  26 C2          0  0  0  2  0  0  0  0  0  0  0  0  0  0  0.23770479D-09
  27 CN          0  0  0  1  1  0  0  0  0  0  0  0  0  0  0.34828155D-08
  28 MgH         0  1  0  0  0  0  0  0  0  0  1  0  0  0  0.32743642D-14
  29 NaH         0  1  0  0  0  0  0  0  0  1  0  0  0  0  0.16288764D-13
  30 NO          0  0  0  0  1  1  0  0  0  0  0  0  0  0  0.95494928D-09
  31 NS          0  0  0  0  1  0  0  1  0  0  0  0  0  0  0.24151173D-11
  32 PH          0  1  0  0  0  0  0  0  0  0  0  0  1  0  0.77190409D-13
  33 PN          0  0  0  0  1  0  0  0  0  0  0  0  1  0  0.12629178D-09
  34 PO          0  0  0  0  0  1  0  0  0  0  0  0  1  0  0.34930010D-12
  35 S2          0  0  0  0  0  0  0  2  0  0  0  0  0  0  0.44077250D-14
  36 SiC         0  0  0  1  0  0  1  0  0  0  0  0  0  0  0.46798811D-11
  37 SiN         0  0  0  0  1  0  1  0  0  0  0  0  0  0  0.27229129D-10
  38 SiS         0  0  0  0  0  0  1  1  0  0  0  0  0  0  0.16549482D-11
  39 CCl         0  0  0  1  0  0  0  0  0  0  0  1  0  0  0.69051312D-16
  40 ClO         0  0  0  0  0  1  0  0  0  0  0  1  0  0  0.00000000D+00
  41 CP          0  0  0  1  0  0  0  0  0  0  0  0  1  0  0.29392262D-13
  42 HCl         0  1  0  0  0  0  0  0  0  0  0  1  0  0  0.18113808D-11
  43 HF          0  1  0  0  0  0  0  0  0  0  0  0  0  1  0.66254319D-08
  44 CCH         0  1  0  2  0  0  0  0  0  0  0  0  0  0  0.38933205D-09
  45 C3          0  0  0  3  0  0  0  0  0  0  0  0  0  0  0.22429606D-08
  46 CH2         0  2  0  1  0  0  0  0  0  0  0  0  0  0  0.37727469D-08
  47 SO2         0  0  0  0  0  2  0  1  0  0  0  0  0  0  0.93101662D-14
  48 H2O         0  2  0  0  0  1  0  0  0  0  0  0  0  0  0.70208769D-08
  49 HCN         0  1  0  1  1  0  0  0  0  0  0  0  0  0  0.13485932D-07
  50 HCSi        0  1  0  1  0  0  1  0  0  0  0  0  0  0  0.11965460D-10
  51 CCN         0  0  0  2  1  0  0  0  0  0  0  0  0  0  0.17280838D-09
  52 CCS         0  0  0  2  0  0  0  1  0  0  0  0  0  0  0.47935828D-11
  53 CCO         0  0  0  2  0  1  0  0  0  0  0  0  0  0  0.18494528D-11
  54 CCP         0  0  0  2  0  0  0  0  0  0  0  0  1  0  0.53274724D-14
  55 CO2         0  0  0  1  0  2  0  0  0  0  0  0  0  0  0.13923278D-08
  56 H2S         0  2  0  0  0  0  0  1  0  0  0  0  0  0  0.31292994D-12
  57 HCO         0  1  0  1  0  1  0  0  0  0  0  0  0  0  0.38971417D-10
  58 HCP         0  1  0  1  0  0  0  0  0  0  0  0  1  0  0.68612283D-13
  59 HCS         0  1  0  1  0  0  0  1  0  0  0  0  0  0  0.51882061D-12
  60 HNC         0  1  0  1  1  0  0  0  0  0  0  0  0  0  0.17234884D-08
  61 HNO         0  1  0  0  1  1  0  0  0  0  0  0  0  0  0.13376454D-10
  62 HNSi        0  1  0  0  1  0  1  0  0  0  0  0  0  0  0.63717052D-10
  63 HPO         0  1  0  0  0  1  0  0  0  0  0  0  1  0  0.13335519D-17
  64 HSS         0  1  0  0  0  0  0  2  0  0  0  0  0  0  0.29280282D-14
  65 N2O         0  0  0  0  2  1  0  0  0  0  0  0  0  0  0.34854597D-15
  66 NaOH        0  1  0  0  0  1  0  0  0  1  0  0  0  0  0.36263344D-16
  67 NH2         0  2  0  0  1  0  0  0  0  0  0  0  0  0  0.93015546D-11
  68 NO2         0  0  0  0  1  2  0  0  0  0  0  0  0  0  0.00000000D+00
  69 O2H         0  1  0  0  0  2  0  0  0  0  0  0  0  0  0.30831942D-15
  70 OCN         0  0  0  1  1  1  0  0  0  0  0  0  0  0  0.18377750D-10
  71 OCS         0  0  0  1  0  1  0  1  0  0  0  0  0  0  0.11807976D-11
  72 PH2         0  2  0  0  0  0  0  0  0  0  0  0  1  0  0.50340886D-18
  73 c-SiC2      0  0  0  2  0  0  1  0  0  0  0  0  0  0  0.10066506D-11
  74 SiH2        0  2  0  0  0  0  1  0  0  0  0  0  0  0  0.29770357D-15
  75 SiNC        0  0  0  1  1  0  1  0  0  0  0  0  0  0  0.17449014D-12
  76 SiO2        0  0  0  0  0  2  1  0  0  0  0  0  0  0  0.13013609D-13
  77 C4          0  0  0  4  0  0  0  0  0  0  0  0  0  0  0.11960099D-10
  78 c-C3H       0  1  0  3  0  0  0  0  0  0  0  0  0  0  0.25971817D-10
  79 l-C3H       0  1  0  3  0  0  0  0  0  0  0  0  0  0  0.16895004D-10
  80 CH3         0  3  0  1  0  0  0  0  0  0  0  0  0  0  0.61637246D-11
  81 C2H2        0  2  0  2  0  0  0  0  0  0  0  0  0  0  0.21876820D-09
  82 NH3         0  3  0  0  1  0  0  0  0  0  0  0  0  0  0.12093275D-09
  83 SiCH2       0  2  0  1  0  0  1  0  0  0  0  0  0  0  0.28596453D-14
  84 C3N         0  0  0  3  1  0  0  0  0  0  0  0  0  0  0.15214028D-10
  85 C3O         0  0  0  3  0  1  0  0  0  0  0  0  0  0  0.13700059D-10
  86 C3P         0  0  0  3  0  0  0  0  0  0  0  0  1  0  0.44394879D-17
  87 C3S         0  0  0  3  0  0  0  1  0  0  0  0  0  0  0.20543870D-10
  88 H2CO        0  2  0  1  0  1  0  0  0  0  0  0  0  0  0.78172974D-10
  89 H2CS        0  2  0  1  0  0  0  1  0  0  0  0  0  0  0.27284560D-11
  90 HOOH        0  2  0  0  0  2  0  0  0  0  0  0  0  0  0.72914513D-19
  91 HSSH        0  2  0  0  0  0  0  2  0  0  0  0  0  0  0.25812183D-14
  92 H2SiO       0  2  0  0  0  1  1  0  0  0  0  0  0  0  0.38598406D-19
  93 HCCP        0  1  0  2  0  0  0  0  0  0  0  0  1  0  0.60874285D-16
  94 HCCSi       0  1  0  2  0  0  1  0  0  0  0  0  0  0  0.38034087D-12
  95 l-SiC3      0  0  0  3  0  0  1  0  0  0  0  0  0  0  0.24722716D-12
  96 SiH3        0  3  0  0  0  0  1  0  0  0  0  0  0  0  0.33421867D-20
  97 H2CN        0  2  0  1  1  0  0  0  0  0  0  0  0  0  0.39251124D-11
  98 C5          0  0  0  5  0  0  0  0  0  0  0  0  0  0  0.48924385D-11
  99 c-C3H2      0  2  0  3  0  0  0  0  0  0  0  0  0  0  0.75979401D-10
 100 l-C3H2      0  2  0  3  0  0  0  0  0  0  0  0  0  0  0.42906711D-10
 101 C4H         0  1  0  4  0  0  0  0  0  0  0  0  0  0  0.10976061D-10
 102 CH4         0  4  0  1  0  0  0  0  0  0  0  0  0  0  0.46916588D-09
 103 HC3N        0  1  0  3  1  0  0  0  0  0  0  0  0  0  0.15632862D-10
 104 H2CCN       0  2  0  2  1  0  0  0  0  0  0  0  0  0  0.70959184D-11
 105 H2CCO       0  2  0  2  0  1  0  0  0  0  0  0  0  0  0.76640128D-10
 106 C2H3        0  3  0  2  0  0  0  0  0  0  0  0  0  0  0.54513301D-11
 107 C4N         0  0  0  4  1  0  0  0  0  0  0  0  0  0  0.46838245D-11
 108 C4P         0  0  0  4  0  0  0  0  0  0  0  0  1  0  0.63904488D-17
 109 C4S         0  0  0  4  0  0  0  1  0  0  0  0  0  0  0.82628090D-13
 110 HCOOH       0  2  0  1  0  2  0  0  0  0  0  0  0  0  0.55337300D-13
 111 CH2PH       0  3  0  1  0  0  0  0  0  0  0  0  1  0  0.48339861D-21
 112 CH2NH       0  3  0  1  1  0  0  0  0  0  0  0  0  0  0.12835122D-13
 113 c-HCCHSi    0  2  0  2  0  0  1  0  0  0  0  0  0  0  0.23724077D-13
 114 SiC3H       0  1  0  3  0  0  1  0  0  0  0  0  0  0  0.37371138D-14
 115 SiC4        0  0  0  4  0  0  1  0  0  0  0  0  0  0  0.13781771D-15
 116 SiCH3       0  3  0  1  0  0  1  0  0  0  0  0  0  0  0.45284077D-15
 117 SiH4        0  4  0  0  0  0  1  0  0  0  0  0  0  0  0.18127811D-18
 118 HCNCC       0  1  0  3  1  0  0  0  0  0  0  0  0  0  0.17231723D-12
 119 HCCNC       0  1  0  3  1  0  0  0  0  0  0  0  0  0  0.76320725D-12
 120 HNCCC       0  1  0  3  1  0  0  0  0  0  0  0  0  0  0.22308545D-12
 121 NH2CN       0  2  0  1  2  0  0  0  0  0  0  0  0  0  0.00000000D+00
 122 C6          0  0  0  6  0  0  0  0  0  0  0  0  0  0  0.21428714D-12
 123 CH3CN       0  3  0  2  1  0  0  0  0  0  0  0  0  0  0.99921248D-11
 124 CH2CCH      0  3  0  3  0  0  0  0  0  0  0  0  0  0  0.45441311D-14
 125 C2H4        0  4  0  2  0  0  0  0  0  0  0  0  0  0  0.26211080D-13
 126 NC4N        0  0  0  4  2  0  0  0  0  0  0  0  0  0  0.36167933D-11
 127 H2CSiCH     0  3  0  2  0  0  1  0  0  0  0  0  0  0  0.21350105D-14
 128 SiC4H       0  1  0  4  0  0  1  0  0  0  0  0  0  0  0.69283769D-12
 129 HC4N        0  1  0  4  1  0  0  0  0  0  0  0  0  0  0.22134739D-13
 130 C4H2        0  2  0  4  0  0  0  0  0  0  0  0  0  0  0.76272150D-11
 131 C5H         0  1  0  5  0  0  0  0  0  0  0  0  0  0  0.16753040D-11
 132 C5N         0  0  0  5  1  0  0  0  0  0  0  0  0  0  0.60459970D-12
 133 CH3OH       0  4  0  1  0  1  0  0  0  0  0  0  0  0  0.33659073D-16
 134 NH2CHO      0  3  0  1  1  1  0  0  0  0  0  0  0  0  0.88807525D-16
 135 C5O         0  0  0  5  0  1  0  0  0  0  0  0  0  0  0.42039401D-12
 136 C7          0  0  0  7  0  0  0  0  0  0  0  0  0  0  0.23005904D-13
 137 HC5N        0  1  0  5  1  0  0  0  0  0  0  0  0  0  0.35402456D-12
 138 SiC2CH3     0  3  0  3  0  0  1  0  0  0  0  0  0  0  0.26015086D-16
 139 CH3CHO      0  4  0  2  0  1  0  0  0  0  0  0  0  0  0.17547848D-17
 140 C2H5        0  5  0  2  0  0  0  0  0  0  0  0  0  0  0.10249203D-21
 141 CH2CHCN     0  3  0  3  1  0  0  0  0  0  0  0  0  0  0.46053464D-16
 142 CH3CCH      0  4  0  3  0  0  0  0  0  0  0  0  0  0  0.28639126D-15
 143 C5H2        0  2  0  5  0  0  0  0  0  0  0  0  0  0  0.40175954D-12
 144 C6H         0  1  0  6  0  0  0  0  0  0  0  0  0  0  0.25919188D-12
 145 CH3NH2      0  5  0  1  1  0  0  0  0  0  0  0  0  0  0.18479032D-13
 146 C4H3        0  3  0  4  0  0  0  0  0  0  0  0  0  0  0.20082752D-15
 147 C6N         0  0  0  6  1  0  0  0  0  0  0  0  0  0  0.15949693D-12
 148 C8          0  0  0  8  0  0  0  0  0  0  0  0  0  0  0.10720642D-13
 149 HC6N        0  1  0  6  1  0  0  0  0  0  0  0  0  0  0.50140103D-15
 150 NC6N        0  0  0  6  2  0  0  0  0  0  0  0  0  0  0.64829100D-13
 151 SiC6H       0  1  0  6  0  0  1  0  0  0  0  0  0  0  0.14100715D-13
 152 CH2CHC2H    0  4  0  4  0  0  0  0  0  0  0  0  0  0  0.10769354D-17
 153 C6H2        0  2  0  6  0  0  0  0  0  0  0  0  0  0  0.15522999D-12
 154 C7H         0  1  0  7  0  0  0  0  0  0  0  0  0  0  0.31398294D-13
 155 C7N         0  0  0  7  1  0  0  0  0  0  0  0  0  0  0.25389529D-13
 156 CH3C3N      0  3  0  4  1  0  0  0  0  0  0  0  0  0  0.35671689D-14
 157 HCOOCH3     0  4  0  2  0  2  0  0  0  0  0  0  0  0  0.13794811D-20
 158 C2H6        0  6  0  2  0  0  0  0  0  0  0  0  0  0  0.12243841D-36
 159 C7O         0  0  0  7  0  1  0  0  0  0  0  0  0  0  0.78789610D-14
 160 C9          0  0  0  9  0  0  0  0  0  0  0  0  0  0  0.14435129D-14
 161 HC7N        0  1  0  7  1  0  0  0  0  0  0  0  0  0  0.29187332D-13
 162 SiC3H5      0  5  0  3  0  0  1  0  0  0  0  0  0  0  0.00000000D+00
 163 CH3CH2OH    0  6  0  2  0  1  0  0  0  0  0  0  0  0  0.18502296D-20
 164 C7H2        0  2  0  7  0  0  0  0  0  0  0  0  0  0  0.16249748D-13
 165 C8H         0  1  0  8  0  0  0  0  0  0  0  0  0  0  0.21409434D-13
 166 CH3C4H      0  4  0  5  0  0  0  0  0  0  0  0  0  0  0.60949727D-16
 167 CH3OCH3     0  6  0  2  0  1  0  0  0  0  0  0  0  0  0.17467636D-22
 168 CH3CHCH2    0  6  0  3  0  0  0  0  0  0  0  0  0  0  0.00000000D+00
 169 C8N         0  0  0  8  1  0  0  0  0  0  0  0  0  0  0.10520002D-13
 170 C10         0  0  0 10  0  0  0  0  0  0  0  0  0  0  0.99107551D-15
 171 CH3COCH3    0  6  0  3  0  1  0  0  0  0  0  0  0  0  0.12375369D-22
 172 C8H2        0  2  0  8  0  0  0  0  0  0  0  0  0  0  0.18701169D-13
 173 C9H         0  1  0  9  0  0  0  0  0  0  0  0  0  0  0.37438279D-14
 174 C9N         0  0  0  9  1  0  0  0  0  0  0  0  0  0  0.28022442D-14
 175 CH3C5N      0  3  0  6  1  0  0  0  0  0  0  0  0  0  0.47919982D-17
 176 HC8N        0  1  0  8  1  0  0  0  0  0  0  0  0  0  0.41337693D-16
 177 NC8N        0  0  0  8  2  0  0  0  0  0  0  0  0  0  0.53447944D-14
 178 SiC8H       0  1  0  8  0  0  1  0  0  0  0  0  0  0  0.16987688D-14
 179 CH2CHCHCH2  0  6  0  4  0  0  0  0  0  0  0  0  0  0  0.00000000D+00
 180 C9O         0  0  0  9  0  1  0  0  0  0  0  0  0  0  0.93946103D-15
 181 HC9N        0  1  0  9  1  0  0  0  0  0  0  0  0  0  0.28405931D-14
 182 C10H        0  1  0 10  0  0  0  0  0  0  0  0  0  0  0.20519916D-14
 183 C9H2        0  2  0  9  0  0  0  0  0  0  0  0  0  0  0.18349135D-14
 184 CH3C6H      0  4  0  7  0  0  0  0  0  0  0  0  0  0  0.16113584D-18
 185 C11         0  0  0 11  0  0  0  0  0  0  0  0  0  0  0.20362264D-14
 186 C10N        0  0  0 10  1  0  0  0  0  0  0  0  0  0  0.80639447D-15
 187 CH3C7N      0  3  0  8  1  0  0  0  0  0  0  0  0  0  0.38596291D-18
 188 C10H2       0  2  0 10  0  0  0  0  0  0  0  0  0  0  0.24562223D-14
 189 C6H6        0  6  0  6  0  0  0  0  0  0  0  0  0  0  0.97088910D-16
 190 Si+         1  0  0  0  0  0  1  0  0  0  0  0  0  0  0.38647983D-08
 191 C+          1  0  0  1  0  0  0  0  0  0  0  0  0  0  0.94247363D-07
 192 C-         -1  0  0  1  0  0  0  0  0  0  0  0  0  0  0.96007432D-14
 193 H-         -1  1  0  0  0  0  0  0  0  0  0  0  0  0  0.32682691D-13
 194 O-         -1  0  0  0  0  1  0  0  0  0  0  0  0  0  0.56976299D-16
 195 S-         -1  0  0  0  0  0  0  1  0  0  0  0  0  0  0.29796633D-16
 196 He+         1  0  1  0  0  0  0  0  0  0  0  0  0  0  0.18730193D-10
 197 H+          1  1  0  0  0  0  0  0  0  0  0  0  0  0  0.22673051D-09
 198 Fe+         1  0  0  0  0  0  0  0  1  0  0  0  0  0  0.28977433D-08
 199 Mg+         1  0  0  0  0  0  0  0  0  0  1  0  0  0  0.63584125D-08
 200 N+          1  0  0  0  1  0  0  0  0  0  0  0  0  0  0.17654102D-14
 201 Na+         1  0  0  0  0  0  0  0  0  1  0  0  0  0  0.18006279D-08
 202 O+          1  0  0  0  0  1  0  0  0  0  0  0  0  0  0.28336588D-14
 203 S+          1  0  0  0  0  0  0  1  0  0  0  0  0  0  0.61205338D-07
 204 Cl+         1  0  0  0  0  0  0  0  0  0  0  1  0  0  0.21158864D-17
 205 F+          1  0  0  0  0  0  0  0  0  0  0  0  0  1  0.16503415D-17
 206 P+          1  0  0  0  0  0  0  0  0  0  0  0  1  0  0.47589102D-10
 207 e-         -1  0  0  0  0  0  0  0  0  0  0  0  0  0  0.17176073D-06
 208 CH+         1  1  0  1  0  0  0  0  0  0  0  0  0  0  0.14867814D-13
 209 H2+         1  2  0  0  0  0  0  0  0  0  0  0  0  0  0.57706024D-13
 210 OH+         1  1  0  0  0  1  0  0  0  0  0  0  0  0  0.20197961D-13
 211 SiH+        1  1  0  0  0  0  1  0  0  0  0  0  0  0  0.53474431D-12
 212 C2+         1  0  0  2  0  0  0  0  0  0  0  0  0  0  0.34479546D-15
 213 CN-        -1  0  0  1  1  0  0  0  0  0  0  0  0  0  0.12560001D-13
 214 OH-        -1  1  0  0  0  1  0  0  0  0  0  0  0  0  0.20409040D-14
 215 CF+         1  0  0  1  0  0  0  0  0  0  0  0  0  1  0.51832546D-10
 216 HS+         1  1  0  0  0  0  0  1  0  0  0  0  0  0  0.53247553D-12
 217 SO+         1  0  0  0  0  1  0  1  0  0  0  0  0  0  0.79164417D-11
 218 CCl+        1  0  0  1  0  0  0  0  0  0  0  1  0  0  0.62270966D-14
 219 ClO+        1  0  0  0  0  1  0  0  0  0  0  1  0  0  0.00000000D+00
 220 CN+         1  0  0  1  1  0  0  0  0  0  0  0  0  0  0.88727896D-17
 221 CO+         1  0  0  1  0  1  0  0  0  0  0  0  0  0  0.14397018D-14
 222 CP+         1  0  0  1  0  0  0  0  0  0  0  0  1  0  0.18573938D-19
 223 CS+         1  0  0  1  0  0  0  1  0  0  0  0  0  0  0.10429587D-14
 224 HCl+        1  1  0  0  0  0  0  0  0  0  0  1  0  0  0.18185586D-17
 225 HF+         1  1  0  0  0  0  0  0  0  0  0  0  0  1  0.12693895D-17
 226 HeH+        1  1  1  0  0  0  0  0  0  0  0  0  0  0  0.17541518D-20
 227 N2+         1  0  0  0  2  0  0  0  0  0  0  0  0  0  0.91998430D-16
 228 NH+         1  1  0  0  1  0  0  0  0  0  0  0  0  0  0.43615449D-15
 229 NO+         1  0  0  0  1  1  0  0  0  0  0  0  0  0  0.12827135D-11
 230 NS+         1  0  0  0  1  0  0  1  0  0  0  0  0  0  0.11100674D-11
 231 O2+         1  0  0  0  0  2  0  0  0  0  0  0  0  0  0.66458043D-13
 232 PH+         1  1  0  0  0  0  0  0  0  0  0  0  1  0  0.28146047D-15
 233 PN+         1  0  0  0  1  0  0  0  0  0  0  0  1  0  0.11733284D-13
 234 PO+         1  0  0  0  0  1  0  0  0  0  0  0  1  0  0.25410484D-13
 235 S2+         1  0  0  0  0  0  0  2  0  0  0  0  0  0  0.28067320D-14
 236 SiC+        1  0  0  1  0  0  1  0  0  0  0  0  0  0  0.40736145D-16
 237 SiN+        1  0  0  0  1  0  1  0  0  0  0  0  0  0  0.32473292D-12
 238 SiO+        1  0  0  0  0  1  1  0  0  0  0  0  0  0  0.49649607D-15
 239 SiS+        1  0  0  0  0  0  1  1  0  0  0  0  0  0  0.25145862D-17
 240 SiF+        1  0  0  0  0  0  1  0  0  0  0  0  0  1  0.17026286D-11
 241 CH2+        1  2  0  1  0  0  0  0  0  0  0  0  0  0  0.57029141D-13
 242 C2N+        1  0  0  2  1  0  0  0  0  0  0  0  0  0  0.95964556D-16
 243 CNC+        1  0  0  2  1  0  0  0  0  0  0  0  0  0  0.86979388D-10
 244 HSiO+       1  1  0  0  0  1  1  0  0  0  0  0  0  0  0.79562596D-11
 245 N2H+        1  1  0  0  2  0  0  0  0  0  0  0  0  0  0.89869699D-11
 246 C2H+        1  1  0  2  0  0  0  0  0  0  0  0  0  0  0.38498201D-14
 247 H3+         1  3  0  0  0  0  0  0  0  0  0  0  0  0  0.12083939D-09
 248 C3-        -1  0  0  3  0  0  0  0  0  0  0  0  0  0  0.31875308D-12
 249 HCO+        1  1  0  1  0  1  0  0  0  0  0  0  0  0  0.50073190D-09
 250 HSO+        1  1  0  0  0  1  0  1  0  0  0  0  0  0  0.20766926D-14
 251 H2S+        1  2  0  0  0  0  0  1  0  0  0  0  0  0  0.24057971D-11
 252 HCS+        1  1  0  1  0  0  0  1  0  0  0  0  0  0  0.19695177D-11
 253 HPO+        1  1  0  0  0  1  0  0  0  0  0  0  1  0  0.79903016D-14
 254 C2O+        1  0  0  2  0  1  0  0  0  0  0  0  0  0  0.13391782D-13
 255 C2S+        1  0  0  2  0  0  0  1  0  0  0  0  0  0  0.65475147D-12
 256 C3+         1  0  0  3  0  0  0  0  0  0  0  0  0  0  0.18941788D-14
 257 CCP+        1  0  0  2  0  0  0  0  0  0  0  0  1  0  0.98890805D-16
 258 CHSi+       1  1  0  1  0  0  1  0  0  0  0  0  0  0  0.21517192D-15
 259 CO2+        1  0  0  1  0  2  0  0  0  0  0  0  0  0  0.75284680D-20
 260 H2Cl+       1  2  0  0  0  0  0  0  0  0  0  1  0  0  0.54493823D-14
 261 H2F+        1  2  0  0  0  0  0  0  0  0  0  0  0  1  0.36490664D-13
 262 H2O+        1  2  0  0  0  1  0  0  0  0  0  0  0  0  0.48871995D-13
 263 HCN+        1  1  0  1  1  0  0  0  0  0  0  0  0  0  0.38207045D-15
 264 HCP+        1  1  0  1  0  0  0  0  0  0  0  0  1  0  0.32351923D-19
 265 HNC+        1  1  0  1  1  0  0  0  0  0  0  0  0  0  0.22164039D-15
 266 HNO+        1  1  0  0  1  1  0  0  0  0  0  0  0  0  0.76179376D-14
 267 HNS+        1  1  0  0  1  0  0  1  0  0  0  0  0  0  0.80082996D-16
 268 HNSi+       1  1  0  0  1  0  1  0  0  0  0  0  0  0  0.72268748D-16
 269 HOC+        1  1  0  1  0  1  0  0  0  0  0  0  0  0  0.13166582D-11
 270 HPN+        1  1  0  0  1  0  0  0  0  0  0  0  1  0  0.69453753D-14
 271 HSiS+       1  1  0  0  0  0  1  1  0  0  0  0  0  0  0.25852896D-13
 272 NaH2+       1  2  0  0  0  0  0  0  0  1  0  0  0  0  0.45097202D-14
 273 NCO+        1  0  0  1  1  1  0  0  0  0  0  0  0  0  0.24202128D-15
 274 NH2+        1  2  0  0  1  0  0  0  0  0  0  0  0  0  0.36319242D-14
 275 NO2+        1  0  0  0  1  2  0  0  0  0  0  0  0  0  0.82229848D-20
 276 HO2+        1  1  0  0  0  2  0  0  0  0  0  0  0  0  0.26235431D-17
 277 OCS+        1  0  0  1  0  1  0  1  0  0  0  0  0  0  0.77344998D-12
 278 PH2+        1  2  0  0  0  0  0  0  0  0  0  0  1  0  0.69779638D-14
 279 HS2+        1  1  0  0  0  0  0  2  0  0  0  0  0  0  0.99187503D-16
 280 SiC2+       1  0  0  2  0  0  1  0  0  0  0  0  0  0  0.47294392D-17
 281 SiH2+       1  2  0  0  0  0  1  0  0  0  0  0  0  0  0.87737935D-11
 282 SiNC+       1  0  0  1  1  0  1  0  0  0  0  0  0  0  0.38333897D-11
 283 SO2+        1  0  0  0  0  2  0  1  0  0  0  0  0  0  0.10719973D-21
 284 HCNH+       1  2  0  1  1  0  0  0  0  0  0  0  0  0  0.47149459D-11
 285 HC2N+       1  1  0  2  1  0  0  0  0  0  0  0  0  0  0.97873943D-16
 286 C3H+        1  1  0  3  0  0  0  0  0  0  0  0  0  0  0.89742743D-13
 287 C4+         1  0  0  4  0  0  0  0  0  0  0  0  0  0  0.10502649D-14
 288 H2CO+       1  2  0  1  0  1  0  0  0  0  0  0  0  0  0.90098729D-13
 289 CH3+        1  3  0  1  0  0  0  0  0  0  0  0  0  0  0.11878789D-09
 290 C3N-       -1  0  0  3  1  0  0  0  0  0  0  0  0  0  0.20312149D-13
 291 C4-        -1  0  0  4  0  0  0  0  0  0  0  0  0  0  0.78882866D-12
 292 H3O+        1  3  0  0  0  1  0  0  0  0  0  0  0  0  0.12857421D-09
 293 H2NO+       1  2  0  0  1  1  0  0  0  0  0  0  0  0  0.14677856D-13
 294 H3S+        1  3  0  0  0  0  0  1  0  0  0  0  0  0  0.10294979D-14
 295 HC2S+       1  1  0  2  0  0  0  1  0  0  0  0  0  0  0.17070825D-12
 296 HOCS+       1  1  0  1  0  1  0  1  0  0  0  0  0  0  0.20690828D-15
 297 PCH2+       1  2  0  1  0  0  0  0  0  0  0  0  1  0  0.51038147D-15
 298 H2S2+       1  2  0  0  0  0  0  2  0  0  0  0  0  0  0.17452764D-18
 299 C2H2+       1  2  0  2  0  0  0  0  0  0  0  0  0  0  0.11451385D-10
 300 C2HO+       1  1  0  2  0  1  0  0  0  0  0  0  0  0  0.69583880D-12
 301 C2N2+       1  0  0  2  2  0  0  0  0  0  0  0  0  0  0.93322369D-21
 302 C3N+        1  0  0  3  1  0  0  0  0  0  0  0  0  0  0.16006519D-18
 303 C3O+        1  0  0  3  0  1  0  0  0  0  0  0  0  0  0.32485752D-13
 304 C3S+        1  0  0  3  0  0  0  1  0  0  0  0  0  0  0.27600071D-12
 305 CH2Si+      1  2  0  1  0  0  1  0  0  0  0  0  0  0  0.61459927D-12
 306 H2CCl+      1  2  0  1  0  0  0  0  0  0  0  1  0  0  0.72785345D-17
 307 H2CS+       1  2  0  1  0  0  0  1  0  0  0  0  0  0  0.90917648D-16
 308 H2NC+       1  2  0  1  1  0  0  0  0  0  0  0  0  0  0.56831222D-11
 309 H2PO+       1  2  0  0  0  1  0  0  0  0  0  0  1  0  0.31212393D-19
 310 H2SiO+      1  2  0  0  0  1  1  0  0  0  0  0  0  0  0.30789012D-16
 311 HOCO+       1  1  0  1  0  2  0  0  0  0  0  0  0  0  0.31133572D-14
 312 HNCO+       1  1  0  1  1  1  0  0  0  0  0  0  0  0  0.68202697D-21
 313 HSiO2+      1  1  0  0  0  2  1  0  0  0  0  0  0  0  0.90181005D-19
 314 HSO2+       1  1  0  0  0  2  0  1  0  0  0  0  0  0  0.82578629D-19
 315 NaH2O+      1  2  0  0  0  1  0  0  0  1  0  0  0  0  0.15955620D-17
 316 NH3+        1  3  0  0  1  0  0  0  0  0  0  0  0  0  0.14080749D-11
 317 PC2H+       1  1  0  2  0  0  0  0  0  0  0  0  1  0  0.16559257D-15
 318 PH3+        1  3  0  0  0  0  0  0  0  0  0  0  1  0  0.14413350D-18
 319 PNH2+       1  2  0  0  1  0  0  0  0  0  0  0  1  0  0.12190601D-15
 320 SiC2H+      1  1  0  2  0  0  1  0  0  0  0  0  0  0  0.53802941D-13
 321 l-SiC3+     1  0  0  3  0  0  1  0  0  0  0  0  0  0  0.16644679D-13
 322 SiH3+       1  3  0  0  0  0  1  0  0  0  0  0  0  0  0.15201903D-15
 323 SiNCH+      1  1  0  1  1  0  1  0  0  0  0  0  0  0  0.51796858D-14
 324 HSiNH+      1  2  0  0  1  0  1  0  0  0  0  0  0  0  0.46153849D-12
 325 HN2O+       1  1  0  0  2  1  0  0  0  0  0  0  0  0  0.42130063D-21
 326 C2H3+       1  3  0  2  0  0  0  0  0  0  0  0  0  0  0.34191555D-12
 327 c-C3H2+     1  2  0  3  0  0  0  0  0  0  0  0  0  0  0.54507678D-12
 328 l-C3H2+     1  2  0  3  0  0  0  0  0  0  0  0  0  0  0.24344290D-12
 329 C4H+        1  1  0  4  0  0  0  0  0  0  0  0  0  0  0.18469602D-14
 330 C5+         1  0  0  5  0  0  0  0  0  0  0  0  0  0  0.37718673D-16
 331 HC3O+       1  1  0  3  0  1  0  0  0  0  0  0  0  0  0.53626816D-15
 332 C4H-       -1  1  0  4  0  0  0  0  0  0  0  0  0  0  0.45302615D-12
 333 C5-        -1  0  0  5  0  0  0  0  0  0  0  0  0  0  0.49369030D-12
 334 NH4+        1  4  0  0  1  0  0  0  0  0  0  0  0  0  0.34905430D-12
 335 H3CS+       1  3  0  1  0  0  0  1  0  0  0  0  0  0  0.25227240D-13
 336 H2COH+      1  3  0  1  0  1  0  0  0  0  0  0  0  0  0.31212382D-14
 337 H3S2+       1  3  0  0  0  0  0  2  0  0  0  0  0  0  0.14982489D-16
 338 HC3S+       1  1  0  3  0  0  0  1  0  0  0  0  0  0  0.55623645D-12
 339 PC3H+       1  1  0  3  0  0  0  0  0  0  0  0  1  0  0.25250837D-18
 340 PCH3+       1  3  0  1  0  0  0  0  0  0  0  0  1  0  0.90982679D-21
 341 PNH3+       1  3  0  0  1  0  0  0  0  0  0  0  1  0  0.48018381D-21
 342 SiC2H2+     1  2  0  2  0  0  1  0  0  0  0  0  0  0  0.68078061D-15
 343 SiC3H+      1  1  0  3  0  0  1  0  0  0  0  0  0  0  0.23952216D-13
 344 SiC4+       1  0  0  4  0  0  1  0  0  0  0  0  0  0  0.18164904D-14
 345 SiCH3+      1  3  0  1  0  0  1  0  0  0  0  0  0  0  0.43696199D-17
 346 SiH4+       1  4  0  0  0  0  1  0  0  0  0  0  0  0  0.12582739D-27
 347 CH2CN+      1  2  0  2  1  0  0  0  0  0  0  0  0  0  0.53914635D-12
 348 H2CCO+      1  2  0  2  0  1  0  0  0  0  0  0  0  0  0.24387290D-12
 349 HC3N+       1  1  0  3  1  0  0  0  0  0  0  0  0  0  0.23519648D-14
 350 C4N+        1  0  0  4  1  0  0  0  0  0  0  0  0  0  0.14890590D-16
 351 C4P+        1  0  0  4  0  0  0  0  0  0  0  0  1  0  0.54550397D-22
 352 C4S+        1  0  0  4  0  0  0  1  0  0  0  0  0  0  0.17962005D-13
 353 HCOOH+      1  2  0  1  0  2  0  0  0  0  0  0  0  0  0.11105121D-16
 354 CH4+        1  4  0  1  0  0  0  0  0  0  0  0  0  0  0.10707323D-16
 355 H3SiO+      1  3  0  0  0  1  1  0  0  0  0  0  0  0  0.16541629D-21
 356 PC2H2+      1  2  0  2  0  0  0  0  0  0  0  0  1  0  0.78734304D-17
 357 C6+         1  0  0  6  0  0  0  0  0  0  0  0  0  0  0.81221078D-16
 358 HC4N+       1  1  0  4  1  0  0  0  0  0  0  0  0  0  0.77271960D-20
 359 C5H-       -1  1  0  5  0  0  0  0  0  0  0  0  0  0  0.44318396D-12
 360 C6-        -1  0  0  6  0  0  0  0  0  0  0  0  0  0  0.14513404D-12
 361 CH3CO+      1  3  0  2  0  1  0  0  0  0  0  0  0  0  0.29438002D-12
 362 C2H4+       1  4  0  2  0  0  0  0  0  0  0  0  0  0  0.50812301D-11
 363 HC3NH+      1  2  0  3  1  0  0  0  0  0  0  0  0  0  0.84581227D-13
 364 HC4S+       1  1  0  4  0  0  0  1  0  0  0  0  0  0  0.31151570D-14
 365 CH5+        1  5  0  1  0  0  0  0  0  0  0  0  0  0  0.48578589D-12
 366 C4H2+       1  2  0  4  0  0  0  0  0  0  0  0  0  0  0.13289942D-11
 367 C5H+        1  1  0  5  0  0  0  0  0  0  0  0  0  0  0.41995377D-13
 368 CH3CN+      1  3  0  2  1  0  0  0  0  0  0  0  0  0  0.21366434D-12
 369 c-C3H3+     1  3  0  3  0  0  0  0  0  0  0  0  0  0  0.13326926D-11
 370 l-C3H3+     1  3  0  3  0  0  0  0  0  0  0  0  0  0  0.13320420D-11
 371 C5N+        1  0  0  5  1  0  0  0  0  0  0  0  0  0  0.46032620D-18
 372 CH3O2+      1  3  0  1  0  2  0  0  0  0  0  0  0  0  0.18186833D-15
 373 CH2NH2+     1  4  0  1  1  0  0  0  0  0  0  0  0  0  0.33019948D-15
 374 CH3OH+      1  4  0  1  0  1  0  0  0  0  0  0  0  0  0.40608411D-19
 375 H2C3O+      1  2  0  3  0  1  0  0  0  0  0  0  0  0  0.36160512D-15
 376 HC2NCH+     1  2  0  3  1  0  0  0  0  0  0  0  0  0  0.25891353D-13
 377 HC4O+       1  1  0  4  0  1  0  0  0  0  0  0  0  0  0.12117063D-12
 378 NH2CNH+     1  3  0  1  2  0  0  0  0  0  0  0  0  0  0.00000000D+00
 379 PC2H3+      1  3  0  2  0  0  0  0  0  0  0  0  1  0  0.30673089D-24
 380 PC4H+       1  1  0  4  0  0  0  0  0  0  0  0  1  0  0.34005370D-18
 381 PCH4+       1  4  0  1  0  0  0  0  0  0  0  0  1  0  0.45497121D-22
 382 SiC2H3+     1  3  0  2  0  0  1  0  0  0  0  0  0  0  0.27748973D-15
 383 SiC3H2+     1  2  0  3  0  0  1  0  0  0  0  0  0  0  0.28148914D-16
 384 SiC4H+      1  1  0  4  0  0  1  0  0  0  0  0  0  0  0.11264620D-16
 385 SiCH4+      1  4  0  1  0  0  1  0  0  0  0  0  0  0  0.37803283D-17
 386 SiH5+       1  5  0  0  0  0  1  0  0  0  0  0  0  0  0.13097449D-20
 387 C7+         1  0  0  7  0  0  0  0  0  0  0  0  0  0  0.62318880D-17
 388 H2C4N+      1  2  0  4  1  0  0  0  0  0  0  0  0  0  0.11511685D-19
 389 C6H-       -1  1  0  6  0  0  0  0  0  0  0  0  0  0  0.57095029D-13
 390 C7-        -1  0  0  7  0  0  0  0  0  0  0  0  0  0  0.38166298D-13
 391 C4H3+       1  3  0  4  0  0  0  0  0  0  0  0  0  0  0.65788876D-14
 392 C5H2+       1  2  0  5  0  0  0  0  0  0  0  0  0  0  0.85123479D-16
 393 CH3CNH+     1  4  0  2  1  0  0  0  0  0  0  0  0  0  0.28756878D-12
 394 C2H4O+      1  4  0  2  0  1  0  0  0  0  0  0  0  0  0.16271155D-17
 395 C2H5+       1  5  0  2  0  0  0  0  0  0  0  0  0  0  0.24036933D-15
 396 C3H3N+      1  3  0  3  1  0  0  0  0  0  0  0  0  0  0.24376060D-17
 397 C3H4+       1  4  0  3  0  0  0  0  0  0  0  0  0  0  0.48067936D-17
 398 HC5N+       1  1  0  5  1  0  0  0  0  0  0  0  0  0  0.13497570D-15
 399 C6H+        1  1  0  6  0  0  0  0  0  0  0  0  0  0  0.20344243D-14
 400 CH3NH2+     1  5  0  1  1  0  0  0  0  0  0  0  0  0  0.48565463D-16
 401 CH3OH2+     1  5  0  1  0  1  0  0  0  0  0  0  0  0  0.63165576D-17
 402 H3C3O+      1  3  0  3  0  1  0  0  0  0  0  0  0  0  0.80141432D-16
 403 NH2CH2O+    1  4  0  1  1  1  0  0  0  0  0  0  0  0  0.26755288D-20
 404 PC2H4+      1  4  0  2  0  0  0  0  0  0  0  0  1  0  0.25203192D-23
 405 PC4H2+      1  2  0  4  0  0  0  0  0  0  0  0  1  0  0.41296731D-21
 406 HC5O+       1  1  0  5  0  1  0  0  0  0  0  0  0  0  0.16149293D-16
 407 C6N+        1  0  0  6  1  0  0  0  0  0  0  0  0  0  0.39597480D-18
 408 H2C5N+      1  2  0  5  1  0  0  0  0  0  0  0  0  0  0.53881277D-15
 409 C8+         1  0  0  8  0  0  0  0  0  0  0  0  0  0  0.27420475D-16
 410 C7H-       -1  1  0  7  0  0  0  0  0  0  0  0  0  0  0.38641779D-13
 411 C8-        -1  0  0  8  0  0  0  0  0  0  0  0  0  0  0.65325386D-14
 412 C5H3+       1  3  0  5  0  0  0  0  0  0  0  0  0  0  0.32402618D-16
 413 C3H5+       1  5  0  3  0  0  0  0  0  0  0  0  0  0  0.34495680D-16
 414 C6H2+       1  2  0  6  0  0  0  0  0  0  0  0  0  0  0.25018794D-14
 415 C7H+        1  1  0  7  0  0  0  0  0  0  0  0  0  0  0.13492890D-14
 416 CH3CHOH+    1  5  0  2  0  1  0  0  0  0  0  0  0  0  0.70432314D-19
 417 C2H6+       1  6  0  2  0  0  0  0  0  0  0  0  0  0  0.15668198D-26
 418 C3H3NH+     1  4  0  3  1  0  0  0  0  0  0  0  0  0  0.43981794D-21
 419 C4H4+       1  4  0  4  0  0  0  0  0  0  0  0  0  0  0.13756617D-19
 420 C7N+        1  0  0  7  1  0  0  0  0  0  0  0  0  0  0.15246184D-19
 421 CH3NH3+     1  6  0  1  1  0  0  0  0  0  0  0  0  0  0.37231672D-15
 422 COOCH4+     1  4  0  2  0  2  0  0  0  0  0  0  0  0  0.55170766D-23
 423 H3C4N+      1  3  0  4  1  0  0  0  0  0  0  0  0  0  0.11509847D-19
 424 HC6N+       1  1  0  6  1  0  0  0  0  0  0  0  0  0  0.35550978D-21
 425 C9+         1  0  0  9  0  0  0  0  0  0  0  0  0  0  0.22200225D-17
 426 C8H-       -1  1  0  8  0  0  0  0  0  0  0  0  0  0  0.84329401D-14
 427 C9-        -1  0  0  9  0  0  0  0  0  0  0  0  0  0  0.23585365D-14
 428 C4H5+       1  5  0  4  0  0  0  0  0  0  0  0  0  0  0.17171082D-17
 429 C6H3+       1  3  0  6  0  0  0  0  0  0  0  0  0  0  0.21500573D-17
 430 C7H2+       1  2  0  7  0  0  0  0  0  0  0  0  0  0  0.26031658D-17
 431 C2H5OH+     1  6  0  2  0  1  0  0  0  0  0  0  0  0  0.22679073D-23
 432 H3C4NH+     1  4  0  4  1  0  0  0  0  0  0  0  0  0  0.13826168D-16
 433 C5H3N+      1  3  0  5  1  0  0  0  0  0  0  0  0  0  0.37725351D-18
 434 C5H4+       1  4  0  5  0  0  0  0  0  0  0  0  0  0  0.89613286D-18
 435 HC7N+       1  1  0  7  1  0  0  0  0  0  0  0  0  0  0.42339627D-17
 436 C8H+        1  1  0  8  0  0  0  0  0  0  0  0  0  0  0.13693788D-18
 437 CH3OCH3+    1  6  0  2  0  1  0  0  0  0  0  0  0  0  0.30936622D-25
 438 H5C2O2+     1  5  0  2  0  2  0  0  0  0  0  0  0  0  0.26115130D-22
 439 HC7O+       1  1  0  7  0  1  0  0  0  0  0  0  0  0  0.30266761D-18
 440 C8N+        1  0  0  8  1  0  0  0  0  0  0  0  0  0  0.36556320D-19
 441 H2C6N+      1  2  0  6  1  0  0  0  0  0  0  0  0  0  0.33178328D-17
 442 C2H7+       1  7  0  2  0  0  0  0  0  0  0  0  0  0  0.93007804D-43
 443 C10+        1  0  0 10  0  0  0  0  0  0  0  0  0  0  0.46168044D-18
 444 CH3OCH4+    1  7  0  2  0  1  0  0  0  0  0  0  0  0  0.41540771D-24
 445 C9H-       -1  1  0  9  0  0  0  0  0  0  0  0  0  0  0.45021832D-14
 446 C10-       -1  0  0 10  0  0  0  0  0  0  0  0  0  0  0.50004306D-15
 447 C7H2N+      1  2  0  7  1  0  0  0  0  0  0  0  0  0  0.10274548D-15
 448 C7H3+       1  3  0  7  0  0  0  0  0  0  0  0  0  0  0.15655301D-17
 449 C5H5+       1  5  0  5  0  0  0  0  0  0  0  0  0  0  0.32274339D-17
 450 C8H2+       1  2  0  8  0  0  0  0  0  0  0  0  0  0  0.11107476D-15
 451 C9H+        1  1  0  9  0  0  0  0  0  0  0  0  0  0  0.10609546D-15
 452 C2H5OH2+    1  7  0  2  0  1  0  0  0  0  0  0  0  0  0.81164071D-22
 453 C2H6CO+     1  6  0  3  0  1  0  0  0  0  0  0  0  0  0.80547375D-25
 454 C5H4N+      1  4  0  5  1  0  0  0  0  0  0  0  0  0  0.25497647D-18
 455 C6H4+       1  4  0  6  0  0  0  0  0  0  0  0  0  0  0.13627270D-17
 456 C9N+        1  0  0  9  1  0  0  0  0  0  0  0  0  0  0.12132952D-20
 457 HC8N+       1  1  0  8  1  0  0  0  0  0  0  0  0  0  0.33898719D-22
 458 C10H+       1  1  0 10  0  0  0  0  0  0  0  0  0  0  0.16089494D-16
 459 C10H-      -1  1  0 10  0  0  0  0  0  0  0  0  0  0  0.64038673D-15
 460 C8H3+       1  3  0  8  0  0  0  0  0  0  0  0  0  0  0.83048011D-19
 461 C9H2+       1  2  0  9  0  0  0  0  0  0  0  0  0  0  0.23137497D-18
 462 C3H6OH+     1  7  0  3  0  1  0  0  0  0  0  0  0  0  0.26582423D-24
 463 C4H7+       1  7  0  4  0  0  0  0  0  0  0  0  0  0  0.12012558D-21
 464 H3C6NH+     1  4  0  6  1  0  0  0  0  0  0  0  0  0  0.26991309D-19
 465 C6H5+       1  5  0  6  0  0  0  0  0  0  0  0  0  0  0.50815067D-22
 466 H3C7N+      1  3  0  7  1  0  0  0  0  0  0  0  0  0  0.20935047D-20
 467 C7H4+       1  4  0  7  0  0  0  0  0  0  0  0  0  0  0.35029527D-19
 468 C9HN+       1  1  0  9  1  0  0  0  0  0  0  0  0  0  0.34523149D-18
 469 C11+        1  0  0 11  0  0  0  0  0  0  0  0  0  0  0.47550561D-17
 470 HC9O+       1  1  0  9  0  1  0  0  0  0  0  0  0  0  0.36089076D-19
 471 C10N+       1  0  0 10  1  0  0  0  0  0  0  0  0  0  0.35071303D-20
 472 H2C8N+      1  2  0  8  1  0  0  0  0  0  0  0  0  0  0.31636340D-18
 473 C9H2N+      1  2  0  9  1  0  0  0  0  0  0  0  0  0  0.15062828D-17
 474 C9H3+       1  3  0  9  0  0  0  0  0  0  0  0  0  0  0.24855077D-19
 475 C10H2+      1  2  0 10  0  0  0  0  0  0  0  0  0  0  0.47847671D-19
 476 C7H5+       1  5  0  7  0  0  0  0  0  0  0  0  0  0  0.14201325D-19
 477 C8H4+       1  4  0  8  0  0  0  0  0  0  0  0  0  0  0.13170675D-19
 478 HC10N+      1  1  0 10  1  0  0  0  0  0  0  0  0  0  0.25984538D-23
 479 C6H7+       1  7  0  6  0  0  0  0  0  0  0  0  0  0  0.62835560D-20
 480 C9H4+       1  4  0  9  0  0  0  0  0  0  0  0  0  0  0.11424929D-20
 481 C8H4N+      1  4  0  8  1  0  0  0  0  0  0  0  0  0  0.22252638D-20
 482 C8H5+       1  5  0  8  0  0  0  0  0  0  0  0  0  0  0.56091338D-24
 483 C9H3N+      1  3  0  9  1  0  0  0  0  0  0  0  0  0  0.96123605D-22
 484 C10H3+      1  3  0 10  0  0  0  0  0  0  0  0  0  0  0.53760472D-20
 485 H2C10N+     1  2  0 10  1  0  0  0  0  0  0  0  0  0  0.36375519D-19
 486 C9H5+       1  5  0  9  0  0  0  0  0  0  0  0  0  0  0.27626345D-26
 487 GRAIN0      0  0  0  0  0  0  0  0  0  0  0  0  0  0  0.73733833D-14
 488 GRAIN-     -1  0  0  0  0  0  0  0  0  0  0  0  0  0  0.13141266D-11
 489 XH          0  1  0  0  0  0  0  0  0  0  0  0  0  0  0.36536811D-17
