0.11D+08                                              +-  H  He C  O  S  G    
 JSPACE =            1
   1 H           0  1  0  0  0  0  0  0  0  0  0  0  0  0  0.92269355D+00
   2 C           0  0  0  1  0  0  0  0  0  0  0  0  0  0  0.45701363D-04
   3 Fe          0  0  0  0  0  0  0  0  1  0  0  0  0  0  0.13487202D-10
   4 Mg          0  0  0  0  0  0  0  0  0  0  1  0  0  0  0.82106764D-10
   5 S           0  0  0  0  0  0  0  1  0  0  0  0  0  0  0.61504791D-09
   6 Si          0  0  0  0  0  0  1  0  0  0  0  0  0  0  0.46798817D-10
   7 O           0  0  0  0  0  1  0  0  0  0  0  0  0  0  0.23989410D-03
   8 N           0  0  0  0  1  0  0  0  0  0  0  0  0  0  0.61999755D-04
   9 He          0  0  1  0  0  0  0  0  0  0  0  0  0  0  0.89999999D-01
  10 Cl          0  0  0  0  0  0  0  0  0  0  0  1  0  0  0.99994882D-09
  11 Na          0  0  0  0  0  0  0  0  0  1  0  0  0  0  0.16915353D-10
  12 P           0  0  0  0  0  0  0  0  0  0  0  0  1  0  0.11131648D-13
  13 F           0  0  0  0  0  0  0  0  0  0  0  0  0  1  0.58991345D-08
  14 OH          0  1  0  0  0  1  0  0  0  0  0  0  0  0  0.58290837D-09
  15 CO          0  0  0  1  0  1  0  0  0  0  0  0  0  0  0.10520598D-06
  16 CS          0  0  0  1  0  0  0  1  0  0  0  0  0  0  0.65530728D-13
  17 HS          0  1  0  0  0  0  0  1  0  0  0  0  0  0  0.31851212D-15
  18 N2          0  0  0  0  2  0  0  0  0  0  0  0  0  0  0.72373975D-10
  19 NH          0  1  0  0  1  0  0  0  0  0  0  0  0  0  0.68479765D-12
  20 SiH         0  1  0  0  0  0  1  0  0  0  0  0  0  0  0.44699763D-13
  21 SiO         0  0  0  0  0  1  1  0  0  0  0  0  0  0  0.24662674D-14
  22 SO          0  0  0  0  0  1  0  1  0  0  0  0  0  0  0.37387569D-16
  23 CH          0  1  0  1  0  0  0  0  0  0  0  0  0  0  0.34716831D-10
  24 O2          0  0  0  0  0  2  0  0  0  0  0  0  0  0  0.48266486D-10
  25 H2          0  2  0  0  0  0  0  0  0  0  0  0  0  0  0.38653106D-01
  26 C2          0  0  0  2  0  0  0  0  0  0  0  0  0  0  0.87085420D-10
  27 CN          0  0  0  1  1  0  0  0  0  0  0  0  0  0  0.90707682D-10
  28 MgH         0  1  0  0  0  0  0  0  0  0  1  0  0  0  0.54204510D-21
  29 NaH         0  1  0  0  0  0  0  0  0  1  0  0  0  0  0.22419202D-17
  30 NO          0  0  0  0  1  1  0  0  0  0  0  0  0  0  0.55868338D-11
  31 NS          0  0  0  0  1  0  0  1  0  0  0  0  0  0  0.23111737D-17
  32 PH          0  1  0  0  0  0  0  0  0  0  0  0  1  0  0.90336934D-15
  33 PN          0  0  0  0  1  0  0  0  0  0  0  0  1  0  0.42973267D-15
  34 PO          0  0  0  0  0  1  0  0  0  0  0  0  1  0  0.25987789D-16
  35 S2          0  0  0  0  0  0  0  2  0  0  0  0  0  0  0.28301479D-19
  36 SiC         0  0  0  1  0  0  1  0  0  0  0  0  0  0  0.44717580D-14
  37 SiN         0  0  0  0  1  0  1  0  0  0  0  0  0  0  0.47434020D-15
  38 SiS         0  0  0  0  0  0  1  1  0  0  0  0  0  0  0.52067856D-19
  39 CCl         0  0  0  1  0  0  0  0  0  0  0  1  0  0  0.92272713D-21
  40 ClO         0  0  0  0  0  1  0  0  0  0  0  1  0  0  0.00000000D+00
  41 CP          0  0  0  1  0  0  0  0  0  0  0  0  1  0  0.86201201D-17
  42 HCl         0  1  0  0  0  0  0  0  0  0  0  1  0  0  0.32744146D-13
  43 HF          0  1  0  0  0  0  0  0  0  0  0  0  0  1  0.77034224D-09
  44 CCH         0  1  0  2  0  0  0  0  0  0  0  0  0  0  0.26107467D-11
  45 C3          0  0  0  3  0  0  0  0  0  0  0  0  0  0  0.19324891D-11
  46 CH2         0  2  0  1  0  0  0  0  0  0  0  0  0  0  0.21584893D-11
  47 SO2         0  0  0  0  0  2  0  1  0  0  0  0  0  0  0.68799560D-22
  48 H2O         0  2  0  0  0  1  0  0  0  0  0  0  0  0  0.43499654D-11
  49 HCN         0  1  0  1  1  0  0  0  0  0  0  0  0  0  0.57981500D-13
  50 HCSi        0  1  0  1  0  0  1  0  0  0  0  0  0  0  0.26389306D-14
  51 CCN         0  0  0  2  1  0  0  0  0  0  0  0  0  0  0.97208416D-16
  52 CCS         0  0  0  2  0  0  0  1  0  0  0  0  0  0  0.48874456D-18
  53 CCO         0  0  0  2  0  1  0  0  0  0  0  0  0  0  0.56585957D-16
  54 CCP         0  0  0  2  0  0  0  0  0  0  0  0  1  0  0.16023010D-20
  55 CO2         0  0  0  1  0  2  0  0  0  0  0  0  0  0  0.46742523D-16
  56 H2S         0  2  0  0  0  0  0  1  0  0  0  0  0  0  0.13685289D-16
  57 HCO         0  1  0  1  0  1  0  0  0  0  0  0  0  0  0.19811708D-16
  58 HCP         0  1  0  1  0  0  0  0  0  0  0  0  1  0  0.12290238D-17
  59 HCS         0  1  0  1  0  0  0  1  0  0  0  0  0  0  0.25296822D-20
  60 HNC         0  1  0  1  1  0  0  0  0  0  0  0  0  0  0.41446981D-13
  61 HNO         0  1  0  0  1  1  0  0  0  0  0  0  0  0  0.77018110D-15
  62 HNSi        0  1  0  0  1  0  1  0  0  0  0  0  0  0  0.81395252D-18
  63 HPO         0  1  0  0  0  1  0  0  0  0  0  0  1  0  0.22641217D-22
  64 HSS         0  1  0  0  0  0  0  2  0  0  0  0  0  0  0.11065748D-23
  65 N2O         0  0  0  0  2  1  0  0  0  0  0  0  0  0  0.84298295D-21
  66 NaOH        0  1  0  0  0  1  0  0  0  1  0  0  0  0  0.21580469D-24
  67 NH2         0  2  0  0  1  0  0  0  0  0  0  0  0  0  0.21018584D-13
  68 NO2         0  0  0  0  1  2  0  0  0  0  0  0  0  0  0.00000000D+00
  69 O2H         0  1  0  0  0  2  0  0  0  0  0  0  0  0  0.41223931D-20
  70 OCN         0  0  0  1  1  1  0  0  0  0  0  0  0  0  0.10017846D-16
  71 OCS         0  0  0  1  0  1  0  1  0  0  0  0  0  0  0.14102932D-19
  72 PH2         0  2  0  0  0  0  0  0  0  0  0  0  1  0  0.11947090D-20
  73 c-SiC2      0  0  0  2  0  0  1  0  0  0  0  0  0  0  0.15486806D-15
  74 SiH2        0  2  0  0  0  0  1  0  0  0  0  0  0  0  0.25537323D-21
  75 SiNC        0  0  0  1  1  0  1  0  0  0  0  0  0  0  0.12218646D-20
  76 SiO2        0  0  0  0  0  2  1  0  0  0  0  0  0  0  0.78002785D-23
  77 C4          0  0  0  4  0  0  0  0  0  0  0  0  0  0  0.24491444D-16
  78 c-C3H       0  1  0  3  0  0  0  0  0  0  0  0  0  0  0.32347177D-15
  79 l-C3H       0  1  0  3  0  0  0  0  0  0  0  0  0  0  0.14253831D-15
  80 CH3         0  3  0  1  0  0  0  0  0  0  0  0  0  0  0.54758030D-12
  81 C2H2        0  2  0  2  0  0  0  0  0  0  0  0  0  0  0.11408657D-13
  82 NH3         0  3  0  0  1  0  0  0  0  0  0  0  0  0  0.27684148D-17
  83 SiCH2       0  2  0  1  0  0  1  0  0  0  0  0  0  0  0.83180138D-20
  84 C3N         0  0  0  3  1  0  0  0  0  0  0  0  0  0  0.23844221D-16
  85 C3O         0  0  0  3  0  1  0  0  0  0  0  0  0  0  0.18765537D-17
  86 C3P         0  0  0  3  0  0  0  0  0  0  0  0  1  0  0.97548092D-29
  87 C3S         0  0  0  3  0  0  0  1  0  0  0  0  0  0  0.57539432D-19
  88 H2CO        0  2  0  1  0  1  0  0  0  0  0  0  0  0  0.16850816D-13
  89 H2CS        0  2  0  1  0  0  0  1  0  0  0  0  0  0  0.65047240D-19
  90 HOOH        0  2  0  0  0  2  0  0  0  0  0  0  0  0  0.98248725D-21
  91 HSSH        0  2  0  0  0  0  0  2  0  0  0  0  0  0  0.57848228D-24
  92 H2SiO       0  2  0  0  0  1  1  0  0  0  0  0  0  0  0.67555936D-32
  93 HCCP        0  1  0  2  0  0  0  0  0  0  0  0  1  0  0.79271119D-22
  94 HCCSi       0  1  0  2  0  0  1  0  0  0  0  0  0  0  0.62613685D-21
  95 l-SiC3      0  0  0  3  0  0  1  0  0  0  0  0  0  0  0.37868811D-20
  96 SiH3        0  3  0  0  0  0  1  0  0  0  0  0  0  0  0.31252930D-30
  97 H2CN        0  2  0  1  1  0  0  0  0  0  0  0  0  0  0.21097723D-16
  98 C5          0  0  0  5  0  0  0  0  0  0  0  0  0  0  0.24626713D-17
  99 c-C3H2      0  2  0  3  0  0  0  0  0  0  0  0  0  0  0.13443556D-15
 100 l-C3H2      0  2  0  3  0  0  0  0  0  0  0  0  0  0  0.10789520D-15
 101 C4H         0  1  0  4  0  0  0  0  0  0  0  0  0  0  0.32085452D-16
 102 CH4         0  4  0  1  0  0  0  0  0  0  0  0  0  0  0.78490974D-15
 103 HC3N        0  1  0  3  1  0  0  0  0  0  0  0  0  0  0.89495140D-18
 104 H2CCN       0  2  0  2  1  0  0  0  0  0  0  0  0  0  0.41466252D-20
 105 H2CCO       0  2  0  2  0  1  0  0  0  0  0  0  0  0  0.49436330D-18
 106 C2H3        0  3  0  2  0  0  0  0  0  0  0  0  0  0  0.71230128D-18
 107 C4N         0  0  0  4  1  0  0  0  0  0  0  0  0  0  0.38411130D-18
 108 C4P         0  0  0  4  0  0  0  0  0  0  0  0  1  0  0.26113854D-29
 109 C4S         0  0  0  4  0  0  0  1  0  0  0  0  0  0  0.10587258D-20
 110 HCOOH       0  2  0  1  0  2  0  0  0  0  0  0  0  0  0.31316718D-21
 111 CH2PH       0  3  0  1  0  0  0  0  0  0  0  0  1  0  0.18223012D-30
 112 CH2NH       0  3  0  1  1  0  0  0  0  0  0  0  0  0  0.20058132D-21
 113 c-HCCHSi    0  2  0  2  0  0  1  0  0  0  0  0  0  0  0.13358811D-21
 114 SiC3H       0  1  0  3  0  0  1  0  0  0  0  0  0  0  0.72259884D-25
 115 SiC4        0  0  0  4  0  0  1  0  0  0  0  0  0  0  0.39981138D-25
 116 SiCH3       0  3  0  1  0  0  1  0  0  0  0  0  0  0  0.30338552D-24
 117 SiH4        0  4  0  0  0  0  1  0  0  0  0  0  0  0  0.32078656D-30
 118 HCNCC       0  1  0  3  1  0  0  0  0  0  0  0  0  0  0.17139203D-22
 119 HCCNC       0  1  0  3  1  0  0  0  0  0  0  0  0  0  0.28429163D-21
 120 HNCCC       0  1  0  3  1  0  0  0  0  0  0  0  0  0  0.40019052D-23
 121 NH2CN       0  2  0  1  2  0  0  0  0  0  0  0  0  0  0.00000000D+00
 122 C6          0  0  0  6  0  0  0  0  0  0  0  0  0  0  0.14023928D-18
 123 CH3CN       0  3  0  2  1  0  0  0  0  0  0  0  0  0  0.25008210D-20
 124 CH2CCH      0  3  0  3  0  0  0  0  0  0  0  0  0  0  0.98172517D-26
 125 C2H4        0  4  0  2  0  0  0  0  0  0  0  0  0  0  0.39721872D-22
 126 NC4N        0  0  0  4  2  0  0  0  0  0  0  0  0  0  0.12680321D-21
 127 H2CSiCH     0  3  0  2  0  0  1  0  0  0  0  0  0  0  0.36871215D-27
 128 SiC4H       0  1  0  4  0  0  1  0  0  0  0  0  0  0  0.16356031D-20
 129 HC4N        0  1  0  4  1  0  0  0  0  0  0  0  0  0  0.93311291D-23
 130 C4H2        0  2  0  4  0  0  0  0  0  0  0  0  0  0  0.15945905D-15
 131 C5H         0  1  0  5  0  0  0  0  0  0  0  0  0  0  0.23000451D-17
 132 C5N         0  0  0  5  1  0  0  0  0  0  0  0  0  0  0.19821521D-18
 133 CH3OH       0  4  0  1  0  1  0  0  0  0  0  0  0  0  0.16762117D-23
 134 NH2CHO      0  3  0  1  1  1  0  0  0  0  0  0  0  0  0.21864498D-25
 135 C5O         0  0  0  5  0  1  0  0  0  0  0  0  0  0  0.40244401D-18
 136 C7          0  0  0  7  0  0  0  0  0  0  0  0  0  0  0.11969651D-19
 137 HC5N        0  1  0  5  1  0  0  0  0  0  0  0  0  0  0.72941888D-21
 138 SiC2CH3     0  3  0  3  0  0  1  0  0  0  0  0  0  0  0.11983973D-30
 139 CH3CHO      0  4  0  2  0  1  0  0  0  0  0  0  0  0  0.38751390D-28
 140 C2H5        0  5  0  2  0  0  0  0  0  0  0  0  0  0  0.34941007D-38
 141 CH2CHCN     0  3  0  3  1  0  0  0  0  0  0  0  0  0  0.12600803D-29
 142 CH3CCH      0  4  0  3  0  0  0  0  0  0  0  0  0  0  0.11683476D-25
 143 C5H2        0  2  0  5  0  0  0  0  0  0  0  0  0  0  0.28498128D-16
 144 C6H         0  1  0  6  0  0  0  0  0  0  0  0  0  0  0.43149363D-18
 145 CH3NH2      0  5  0  1  1  0  0  0  0  0  0  0  0  0  0.57939961D-25
 146 C4H3        0  3  0  4  0  0  0  0  0  0  0  0  0  0  0.96321244D-22
 147 C6N         0  0  0  6  1  0  0  0  0  0  0  0  0  0  0.53298568D-20
 148 C8          0  0  0  8  0  0  0  0  0  0  0  0  0  0  0.11008185D-19
 149 HC6N        0  1  0  6  1  0  0  0  0  0  0  0  0  0  0.76421526D-26
 150 NC6N        0  0  0  6  2  0  0  0  0  0  0  0  0  0  0.10281535D-24
 151 SiC6H       0  1  0  6  0  0  1  0  0  0  0  0  0  0  0.22503544D-21
 152 CH2CHC2H    0  4  0  4  0  0  0  0  0  0  0  0  0  0  0.14085356D-30
 153 C6H2        0  2  0  6  0  0  0  0  0  0  0  0  0  0  0.21939270D-16
 154 C7H         0  1  0  7  0  0  0  0  0  0  0  0  0  0  0.42344373D-19
 155 C7N         0  0  0  7  1  0  0  0  0  0  0  0  0  0  0.63015849D-20
 156 CH3C3N      0  3  0  4  1  0  0  0  0  0  0  0  0  0  0.13187919D-26
 157 HCOOCH3     0  4  0  2  0  2  0  0  0  0  0  0  0  0  0.94532493D-35
 158 C2H6        0  6  0  2  0  0  0  0  0  0  0  0  0  0  0.00000000D+00
 159 C7O         0  0  0  7  0  1  0  0  0  0  0  0  0  0  0.74090892D-20
 160 C9          0  0  0  9  0  0  0  0  0  0  0  0  0  0  0.92557578D-21
 161 HC7N        0  1  0  7  1  0  0  0  0  0  0  0  0  0  0.70335555D-22
 162 SiC3H5      0  5  0  3  0  0  1  0  0  0  0  0  0  0  0.00000000D+00
 163 CH3CH2OH    0  6  0  2  0  1  0  0  0  0  0  0  0  0  0.20141725D-35
 164 C7H2        0  2  0  7  0  0  0  0  0  0  0  0  0  0  0.25372806D-17
 165 C8H         0  1  0  8  0  0  0  0  0  0  0  0  0  0  0.35747838D-19
 166 CH3C4H      0  4  0  5  0  0  0  0  0  0  0  0  0  0  0.24428001D-30
 167 CH3OCH3     0  6  0  2  0  1  0  0  0  0  0  0  0  0  0.62545589D-34
 168 CH3CHCH2    0  6  0  3  0  0  0  0  0  0  0  0  0  0  0.00000000D+00
 169 C8N         0  0  0  8  1  0  0  0  0  0  0  0  0  0  0.25951482D-21
 170 C10         0  0  0 10  0  0  0  0  0  0  0  0  0  0  0.10726325D-21
 171 CH3COCH3    0  6  0  3  0  1  0  0  0  0  0  0  0  0  0.16630748D-37
 172 C8H2        0  2  0  8  0  0  0  0  0  0  0  0  0  0  0.18622703D-17
 173 C9H         0  1  0  9  0  0  0  0  0  0  0  0  0  0  0.26429819D-20
 174 C9N         0  0  0  9  1  0  0  0  0  0  0  0  0  0  0.38727875D-21
 175 CH3C5N      0  3  0  6  1  0  0  0  0  0  0  0  0  0  0.98920157D-30
 176 HC8N        0  1  0  8  1  0  0  0  0  0  0  0  0  0  0.73690859D-27
 177 NC8N        0  0  0  8  2  0  0  0  0  0  0  0  0  0  0.99141591D-26
 178 SiC8H       0  1  0  8  0  0  1  0  0  0  0  0  0  0  0.19101675D-22
 179 CH2CHCHCH2  0  6  0  4  0  0  0  0  0  0  0  0  0  0  0.00000000D+00
 180 C9O         0  0  0  9  0  1  0  0  0  0  0  0  0  0  0.46244842D-21
 181 HC9N        0  1  0  9  1  0  0  0  0  0  0  0  0  0  0.67577378D-24
 182 C10H        0  1  0 10  0  0  0  0  0  0  0  0  0  0  0.35402217D-21
 183 C9H2        0  2  0  9  0  0  0  0  0  0  0  0  0  0  0.15061584D-18
 184 CH3C6H      0  4  0  7  0  0  0  0  0  0  0  0  0  0  0.20112238D-31
 185 C11         0  0  0 11  0  0  0  0  0  0  0  0  0  0  0.11429922D-21
 186 C10N        0  0  0 10  1  0  0  0  0  0  0  0  0  0  0.24501806D-23
 187 CH3C7N      0  3  0  8  1  0  0  0  0  0  0  0  0  0  0.92438527D-31
 188 C10H2       0  2  0 10  0  0  0  0  0  0  0  0  0  0  0.51027390D-20
 189 C6H6        0  6  0  6  0  0  0  0  0  0  0  0  0  0  0.14671366D-28
 190 Si+         1  0  0  0  0  0  1  0  0  0  0  0  0  0  0.79531447D-08
 191 C+          1  0  0  1  0  0  0  0  0  0  0  0  0  0  0.12419308D-03
 192 C-         -1  0  0  1  0  0  0  0  0  0  0  0  0  0  0.31895320D-13
 193 H-         -1  1  0  0  0  0  0  0  0  0  0  0  0  0  0.45107496D-11
 194 O-         -1  0  0  0  0  1  0  0  0  0  0  0  0  0  0.90833988D-13
 195 S-         -1  0  0  0  0  0  0  1  0  0  0  0  0  0  0.23061050D-17
 196 He+         1  0  1  0  0  0  0  0  0  0  0  0  0  0  0.13438398D-08
 197 H+          1  1  0  0  0  0  0  0  0  0  0  0  0  0  0.23052790D-06
 198 Fe+         1  0  0  0  0  0  0  0  1  0  0  0  0  0  0.29865128D-08
 199 Mg+         1  0  0  0  0  0  0  0  0  0  1  0  0  0  0.69178932D-08
 200 N+          1  0  0  0  1  0  0  0  0  0  0  0  0  0  0.20780643D-11
 201 Na+         1  0  0  0  0  0  0  0  0  1  0  0  0  0  0.19830847D-08
 202 O+          1  0  0  0  0  1  0  0  0  0  0  0  0  0  0.53227172D-12
 203 S+          1  0  0  0  0  0  0  1  0  0  0  0  0  0  0.79384881D-07
 204 Cl+         1  0  0  0  0  0  0  0  0  0  0  1  0  0  0.12799324D-13
 205 F+          1  0  0  0  0  0  0  0  0  0  0  0  0  1  0.27048261D-15
 206 P+          1  0  0  0  0  0  0  0  0  0  0  0  1  0  0.19998747D-09
 207 e-         -1  0  0  0  0  0  0  0  0  0  0  0  0  0  0.12452441D-03
 208 CH+         1  1  0  1  0  0  0  0  0  0  0  0  0  0  0.25830885D-11
 209 H2+         1  2  0  0  0  0  0  0  0  0  0  0  0  0  0.64155901D-14
 210 OH+         1  1  0  0  0  1  0  0  0  0  0  0  0  0  0.79083852D-12
 211 SiH+        1  1  0  0  0  0  1  0  0  0  0  0  0  0  0.18758292D-15
 212 C2+         1  0  0  2  0  0  0  0  0  0  0  0  0  0  0.17500827D-12
 213 CN-        -1  0  0  1  1  0  0  0  0  0  0  0  0  0  0.17634552D-22
 214 OH-        -1  1  0  0  0  1  0  0  0  0  0  0  0  0  0.81307793D-16
 215 CF+         1  0  0  1  0  0  0  0  0  0  0  0  0  1  0.10522260D-10
 216 HS+         1  1  0  0  0  0  0  1  0  0  0  0  0  0  0.18029759D-15
 217 SO+         1  0  0  0  0  1  0  1  0  0  0  0  0  0  0.38903872D-14
 218 CCl+        1  0  0  1  0  0  0  0  0  0  0  1  0  0  0.18473576D-15
 219 ClO+        1  0  0  0  0  1  0  0  0  0  0  1  0  0  0.00000000D+00
 220 CN+         1  0  0  1  1  0  0  0  0  0  0  0  0  0  0.74109341D-15
 221 CO+         1  0  0  1  0  1  0  0  0  0  0  0  0  0  0.90360263D-12
 222 CP+         1  0  0  1  0  0  0  0  0  0  0  0  1  0  0.61807638D-19
 223 CS+         1  0  0  1  0  0  0  1  0  0  0  0  0  0  0.25100188D-15
 224 HCl+        1  1  0  0  0  0  0  0  0  0  0  1  0  0  0.34907260D-14
 225 HF+         1  1  0  0  0  0  0  0  0  0  0  0  0  1  0.93974684D-16
 226 HeH+        1  1  1  0  0  0  0  0  0  0  0  0  0  0  0.93152862D-25
 227 N2+         1  0  0  0  2  0  0  0  0  0  0  0  0  0  0.78500947D-17
 228 NH+         1  1  0  0  1  0  0  0  0  0  0  0  0  0  0.21096085D-13
 229 NO+         1  0  0  0  1  1  0  0  0  0  0  0  0  0  0.30572850D-14
 230 NS+         1  0  0  0  1  0  0  1  0  0  0  0  0  0  0.49901435D-17
 231 O2+         1  0  0  0  0  2  0  0  0  0  0  0  0  0  0.24100560D-14
 232 PH+         1  1  0  0  0  0  0  0  0  0  0  0  1  0  0.86517757D-17
 233 PN+         1  0  0  0  1  0  0  0  0  0  0  0  1  0  0.52838911D-19
 234 PO+         1  0  0  0  0  1  0  0  0  0  0  0  1  0  0.11511779D-16
 235 S2+         1  0  0  0  0  0  0  2  0  0  0  0  0  0  0.38163997D-22
 236 SiC+        1  0  0  1  0  0  1  0  0  0  0  0  0  0  0.12125561D-15
 237 SiN+        1  0  0  0  1  0  1  0  0  0  0  0  0  0  0.49056893D-17
 238 SiO+        1  0  0  0  0  1  1  0  0  0  0  0  0  0  0.33209255D-15
 239 SiS+        1  0  0  0  0  0  1  1  0  0  0  0  0  0  0.14141244D-20
 240 SiF+        1  0  0  0  0  0  1  0  0  0  0  0  0  1  0.53976982D-15
 241 CH2+        1  2  0  1  0  0  0  0  0  0  0  0  0  0  0.22737908D-10
 242 C2N+        1  0  0  2  1  0  0  0  0  0  0  0  0  0  0.22964465D-17
 243 CNC+        1  0  0  2  1  0  0  0  0  0  0  0  0  0  0.90306869D-15
 244 HSiO+       1  1  0  0  0  1  1  0  0  0  0  0  0  0  0.47482598D-16
 245 N2H+        1  1  0  0  2  0  0  0  0  0  0  0  0  0  0.38642316D-17
 246 C2H+        1  1  0  2  0  0  0  0  0  0  0  0  0  0  0.54428726D-13
 247 H3+         1  3  0  0  0  0  0  0  0  0  0  0  0  0  0.31947002D-13
 248 C3-        -1  0  0  3  0  0  0  0  0  0  0  0  0  0  0.14085214D-20
 249 HCO+        1  1  0  1  0  1  0  0  0  0  0  0  0  0  0.26589743D-12
 250 HSO+        1  1  0  0  0  1  0  1  0  0  0  0  0  0  0.94234824D-21
 251 H2S+        1  2  0  0  0  0  0  1  0  0  0  0  0  0  0.15891874D-15
 252 HCS+        1  1  0  1  0  0  0  1  0  0  0  0  0  0  0.15243546D-16
 253 HPO+        1  1  0  0  0  1  0  0  0  0  0  0  1  0  0.27105743D-19
 254 C2O+        1  0  0  2  0  1  0  0  0  0  0  0  0  0  0.74349386D-18
 255 C2S+        1  0  0  2  0  0  0  1  0  0  0  0  0  0  0.65350541D-17
 256 C3+         1  0  0  3  0  0  0  0  0  0  0  0  0  0  0.11717496D-13
 257 CCP+        1  0  0  2  0  0  0  0  0  0  0  0  1  0  0.20330616D-20
 258 CHSi+       1  1  0  1  0  0  1  0  0  0  0  0  0  0  0.47448132D-16
 259 CO2+        1  0  0  1  0  2  0  0  0  0  0  0  0  0  0.13056465D-25
 260 H2Cl+       1  2  0  0  0  0  0  0  0  0  0  1  0  0  0.19168657D-14
 261 H2F+        1  2  0  0  0  0  0  0  0  0  0  0  0  1  0.22117927D-16
 262 H2O+        1  2  0  0  0  1  0  0  0  0  0  0  0  0  0.21736707D-12
 263 HCN+        1  1  0  1  1  0  0  0  0  0  0  0  0  0  0.37592296D-14
 264 HCP+        1  1  0  1  0  0  0  0  0  0  0  0  1  0  0.19784792D-19
 265 HNC+        1  1  0  1  1  0  0  0  0  0  0  0  0  0  0.25213957D-15
 266 HNO+        1  1  0  0  1  1  0  0  0  0  0  0  0  0  0.29579323D-16
 267 HNS+        1  1  0  0  1  0  0  1  0  0  0  0  0  0  0.25081123D-22
 268 HNSi+       1  1  0  0  1  0  1  0  0  0  0  0  0  0  0.11487803D-19
 269 HOC+        1  1  0  1  0  1  0  0  0  0  0  0  0  0  0.30273149D-12
 270 HPN+        1  1  0  0  1  0  0  0  0  0  0  0  1  0  0.12618917D-25
 271 HSiS+       1  1  0  0  0  0  1  1  0  0  0  0  0  0  0.89779039D-21
 272 NaH2+       1  2  0  0  0  0  0  0  0  1  0  0  0  0  0.33506902D-18
 273 NCO+        1  0  0  1  1  1  0  0  0  0  0  0  0  0  0.70297870D-20
 274 NH2+        1  2  0  0  1  0  0  0  0  0  0  0  0  0  0.84807843D-14
 275 NO2+        1  0  0  0  1  2  0  0  0  0  0  0  0  0  0.26044303D-22
 276 HO2+        1  1  0  0  0  2  0  0  0  0  0  0  0  0  0.16701534D-22
 277 OCS+        1  0  0  1  0  1  0  1  0  0  0  0  0  0  0.13882384D-19
 278 PH2+        1  2  0  0  0  0  0  0  0  0  0  0  1  0  0.65071932D-17
 279 HS2+        1  1  0  0  0  0  0  2  0  0  0  0  0  0  0.78577652D-23
 280 SiC2+       1  0  0  2  0  0  1  0  0  0  0  0  0  0  0.57391811D-17
 281 SiH2+       1  2  0  0  0  0  1  0  0  0  0  0  0  0  0.24107071D-15
 282 SiNC+       1  0  0  1  1  0  1  0  0  0  0  0  0  0  0.75394073D-19
 283 SO2+        1  0  0  0  0  2  0  1  0  0  0  0  0  0  0.47923992D-30
 284 HCNH+       1  2  0  1  1  0  0  0  0  0  0  0  0  0  0.12190169D-14
 285 HC2N+       1  1  0  2  1  0  0  0  0  0  0  0  0  0  0.11763113D-17
 286 C3H+        1  1  0  3  0  0  0  0  0  0  0  0  0  0  0.12209211D-14
 287 C4+         1  0  0  4  0  0  0  0  0  0  0  0  0  0  0.56532088D-17
 288 H2CO+       1  2  0  1  0  1  0  0  0  0  0  0  0  0  0.26134838D-16
 289 CH3+        1  3  0  1  0  0  0  0  0  0  0  0  0  0  0.49413919D-11
 290 C3N-       -1  0  0  3  1  0  0  0  0  0  0  0  0  0  0.27895164D-20
 291 C4-        -1  0  0  4  0  0  0  0  0  0  0  0  0  0  0.13808881D-18
 292 H3O+        1  3  0  0  0  1  0  0  0  0  0  0  0  0  0.38573468D-13
 293 H2NO+       1  2  0  0  1  1  0  0  0  0  0  0  0  0  0.10906134D-19
 294 H3S+        1  3  0  0  0  0  0  1  0  0  0  0  0  0  0.16118631D-22
 295 HC2S+       1  1  0  2  0  0  0  1  0  0  0  0  0  0  0.94048623D-20
 296 HOCS+       1  1  0  1  0  1  0  1  0  0  0  0  0  0  0.78332710D-26
 297 PCH2+       1  2  0  1  0  0  0  0  0  0  0  0  1  0  0.83595193D-20
 298 H2S2+       1  2  0  0  0  0  0  2  0  0  0  0  0  0  0.20806490D-28
 299 C2H2+       1  2  0  2  0  0  0  0  0  0  0  0  0  0  0.15091577D-13
 300 C2HO+       1  1  0  2  0  1  0  0  0  0  0  0  0  0  0.23738693D-17
 301 C2N2+       1  0  0  2  2  0  0  0  0  0  0  0  0  0  0.63886294D-28
 302 C3N+        1  0  0  3  1  0  0  0  0  0  0  0  0  0  0.14782011D-21
 303 C3O+        1  0  0  3  0  1  0  0  0  0  0  0  0  0  0.74744130D-20
 304 C3S+        1  0  0  3  0  0  0  1  0  0  0  0  0  0  0.35144260D-20
 305 CH2Si+      1  2  0  1  0  0  1  0  0  0  0  0  0  0  0.16394658D-16
 306 H2CCl+      1  2  0  1  0  0  0  0  0  0  0  1  0  0  0.68167761D-23
 307 H2CS+       1  2  0  1  0  0  0  1  0  0  0  0  0  0  0.23762176D-20
 308 H2NC+       1  2  0  1  1  0  0  0  0  0  0  0  0  0  0.31100886D-15
 309 H2PO+       1  2  0  0  0  1  0  0  0  0  0  0  1  0  0.77811952D-27
 310 H2SiO+      1  2  0  0  0  1  1  0  0  0  0  0  0  0  0.92785668D-27
 311 HOCO+       1  1  0  1  0  2  0  0  0  0  0  0  0  0  0.19727088D-20
 312 HNCO+       1  1  0  1  1  1  0  0  0  0  0  0  0  0  0.46279388D-25
 313 HSiO2+      1  1  0  0  0  2  1  0  0  0  0  0  0  0  0.31922182D-34
 314 HSO2+       1  1  0  0  0  2  0  1  0  0  0  0  0  0  0.95740171D-33
 315 NaH2O+      1  2  0  0  0  1  0  0  0  1  0  0  0  0  0.13649721D-25
 316 NH3+        1  3  0  0  1  0  0  0  0  0  0  0  0  0  0.41596814D-15
 317 PC2H+       1  1  0  2  0  0  0  0  0  0  0  0  1  0  0.30922443D-22
 318 PH3+        1  3  0  0  0  0  0  0  0  0  0  0  1  0  0.10776091D-23
 319 PNH2+       1  2  0  0  1  0  0  0  0  0  0  0  1  0  0.15064360D-25
 320 SiC2H+      1  1  0  2  0  0  1  0  0  0  0  0  0  0  0.36369522D-17
 321 l-SiC3+     1  0  0  3  0  0  1  0  0  0  0  0  0  0  0.93072621D-21
 322 SiH3+       1  3  0  0  0  0  1  0  0  0  0  0  0  0  0.17696308D-23
 323 SiNCH+      1  1  0  1  1  0  1  0  0  0  0  0  0  0  0.68641018D-24
 324 HSiNH+      1  2  0  0  1  0  1  0  0  0  0  0  0  0  0.48532869D-20
 325 HN2O+       1  1  0  0  2  1  0  0  0  0  0  0  0  0  0.25825907D-33
 326 C2H3+       1  3  0  2  0  0  0  0  0  0  0  0  0  0  0.48056144D-17
 327 c-C3H2+     1  2  0  3  0  0  0  0  0  0  0  0  0  0  0.22159004D-17
 328 l-C3H2+     1  2  0  3  0  0  0  0  0  0  0  0  0  0  0.19561126D-17
 329 C4H+        1  1  0  4  0  0  0  0  0  0  0  0  0  0  0.22546845D-17
 330 C5+         1  0  0  5  0  0  0  0  0  0  0  0  0  0  0.47931732D-18
 331 HC3O+       1  1  0  3  0  1  0  0  0  0  0  0  0  0  0.83903646D-25
 332 C4H-       -1  1  0  4  0  0  0  0  0  0  0  0  0  0  0.13645466D-18
 333 C5-        -1  0  0  5  0  0  0  0  0  0  0  0  0  0  0.41647746D-19
 334 NH4+        1  4  0  0  1  0  0  0  0  0  0  0  0  0  0.69391331D-20
 335 H3CS+       1  3  0  1  0  0  0  1  0  0  0  0  0  0  0.47670694D-22
 336 H2COH+      1  3  0  1  0  1  0  0  0  0  0  0  0  0  0.39079925D-20
 337 H3S2+       1  3  0  0  0  0  0  2  0  0  0  0  0  0  0.19915138D-27
 338 HC3S+       1  1  0  3  0  0  0  1  0  0  0  0  0  0  0.19575356D-20
 339 PC3H+       1  1  0  3  0  0  0  0  0  0  0  0  1  0  0.50752066D-30
 340 PCH3+       1  3  0  1  0  0  0  0  0  0  0  0  1  0  0.40819342D-31
 341 PNH3+       1  3  0  0  1  0  0  0  0  0  0  0  1  0  0.43403763D-33
 342 SiC2H2+     1  2  0  2  0  0  1  0  0  0  0  0  0  0  0.83812129D-24
 343 SiC3H+      1  1  0  3  0  0  1  0  0  0  0  0  0  0  0.13683083D-21
 344 SiC4+       1  0  0  4  0  0  1  0  0  0  0  0  0  0  0.80186578D-23
 345 SiCH3+      1  3  0  1  0  0  1  0  0  0  0  0  0  0  0.40443581D-26
 346 SiH4+       1  4  0  0  0  0  1  0  0  0  0  0  0  0  0.35246641D-36
 347 CH2CN+      1  2  0  2  1  0  0  0  0  0  0  0  0  0  0.38772572D-18
 348 H2CCO+      1  2  0  2  0  1  0  0  0  0  0  0  0  0  0.26438448D-20
 349 HC3N+       1  1  0  3  1  0  0  0  0  0  0  0  0  0  0.47727098D-21
 350 C4N+        1  0  0  4  1  0  0  0  0  0  0  0  0  0  0.26978583D-20
 351 C4P+        1  0  0  4  0  0  0  0  0  0  0  0  1  0  0.31262265D-34
 352 C4S+        1  0  0  4  0  0  0  1  0  0  0  0  0  0  0.87784039D-22
 353 HCOOH+      1  2  0  1  0  2  0  0  0  0  0  0  0  0  0.19900739D-25
 354 CH4+        1  4  0  1  0  0  0  0  0  0  0  0  0  0  0.33938913D-20
 355 H3SiO+      1  3  0  0  0  1  1  0  0  0  0  0  0  0  0.31868028D-35
 356 PC2H2+      1  2  0  2  0  0  0  0  0  0  0  0  1  0  0.14960219D-23
 357 C6+         1  0  0  6  0  0  0  0  0  0  0  0  0  0  0.41662193D-19
 358 HC4N+       1  1  0  4  1  0  0  0  0  0  0  0  0  0  0.18380375D-29
 359 C5H-       -1  1  0  5  0  0  0  0  0  0  0  0  0  0  0.30417021D-19
 360 C6-        -1  0  0  6  0  0  0  0  0  0  0  0  0  0  0.12411609D-19
 361 CH3CO+      1  3  0  2  0  1  0  0  0  0  0  0  0  0  0.70052938D-20
 362 C2H4+       1  4  0  2  0  0  0  0  0  0  0  0  0  0  0.45537173D-18
 363 HC3NH+      1  2  0  3  1  0  0  0  0  0  0  0  0  0  0.11372009D-23
 364 HC4S+       1  1  0  4  0  0  0  1  0  0  0  0  0  0  0.66403831D-22
 365 CH5+        1  5  0  1  0  0  0  0  0  0  0  0  0  0  0.33333503D-16
 366 C4H2+       1  2  0  4  0  0  0  0  0  0  0  0  0  0  0.22727938D-18
 367 C5H+        1  1  0  5  0  0  0  0  0  0  0  0  0  0  0.96838141D-19
 368 CH3CN+      1  3  0  2  1  0  0  0  0  0  0  0  0  0  0.46476873D-22
 369 c-C3H3+     1  3  0  3  0  0  0  0  0  0  0  0  0  0  0.20932865D-17
 370 l-C3H3+     1  3  0  3  0  0  0  0  0  0  0  0  0  0  0.20932403D-17
 371 C5N+        1  0  0  5  1  0  0  0  0  0  0  0  0  0  0.80327782D-23
 372 CH3O2+      1  3  0  1  0  2  0  0  0  0  0  0  0  0  0.51930408D-25
 373 CH2NH2+     1  4  0  1  1  0  0  0  0  0  0  0  0  0  0.36282316D-23
 374 CH3OH+      1  4  0  1  0  1  0  0  0  0  0  0  0  0  0.27655723D-26
 375 H2C3O+      1  2  0  3  0  1  0  0  0  0  0  0  0  0  0.27483930D-24
 376 HC2NCH+     1  2  0  3  1  0  0  0  0  0  0  0  0  0  0.11272968D-22
 377 HC4O+       1  1  0  4  0  1  0  0  0  0  0  0  0  0  0.53996003D-22
 378 NH2CNH+     1  3  0  1  2  0  0  0  0  0  0  0  0  0  0.00000000D+00
 379 PC2H3+      1  3  0  2  0  0  0  0  0  0  0  0  1  0  0.81078946D-37
 380 PC4H+       1  1  0  4  0  0  0  0  0  0  0  0  1  0  0.22118624D-31
 381 PCH4+       1  4  0  1  0  0  0  0  0  0  0  0  1  0  0.20408274D-32
 382 SiC2H3+     1  3  0  2  0  0  1  0  0  0  0  0  0  0  0.27650797D-23
 383 SiC3H2+     1  2  0  3  0  0  1  0  0  0  0  0  0  0  0.70434791D-27
 384 SiC4H+      1  1  0  4  0  0  1  0  0  0  0  0  0  0  0.23326780D-28
 385 SiCH4+      1  4  0  1  0  0  1  0  0  0  0  0  0  0  0.38101948D-26
 386 SiH5+       1  5  0  0  0  0  1  0  0  0  0  0  0  0  0.18304986D-32
 387 C7+         1  0  0  7  0  0  0  0  0  0  0  0  0  0  0.11873444D-19
 388 H2C4N+      1  2  0  4  1  0  0  0  0  0  0  0  0  0  0.88171317D-30
 389 C6H-       -1  1  0  6  0  0  0  0  0  0  0  0  0  0  0.16300827D-19
 390 C7-        -1  0  0  7  0  0  0  0  0  0  0  0  0  0  0.27668761D-20
 391 C4H3+       1  3  0  4  0  0  0  0  0  0  0  0  0  0  0.14362964D-18
 392 C5H2+       1  2  0  5  0  0  0  0  0  0  0  0  0  0  0.14361833D-21
 393 CH3CNH+     1  4  0  2  1  0  0  0  0  0  0  0  0  0  0.10760543D-21
 394 C2H4O+      1  4  0  2  0  1  0  0  0  0  0  0  0  0  0.89371321D-30
 395 C2H5+       1  5  0  2  0  0  0  0  0  0  0  0  0  0  0.42624375D-25
 396 C3H3N+      1  3  0  3  1  0  0  0  0  0  0  0  0  0  0.28121045D-31
 397 C3H4+       1  4  0  3  0  0  0  0  0  0  0  0  0  0  0.13401739D-28
 398 HC5N+       1  1  0  5  1  0  0  0  0  0  0  0  0  0  0.35211682D-23
 399 C6H+        1  1  0  6  0  0  0  0  0  0  0  0  0  0  0.31344003D-19
 400 CH3NH2+     1  5  0  1  1  0  0  0  0  0  0  0  0  0  0.21717989D-27
 401 CH3OH2+     1  5  0  1  0  1  0  0  0  0  0  0  0  0  0.12152946D-24
 402 H3C3O+      1  3  0  3  0  1  0  0  0  0  0  0  0  0  0.64961314D-27
 403 NH2CH2O+    1  4  0  1  1  1  0  0  0  0  0  0  0  0  0.35433928D-36
 404 PC2H4+      1  4  0  2  0  0  0  0  0  0  0  0  1  0  0.31071678D-38
 405 PC4H2+      1  2  0  4  0  0  0  0  0  0  0  0  1  0  0.35083131D-35
 406 HC5O+       1  1  0  5  0  1  0  0  0  0  0  0  0  0  0.92105169D-29
 407 C6N+        1  0  0  6  1  0  0  0  0  0  0  0  0  0  0.69838840D-23
 408 H2C5N+      1  2  0  5  1  0  0  0  0  0  0  0  0  0  0.77957648D-27
 409 C8+         1  0  0  8  0  0  0  0  0  0  0  0  0  0  0.31005436D-20
 410 C7H-       -1  1  0  7  0  0  0  0  0  0  0  0  0  0  0.36598844D-20
 411 C8-        -1  0  0  8  0  0  0  0  0  0  0  0  0  0  0.81933928D-21
 412 C5H3+       1  3  0  5  0  0  0  0  0  0  0  0  0  0  0.56125857D-27
 413 C3H5+       1  5  0  3  0  0  0  0  0  0  0  0  0  0  0.10339889D-27
 414 C6H2+       1  2  0  6  0  0  0  0  0  0  0  0  0  0  0.15698466D-21
 415 C7H+        1  1  0  7  0  0  0  0  0  0  0  0  0  0  0.78901873D-20
 416 CH3CHOH+    1  5  0  2  0  1  0  0  0  0  0  0  0  0  0.91462003D-30
 417 C2H6+       1  6  0  2  0  0  0  0  0  0  0  0  0  0  0.16112508D-49
 418 C3H3NH+     1  4  0  3  1  0  0  0  0  0  0  0  0  0  0.34999080D-33
 419 C4H4+       1  4  0  4  0  0  0  0  0  0  0  0  0  0  0.73689714D-22
 420 C7N+        1  0  0  7  1  0  0  0  0  0  0  0  0  0  0.78096048D-24
 421 CH3NH3+     1  6  0  1  1  0  0  0  0  0  0  0  0  0  0.70484408D-27
 422 COOCH4+     1  4  0  2  0  2  0  0  0  0  0  0  0  0  0.68599071D-37
 423 H3C4N+      1  3  0  4  1  0  0  0  0  0  0  0  0  0  0.26183994D-30
 424 HC6N+       1  1  0  6  1  0  0  0  0  0  0  0  0  0  0.67856339D-31
 425 C9+         1  0  0  9  0  0  0  0  0  0  0  0  0  0  0.10044398D-20
 426 C8H-       -1  1  0  8  0  0  0  0  0  0  0  0  0  0  0.69518917D-21
 427 C9-        -1  0  0  9  0  0  0  0  0  0  0  0  0  0  0.20530844D-21
 428 C4H5+       1  5  0  4  0  0  0  0  0  0  0  0  0  0  0.70368753D-32
 429 C6H3+       1  3  0  6  0  0  0  0  0  0  0  0  0  0  0.17266840D-26
 430 C7H2+       1  2  0  7  0  0  0  0  0  0  0  0  0  0  0.25633368D-22
 431 C2H5OH+     1  6  0  2  0  1  0  0  0  0  0  0  0  0  0.25526483D-38
 432 H3C4NH+     1  4  0  4  1  0  0  0  0  0  0  0  0  0  0.10983031D-28
 433 C5H3N+      1  3  0  5  1  0  0  0  0  0  0  0  0  0  0.67649509D-32
 434 C5H4+       1  4  0  5  0  0  0  0  0  0  0  0  0  0  0.74878460D-32
 435 HC7N+       1  1  0  7  1  0  0  0  0  0  0  0  0  0  0.11136187D-24
 436 C8H+        1  1  0  8  0  0  0  0  0  0  0  0  0  0  0.24943566D-20
 437 CH3OCH3+    1  6  0  2  0  1  0  0  0  0  0  0  0  0  0.16918506D-36
 438 H5C2O2+     1  5  0  2  0  2  0  0  0  0  0  0  0  0  0.14147750D-36
 439 HC7O+       1  1  0  7  0  1  0  0  0  0  0  0  0  0  0.16956779D-30
 440 C8N+        1  0  0  8  1  0  0  0  0  0  0  0  0  0  0.61827542D-24
 441 H2C6N+      1  2  0  6  1  0  0  0  0  0  0  0  0  0  0.42708047D-31
 442 C2H7+       1  7  0  2  0  0  0  0  0  0  0  0  0  0  0.00000000D+00
 443 C10+        1  0  0 10  0  0  0  0  0  0  0  0  0  0  0.34409355D-21
 444 CH3OCH4+    1  7  0  2  0  1  0  0  0  0  0  0  0  0  0.62492780D-36
 445 C9H-       -1  1  0  9  0  0  0  0  0  0  0  0  0  0  0.17049070D-21
 446 C10-       -1  0  0 10  0  0  0  0  0  0  0  0  0  0  0.77776006D-23
 447 C7H2N+      1  2  0  7  1  0  0  0  0  0  0  0  0  0  0.17642960D-27
 448 C7H3+       1  3  0  7  0  0  0  0  0  0  0  0  0  0  0.23831688D-27
 449 C5H5+       1  5  0  5  0  0  0  0  0  0  0  0  0  0  0.10935705D-32
 450 C8H2+       1  2  0  8  0  0  0  0  0  0  0  0  0  0  0.18090572D-21
 451 C9H+        1  1  0  9  0  0  0  0  0  0  0  0  0  0  0.65572136D-21
 452 C2H5OH2+    1  7  0  2  0  1  0  0  0  0  0  0  0  0  0.32055779D-37
 453 C2H6CO+     1  6  0  3  0  1  0  0  0  0  0  0  0  0  0.19185568D-39
 454 C5H4N+      1  4  0  5  1  0  0  0  0  0  0  0  0  0  0.15595993D-36
 455 C6H4+       1  4  0  6  0  0  0  0  0  0  0  0  0  0  0.90047756D-32
 456 C9N+        1  0  0  9  1  0  0  0  0  0  0  0  0  0  0.62164660D-25
 457 HC8N+       1  1  0  8  1  0  0  0  0  0  0  0  0  0  0.49166270D-32
 458 C10H+       1  1  0 10  0  0  0  0  0  0  0  0  0  0  0.16406425D-22
 459 C10H-      -1  1  0 10  0  0  0  0  0  0  0  0  0  0  0.34677306D-23
 460 C8H3+       1  3  0  8  0  0  0  0  0  0  0  0  0  0  0.14809653D-27
 461 C9H2+       1  2  0  9  0  0  0  0  0  0  0  0  0  0  0.15200715D-23
 462 C3H6OH+     1  7  0  3  0  1  0  0  0  0  0  0  0  0  0.38917048D-39
 463 C4H7+       1  7  0  4  0  0  0  0  0  0  0  0  0  0  0.14232359D-40
 464 H3C6NH+     1  4  0  6  1  0  0  0  0  0  0  0  0  0  0.89322893D-32
 465 C6H5+       1  5  0  6  0  0  0  0  0  0  0  0  0  0  0.38243916D-32
 466 H3C7N+      1  3  0  7  1  0  0  0  0  0  0  0  0  0  0.56111451D-35
 467 C7H4+       1  4  0  7  0  0  0  0  0  0  0  0  0  0  0.95420192D-33
 468 C9HN+       1  1  0  9  1  0  0  0  0  0  0  0  0  0  0.85393727D-26
 469 C11+        1  0  0 11  0  0  0  0  0  0  0  0  0  0  0.48338787D-23
 470 HC9O+       1  1  0  9  0  1  0  0  0  0  0  0  0  0  0.10583805D-31
 471 C10N+       1  0  0 10  1  0  0  0  0  0  0  0  0  0  0.59042844D-26
 472 H2C8N+      1  2  0  8  1  0  0  0  0  0  0  0  0  0  0.30944719D-32
 473 C9H2N+      1  2  0  9  1  0  0  0  0  0  0  0  0  0  0.29035157D-29
 474 C9H3+       1  3  0  9  0  0  0  0  0  0  0  0  0  0  0.20006124D-28
 475 C10H2+      1  2  0 10  0  0  0  0  0  0  0  0  0  0  0.40367596D-25
 476 C7H5+       1  5  0  7  0  0  0  0  0  0  0  0  0  0  0.11021004D-33
 477 C8H4+       1  4  0  8  0  0  0  0  0  0  0  0  0  0  0.59958698D-33
 478 HC10N+      1  1  0 10  1  0  0  0  0  0  0  0  0  0  0.46419792D-34
 479 C6H7+       1  7  0  6  0  0  0  0  0  0  0  0  0  0  0.29078254D-34
 480 C9H4+       1  4  0  9  0  0  0  0  0  0  0  0  0  0  0.54905616D-34
 481 C8H4N+      1  4  0  8  1  0  0  0  0  0  0  0  0  0  0.86130703D-33
 482 C8H5+       1  5  0  8  0  0  0  0  0  0  0  0  0  0  0.22070897D-35
 483 C9H3N+      1  3  0  9  1  0  0  0  0  0  0  0  0  0  0.53232478D-36
 484 C10H3+      1  3  0 10  0  0  0  0  0  0  0  0  0  0  0.71132967D-31
 485 H2C10N+     1  2  0 10  1  0  0  0  0  0  0  0  0  0  0.43824174D-34
 486 C9H5+       1  5  0  9  0  0  0  0  0  0  0  0  0  0  0.86245990D-44
 487 GRAIN0      0  0  0  0  0  0  0  0  0  0  0  0  0  0  0.89165964D-14
 488 GRAIN-     -1  0  0  0  0  0  0  0  0  0  0  0  0  0  0.13125834D-11
 489 XH          0  1  0  0  0  0  0  0  0  0  0  0  0  0  0.44460000D-14
