0.11D+08                                              +-  H  He C  O  S  G    
 JSPACE =            1
   1 H           0  1  0  0  0  0  0  0  0  0  0  0  0  0  0.88836672D+00
   2 C           0  0  0  1  0  0  0  0  0  0  0  0  0  0  0.57391238D-04
   3 Fe          0  0  0  0  0  0  0  0  1  0  0  0  0  0  0.13535556D-10
   4 Mg          0  0  0  0  0  0  0  0  0  0  1  0  0  0  0.82340058D-10
   5 S           0  0  0  0  0  0  0  1  0  0  0  0  0  0  0.62330637D-09
   6 Si          0  0  0  0  0  0  1  0  0  0  0  0  0  0  0.48920588D-10
   7 O           0  0  0  0  0  1  0  0  0  0  0  0  0  0  0.23983945D-03
   8 N           0  0  0  0  1  0  0  0  0  0  0  0  0  0  0.61999513D-04
   9 He          0  0  1  0  0  0  0  0  0  0  0  0  0  0  0.89999999D-01
  10 Cl          0  0  0  0  0  0  0  0  0  0  0  1  0  0  0.99995785D-09
  11 Na          0  0  0  0  0  0  0  0  0  1  0  0  0  0  0.16931827D-10
  12 P           0  0  0  0  0  0  0  0  0  0  0  0  1  0  0.14890052D-13
  13 F           0  0  0  0  0  0  0  0  0  0  0  0  0  1  0.55150729D-08
  14 OH          0  1  0  0  0  1  0  0  0  0  0  0  0  0  0.62027272D-09
  15 CO          0  0  0  1  0  1  0  0  0  0  0  0  0  0  0.15980000D-06
  16 CS          0  0  0  1  0  0  0  1  0  0  0  0  0  0  0.19683568D-12
  17 HS          0  1  0  0  0  0  0  1  0  0  0  0  0  0  0.45489920D-15
  18 N2          0  0  0  0  2  0  0  0  0  0  0  0  0  0  0.16746431D-09
  19 NH          0  1  0  0  1  0  0  0  0  0  0  0  0  0  0.80340408D-12
  20 SiH         0  1  0  0  0  0  1  0  0  0  0  0  0  0  0.68831228D-13
  21 SiO         0  0  0  0  0  1  1  0  0  0  0  0  0  0  0.42602404D-14
  22 SO          0  0  0  0  0  1  0  1  0  0  0  0  0  0  0.48100508D-16
  23 CH          0  1  0  1  0  0  0  0  0  0  0  0  0  0  0.50647120D-10
  24 O2          0  0  0  0  0  2  0  0  0  0  0  0  0  0  0.57632568D-10
  25 H2          0  2  0  0  0  0  0  0  0  0  0  0  0  0  0.55816525D-01
  26 C2          0  0  0  2  0  0  0  0  0  0  0  0  0  0  0.15271011D-09
  27 CN          0  0  0  1  1  0  0  0  0  0  0  0  0  0  0.14243603D-09
  28 MgH         0  1  0  0  0  0  0  0  0  0  1  0  0  0  0.95944051D-21
  29 NaH         0  1  0  0  0  0  0  0  0  1  0  0  0  0  0.35891051D-17
  30 NO          0  0  0  0  1  1  0  0  0  0  0  0  0  0  0.65527614D-11
  31 NS          0  0  0  0  1  0  0  1  0  0  0  0  0  0  0.36069296D-17
  32 PH          0  1  0  0  0  0  0  0  0  0  0  0  1  0  0.14302099D-14
  33 PN          0  0  0  0  1  0  0  0  0  0  0  0  1  0  0.69996752D-15
  34 PO          0  0  0  0  0  1  0  0  0  0  0  0  1  0  0.45666193D-16
  35 S2          0  0  0  0  0  0  0  2  0  0  0  0  0  0  0.47616930D-19
  36 SiC         0  0  0  1  0  0  1  0  0  0  0  0  0  0  0.86598905D-14
  37 SiN         0  0  0  0  1  0  1  0  0  0  0  0  0  0  0.81250877D-15
  38 SiS         0  0  0  0  0  0  1  1  0  0  0  0  0  0  0.13142887D-18
  39 CCl         0  0  0  1  0  0  0  0  0  0  0  1  0  0  0.20801495D-20
  40 ClO         0  0  0  0  0  1  0  0  0  0  0  1  0  0  0.00000000D+00
  41 CP          0  0  0  1  0  0  0  0  0  0  0  0  1  0  0.21653260D-16
  42 HCl         0  1  0  0  0  0  0  0  0  0  0  1  0  0  0.32027486D-13
  43 HF          0  1  0  0  0  0  0  0  0  0  0  0  0  1  0.11492318D-08
  44 CCH         0  1  0  2  0  0  0  0  0  0  0  0  0  0  0.65911853D-11
  45 C3          0  0  0  3  0  0  0  0  0  0  0  0  0  0  0.86504210D-11
  46 CH2         0  2  0  1  0  0  0  0  0  0  0  0  0  0  0.42435406D-11
  47 SO2         0  0  0  0  0  2  0  1  0  0  0  0  0  0  0.98775391D-22
  48 H2O         0  2  0  0  0  1  0  0  0  0  0  0  0  0  0.75182304D-11
  49 HCN         0  1  0  1  1  0  0  0  0  0  0  0  0  0  0.13041811D-12
  50 HCSi        0  1  0  1  0  0  1  0  0  0  0  0  0  0  0.68427888D-14
  51 CCN         0  0  0  2  1  0  0  0  0  0  0  0  0  0  0.25488550D-15
  52 CCS         0  0  0  2  0  0  0  1  0  0  0  0  0  0  0.21489129D-17
  53 CCO         0  0  0  2  0  1  0  0  0  0  0  0  0  0  0.15471870D-15
  54 CCP         0  0  0  2  0  0  0  0  0  0  0  0  1  0  0.56952833D-20
  55 CO2         0  0  0  1  0  2  0  0  0  0  0  0  0  0  0.75857755D-16
  56 H2S         0  2  0  0  0  0  0  1  0  0  0  0  0  0  0.21516831D-16
  57 HCO         0  1  0  1  0  1  0  0  0  0  0  0  0  0  0.41836441D-16
  58 HCP         0  1  0  1  0  0  0  0  0  0  0  0  1  0  0.51919955D-17
  59 HCS         0  1  0  1  0  0  0  1  0  0  0  0  0  0  0.53727417D-20
  60 HNC         0  1  0  1  1  0  0  0  0  0  0  0  0  0  0.85442479D-13
  61 HNO         0  1  0  0  1  1  0  0  0  0  0  0  0  0  0.16499152D-14
  62 HNSi        0  1  0  0  1  0  1  0  0  0  0  0  0  0  0.18555642D-17
  63 HPO         0  1  0  0  0  1  0  0  0  0  0  0  1  0  0.59887856D-22
  64 HSS         0  1  0  0  0  0  0  2  0  0  0  0  0  0  0.35495007D-23
  65 N2O         0  0  0  0  2  1  0  0  0  0  0  0  0  0  0.13528682D-20
  66 NaOH        0  1  0  0  0  1  0  0  0  1  0  0  0  0  0.41400830D-24
  67 NH2         0  2  0  0  1  0  0  0  0  0  0  0  0  0  0.43335440D-13
  68 NO2         0  0  0  0  1  2  0  0  0  0  0  0  0  0  0.00000000D+00
  69 O2H         0  1  0  0  0  2  0  0  0  0  0  0  0  0  0.46492834D-20
  70 OCN         0  0  0  1  1  1  0  0  0  0  0  0  0  0  0.18602713D-16
  71 OCS         0  0  0  1  0  1  0  1  0  0  0  0  0  0  0.51091677D-19
  72 PH2         0  2  0  0  0  0  0  0  0  0  0  0  1  0  0.28662114D-20
  73 c-SiC2      0  0  0  2  0  0  1  0  0  0  0  0  0  0  0.55937040D-15
  74 SiH2        0  2  0  0  0  0  1  0  0  0  0  0  0  0  0.53650351D-21
  75 SiNC        0  0  0  1  1  0  1  0  0  0  0  0  0  0  0.38454935D-20
  76 SiO2        0  0  0  0  0  2  1  0  0  0  0  0  0  0  0.15888814D-22
  77 C4          0  0  0  4  0  0  0  0  0  0  0  0  0  0  0.16163445D-15
  78 c-C3H       0  1  0  3  0  0  0  0  0  0  0  0  0  0  0.18021191D-14
  79 l-C3H       0  1  0  3  0  0  0  0  0  0  0  0  0  0  0.83467843D-15
  80 CH3         0  3  0  1  0  0  0  0  0  0  0  0  0  0  0.11372681D-11
  81 C2H2        0  2  0  2  0  0  0  0  0  0  0  0  0  0  0.36565251D-13
  82 NH3         0  3  0  0  1  0  0  0  0  0  0  0  0  0  0.91746181D-17
  83 SiCH2       0  2  0  1  0  0  1  0  0  0  0  0  0  0  0.20467973D-19
  84 C3N         0  0  0  3  1  0  0  0  0  0  0  0  0  0  0.14132300D-15
  85 C3O         0  0  0  3  0  1  0  0  0  0  0  0  0  0  0.11981550D-16
  86 C3P         0  0  0  3  0  0  0  0  0  0  0  0  1  0  0.76052543D-28
  87 C3S         0  0  0  3  0  0  0  1  0  0  0  0  0  0  0.38179259D-18
  88 H2CO        0  2  0  1  0  1  0  0  0  0  0  0  0  0  0.38836150D-13
  89 H2CS        0  2  0  1  0  0  0  1  0  0  0  0  0  0  0.16002291D-18
  90 HOOH        0  2  0  0  0  2  0  0  0  0  0  0  0  0  0.16687050D-20
  91 HSSH        0  2  0  0  0  0  0  2  0  0  0  0  0  0  0.19797222D-23
  92 H2SiO       0  2  0  0  0  1  1  0  0  0  0  0  0  0  0.24658816D-31
  93 HCCP        0  1  0  2  0  0  0  0  0  0  0  0  1  0  0.27997692D-21
  94 HCCSi       0  1  0  2  0  0  1  0  0  0  0  0  0  0  0.28142203D-20
  95 l-SiC3      0  0  0  3  0  0  1  0  0  0  0  0  0  0  0.25105652D-19
  96 SiH3        0  3  0  0  0  0  1  0  0  0  0  0  0  0  0.10341100D-29
  97 H2CN        0  2  0  1  1  0  0  0  0  0  0  0  0  0  0.45509803D-16
  98 C5          0  0  0  5  0  0  0  0  0  0  0  0  0  0  0.20027020D-16
  99 c-C3H2      0  2  0  3  0  0  0  0  0  0  0  0  0  0  0.79727512D-15
 100 l-C3H2      0  2  0  3  0  0  0  0  0  0  0  0  0  0  0.64463572D-15
 101 C4H         0  1  0  4  0  0  0  0  0  0  0  0  0  0  0.22440303D-15
 102 CH4         0  4  0  1  0  0  0  0  0  0  0  0  0  0  0.26984881D-14
 103 HC3N        0  1  0  3  1  0  0  0  0  0  0  0  0  0  0.54996628D-17
 104 H2CCN       0  2  0  2  1  0  0  0  0  0  0  0  0  0  0.17082428D-19
 105 H2CCO       0  2  0  2  0  1  0  0  0  0  0  0  0  0  0.17748879D-17
 106 C2H3        0  3  0  2  0  0  0  0  0  0  0  0  0  0  0.25831161D-17
 107 C4N         0  0  0  4  1  0  0  0  0  0  0  0  0  0  0.29522558D-17
 108 C4P         0  0  0  4  0  0  0  0  0  0  0  0  1  0  0.30033993D-28
 109 C4S         0  0  0  4  0  0  0  1  0  0  0  0  0  0  0.84393835D-20
 110 HCOOH       0  2  0  1  0  2  0  0  0  0  0  0  0  0  0.10646618D-20
 111 CH2PH       0  3  0  1  0  0  0  0  0  0  0  0  1  0  0.11002803D-29
 112 CH2NH       0  3  0  1  1  0  0  0  0  0  0  0  0  0  0.89094874D-21
 113 c-HCCHSi    0  2  0  2  0  0  1  0  0  0  0  0  0  0  0.76950842D-21
 114 SiC3H       0  1  0  3  0  0  1  0  0  0  0  0  0  0  0.52659864D-24
 115 SiC4        0  0  0  4  0  0  1  0  0  0  0  0  0  0  0.33283740D-24
 116 SiCH3       0  3  0  1  0  0  1  0  0  0  0  0  0  0  0.11667423D-23
 117 SiH4        0  4  0  0  0  0  1  0  0  0  0  0  0  0  0.10981536D-29
 118 HCNCC       0  1  0  3  1  0  0  0  0  0  0  0  0  0  0.83870331D-22
 119 HCCNC       0  1  0  3  1  0  0  0  0  0  0  0  0  0  0.14704578D-20
 120 HNCCC       0  1  0  3  1  0  0  0  0  0  0  0  0  0  0.25568351D-22
 121 NH2CN       0  2  0  1  2  0  0  0  0  0  0  0  0  0  0.00000000D+00
 122 C6          0  0  0  6  0  0  0  0  0  0  0  0  0  0  0.11653137D-17
 123 CH3CN       0  3  0  2  1  0  0  0  0  0  0  0  0  0  0.12637837D-19
 124 CH2CCH      0  3  0  3  0  0  0  0  0  0  0  0  0  0  0.74093838D-25
 125 C2H4        0  4  0  2  0  0  0  0  0  0  0  0  0  0  0.22965236D-21
 126 NC4N        0  0  0  4  2  0  0  0  0  0  0  0  0  0  0.18331216D-20
 127 H2CSiCH     0  3  0  2  0  0  1  0  0  0  0  0  0  0  0.33422511D-26
 128 SiC4H       0  1  0  4  0  0  1  0  0  0  0  0  0  0  0.18515763D-19
 129 HC4N        0  1  0  4  1  0  0  0  0  0  0  0  0  0  0.72940724D-22
 130 C4H2        0  2  0  4  0  0  0  0  0  0  0  0  0  0  0.11513369D-14
 131 C5H         0  1  0  5  0  0  0  0  0  0  0  0  0  0  0.19048213D-16
 132 C5N         0  0  0  5  1  0  0  0  0  0  0  0  0  0  0.16351631D-17
 133 CH3OH       0  4  0  1  0  1  0  0  0  0  0  0  0  0  0.67257640D-23
 134 NH2CHO      0  3  0  1  1  1  0  0  0  0  0  0  0  0  0.11469165D-24
 135 C5O         0  0  0  5  0  1  0  0  0  0  0  0  0  0  0.26534319D-17
 136 C7          0  0  0  7  0  0  0  0  0  0  0  0  0  0  0.10271579D-18
 137 HC5N        0  1  0  5  1  0  0  0  0  0  0  0  0  0  0.67477748D-20
 138 SiC2CH3     0  3  0  3  0  0  1  0  0  0  0  0  0  0  0.18430870D-29
 139 CH3CHO      0  4  0  2  0  1  0  0  0  0  0  0  0  0  0.31508055D-27
 140 C2H5        0  5  0  2  0  0  0  0  0  0  0  0  0  0  0.43139711D-37
 141 CH2CHCN     0  3  0  3  1  0  0  0  0  0  0  0  0  0  0.12491112D-28
 142 CH3CCH      0  4  0  3  0  0  0  0  0  0  0  0  0  0  0.11460582D-24
 143 C5H2        0  2  0  5  0  0  0  0  0  0  0  0  0  0  0.23427005D-15
 144 C6H         0  1  0  6  0  0  0  0  0  0  0  0  0  0  0.36172308D-17
 145 CH3NH2      0  5  0  1  1  0  0  0  0  0  0  0  0  0  0.45021413D-24
 146 C4H3        0  3  0  4  0  0  0  0  0  0  0  0  0  0  0.79050963D-21
 147 C6N         0  0  0  6  1  0  0  0  0  0  0  0  0  0  0.48856956D-19
 148 C8          0  0  0  8  0  0  0  0  0  0  0  0  0  0  0.96812487D-19
 149 HC6N        0  1  0  6  1  0  0  0  0  0  0  0  0  0  0.89865142D-25
 150 NC6N        0  0  0  6  2  0  0  0  0  0  0  0  0  0  0.22344418D-23
 151 SiC6H       0  1  0  6  0  0  1  0  0  0  0  0  0  0  0.29536895D-20
 152 CH2CHC2H    0  4  0  4  0  0  0  0  0  0  0  0  0  0  0.83470312D-29
 153 C6H2        0  2  0  6  0  0  0  0  0  0  0  0  0  0  0.18366469D-15
 154 C7H         0  1  0  7  0  0  0  0  0  0  0  0  0  0  0.37736862D-18
 155 C7N         0  0  0  7  1  0  0  0  0  0  0  0  0  0  0.58119615D-19
 156 CH3C3N      0  3  0  4  1  0  0  0  0  0  0  0  0  0  0.18772523D-25
 157 HCOOCH3     0  4  0  2  0  2  0  0  0  0  0  0  0  0  0.96852692D-34
 158 C2H6        0  6  0  2  0  0  0  0  0  0  0  0  0  0  0.00000000D+00
 159 C7O         0  0  0  7  0  1  0  0  0  0  0  0  0  0  0.52567763D-19
 160 C9          0  0  0  9  0  0  0  0  0  0  0  0  0  0  0.84928763D-20
 161 HC7N        0  1  0  7  1  0  0  0  0  0  0  0  0  0  0.71062963D-21
 162 SiC3H5      0  5  0  3  0  0  1  0  0  0  0  0  0  0  0.00000000D+00
 163 CH3CH2OH    0  6  0  2  0  1  0  0  0  0  0  0  0  0  0.30106122D-34
 164 C7H2        0  2  0  7  0  0  0  0  0  0  0  0  0  0  0.22562717D-16
 165 C8H         0  1  0  8  0  0  0  0  0  0  0  0  0  0  0.32713583D-18
 166 CH3C4H      0  4  0  5  0  0  0  0  0  0  0  0  0  0  0.65222891D-29
 167 CH3OCH3     0  6  0  2  0  1  0  0  0  0  0  0  0  0  0.58873870D-33
 168 CH3CHCH2    0  6  0  3  0  0  0  0  0  0  0  0  0  0  0.00000000D+00
 169 C8N         0  0  0  8  1  0  0  0  0  0  0  0  0  0  0.26146498D-20
 170 C10         0  0  0 10  0  0  0  0  0  0  0  0  0  0  0.10747972D-20
 171 CH3COCH3    0  6  0  3  0  1  0  0  0  0  0  0  0  0  0.31386506D-36
 172 C8H2        0  2  0  8  0  0  0  0  0  0  0  0  0  0  0.16997187D-16
 173 C9H         0  1  0  9  0  0  0  0  0  0  0  0  0  0  0.25624701D-19
 174 C9N         0  0  0  9  1  0  0  0  0  0  0  0  0  0  0.40868153D-20
 175 CH3C5N      0  3  0  6  1  0  0  0  0  0  0  0  0  0  0.21188752D-28
 176 HC8N        0  1  0  8  1  0  0  0  0  0  0  0  0  0  0.94639841D-26
 177 NC8N        0  0  0  8  2  0  0  0  0  0  0  0  0  0  0.23531617D-24
 178 SiC8H       0  1  0  8  0  0  1  0  0  0  0  0  0  0  0.27334821D-21
 179 CH2CHCHCH2  0  6  0  4  0  0  0  0  0  0  0  0  0  0  0.00000000D+00
 180 C9O         0  0  0  9  0  1  0  0  0  0  0  0  0  0  0.35695422D-20
 181 HC9N        0  1  0  9  1  0  0  0  0  0  0  0  0  0  0.82646642D-23
 182 C10H        0  1  0 10  0  0  0  0  0  0  0  0  0  0  0.38741408D-20
 183 C9H2        0  2  0  9  0  0  0  0  0  0  0  0  0  0  0.14543457D-17
 184 CH3C6H      0  4  0  7  0  0  0  0  0  0  0  0  0  0  0.74645083D-30
 185 C11         0  0  0 11  0  0  0  0  0  0  0  0  0  0  0.17545619D-20
 186 C10N        0  0  0 10  1  0  0  0  0  0  0  0  0  0  0.29311633D-22
 187 CH3C7N      0  3  0  8  1  0  0  0  0  0  0  0  0  0  0.21623544D-29
 188 C10H2       0  2  0 10  0  0  0  0  0  0  0  0  0  0  0.55744538D-19
 189 C6H6        0  6  0  6  0  0  0  0  0  0  0  0  0  0  0.91650470D-27
 190 Si+         1  0  0  0  0  0  1  0  0  0  0  0  0  0  0.79509872D-08
 191 C+          1  0  0  1  0  0  0  0  0  0  0  0  0  0  0.11244836D-03
 192 C-         -1  0  0  1  0  0  0  0  0  0  0  0  0  0  0.38049941D-13
 193 H-         -1  1  0  0  0  0  0  0  0  0  0  0  0  0  0.41020456D-11
 194 O-         -1  0  0  0  0  1  0  0  0  0  0  0  0  0  0.83228264D-13
 195 S-         -1  0  0  0  0  0  0  1  0  0  0  0  0  0  0.22703868D-17
 196 He+         1  0  1  0  0  0  0  0  0  0  0  0  0  0  0.13165902D-08
 197 H+          1  1  0  0  0  0  0  0  0  0  0  0  0  0  0.22604525D-06
 198 Fe+         1  0  0  0  0  0  0  0  1  0  0  0  0  0  0.29864645D-08
 199 Mg+         1  0  0  0  0  0  0  0  0  0  1  0  0  0  0.69176599D-08
 200 N+          1  0  0  0  1  0  0  0  0  0  0  0  0  0  0.11933847D-11
 201 Na+         1  0  0  0  0  0  0  0  0  1  0  0  0  0  0.19830682D-08
 202 O+          1  0  0  0  0  1  0  0  0  0  0  0  0  0  0.51967112D-12
 203 S+          1  0  0  0  0  0  0  1  0  0  0  0  0  0  0.79376490D-07
 204 Cl+         1  0  0  0  0  0  0  0  0  0  0  1  0  0  0.59142373D-14
 205 F+          1  0  0  0  0  0  0  0  0  0  0  0  0  1  0.27377135D-15
 206 P+          1  0  0  0  0  0  0  0  0  0  0  0  1  0  0.19998287D-09
 207 e-         -1  0  0  0  0  0  0  0  0  0  0  0  0  0  0.11277519D-03
 208 CH+         1  1  0  1  0  0  0  0  0  0  0  0  0  0  0.22818905D-11
 209 H2+         1  2  0  0  0  0  0  0  0  0  0  0  0  0  0.92293708D-14
 210 OH+         1  1  0  0  0  1  0  0  0  0  0  0  0  0  0.77182575D-12
 211 SiH+        1  1  0  0  0  0  1  0  0  0  0  0  0  0  0.26331586D-15
 212 C2+         1  0  0  2  0  0  0  0  0  0  0  0  0  0  0.18620218D-12
 213 CN-        -1  0  0  1  1  0  0  0  0  0  0  0  0  0  0.35847880D-22
 214 OH-        -1  1  0  0  0  1  0  0  0  0  0  0  0  0  0.11183219D-15
 215 CF+         1  0  0  1  0  0  0  0  0  0  0  0  0  1  0.15693854D-10
 216 HS+         1  1  0  0  0  0  0  1  0  0  0  0  0  0  0.28204678D-15
 217 SO+         1  0  0  0  0  1  0  1  0  0  0  0  0  0  0.45709499D-14
 218 CCl+        1  0  0  1  0  0  0  0  0  0  0  1  0  0  0.18064953D-15
 219 ClO+        1  0  0  0  0  1  0  0  0  0  0  1  0  0  0.00000000D+00
 220 CN+         1  0  0  1  1  0  0  0  0  0  0  0  0  0  0.78717516D-15
 221 CO+         1  0  0  1  0  1  0  0  0  0  0  0  0  0  0.86541583D-12
 222 CP+         1  0  0  1  0  0  0  0  0  0  0  0  1  0  0.11658516D-18
 223 CS+         1  0  0  1  0  0  0  1  0  0  0  0  0  0  0.38078523D-15
 224 HCl+        1  1  0  0  0  0  0  0  0  0  0  1  0  0  0.21244001D-14
 225 HF+         1  1  0  0  0  0  0  0  0  0  0  0  0  1  0.11956018D-15
 226 HeH+        1  1  1  0  0  0  0  0  0  0  0  0  0  0  0.19290555D-24
 227 N2+         1  0  0  0  2  0  0  0  0  0  0  0  0  0  0.62228942D-17
 228 NH+         1  1  0  0  1  0  0  0  0  0  0  0  0  0  0.17618092D-13
 229 NO+         1  0  0  0  1  1  0  0  0  0  0  0  0  0  0.35494507D-14
 230 NS+         1  0  0  0  1  0  0  1  0  0  0  0  0  0  0.65751181D-17
 231 O2+         1  0  0  0  0  2  0  0  0  0  0  0  0  0  0.25142256D-14
 232 PH+         1  1  0  0  0  0  0  0  0  0  0  0  1  0  0.13689417D-16
 233 PN+         1  0  0  0  1  0  0  0  0  0  0  0  1  0  0.93185039D-19
 234 PO+         1  0  0  0  0  1  0  0  0  0  0  0  1  0  0.13833057D-16
 235 S2+         1  0  0  0  0  0  0  2  0  0  0  0  0  0  0.66345348D-22
 236 SiC+        1  0  0  1  0  0  1  0  0  0  0  0  0  0  0.15027738D-15
 237 SiN+        1  0  0  0  1  0  1  0  0  0  0  0  0  0  0.82061142D-17
 238 SiO+        1  0  0  0  0  1  1  0  0  0  0  0  0  0  0.35482144D-15
 239 SiS+        1  0  0  0  0  0  1  1  0  0  0  0  0  0  0.22396762D-20
 240 SiF+        1  0  0  0  0  0  1  0  0  0  0  0  0  1  0.88890555D-15
 241 CH2+        1  2  0  1  0  0  0  0  0  0  0  0  0  0  0.29857676D-10
 242 C2N+        1  0  0  2  1  0  0  0  0  0  0  0  0  0  0.38942727D-17
 243 CNC+        1  0  0  2  1  0  0  0  0  0  0  0  0  0  0.19601349D-14
 244 HSiO+       1  1  0  0  0  1  1  0  0  0  0  0  0  0  0.81326164D-16
 245 N2H+        1  1  0  0  2  0  0  0  0  0  0  0  0  0  0.49390006D-17
 246 C2H+        1  1  0  2  0  0  0  0  0  0  0  0  0  0  0.83701324D-13
 247 H3+         1  3  0  0  0  0  0  0  0  0  0  0  0  0  0.65385440D-13
 248 C3-        -1  0  0  3  0  0  0  0  0  0  0  0  0  0  0.59379087D-20
 249 HCO+        1  1  0  1  0  1  0  0  0  0  0  0  0  0  0.40801812D-12
 250 HSO+        1  1  0  0  0  1  0  1  0  0  0  0  0  0  0.15047486D-20
 251 H2S+        1  2  0  0  0  0  0  1  0  0  0  0  0  0  0.24310218D-15
 252 HCS+        1  1  0  1  0  0  0  1  0  0  0  0  0  0  0.36481426D-16
 253 HPO+        1  1  0  0  0  1  0  0  0  0  0  0  1  0  0.51727760D-19
 254 C2O+        1  0  0  2  0  1  0  0  0  0  0  0  0  0  0.20333457D-17
 255 C2S+        1  0  0  2  0  0  0  1  0  0  0  0  0  0  0.18221310D-16
 256 C3+         1  0  0  3  0  0  0  0  0  0  0  0  0  0  0.28078132D-13
 257 CCP+        1  0  0  2  0  0  0  0  0  0  0  0  1  0  0.85800518D-20
 258 CHSi+       1  1  0  1  0  0  1  0  0  0  0  0  0  0  0.76264479D-16
 259 CO2+        1  0  0  1  0  2  0  0  0  0  0  0  0  0  0.21266090D-25
 260 H2Cl+       1  2  0  0  0  0  0  0  0  0  0  1  0  0  0.18600784D-14
 261 H2F+        1  2  0  0  0  0  0  0  0  0  0  0  0  1  0.44870070D-16
 262 H2O+        1  2  0  0  0  1  0  0  0  0  0  0  0  0  0.31017910D-12
 263 HCN+        1  1  0  1  1  0  0  0  0  0  0  0  0  0  0.46997849D-14
 264 HCP+        1  1  0  1  0  0  0  0  0  0  0  0  1  0  0.52067526D-19
 265 HNC+        1  1  0  1  1  0  0  0  0  0  0  0  0  0  0.36562451D-15
 266 HNO+        1  1  0  0  1  1  0  0  0  0  0  0  0  0  0.46370695D-16
 267 HNS+        1  1  0  0  1  0  0  1  0  0  0  0  0  0  0.36333516D-22
 268 HNSi+       1  1  0  0  1  0  1  0  0  0  0  0  0  0  0.16295876D-19
 269 HOC+        1  1  0  1  0  1  0  0  0  0  0  0  0  0  0.46857613D-12
 270 HPN+        1  1  0  0  1  0  0  0  0  0  0  0  1  0  0.39122052D-25
 271 HSiS+       1  1  0  0  0  0  1  1  0  0  0  0  0  0  0.22657237D-20
 272 NaH2+       1  2  0  0  0  0  0  0  0  1  0  0  0  0  0.53425670D-18
 273 NCO+        1  0  0  1  1  1  0  0  0  0  0  0  0  0  0.98463765D-20
 274 NH2+        1  2  0  0  1  0  0  0  0  0  0  0  0  0  0.10978986D-13
 275 NO2+        1  0  0  0  1  2  0  0  0  0  0  0  0  0  0.42789115D-22
 276 HO2+        1  1  0  0  0  2  0  0  0  0  0  0  0  0  0.35514386D-22
 277 OCS+        1  0  0  1  0  1  0  1  0  0  0  0  0  0  0.36685133D-19
 278 PH2+        1  2  0  0  0  0  0  0  0  0  0  0  1  0  0.10375356D-16
 279 HS2+        1  1  0  0  0  0  0  2  0  0  0  0  0  0  0.13640007D-22
 280 SiC2+       1  0  0  2  0  0  1  0  0  0  0  0  0  0  0.13002543D-16
 281 SiH2+       1  2  0  0  0  0  1  0  0  0  0  0  0  0  0.36430707D-15
 282 SiNC+       1  0  0  1  1  0  1  0  0  0  0  0  0  0  0.18028323D-18
 283 SO2+        1  0  0  0  0  2  0  1  0  0  0  0  0  0  0.70688803D-30
 284 HCNH+       1  2  0  1  1  0  0  0  0  0  0  0  0  0  0.24498105D-14
 285 HC2N+       1  1  0  2  1  0  0  0  0  0  0  0  0  0  0.25032424D-17
 286 C3H+        1  1  0  3  0  0  0  0  0  0  0  0  0  0  0.46177983D-14
 287 C4+         1  0  0  4  0  0  0  0  0  0  0  0  0  0  0.29928307D-16
 288 H2CO+       1  2  0  1  0  1  0  0  0  0  0  0  0  0  0.59933304D-16
 289 CH3+        1  3  0  1  0  0  0  0  0  0  0  0  0  0  0.10343819D-10
 290 C3N-       -1  0  0  3  1  0  0  0  0  0  0  0  0  0  0.15592376D-19
 291 C4-        -1  0  0  4  0  0  0  0  0  0  0  0  0  0  0.85920583D-18
 292 H3O+        1  3  0  0  0  1  0  0  0  0  0  0  0  0  0.87765994D-13
 293 H2NO+       1  2  0  0  1  1  0  0  0  0  0  0  0  0  0.24850248D-19
 294 H3S+        1  3  0  0  0  0  0  1  0  0  0  0  0  0  0.39427897D-22
 295 HC2S+       1  1  0  2  0  0  0  1  0  0  0  0  0  0  0.33280918D-19
 296 HOCS+       1  1  0  1  0  1  0  1  0  0  0  0  0  0  0.23294248D-25
 297 PCH2+       1  2  0  1  0  0  0  0  0  0  0  0  1  0  0.35076778D-19
 298 H2S2+       1  2  0  0  0  0  0  2  0  0  0  0  0  0  0.77094978D-28
 299 C2H2+       1  2  0  2  0  0  0  0  0  0  0  0  0  0  0.37537793D-13
 300 C2HO+       1  1  0  2  0  1  0  0  0  0  0  0  0  0  0.65182674D-17
 301 C2N2+       1  0  0  2  2  0  0  0  0  0  0  0  0  0  0.15984140D-27
 302 C3N+        1  0  0  3  1  0  0  0  0  0  0  0  0  0  0.32574874D-21
 303 C3O+        1  0  0  3  0  1  0  0  0  0  0  0  0  0  0.47780267D-19
 304 C3S+        1  0  0  3  0  0  0  1  0  0  0  0  0  0  0.22216945D-19
 305 CH2Si+      1  2  0  1  0  0  1  0  0  0  0  0  0  0  0.41997658D-16
 306 H2CCl+      1  2  0  1  0  0  0  0  0  0  0  1  0  0  0.15411352D-22
 307 H2CS+       1  2  0  1  0  0  0  1  0  0  0  0  0  0  0.54493585D-20
 308 H2NC+       1  2  0  1  1  0  0  0  0  0  0  0  0  0  0.71885878D-15
 309 H2PO+       1  2  0  0  0  1  0  0  0  0  0  0  1  0  0.23496163D-26
 310 H2SiO+      1  2  0  0  0  1  1  0  0  0  0  0  0  0  0.21724833D-26
 311 HOCO+       1  1  0  1  0  2  0  0  0  0  0  0  0  0  0.34772006D-20
 312 HNCO+       1  1  0  1  1  1  0  0  0  0  0  0  0  0  0.93811650D-25
 313 HSiO2+      1  1  0  0  0  2  1  0  0  0  0  0  0  0  0.11893465D-33
 314 HSO2+       1  1  0  0  0  2  0  1  0  0  0  0  0  0  0.24286915D-32
 315 NaH2O+      1  2  0  0  0  1  0  0  0  1  0  0  0  0  0.26156423D-25
 316 NH3+        1  3  0  0  1  0  0  0  0  0  0  0  0  0  0.85859203D-15
 317 PC2H+       1  1  0  2  0  0  0  0  0  0  0  0  1  0  0.10943166D-21
 318 PH3+        1  3  0  0  0  0  0  0  0  0  0  0  1  0  0.27186938D-23
 319 PNH2+       1  2  0  0  1  0  0  0  0  0  0  0  1  0  0.55123714D-25
 320 SiC2H+      1  1  0  2  0  0  1  0  0  0  0  0  0  0  0.13137339D-16
 321 l-SiC3+     1  0  0  3  0  0  1  0  0  0  0  0  0  0  0.51694240D-20
 322 SiH3+       1  3  0  0  0  0  1  0  0  0  0  0  0  0  0.37533254D-23
 323 SiNCH+      1  1  0  1  1  0  1  0  0  0  0  0  0  0  0.18626004D-23
 324 HSiNH+      1  2  0  0  1  0  1  0  0  0  0  0  0  0  0.10978594D-19
 325 HN2O+       1  1  0  0  2  1  0  0  0  0  0  0  0  0  0.81064317D-33
 326 C2H3+       1  3  0  2  0  0  0  0  0  0  0  0  0  0  0.13315354D-16
 327 c-C3H2+     1  2  0  3  0  0  0  0  0  0  0  0  0  0  0.11599303D-16
 328 l-C3H2+     1  2  0  3  0  0  0  0  0  0  0  0  0  0  0.10064443D-16
 329 C4H+        1  1  0  4  0  0  0  0  0  0  0  0  0  0  0.13609914D-16
 330 C5+         1  0  0  5  0  0  0  0  0  0  0  0  0  0  0.30540435D-17
 331 HC3O+       1  1  0  3  0  1  0  0  0  0  0  0  0  0  0.59772304D-24
 332 C4H-       -1  1  0  4  0  0  0  0  0  0  0  0  0  0  0.89924338D-18
 333 C5-        -1  0  0  5  0  0  0  0  0  0  0  0  0  0  0.31931200D-18
 334 NH4+        1  4  0  0  1  0  0  0  0  0  0  0  0  0  0.22834988D-19
 335 H3CS+       1  3  0  1  0  0  0  1  0  0  0  0  0  0  0.18093928D-21
 336 H2COH+      1  3  0  1  0  1  0  0  0  0  0  0  0  0  0.10021457D-19
 337 H3S2+       1  3  0  0  0  0  0  2  0  0  0  0  0  0  0.55121142D-27
 338 HC3S+       1  1  0  3  0  0  0  1  0  0  0  0  0  0  0.12864359D-19
 339 PC3H+       1  1  0  3  0  0  0  0  0  0  0  0  1  0  0.38924164D-29
 340 PCH3+       1  3  0  1  0  0  0  0  0  0  0  0  1  0  0.24518283D-30
 341 PNH3+       1  3  0  0  1  0  0  0  0  0  0  0  1  0  0.25130716D-32
 342 SiC2H2+     1  2  0  2  0  0  1  0  0  0  0  0  0  0  0.30867887D-23
 343 SiC3H+      1  1  0  3  0  0  1  0  0  0  0  0  0  0  0.89829288D-21
 344 SiC4+       1  0  0  4  0  0  1  0  0  0  0  0  0  0  0.61926576D-22
 345 SiCH3+      1  3  0  1  0  0  1  0  0  0  0  0  0  0  0.15568422D-25
 346 SiH4+       1  4  0  0  0  0  1  0  0  0  0  0  0  0  0.11769048D-35
 347 CH2CN+      1  2  0  2  1  0  0  0  0  0  0  0  0  0  0.13185822D-17
 348 H2CCO+      1  2  0  2  0  1  0  0  0  0  0  0  0  0  0.90075508D-20
 349 HC3N+       1  1  0  3  1  0  0  0  0  0  0  0  0  0  0.26253737D-20
 350 C4N+        1  0  0  4  1  0  0  0  0  0  0  0  0  0  0.15558052D-19
 351 C4P+        1  0  0  4  0  0  0  0  0  0  0  0  1  0  0.38929189D-33
 352 C4S+        1  0  0  4  0  0  0  1  0  0  0  0  0  0  0.68068829D-21
 353 HCOOH+      1  2  0  1  0  2  0  0  0  0  0  0  0  0  0.57524860D-25
 354 CH4+        1  4  0  1  0  0  0  0  0  0  0  0  0  0  0.11776699D-19
 355 H3SiO+      1  3  0  0  0  1  1  0  0  0  0  0  0  0  0.93611112D-35
 356 PC2H2+      1  2  0  2  0  0  0  0  0  0  0  0  1  0  0.52942368D-23
 357 C6+         1  0  0  6  0  0  0  0  0  0  0  0  0  0  0.34210452D-18
 358 HC4N+       1  1  0  4  1  0  0  0  0  0  0  0  0  0  0.19561265D-28
 359 C5H-       -1  1  0  5  0  0  0  0  0  0  0  0  0  0  0.23729383D-18
 360 C6-        -1  0  0  6  0  0  0  0  0  0  0  0  0  0  0.97235820D-19
 361 CH3CO+      1  3  0  2  0  1  0  0  0  0  0  0  0  0  0.24593770D-19
 362 C2H4+       1  4  0  2  0  0  0  0  0  0  0  0  0  0  0.17519903D-17
 363 HC3NH+      1  2  0  3  1  0  0  0  0  0  0  0  0  0  0.99675989D-23
 364 HC4S+       1  1  0  4  0  0  0  1  0  0  0  0  0  0  0.52935034D-21
 365 CH5+        1  5  0  1  0  0  0  0  0  0  0  0  0  0  0.11118239D-15
 366 C4H2+       1  2  0  4  0  0  0  0  0  0  0  0  0  0  0.17543850D-17
 367 C5H+        1  1  0  5  0  0  0  0  0  0  0  0  0  0  0.77865434D-18
 368 CH3CN+      1  3  0  2  1  0  0  0  0  0  0  0  0  0  0.19746186D-21
 369 c-C3H3+     1  3  0  3  0  0  0  0  0  0  0  0  0  0  0.12386462D-16
 370 l-C3H3+     1  3  0  3  0  0  0  0  0  0  0  0  0  0  0.12386177D-16
 371 C5N+        1  0  0  5  1  0  0  0  0  0  0  0  0  0  0.57955552D-22
 372 CH3O2+      1  3  0  1  0  2  0  0  0  0  0  0  0  0  0.15207704D-24
 373 CH2NH2+     1  4  0  1  1  0  0  0  0  0  0  0  0  0  0.17291730D-22
 374 CH3OH+      1  4  0  1  0  1  0  0  0  0  0  0  0  0  0.10999048D-25
 375 H2C3O+      1  2  0  3  0  1  0  0  0  0  0  0  0  0  0.11465427D-23
 376 HC2NCH+     1  2  0  3  1  0  0  0  0  0  0  0  0  0  0.56954112D-22
 377 HC4O+       1  1  0  4  0  1  0  0  0  0  0  0  0  0  0.45931010D-21
 378 NH2CNH+     1  3  0  1  2  0  0  0  0  0  0  0  0  0  0.00000000D+00
 379 PC2H3+      1  3  0  2  0  0  0  0  0  0  0  0  1  0  0.72760486D-36
 380 PC4H+       1  1  0  4  0  0  0  0  0  0  0  0  1  0  0.25217420D-30
 381 PCH4+       1  4  0  1  0  0  0  0  0  0  0  0  1  0  0.12258228D-31
 382 SiC2H3+     1  3  0  2  0  0  1  0  0  0  0  0  0  0  0.15924961D-22
 383 SiC3H2+     1  2  0  3  0  0  1  0  0  0  0  0  0  0  0.51297195D-26
 384 SiC4H+      1  1  0  4  0  0  1  0  0  0  0  0  0  0  0.20795317D-27
 385 SiCH4+      1  4  0  1  0  0  1  0  0  0  0  0  0  0  0.14646431D-25
 386 SiH5+       1  5  0  0  0  0  1  0  0  0  0  0  0  0  0.61903324D-32
 387 C7+         1  0  0  7  0  0  0  0  0  0  0  0  0  0  0.98445643D-19
 388 H2C4N+      1  2  0  4  1  0  0  0  0  0  0  0  0  0  0.12256928D-28
 389 C6H-       -1  1  0  6  0  0  0  0  0  0  0  0  0  0  0.12889799D-18
 390 C7-        -1  0  0  7  0  0  0  0  0  0  0  0  0  0  0.22380127D-19
 391 C4H3+       1  3  0  4  0  0  0  0  0  0  0  0  0  0  0.11783494D-17
 392 C5H2+       1  2  0  5  0  0  0  0  0  0  0  0  0  0  0.12925034D-20
 393 CH3CNH+     1  4  0  2  1  0  0  0  0  0  0  0  0  0  0.53996951D-21
 394 C2H4O+      1  4  0  2  0  1  0  0  0  0  0  0  0  0  0.61856628D-29
 395 C2H5+       1  5  0  2  0  0  0  0  0  0  0  0  0  0  0.25812014D-24
 396 C3H3N+      1  3  0  3  1  0  0  0  0  0  0  0  0  0  0.28101792D-30
 397 C3H4+       1  4  0  3  0  0  0  0  0  0  0  0  0  0  0.10429426D-27
 398 HC5N+       1  1  0  5  1  0  0  0  0  0  0  0  0  0  0.40275193D-22
 399 C6H+        1  1  0  6  0  0  0  0  0  0  0  0  0  0  0.25859689D-18
 400 CH3NH2+     1  5  0  1  1  0  0  0  0  0  0  0  0  0  0.16788128D-26
 401 CH3OH2+     1  5  0  1  0  1  0  0  0  0  0  0  0  0  0.48549405D-24
 402 H3C3O+      1  3  0  3  0  1  0  0  0  0  0  0  0  0  0.30188107D-26
 403 NH2CH2O+    1  4  0  1  1  1  0  0  0  0  0  0  0  0  0.35358403D-35
 404 PC2H4+      1  4  0  2  0  0  0  0  0  0  0  0  1  0  0.31626866D-37
 405 PC4H2+      1  2  0  4  0  0  0  0  0  0  0  0  1  0  0.43938222D-34
 406 HC5O+       1  1  0  5  0  1  0  0  0  0  0  0  0  0  0.10803240D-27
 407 C6N+        1  0  0  6  1  0  0  0  0  0  0  0  0  0  0.57713470D-22
 408 H2C5N+      1  2  0  5  1  0  0  0  0  0  0  0  0  0  0.14217674D-25
 409 C8+         1  0  0  8  0  0  0  0  0  0  0  0  0  0  0.27568939D-19
 410 C7H-       -1  1  0  7  0  0  0  0  0  0  0  0  0  0  0.30739638D-19
 411 C8-        -1  0  0  8  0  0  0  0  0  0  0  0  0  0  0.67911922D-20
 412 C5H3+       1  3  0  5  0  0  0  0  0  0  0  0  0  0  0.90852530D-26
 413 C3H5+       1  5  0  3  0  0  0  0  0  0  0  0  0  0  0.97588994D-27
 414 C6H2+       1  2  0  6  0  0  0  0  0  0  0  0  0  0  0.10517714D-20
 415 C7H+        1  1  0  7  0  0  0  0  0  0  0  0  0  0  0.67047238D-19
 416 CH3CHOH+    1  5  0  2  0  1  0  0  0  0  0  0  0  0  0.73656358D-29
 417 C2H6+       1  6  0  2  0  0  0  0  0  0  0  0  0  0  0.35027513D-48
 418 C3H3NH+     1  4  0  3  1  0  0  0  0  0  0  0  0  0  0.24891689D-32
 419 C4H4+       1  4  0  4  0  0  0  0  0  0  0  0  0  0  0.64270638D-21
 420 C7N+        1  0  0  7  1  0  0  0  0  0  0  0  0  0  0.56880784D-23
 421 CH3NH3+     1  6  0  1  1  0  0  0  0  0  0  0  0  0  0.53991129D-26
 422 COOCH4+     1  4  0  2  0  2  0  0  0  0  0  0  0  0  0.70300248D-36
 423 H3C4N+      1  3  0  4  1  0  0  0  0  0  0  0  0  0  0.49329001D-29
 424 HC6N+       1  1  0  6  1  0  0  0  0  0  0  0  0  0  0.71599645D-30
 425 C9+         1  0  0  9  0  0  0  0  0  0  0  0  0  0  0.91540170D-20
 426 C8H-       -1  1  0  8  0  0  0  0  0  0  0  0  0  0  0.59984969D-20
 427 C9-        -1  0  0  9  0  0  0  0  0  0  0  0  0  0  0.17755386D-20
 428 C4H5+       1  5  0  4  0  0  0  0  0  0  0  0  0  0  0.10124489D-30
 429 C6H3+       1  3  0  6  0  0  0  0  0  0  0  0  0  0  0.32744656D-25
 430 C7H2+       1  2  0  7  0  0  0  0  0  0  0  0  0  0  0.20553085D-21
 431 C2H5OH+     1  6  0  2  0  1  0  0  0  0  0  0  0  0  0.37520607D-37
 432 H3C4NH+     1  4  0  4  1  0  0  0  0  0  0  0  0  0  0.15637183D-27
 433 C5H3N+      1  3  0  5  1  0  0  0  0  0  0  0  0  0  0.11754965D-30
 434 C5H4+       1  4  0  5  0  0  0  0  0  0  0  0  0  0  0.14143277D-30
 435 HC7N+       1  1  0  7  1  0  0  0  0  0  0  0  0  0  0.12861422D-23
 436 C8H+        1  1  0  8  0  0  0  0  0  0  0  0  0  0  0.21139781D-19
 437 CH3OCH3+    1  6  0  2  0  1  0  0  0  0  0  0  0  0  0.15866769D-35
 438 H5C2O2+     1  5  0  2  0  2  0  0  0  0  0  0  0  0  0.14382881D-35
 439 HC7O+       1  1  0  7  0  1  0  0  0  0  0  0  0  0  0.21402552D-29
 440 C8N+        1  0  0  8  1  0  0  0  0  0  0  0  0  0  0.55984953D-23
 441 H2C6N+      1  2  0  6  1  0  0  0  0  0  0  0  0  0  0.71853755D-30
 442 C2H7+       1  7  0  2  0  0  0  0  0  0  0  0  0  0  0.00000000D+00
 443 C10+        1  0  0 10  0  0  0  0  0  0  0  0  0  0  0.33201372D-20
 444 CH3OCH4+    1  7  0  2  0  1  0  0  0  0  0  0  0  0  0.57958231D-35
 445 C9H-       -1  1  0  9  0  0  0  0  0  0  0  0  0  0  0.15570836D-20
 446 C10-       -1  0  0 10  0  0  0  0  0  0  0  0  0  0  0.73445139D-22
 447 C7H2N+      1  2  0  7  1  0  0  0  0  0  0  0  0  0  0.32490214D-26
 448 C7H3+       1  3  0  7  0  0  0  0  0  0  0  0  0  0  0.45913859D-26
 449 C5H5+       1  5  0  5  0  0  0  0  0  0  0  0  0  0  0.29773613D-31
 450 C8H2+       1  2  0  8  0  0  0  0  0  0  0  0  0  0  0.23722918D-20
 451 C9H+        1  1  0  9  0  0  0  0  0  0  0  0  0  0  0.60048360D-20
 452 C2H5OH2+    1  7  0  2  0  1  0  0  0  0  0  0  0  0  0.46549284D-36
 453 C2H6CO+     1  6  0  3  0  1  0  0  0  0  0  0  0  0  0.36189880D-38
 454 C5H4N+      1  4  0  5  1  0  0  0  0  0  0  0  0  0  0.48377267D-35
 455 C6H4+       1  4  0  6  0  0  0  0  0  0  0  0  0  0  0.28992263D-30
 456 C9N+        1  0  0  9  1  0  0  0  0  0  0  0  0  0  0.49600454D-24
 457 HC8N+       1  1  0  8  1  0  0  0  0  0  0  0  0  0  0.57103591D-31
 458 C10H+       1  1  0 10  0  0  0  0  0  0  0  0  0  0  0.16441497D-21
 459 C10H-      -1  1  0 10  0  0  0  0  0  0  0  0  0  0  0.35721426D-22
 460 C8H3+       1  3  0  8  0  0  0  0  0  0  0  0  0  0  0.30384041D-26
 461 C9H2+       1  2  0  9  0  0  0  0  0  0  0  0  0  0  0.13231773D-22
 462 C3H6OH+     1  7  0  3  0  1  0  0  0  0  0  0  0  0  0.73138611D-38
 463 C4H7+       1  7  0  4  0  0  0  0  0  0  0  0  0  0  0.34956235D-39
 464 H3C6NH+     1  4  0  6  1  0  0  0  0  0  0  0  0  0  0.19098630D-30
 465 C6H5+       1  5  0  6  0  0  0  0  0  0  0  0  0  0  0.11068896D-30
 466 H3C7N+      1  3  0  7  1  0  0  0  0  0  0  0  0  0  0.14918963D-33
 467 C7H4+       1  4  0  7  0  0  0  0  0  0  0  0  0  0  0.38701968D-31
 468 C9HN+       1  1  0  9  1  0  0  0  0  0  0  0  0  0  0.10847569D-24
 469 C11+        1  0  0 11  0  0  0  0  0  0  0  0  0  0  0.52790201D-22
 470 HC9O+       1  1  0  9  0  1  0  0  0  0  0  0  0  0  0.14533111D-30
 471 C10N+       1  0  0 10  1  0  0  0  0  0  0  0  0  0  0.64290434D-25
 472 H2C8N+      1  2  0  8  1  0  0  0  0  0  0  0  0  0  0.57306254D-31
 473 C9H2N+      1  2  0  9  1  0  0  0  0  0  0  0  0  0  0.58811154D-28
 474 C9H3+       1  3  0  9  0  0  0  0  0  0  0  0  0  0  0.42088119D-27
 475 C10H2+      1  2  0 10  0  0  0  0  0  0  0  0  0  0  0.33356439D-24
 476 C7H5+       1  5  0  7  0  0  0  0  0  0  0  0  0  0  0.41822339D-32
 477 C8H4+       1  4  0  8  0  0  0  0  0  0  0  0  0  0  0.30584374D-31
 478 HC10N+      1  1  0 10  1  0  0  0  0  0  0  0  0  0  0.64016202D-33
 479 C6H7+       1  7  0  6  0  0  0  0  0  0  0  0  0  0  0.13419313D-32
 480 C9H4+       1  4  0  9  0  0  0  0  0  0  0  0  0  0  0.22934873D-32
 481 C8H4N+      1  4  0  8  1  0  0  0  0  0  0  0  0  0  0.20113188D-31
 482 C8H5+       1  5  0  8  0  0  0  0  0  0  0  0  0  0  0.14435911D-33
 483 C9H3N+      1  3  0  9  1  0  0  0  0  0  0  0  0  0  0.15217165D-34
 484 C10H3+      1  3  0 10  0  0  0  0  0  0  0  0  0  0  0.17535851D-29
 485 H2C10N+     1  2  0 10  1  0  0  0  0  0  0  0  0  0  0.96365098D-33
 486 C9H5+       1  5  0  9  0  0  0  0  0  0  0  0  0  0  0.11130307D-41
 487 GRAIN0      0  0  0  0  0  0  0  0  0  0  0  0  0  0  0.89196058D-14
 488 GRAIN-     -1  0  0  0  0  0  0  0  0  0  0  0  0  0  0.13125804D-11
 489 XH          0  1  0  0  0  0  0  0  0  0  0  0  0  0  0.43625142D-14
