   181.27891      0.33004027E-01
   181.14678     -0.91980351E-02
   181.01465     -0.16771983E-01
   180.88253     -0.24356674E-01
   180.75040     -0.13555499E-01
   180.61827      0.42067811E-01
   180.48614      0.32025211E-01
   180.35402      0.24468912E-01
   180.22189      0.40056575E-01
   180.08976      0.22413917E-01
   179.95764     -0.26002916E-01
   179.82551     -0.51411688E-01
   179.69338     -0.43868385E-01
   179.56125     -0.32656375E-01
   179.42913     -0.36978915E-01
   179.29700     -0.70051342E-01
   179.16487     -0.88725343E-01
   179.03275     -0.99012023E-02
   178.90062      0.49560238E-01
   178.76849      0.65399259E-01
   178.63636     -0.23788884E-01
   178.50424     -0.49248736E-01
   178.37211      0.42808700E-01
   178.23998      0.13264956E-01
   178.10785     -0.21273790E-01
   177.97573      0.38235061E-01
   177.84360      0.33210434E-01
   177.71147      0.13390214E-01
   177.57935      0.95474310E-02
   177.44722     -0.69746926E-01
   177.31509     -0.41182771E-01
   177.18296     -0.16851865E-01
   177.05084     -0.10524306    
   176.91871     -0.66475861E-01
   176.78658     -0.23001490E-01
   176.65446     -0.10032387E-01
   176.52233      0.89474376E-02
   176.39020     -0.45353215E-01
   176.25807     -0.54946750E-01
   176.12595      0.47761006E-02
   175.99382      0.70918381E-01
   175.86169      0.48788264E-01
   175.72957     -0.57781786E-01
   175.59744     -0.99286862E-01
   175.46531     -0.29643336E-01
   175.33318     -0.27789647E-01
   175.20106     -0.69700917E-02
   175.06893      0.23295954E-01
   174.93680      0.65280318E-01
   174.80468      0.29692939E-01
   174.67255      0.28206903E-01
   174.54042      0.11390020    
   174.40829      0.15309488E-01
   174.27617     -0.54130193E-01
   174.14404     -0.84185705E-01
   174.01191      0.12231497E-02
   173.87979      0.28849520E-01
   173.74766     -0.59433907E-01
   173.61553     -0.11954390    
   173.48340     -0.52214071E-01
   173.35128      0.55886067E-01
   173.21915      0.14062502E-01
   173.08702     -0.58506057E-03
   172.95490     -0.52591562E-02
   172.82277     -0.40984817E-01
   172.69064     -0.29429810E-01
   172.55851     -0.38397433E-02
   172.42639      0.64643912E-01
   172.29426      0.13214596    
   172.16213      0.86414434E-01
   172.03001      0.98785631E-01
   171.89788      0.35633534E-01
   171.76575      0.65828580E-02
   171.63362     -0.20641177E-02
   171.50150      0.15245914E-01
   171.36937     -0.59291758E-02
   171.23724     -0.32185741E-01
   171.10512     -0.93147708E-02
   170.97299     -0.94815053E-01
   170.84086     -0.65371782E-01
   170.70873     -0.77138290E-01
   170.57661     -0.64860500E-01
   170.44448      0.10338521E-01
   170.31235      0.70995353E-02
   170.18023     -0.26901612E-01
   170.04810     -0.43120258E-01
   169.91597     -0.41173596E-01
   169.78384     -0.57407267E-01
   169.65172     -0.26575863E-01
   169.51959     -0.37234873E-01
   169.38746     -0.42347137E-01
   169.25533      0.19820480E-01
   169.12321     -0.26555778E-01
   168.99108     -0.41131455E-01
   168.85895     -0.37869699E-01
   168.72683     -0.32002866E-01
   168.59470     -0.85535068E-02
   168.46257     -0.72802790E-01
   168.33044     -0.54296058E-01
   168.19832     -0.54755374E-02
   168.06619     -0.74044215E-02
   167.93406      0.99114832E-02
   167.80194      0.14697651E-01
   167.66981     -0.35364116E-02
   167.53768     -0.15482020E-01
   167.40555      0.78415796E-01
   167.27343      0.31370673E-01
   167.14130     -0.94169497E-01
   167.00917     -0.50430335E-01
   166.87705     -0.19098502E-01
   166.74492     -0.69233738E-01
   166.61279     -0.59263844E-01
   166.48066      0.19682683E-01
   166.34854      0.52544642E-02
   166.21641     -0.27397703E-02
   166.08428      0.23630410E-02
   165.95216     -0.41762691E-01
   165.82003     -0.82557023E-01
   165.68790     -0.44276580E-01
   165.55577     -0.14318133E-01
   165.42365     -0.54301914E-01
   165.29152     -0.36394659E-01
   165.15939     -0.87071024E-02
   165.02727      0.33953391E-01
   164.89514      0.37552588E-01
   164.76301     -0.15140623E-01
   164.63088     -0.31974465E-01
   164.49876     -0.46434514E-01
   164.36663     -0.10971263E-01
   164.23450     -0.43941747E-01
   164.10238     -0.43843538E-01
   163.97025      0.21161817E-01
   163.83812      0.89840069E-02
   163.70599     -0.36936298E-01
   163.57387      0.51501047E-01
   163.44174      0.10723175E-01
   163.30961      0.22336546E-01
   163.17749      0.80539390E-01
   163.04536      0.39518815E-01
   162.91323      0.65121666E-01
   162.78110      0.31625941E-01
   162.64898     -0.48585203E-01
   162.51685      0.13314815E-01
   162.38472      0.40649842E-01
   162.25260     -0.71608499E-01
   162.12047      0.32823619E-01
   161.98834      0.89190334E-01
   161.85621      0.10273891    
   161.72409      0.41301295E-01
   161.59196     -0.66712268E-01
   161.45983      0.59521750E-01
   161.32770      0.97253978E-01
   161.19558      0.59144504E-01
   161.06345      0.44102117E-01
   160.93132     -0.72810687E-01
   160.79920      0.11460875E-01
   160.66707      0.54748986E-01
   160.53494     -0.10756589E-02
   160.40281      0.36217723E-01
   160.27069      0.16882494E-01
   160.13856      0.25812006E-01
   160.00643     -0.34503363E-01
   159.87431     -0.49472585E-01
   159.74218      0.71372576E-02
   159.61005     -0.15569512E-01
   159.47792     -0.22803620E-01
   159.34580      0.21694768E-02
   159.21367      0.11421011E-01
   159.08154     -0.40731002E-02
   158.94942     -0.64643696E-02
   158.81729      0.12107119E-01
   158.68516      0.15311806E-01
   158.55303      0.84247611E-01
   158.42091      0.10016868    
   158.28878      0.57151463E-01
   158.15665      0.93694031E-01
   158.02453     -0.16664308E-01
   157.89240     -0.47864456E-01
   157.76027      0.61313320E-01
   157.62814      0.80965087E-01
   157.49602      0.41717082E-01
   157.36389      0.14412066E-01
   157.23176      0.33720929E-01
   157.09964      0.18617533E-01
   156.96751     -0.34005586E-01
   156.83538      0.15858207E-02
   156.70325      0.32013316E-01
   156.57113      0.13835609E-01
   156.43900     -0.16011264E-01
   156.30687     -0.63039400E-02
   156.17475      0.36318377E-01
   156.04262      0.44305980E-01
   155.91049     -0.24071474E-01
   155.77836     -0.11057449    
   155.64624     -0.75179435E-01
   155.51411     -0.25368357E-01
   155.38198     -0.22095351E-01
   155.24986      0.30711824E-01
   155.11773      0.59918843E-01
   154.98560      0.64574406E-01
   154.85347      0.87575607E-01
   154.72135      0.79399943E-01
   154.58922      0.10357195    
   154.45709      0.85154042E-01
   154.32497      0.35499219E-01
   154.19284     -0.19900594E-01
   154.06071      0.13802345E-01
   153.92858      0.20719234E-01
   153.79646     -0.28829945E-01
   153.66433      0.46051849E-01
   153.53220      0.48635088E-01
   153.40007     -0.53182200E-01
   153.26795     -0.13554785E-01
   153.13582     -0.23187917E-01
   153.00369     -0.28173171E-01
   152.87157      0.25280489E-01
   152.73944     -0.36080331E-01
   152.60731     -0.71303314E-02
   152.47518     -0.26094183E-01
   152.34306     -0.67324631E-01
   152.21093     -0.60275942E-01
   152.07880     -0.30531231E-01
   151.94668     -0.51119905E-02
   151.81455      0.16699499E-01
   151.68242      0.63053071E-01
   151.55029      0.19350369E-01
   151.41817     -0.50596602E-01
   151.28604     -0.30423820E-01
   151.15391      0.40505845E-01
   151.02179      0.21819986E-01
   150.88966     -0.44941060E-01
   150.75753     -0.69053099E-02
   150.62540      0.31433687E-01
   150.49328     -0.46150242E-02
   150.36115      0.91126442E-01
   150.22902      0.25796013E-01
   150.09690     -0.83170690E-01
   149.96477     -0.17917877E-01
   149.83264     -0.68705440E-01
   149.70051     -0.49870349E-01
   149.56839     -0.61218597E-01
   149.43626     -0.21531381E-01
   149.30413      0.38467184E-01
   149.17201     -0.26222575E-01
   149.03988     -0.12442064E-01
   148.90775      0.44463757E-01
   148.77562      0.10908674    
   148.64350      0.10163066    
   148.51137      0.12533998    
   148.37924      0.15605269    
   148.24712      0.10128739    
   148.11499      0.17615197E-01
   147.98286     -0.31863935E-02
   147.85073      0.22404406E-01
   147.71861     -0.45875352E-01
   147.58648     -0.38556747E-01
   147.45435      0.30077286E-01
   147.32223      0.10756115    
   147.19010      0.10286553    
   147.05797      0.17819088E-01
   146.92584      0.53080516E-02
   146.79372      0.35154317E-01
   146.66159      0.39553501E-01
   146.52946     -0.71912389E-02
   146.39734     -0.40994830E-01
   146.26521     -0.44713084E-01
   146.13308     -0.33966720E-01
   146.00095     -0.21205474E-01
   145.86883      0.45244742E-01
   145.73670     -0.16457215E-01
   145.60457     -0.26993541E-01
   145.47245     -0.23423033E-02
   145.34032     -0.16066106E-01
   145.20819      0.25652628E-01
   145.07606     -0.10125302E-01
   144.94394     -0.34173995E-01
   144.81181     -0.32683969E-01
   144.67968     -0.47426295E-01
   144.54755     -0.18896248E-01
   144.41543      0.60100704E-01
   144.28330     -0.26076429E-01
   144.15117     -0.22897329E-01
   144.01905      0.84239487E-02
   143.88692     -0.36341909E-01
   143.75479      0.16509788E-01
   143.62266      0.17004509E-01
   143.49054      0.33566549E-01
   143.35841      0.52630883E-01
   143.22628     -0.82365153E-02
   143.09416      0.20780904E-01
   142.96203      0.25238276E-01
   142.82990     -0.57887748E-01
   142.69777     -0.51681258E-01
   142.56565     -0.87509602E-02
   142.43352      0.77615283E-01
   142.30139      0.43541234E-01
   142.16927     -0.34149010E-01
   142.03714     -0.27803408E-01
   141.90501     -0.47501460E-01
   141.77288     -0.50551958E-01
   141.64076     -0.47162306E-02
   141.50863     -0.40209986E-01
   141.37650     -0.68161152E-01
   141.24438     -0.24470484E-01
   141.11225     -0.12283102E-01
   140.98012      0.82264170E-02
   140.84799      0.40225416E-01
   140.71587     -0.60448740E-02
   140.58374     -0.71823731E-01
   140.45161     -0.39877523E-01
   140.31949     -0.44501200E-01
   140.18736     -0.48800267E-01
   140.05523     -0.17262094E-01
   139.92310      0.13132486E-03
   139.79098      0.21915570E-01
   139.65885     -0.15408591E-01
   139.52672     -0.45233846E-01
   139.39460     -0.24250310E-01
   139.26247     -0.13827898E-01
   139.13034     -0.51137023E-02
   138.99821      0.12388074E-01
   138.86609     -0.26647542E-02
   138.73396      0.27830317E-02
   138.60183      0.26982319E-01
   138.46971      0.56312833E-01
   138.33758      0.45625899E-01
   138.20545      0.42215399E-01
   138.07332     -0.25171671E-01
   137.94120     -0.15509342    
   137.80907     -0.79853460E-01
   137.67694     -0.26766282E-01
   137.54482     -0.11281791    
   137.41269     -0.10669123    
   137.28056     -0.34981921E-01
   137.14843     -0.39763920E-01
   137.01631      0.63328154E-01
   136.88418      0.45053050E-01
   136.75205     -0.53945601E-01
   136.61992     -0.21890480E-01
   136.48780     -0.45306083E-01
   136.35567      0.70836451E-02
   136.22354     -0.28579807E-01
   136.09142     -0.10562365    
   135.95929     -0.10320708    
   135.82716     -0.45169998E-01
   135.69503      0.39489314E-01
   135.56291      0.90812035E-02
   135.43078     -0.13884194E-02
   135.29865      0.12550809E-01
   135.16653     -0.74267015E-02
   135.03440     -0.37316132E-01
   134.90227     -0.10222786E-01
   134.77014      0.29952830E-01
   134.63802     -0.31608764E-01
   134.50589     -0.57364397E-01
   134.37376      0.36048137E-01
   134.24164      0.13844305    
   134.10951      0.87950736E-01
   133.97738      0.35132848E-01
   133.84525      0.46353571E-01
   133.71313     -0.20131998E-01
   133.58100     -0.57712078E-01
   133.44887     -0.43638326E-01
   133.31675     -0.56226905E-02
   133.18462      0.29074363E-01
   133.05249      0.85335989E-02
   132.92036     -0.49687877E-01
   132.78824     -0.20293843E-01
   132.65611     -0.42436970E-02
   132.52398     -0.64262301E-01
   132.39186     -0.14931697    
   132.25973     -0.13490081    
   132.12760     -0.95407285E-01
   131.99547     -0.57984024E-01
   131.86335      0.27365517E-02
   131.73122     -0.20040471E-01
   131.59909      0.30364372E-01
   131.46697      0.91143139E-02
   131.33484     -0.41015126E-01
   131.20271     -0.48582494E-01
   131.07058     -0.43488316E-01
   130.93846      0.29299945E-01
   130.80633      0.36672190E-01
   130.67420      0.21861700E-01
   130.54208     -0.42718975E-02
   130.40995     -0.22310281E-01
   130.27782      0.17692592E-01
   130.14569     -0.73206872E-02
   130.01357     -0.40485732E-01
   129.88144      0.37054963E-01
   129.74931     -0.21283569E-01
   129.61719     -0.11325075    
   129.48506     -0.20321794E-01
   129.35293      0.30072816E-02
   129.22080     -0.82155868E-01
   129.08868     -0.86049989E-01
   128.95655     -0.55049211E-01
   128.82442     -0.14516514E-01
   128.69229     -0.10316264E-01
   128.56017      0.44498956E-02
   128.42804     -0.27752459E-01
   128.29591     -0.89653060E-01
   128.16379     -0.42373121E-01
   128.03166     -0.24203397E-02
   127.89953      0.55510454E-01
   127.76740      0.21773349E-01
   127.63528     -0.17103251E-01
   127.50315      0.13232101E-01
   127.37102     -0.10847736E-01
   127.23890     -0.72445646E-01
   127.10677      0.34414288E-01
   126.97464      0.14947477    
   126.84251      0.10319714    
   126.71039      0.13143412E-01
   126.57826      0.27153920E-01
   126.44613      0.28089236E-01
   126.31401     -0.14374410E-01
   126.18188      0.36045611E-02
   126.04975     -0.63291259E-01
   125.91762      0.75879265E-02
   125.78550     -0.14526226E-01
   125.65337     -0.92371374E-01
   125.52124      0.33993997E-01
   125.38912      0.10018552    
   125.25699      0.81207603E-01
   125.12486     -0.18092621E-01
   124.99273     -0.87647356E-01
   124.86061     -0.12568609    
   124.72848     -0.67855723E-01
   124.59635      0.31071195E-01
   124.46423     -0.36165558E-01
   124.33210     -0.24340712E-01
   124.19997      0.90747058E-01
   124.06784      0.51425047E-01
   123.93572     -0.80159962E-01
   123.80359     -0.95803486E-02
   123.67146      0.53729769E-01
   123.53934      0.11301301E-01
   123.40721      0.48840288E-01
   123.27508      0.27704448E-01
   123.14295     -0.24936587E-01
   123.01083     -0.25471648E-01
   122.87870     -0.11174236E-01
   122.74657      0.11705100E-01
   122.61445     -0.65626062E-01
   122.48232     -0.11469482    
   122.35019     -0.34852579E-01
   122.21806      0.34870457E-01
   122.08594      0.16123641E-01
   121.95381     -0.70803836E-01
   121.82168     -0.32132424E-01
   121.68956      0.29950254E-01
   121.55743     -0.17559763E-01
   121.42530      0.33043418E-02
   121.29317     -0.54414824E-01
   121.16105     -0.18543772    
   121.02892      -471.35654    
   120.89679      -471.41205    
   120.76467      -471.38998    
   120.63254      -999.99976    
   120.50041     -0.44575464E-01
   120.36828      0.26136324E-01
   120.23616     -0.94364099E-02
   120.10403     -0.29213727E-04
   119.97190     -0.11626653E-01
   119.83977     -0.19499194E-01
   119.70765     -0.16810996E-01
   119.57552     -0.87117925E-01
   119.44339     -0.39124578E-01
   119.31127      0.14579765E-01
   119.17914      0.97177010E-02
   119.04701      0.15617209E-01
   118.91488      0.22548029E-01
   118.78276      0.37958823E-01
   118.65063     -0.75419378E-02
   118.51850      0.24318080E-01
   118.38638      0.12562460    
   118.25425      0.10302801    
   118.12212      0.48170239E-03
   117.98999      0.27500454E-01
   117.85787     -0.83320597E-02
   117.72574     -0.64781398E-01
   117.59361     -0.42234283E-01
   117.46149      0.19945353E-01
   117.32936     -0.18497858E-01
   117.19723     -0.67748316E-01
   117.06510     -0.13351999E-01
   116.93298      0.25861191E-01
   116.80085      0.66352999E-02
   116.66872     -0.75606830E-01
   116.53660     -0.23457961E-01
   116.40447     -0.28343551E-01
   116.27234      0.26118357E-01
   116.14021      0.12804110    
   116.00809      0.13228828    
   115.87596      0.91759235E-01
   115.74383      0.12869451E-01
   115.61171     -0.34415007E-01
   115.47958     -0.14070923E-01
   115.34745      0.14311612E-01
   115.21532     -0.49166035E-01
   115.08320     -0.45605794E-01
   114.95107      0.19388199E-01
   114.81894      0.73018566E-01
   114.68682     -0.86856950E-02
   114.55469     -0.39179392E-01
   114.42256      0.14643162E-01
   114.29043     -0.39442200E-01
   114.15831      0.45693051E-02
   114.02618      0.10741813E-01
   113.89405     -0.57465691E-01
   113.76193      0.44324238E-01
   113.62980      0.56920353E-01
   113.49767     -0.44111032E-02
   113.36554      0.58933798E-01
   113.23342      0.40203772E-01
   113.10129     -0.25768163E-01
   112.96916     -0.11244375    
   112.83704     -0.14164706    
   112.70491     -0.18543366E-01
   112.57278      0.36138225E-01
   112.44065      0.20390268E-01
   112.30853      0.27669910E-01
   112.17640      0.70519266E-02
   112.04427     -0.85727915E-01
   111.91214     -0.11119734    
   111.78002     -0.11576721E-01
   111.64789     -0.66362657E-02
   111.51576     -0.10746047E-01
   111.38364     -0.23699153E-01
   111.25151      0.56051381E-01
   111.11938      0.90869203E-01
   110.98725      0.30683223E-02
   110.85513     -0.16724490E-01
   110.72300      0.61337776E-01
   110.59087      0.74846283E-01
   110.45875     -0.14729820E-01
   110.32662     -0.84458459E-02
   110.19449     -0.11576178    
   110.06236     -0.10000427    
   109.93024     -0.27558202E-03
   109.79811     -0.14613803E-01
   109.66598     -0.25003906E-02
   109.53386      0.11409469E-01
   109.40173     -0.28948721E-01
   109.26960     -0.54641280E-01
   109.13747     -0.53606294E-02
   109.00535      0.22089332E-01
   108.87322     -0.52588388E-01
   108.74109     -0.96565351E-01
   108.60897     -0.28168524E-01
   108.47684      0.36741056E-01
   108.34471     -0.26109992E-02
   108.21258      0.21393649E-01
   108.08046      0.47705229E-01
   107.94833     -0.22660950E-01
   107.81620     -0.64716280E-01
   107.68408      0.10097545E-01
   107.55195      0.10234533    
   107.41982     -0.94222305E-02
   107.28769     -0.11674142    
   107.15557     -0.22940764E-01
   107.02344      0.67582771E-01
   106.89131     -0.21687446E-01
   106.75919      0.64943694E-01
   106.62706      0.50189950E-01
   106.49493     -0.11710732    
   106.36280     -0.19670876E-01
   106.23068     -0.18179491E-01
   106.09855     -0.83984748E-01
   105.96642     -0.19360593E-01
   105.83430      0.46454813E-01
   105.70217      0.14086518E-01
   105.57004     -0.23885701E-01
   105.43791     -0.83728405E-02
   105.30579     -0.63983910E-03
   105.17366     -0.14115579E-01
   105.04153     -0.47043748E-02
   104.90941      0.12316459E-01
   104.77728      0.16491286E-01
   104.64515      0.48688862E-01
   104.51302      0.67700535E-01
   104.38090      0.22900712E-01
   104.24877     -0.21670463E-01
   104.11664     -0.24734309E-01
   103.98451      0.59127435E-03
   103.85239      0.36335971E-01
   103.72026      0.18620946E-01
   103.58813      0.21523304E-01
   103.45601     -0.19078268E-01
   103.32388     -0.27892955E-01
   103.19175     -0.22000724E-01
   103.05962      0.16563896E-01
   102.92750     -0.16336959E-01
   102.79537     -0.10107670    
   102.66324     -0.20771518E-01
   102.53112      0.36055554E-01
   102.39899      0.18589173E-01
   102.26686      0.29481817E-02
   102.13473      0.18193357E-01
   102.00261      0.23669956E-01
   101.87048      0.19892799E-01
   101.73835      0.13054158E-01
   101.60623     -0.86399978E-02
   101.47410     -0.43137264E-01
   101.34197     -0.24361908E-03
   101.20984      0.25725782E-01
   101.07772     -0.44669710E-01
   100.94559     -0.61078779E-01
   100.81346      0.12609464E-01
   100.68134      0.76938756E-01
   100.54921      0.33019509E-01
   100.41708     -0.45012902E-01
   100.28495     -0.18498261E-01
   100.15283      0.38032323E-01
   100.02070      0.63091740E-01
   99.888573      0.11501354    
   99.756446      0.11896458E-01
   99.624318     -0.54769553E-02
   99.492191      0.76224022E-02
   99.360064     -0.30268904E-01
   99.227937     -0.28841989E-02
   99.095810     -0.20746628E-01
   98.963683     -0.29624134E-01
   98.831555     -0.79071879E-01
   98.699428     -0.41279390E-01
   98.567301      0.14961937E-01
   98.435174      0.59930645E-01
   98.303047      0.14485205E-01
   98.170920     -0.32352764E-01
   98.038792     -0.17987601E-02
   97.906665     -0.84006324E-01
   97.774538     -0.13296013    
   97.642411     -0.30120611E-02
   97.510284      0.11997885E-01
   97.378157     -0.53254735E-01
   97.246030     -0.15904997E-01
   97.113902     -0.36921706E-02
   96.981775     -0.45866154E-01
   96.849648     -0.68450116E-01
   96.717521     -0.48979383E-01
   96.585394     -0.31275343E-01
   96.453267     -0.16916171E-03
   96.321139     -0.93026824E-01
   96.189012     -0.70282295E-01
   96.056885      0.47156308E-01
   95.924758     -0.13868137E-01
   95.792631     -0.43544315E-01
   95.660504     -0.55836923E-01
   95.528376     -0.13829000E-01
   95.396249     -0.25428161E-02
   95.264122     -0.37348960E-01
   95.131995      0.18885424E-02
   94.999868     -0.12897549E-01
   94.867741      0.11863234E-03
   94.735613     -0.30873520E-01
   94.603486     -0.14472911    
   94.471359     -0.95443487E-01
   94.339232      0.26531357E-01
   94.207105     -0.25657941E-01
   94.074978     -0.58153439E-01
   93.942850      0.13092434E-01
   93.810723     -0.10471484E-02
   93.678596     -0.52716225E-01
   93.546469      0.67597497E-02
   93.414342      0.43999627E-01
   93.282215     -0.10702759E-01
   93.150087     -0.28336074E-01
   93.017960     -0.39025977E-01
   92.885833     -0.37497014E-01
   92.753706     -0.47023270E-01
   92.621579     -0.66044778E-01
   92.489452      0.10878449E-01
   92.357324      0.44233937E-01
   92.225197     -0.44910349E-02
   92.093070     -0.58074664E-01
   91.960943     -0.98936483E-01
   91.828816     -0.84175959E-01
   91.696689     -0.53442256E-02
   91.564561     -0.26284054E-01
   91.432434     -0.16733270E-01
   91.300307      0.29794097E-01
   91.168180     -0.48118215E-01
   91.036053     -0.35094853E-01
   90.903926      0.26695322E-01
   90.771798     -0.20003909E-01
   90.639671     -0.12782976E-01
   90.507544      0.36258459E-01
   90.375417     -0.62515825E-01
   90.243290     -0.11248244    
   90.111163     -0.10897104    
   89.979035     -0.90626881E-01
   89.846908     -0.68169702E-02
   89.714781     -0.26622038E-01
   89.582654     -0.25226697E-01
   89.450527     -0.17851777E-02
   89.318400     -0.10493111E-01
   89.186272      0.14605563E-01
   89.054145     -0.16787883E-01
   88.922018     -0.41850150E-01
   88.789891      0.32867700E-01
   88.657764      0.65028921E-01
   88.525637     -0.97600043E-01
   88.393509     -0.11297439    
   88.261382     -0.21084510E-02
   88.129255     -0.85107684E-01
   87.997128     -0.12075897    
   87.865001     -0.45219772E-01
   87.732874     -0.23801154E-01
   87.600746     -0.35844747E-01
   87.468619     -0.13161335E-01
   87.336492      0.17681280E-01
   87.204365      0.31188577E-01
   87.072238      0.50598502E-01
   86.940111     -0.55911094E-02
   86.807983      0.77659711E-02
   86.675856      0.46220921E-01
   86.543729      0.84957154E-02
   86.411602     -0.41993745E-01
   86.279475     -0.58851227E-01
   86.147348     -0.27159657E-01
   86.015220     -0.17685596E-01
   85.883093     -0.62509455E-01
   85.750966     -0.74249379E-01
   85.618839     -0.40040817E-01
   85.486712     -0.65097529E-02
   85.354585      0.48934259E-02
   85.222457     -0.29868459E-01
   85.090330     -0.25837660E-01
   84.958203      0.23118649E-01
   84.826076      0.59016179E-01
   84.693949      0.16060650E-01
   84.561822      0.14734349E-01
   84.429694      0.23347139E-03
   84.297567     -0.67557454E-01
   84.165440     -0.60615726E-02
   84.033313      0.19996651E-02
   83.901186      0.68070114E-01
   83.769059      0.11654744    
   83.636931      0.35448372E-01
   83.504804      0.10385595E-01
   83.372677     -0.10662073E-01
   83.240550     -0.38915981E-01
   83.108423     -0.30129567E-01
   82.976296     -0.20446103E-01
   82.844168     -0.51220190E-02
   82.712041      0.43030728E-01
   82.579914      0.17218612E-01
   82.447787     -0.18699495E-01
   82.315660     -0.99724188E-01
   82.183533     -0.20561935E-02
   82.051405      0.46321247E-01
   81.919278     -0.11605299    
   81.787151     -0.27169731E-01
   81.655024      0.58800675E-01
   81.522897      0.82523441E-02
   81.390770      0.31841349E-01
   81.258642      0.17886758E-02
   81.126515     -0.62718697E-01
   80.994388     -0.30143818E-01
   80.862261     -0.53408913E-01
   80.730134     -0.47002796E-01
   80.598007      0.66890545E-01
   80.465879      0.74368820E-01
   80.333752     -0.18935502E-02
   80.201625     -0.39603785E-01
   80.069498      0.69467798E-02
   79.937371     -0.33019114E-01
   79.805244     -0.77757083E-01
   79.673116     -0.37742697E-01
   79.540989     -0.12427121    
   79.408862     -0.13026558    
   79.276735     -0.54645196E-01
   79.144608     -0.62146068E-01
   79.012481     -0.49890801E-01
   78.880353     -0.53650223E-01
   78.748226      0.21357717E-01
   78.616099      0.84550314E-01
   78.483972     -0.13375226E-01
   78.351845     -0.10712251    
   78.219718     -0.10256918    
   78.087590     -0.37185408E-01
   77.955463      0.34171775E-01
   77.823336      0.72395289E-02
   77.691209      0.13042052E-01
   77.559082      0.61287716E-01
   77.426955     -0.22593625E-01
   77.294827     -0.43291070E-01
   77.162700      0.10443508E-01
   77.030573      0.41172612E-01
   76.898446      0.50644126E-01
   76.766319      0.13296780E-01
   76.634192      0.41765377E-01
   76.502064      0.11710741E-01
   76.369937     -0.84336556E-01
   76.237810     -0.72675064E-01
   76.105683      0.19751469E-01
   75.973556      0.49361840E-01
   75.841429      0.14036047E-01
   75.709301     -0.35356849E-01
   75.577174     -0.20255197E-01
   75.445047      0.26074164E-01
   75.312920      0.85687246E-02
   75.180793      0.36744379E-01
   75.048666      0.11882497E-01
   74.916538     -0.10716905E-01
   74.784411      0.83012041E-03
   74.652284     -0.25647355E-01
   74.520157     -0.68282560E-01
   74.388030     -0.27129367E-01
   74.255903      0.45819231E-02
   74.123775     -0.21741912E-03
   73.991648     -0.11971083E-01
   73.859521      0.30768361E-01
   73.727394      0.80283001E-01
   73.595267     -0.27283991E-01
   73.463140     -0.78783423E-01
   73.331012     -0.16700521E-01
   73.198885     -0.11155543E-01
   73.066758     -0.31107292E-02
   72.934631      0.75096942E-01
   72.802504      0.51805563E-01
   72.670377      0.23212545E-01
   72.538249     -0.38310841E-01
   72.406122     -0.56377806E-01
   72.273995     -0.59130918E-01
   72.141868     -0.37101608E-01
   72.009741     -0.13296338E-01
   71.877614      0.33351712E-01
   71.745487      0.33795606E-01
   71.613359     -0.51064882E-01
   71.481232      0.81222290E-02
   71.349105      0.15925912E-01
   71.216978      0.39850473E-02
   71.084851      0.33329353E-02
   70.952724     -0.70927277E-01
   70.820596     -0.89040942E-01
   70.688469     -0.33338461E-01
   70.556342     -0.66882640E-01
   70.424215     -0.33641789E-01
   70.292088     -0.65424629E-02
   70.159961      0.75638238E-02
   70.027833      0.76468609E-01
   69.895706      0.17253537E-01
   69.763579     -0.31278133E-01
   69.631452     -0.42308711E-01
   69.499325     -0.44654347E-02
   69.367198      0.27580967E-01
   69.235070      0.60815953E-01
   69.102943      0.33972584E-01
   68.970816     -0.12622919E-01
   68.838689     -0.18103130E-01
   68.706562     -0.53984731E-01
   68.574435      0.25929950E-01
   68.442307      0.74047176E-02
   68.310180     -0.12915134E-01
   68.178053     -0.14625018E-01
   68.045926     -0.55548575E-01
   67.913799     -0.58149446E-01
   67.781672     -0.64017639E-01
   67.649544     -0.32325812E-01
   67.517417     -0.44258021E-01
   67.385290     -0.26299872E-01
   67.253163      0.65385804E-01
   67.121036      0.10917343E-01
   66.988909     -0.46445418E-01
   66.856781     -0.33432178E-01
   66.724654      0.66826213E-02
   66.592527      0.78017451E-01
   66.460400      0.39800007E-01
   66.328273      0.52123610E-01
   66.196146      0.47491483E-01
   66.064018     -0.10812620E-01
   65.931891     -0.21630796E-01
   65.799764     -0.22360280E-01
   65.667637      0.24895666E-01
   65.535510      0.66168979E-02
   65.403383     -0.22666132E-01
   65.271255     -0.16323041E-01
   65.139128     -0.73602259E-01
   65.007001      0.76272730E-02
   64.874874      0.28378397E-01
   64.742747      0.33985682E-01
   64.610620      0.65967329E-01
   64.478492      0.82340548E-02
   64.346365     -0.31210901E-01
   64.214238     -0.91393434E-01
   64.082111     -0.67092143E-02
   63.949984      0.32499842E-01
   63.817857     -0.98811090E-03
   63.685729      0.16962267E-01
   63.553602     -0.40778287E-01
   63.421475     -0.36254667E-01
   63.289348      0.26318021E-02
   63.157221     -0.32638669E-01
   63.025094     -0.81858009E-01
   62.892966     -0.79572156E-01
   62.760839      0.80998689E-02
   62.628712      0.45659587E-01
   62.496585     -0.71570817E-02
   62.364458     -0.55732641E-01
   62.232331     -0.72433144E-01
   62.100203     -0.10567894    
   61.968076     -0.46621162E-01
   61.835949      0.37141886E-01
   61.703822      0.21159176E-01
   61.571695      0.41943744E-01
   61.439568      0.25183801E-01
   61.307440     -0.23279395E-01
   61.175313     -0.57592914E-01
   61.043186     -0.32317169E-01
   60.911059     -0.97775254E-02
   60.778932     -0.13867373E-01
   60.646805      0.21450575E-01
   60.514677      0.29289426E-01
   60.382550     -0.32807671E-01
   60.250423     -0.89063898E-01
   60.118296     -0.23844525E-01
   59.986169      0.29593840E-01
   59.854042     -0.16113842E-01
   59.721914     -0.80497570E-01
   59.589787      0.92650158E-02
   59.457660      0.93632434E-02
   59.325533     -0.30282896E-01
   59.193406      0.58264054E-01
   59.061279      0.65209351E-01
   58.929151      0.36651243E-01
   58.797024      0.24356076E-01
   58.664897     -0.41558333E-01
   58.532770     -0.24024103E-01
   58.400643      0.88792779E-02
   58.268516     -0.26567355E-02
   58.136388      0.82429154E-02
   58.004261     -0.44101167E-01
   57.872134     -0.52318029E-01
   57.740007      0.21088317E-01
   57.607880     -0.12611977E-01
   57.475753     -0.76068774E-01
   57.343625      0.70767701E-01
   57.211498      0.16978575    
   57.079371      0.63670315E-01
   56.947244     -0.87627191E-02
   56.815117      0.46160735E-01
   56.682990      0.12611492    
   56.550862      0.16120940    
   56.418735      0.10065482    
   56.286608     -0.86768381E-02
   56.154481     -0.59556328E-01
   56.022354     -0.73624909E-01
   55.890227     -0.62404912E-01
   55.758099     -0.62835701E-01
   55.625972      0.39994657E-01
   55.493845      0.13132204    
   55.361718      0.49579527E-01
   55.229591     -0.43756723E-01
   55.097464     -0.58599789E-01
   54.965336      0.61988402E-01
   54.833209      0.80821469E-01
   54.701082     -0.10061685E-01
   54.568955      0.19074297E-02
   54.436828      0.18119350E-01
   54.304701     -0.20930171E-03
   54.172573     -0.36438126E-01
   54.040446     -0.59731364E-01
   53.908319     -0.35505589E-01
   53.776192      0.10428423E-01
   53.644065     -0.10224175E-01
   53.511938     -0.36226023E-01
   53.379810     -0.71402438E-01
   53.247683     -0.42189592E-02
   53.115556      0.31290032E-01
   52.983429     -0.35214558E-01
   52.851302     -0.26856493E-02
   52.719175     -0.56476850E-01
   52.587047     -0.98336980E-01
   52.454920      0.21431306E-01
   52.322793      0.12203924    
   52.190666      0.90000898E-01
   52.058539      0.27198747E-01
   51.926412      0.54765172E-01
   51.794284      0.59937917E-01
   51.662157      0.12133891E-01
   51.530030      0.28087821E-01
   51.397903      0.68608321E-01
   51.265776      0.60199004E-01
   51.133649      0.58053665E-01
   51.001521      0.14571477E-01
   50.869394     -0.26271269E-02
   50.737267     -0.57736784E-03
   50.605140      0.14368311E-01
   50.473013      0.25091954E-01
   50.340886      0.32015398E-01
   50.208758      0.80793917E-01
   50.076631     -0.34241751E-03
   49.944504      0.23512246E-01
   49.812377      0.98437637E-01
   49.680250      0.80940083E-01
   49.548123      0.19875705E-01
   49.415995     -0.61413366E-01
   49.283868     -0.40217735E-01
   49.151741     -0.36868721E-01
   49.019614      0.71695916E-01
   48.887487      0.58853973E-01
   48.755360     -0.21092203E-01
   48.623232      0.58044527E-01
   48.491105      0.48637748E-01
   48.358978      0.50109729E-01
   48.226851      0.29898556E-01
   48.094724      0.73176160E-01
   47.962597      0.44075884E-01
   47.830469      0.21626573E-01
   47.698342      0.80448270E-01
   47.566215      0.90597853E-01
   47.434088      0.38086101E-01
   47.301961     -0.16181692E-02
   47.169834      0.46496570E-01
   47.037707      0.64486250E-01
   46.905579      0.59267402E-01
   46.773452     -0.23438483E-01
   46.641325     -0.27443815E-01
   46.509198     -0.34188375E-01
   46.377071     -0.72583824E-01
   46.244944     -0.46029411E-01
   46.112816     -0.46058945E-01
   45.980689      0.61560273E-02
   45.848562      0.16701031E-01
   45.716435      0.79360697E-02
   45.584308      0.65523006E-01
   45.452181      0.44637173E-03
   45.320053     -0.54405447E-01
   45.187926      0.10800015E-01
   45.055799      0.30007269E-01
   44.923672     -0.92422878E-02
   44.791545      0.21401376E-01
   44.659418      0.65905780E-01
   44.527290      0.40750913E-01
   44.395163      0.12440705    
   44.263036      0.11534113    
   44.130909     -0.28425444E-01
   43.998782      0.33241682E-01
   43.866655      0.17763141    
   43.734527      0.13609293    
   43.602400      0.91957234E-01
   43.470273      0.27513126E-01
   43.338146      0.29043090E-01
   43.206019      0.35926597E-02
   43.073892     -0.24929434E-01
   42.941764     -0.15240289E-01
   42.809637     -0.42251650E-01
   42.677510      0.42345613E-01
   42.545383      0.50878022E-01
   42.413256      0.28676623E-01
   42.281129      0.53468022E-01
   42.149001      0.51056430E-01
   42.016874      0.53023249E-02
   41.884747      0.21218274E-01
   41.752620      0.47537718E-01
   41.620493      0.63089006E-01
   41.488366      0.64394519E-01
   41.356238     -0.90891849E-02
   41.224111      0.72277784E-02
   41.091984      0.86813927E-01
   40.959857      0.89241482E-01
   40.827730     -0.38431417E-02
   40.695603     -0.24347782E-01
   40.563475      0.32779435E-02
   40.431348     -0.26730257E-02
   40.299221     -0.12982586E-01
   40.167094     -0.11359617E-01
   40.034967      0.25392225E-01
   39.902840      0.65336367E-02
   39.770712     -0.19715816E-01
   39.638585      0.42121246E-01
   39.506458     -0.16354585E-01
   39.374331     -0.90607539E-01
   39.242204     -0.50159529E-01
   39.110077     -0.35124905E-01
   38.977949      0.48744407E-01
   38.845822      0.68805896E-01
   38.713695      0.42362940E-01
   38.581568      0.63563213E-02
   38.449441      0.29537583E-01
   38.317314     -0.12901690E-01
   38.185186     -0.60354061E-01
   38.053059     -0.34513969E-01
   37.920932     -0.83162963E-01
   37.788805     -0.72553828E-01
   37.656678      0.63705128E-02
   37.524551      0.39314508E-01
   37.392423     -0.51967427E-01
   37.260296     -0.53249534E-01
   37.128169      0.18895892E-01
   36.996042      0.49879216E-02
   36.863915      0.24804702E-01
   36.731788     -0.29772744E-02
   36.599660     -0.78238370E-02
   36.467533      0.60079005E-02
   36.335406      0.37106574E-01
   36.203279     -0.84463637E-02
   36.071152     -0.39907847E-01
   35.939025     -0.31127803E-01
   35.806897     -0.27717452E-01
   35.674770      0.82105555E-01
   35.542643      0.11910629    
   35.410516      0.16176504    
   35.278389      0.12047293    
   35.146262     -0.18056607E-01
   35.014134     -0.37944339E-01
   34.882007     -0.12637230E-01
   34.749880      0.65236039E-01
   34.617753      0.58869038E-01
   34.485626      0.96336305E-02
   34.353499      0.26048867E-01
   34.221371      0.19251738E-01
   34.089244      0.31136014E-01
   33.957117     -0.38006622E-01
   33.824990     -0.13098154E-01
   33.692863      0.41827273E-01
   33.560736     -0.18729748E-01
   33.428608     -0.42699553E-01
   33.296481     -0.11401923E-01
   33.164354      0.98292958E-02
   33.032227     -0.40409304E-01
   32.900100      0.99696554E-02
   32.767973      0.37770092E-01
   32.635845      0.32357626E-01
   32.503718      0.28074499E-01
   32.371591     -0.53029165E-01
   32.239464      0.11898838E-02
   32.107337      0.99386238E-02
   31.975210     -0.18691447E-01
   31.843082      0.14822282E-01
   31.710955     -0.22442739E-01
   31.578828     -0.75887993E-01
   31.446701     -0.64728566E-01
   31.314574     -0.80223702E-01
   31.182447     -0.82965560E-01
   31.050319      0.36607664E-02
   30.918192      0.10833825    
   30.786065      0.73907457E-01
   30.653938      0.10269213E-01
   30.521811      0.70808187E-01
   30.389684      0.49767602E-01
   30.257556     -0.41923173E-01
   30.125429     -0.60781501E-01
   29.993302     -0.24926476E-01
   29.861175     -0.32102957E-01
   29.729048      0.13802727E-01
   29.596921     -0.63315686E-02
   29.464793     -0.20863570E-01
   29.332666      0.50089128E-01
   29.200539      0.99208150E-02
   29.068412     -0.26791763E-01
   28.936285     -0.31159293E-01
   28.804158      0.59266686E-02
   28.672030      0.11252262    
   28.539903      0.99606477E-01
   28.407776     -0.26233319E-01
   28.275649     -0.31021399E-01
   28.143522      0.12343848E-01
   28.011395     -0.22297192E-01
   27.879267      0.41549705E-01
   27.747140      0.45603316E-01
   27.615013     -0.14363082E-01
   27.482886      0.59879676E-01
   27.350759      0.18694142E-01
   27.218632     -0.15021957E-01
   27.086504      0.20033494E-01
   26.954377      0.92000011E-02
   26.822250     -0.59087332E-02
   26.690123      0.25569499E-01
   26.557996      0.49666982E-01
   26.425869     -0.70347050E-02
   26.293741     -0.14541547E-01
   26.161614      0.72772808E-01
   26.029487      0.10237662E-01
   25.897360     -0.90082092E-02
   25.765233      0.14314796E-01
   25.633106     -0.64801043E-02
   25.500978     -0.18713977E-01
   25.368851      0.20563859E-01
   25.236724      0.69961764E-01
   25.104597      0.10041377    
   24.972470      0.13652548    
   24.840343      0.53959228E-01
   24.708215      0.53518787E-02
   24.576088     -0.12255276    
   24.443961      0.20732973E-01
   24.311834      0.16617376    
   24.179707      0.47421202E-01
   24.047580      0.18926267E-01
   23.915452     -0.29061362E-01
   23.783325     -0.30510977E-01
   23.651198      0.84624559E-01
   23.519071      0.13183439    
   23.386944      0.84316544E-03
   23.254817     -0.13365683E-01
   23.122689      0.36544774E-01
   22.990562      0.45106180E-01
   22.858435      0.49912136E-01
   22.726308      0.23015780E-01
   22.594181      0.58415603E-01
   22.462054      0.26264168E-01
   22.329926     -0.15409963E-01
   22.197799      0.11284646E-01
   22.065672      0.75402446E-01
   21.933545      0.93522206E-01
   21.801418      0.58262840E-01
   21.669291      0.43564476E-02
   21.537164     -0.64559750E-01
   21.405036     -0.60116588E-02
   21.272909      0.26927173E-01
   21.140782      0.17428283E-01
   21.008655      0.21588303E-01
   20.876528     -0.36202930E-02
   20.744401     -0.78382604E-02
   20.612273      0.19792819E-01
   20.480146     -0.56486946E-01
   20.348019     -0.10765263    
   20.215892     -0.15676014E-01
   20.083765     -0.15308293E-01
   19.951638      0.27108423E-01
   19.819510     -0.38699843E-02
   19.687383     -0.16724100E-01
   19.555256      0.17584771E-01
   19.423129     -0.52622102E-01
   19.291002      0.39338361E-01
   19.158875      0.42522326E-01
   19.026747     -0.37517130E-01
   18.894620     -0.72751090E-01
   18.762493     -0.95981667E-02
   18.630366      0.78649588E-01
   18.498239      0.45297608E-01
   18.366112     -0.60139634E-01
   18.233984     -0.99562362E-01
   18.101857     -0.37184097E-02
   17.969730      0.14258301    
   17.837603      0.87284066E-01
   17.705476     -0.14970863E-01
   17.573349      0.21759192E-01
   17.441221      0.31488575E-01
   17.309094      0.99512935E-02
   17.176967     -0.36458109E-01
   17.044840      0.32595862E-02
   16.912713      0.39756108E-01
   16.780586      0.50287828E-01
   16.648458      0.29724902E-01
   16.516331      0.67823239E-01
   16.384204      0.14030583    
   16.252077      0.13626584    
   16.119950      0.53237498E-01
   15.987823      0.13155953E-01
   15.855695     -0.35996832E-01
   15.723568     -0.41410036E-01
   15.591441      0.54698434E-01
   15.459314      0.42128876E-01
   15.327187      0.82797326E-01
   15.195060      0.56283820E-01
   15.062932      0.83763130E-01
   14.930805      0.11435999    
   14.798678      0.10173205    
   14.666551      0.16777720    
   14.534424      0.20453648    
   14.402297      0.20747299    
   14.270169      0.14534159    
   14.138042      0.22747488    
   14.005915      0.30798835    
   13.873788      0.29814687    
   13.741661      0.32671493    
   13.609534      0.25451091    
   13.477406      0.29604092    
   13.345279      0.38610494    
   13.213152      0.36449483    
   13.081025      0.44818756    
   12.948898      0.58633280    
   12.816771      0.57758820    
   12.684643      0.50595772    
   12.552516      0.55327350    
   12.420389      0.64379817    
   12.288262      0.82400936    
   12.156135      0.86337900    
   12.024008      0.84014452    
   11.891880      0.94675756    
   11.759753      0.97879821    
   11.627626      0.87142909    
   11.495499      0.72049153    
   11.363372      0.69697416    
   11.231245      0.77296102    
   11.099117      0.61443400    
   10.966990      0.39677867    
   10.834863      0.30920455    
   10.702736      0.21728326    
   10.570609      0.18071187    
   10.438482      0.10404690    
   10.306354      0.91469720E-01
   10.174227      0.14164478    
   10.042100      0.16004941    
   9.9099729      0.20545030    
   9.7778457      0.24716215    
   9.6457186      0.27717429    
   9.5135914      0.30132526    
   9.3814642      0.25021550    
   9.2493371      0.27211300    
   9.1172099      0.53410041    
   8.9850828      0.61589593    
   8.8529556      0.63955879    
   8.7208284      0.59749943    
   8.5887013      0.58750963    
   8.4565741      0.75705683    
   8.3244469      0.66899937    
   8.1923198      0.64926565    
   8.0601926      0.83640391    
   7.9280654      0.85321414    
   7.7959383      0.93339443    
   7.6638111       1.1876988    
   7.5316839       1.2669246    
   7.3995568       1.3073738    
   7.2674296       1.4759910    
   7.1353024       1.6392509    
   7.0031753       1.7205951    
   6.8710481       1.6944216    
   6.7389209       1.5800725    
   6.6067938       1.4258809    
   6.4746666       1.3041692    
   6.3425394       1.2576611    
   6.2104123       1.0088878    
   6.0782851      0.75036395    
   5.9461579      0.51852328    
   5.8140308      0.23146313    
   5.6819036      0.19924116    
   5.5497764      0.21090028    
   5.4176493      0.52873403E-01
   5.2855221      0.92277676E-02
   5.1533949     -0.16416479E-02
   5.0212678      0.17854005E-01
   4.8891406      0.12231635    
   4.7570134      0.72449759E-01
   4.6248863     -0.21076333E-01
   4.4927591      0.74701132E-02
   4.3606319      0.67135699E-01
   4.2285048      0.54486066E-01
   4.0963776      0.32651082E-01
   3.9642505     -0.60971115E-01
   3.8321233     -0.96757546E-01
   3.6999961     -0.10140133    
   3.5678690     -0.85933357E-01
   3.4357418      0.17738244E-01
   3.3036146      0.11198986    
   3.1714875      0.58487717E-01
   3.0393603      0.11668507    
   2.9072331      0.48435621E-01
   2.7751060     -0.57949446E-01
   2.6429788      0.45603067E-01
   2.5108516      0.15592154E-01
   2.3787245     -0.26946232E-01
   2.2465973     -0.56910325E-01
   2.1144701      0.10787373E-01
   1.9823430      0.15223235    
   1.8502158      0.14752032    
   1.7180886      0.16627456    
   1.5859615      0.10289384    
   1.4538343      0.39755248E-01
   1.3217071      0.82355298E-01
   1.1895800      0.13233288    
   1.0574528      0.18787536    
  0.92532564      0.24415478    
  0.79319847      0.23441011    
  0.66107131      0.29129285    
  0.52894414      0.44766772    
  0.39681698      0.37112403    
  0.26468981      0.30948782    
  0.13256264      0.35846519    
  0.43547772E-03  0.27483860    
 -0.13169169      0.19121185    
 -0.26381885      0.43080348    
 -0.39594602      0.46864325    
 -0.52807319      0.60215914    
 -0.66020035      0.50172067    
 -0.79232752      0.32838160    
 -0.92445468      0.51380534E-01
  -1.0565818      0.62642656E-02
  -1.1887090      0.36921613E-01
  -1.3208362      0.57512457E-02
  -1.4529633      0.51428857E-02
  -1.5850905      0.96483499E-01
  -1.7172177      0.88655822E-01
  -1.8493448     -0.34862757E-03
  -1.9814720     -0.50688297E-01
  -2.1135992     -0.32792177E-01
  -2.2457263      0.45339197E-01
  -2.3778535      0.26102778E-01
  -2.5099807     -0.22108946E-02
  -2.6421078     -0.26399647E-02
  -2.7742350     -0.11361586E-01
  -2.9063622     -0.26432462E-02
  -3.0384893     -0.57693794E-01
  -3.1706165     -0.87689646E-01
  -3.3027437     -0.17692029E-01
  -3.4348708     -0.26759272E-02
  -3.5669980     -0.18978141E-01
  -3.6991252      0.89146104E-02
  -3.8312523      0.10546558E-02
  -3.9633795      0.48484560E-01
  -4.0955067      0.89994632E-01
  -4.2276338      0.69718175E-01
  -4.3597610      0.95074791E-02
  -4.4918882      0.67264296E-01
  -4.6240153      0.64958364E-01
  -4.7561425     -0.28745968E-01
  -4.8882697      0.33735588E-01
  -5.0203968      0.17195255E-01
  -5.1525240     -0.32442942E-01
  -5.2846512     -0.35323095E-01
  -5.4167783     -0.12393330E-01
  -5.5489055      0.32803088E-01
  -5.6810327     -0.25939383E-02
  -5.8131598      0.49986202E-01
  -5.9452870      0.74777588E-01
  -6.0774141      0.38202628E-01
  -6.2095413      0.97170681E-01
  -6.3416685      0.74933015E-01
  -6.4737956     -0.61832126E-02
  -6.6059228     -0.85078180E-01
  -6.7380500     -0.64279713E-01
  -6.8701771      0.18086854E-01
  -7.0023043     -0.43469943E-01
  -7.1344315     -0.20216724E-01
  -7.2665586      0.33553667E-01
  -7.3986858      0.84712449E-02
  -7.5308130      0.26441984E-01
  -7.6629401      0.31337991E-01
  -7.7950673     -0.51554784E-01
  -7.9271945     -0.35345066E-01
  -8.0593216     -0.21192571E-02
  -8.1914488     -0.10431030    
  -8.3235760     -0.72566025E-01
  -8.4557031      0.27055454E-01
  -8.5878303      0.24841327E-01
  -8.7199575      0.65976426E-01
  -8.8520846      0.20651078E-01
  -8.9842118     -0.14061077E-01
  -9.1163390      0.10030593    
  -9.2484661      0.49660608E-01
  -9.3805933     -0.11432663    
  -9.5127205     -0.34905285E-01
  -9.6448476      0.62170967E-01
  -9.7769748      0.19733772E-01
  -9.9091020      0.16813014E-01
  -10.041229      0.49418160E-02
  -10.173356      0.36022291E-01
  -10.305483      0.47384292E-01
  -10.437611     -0.43431301E-01
  -10.569738     -0.52213937E-01
  -10.701865      0.46916261E-01
  -10.833992      0.58296032E-01
  -10.966119      0.54751698E-01
  -11.098246      0.62149264E-01
  -11.230374      0.11767307E-01
  -11.362501     -0.12775464E-02
  -11.494628     -0.16597249E-02
  -11.626755      0.15216250E-01
  -11.758882     -0.16072484E-01
  -11.891009     -0.18112846E-01
  -12.023137      0.49627420E-01
  -12.155264      0.76789863E-01
  -12.287391      0.25923051E-01
  -12.419518     -0.15297038E-02
  -12.551645     -0.10736953E-01
  -12.683772     -0.91589384E-01
  -12.815900     -0.13603064E-01
  -12.948027      0.36264684E-01
  -13.080154      0.22424791E-01
  -13.212281      0.14902176E-01
  -13.344408     -0.14177650E-01
  -13.476535      0.38502812E-01
  -13.608663      0.55522518E-02
  -13.740790     -0.25888760E-01
  -13.872917      0.36675442E-01
  -14.005044      0.52935169E-02
  -14.137171     -0.33974968E-01
  -14.269298      0.76364286E-01
  -14.401426      0.11601602    
  -14.533553     -0.20925477E-02
  -14.665680     -0.82983471E-01
  -14.797807     -0.65760292E-01
  -14.929934     -0.20868437E-01
  -15.062061      0.64143622E-02
  -15.194189      0.44356484E-01
  -15.326316     -0.50608482E-01
  -15.458443     -0.40984478E-01
  -15.590570      0.89001209E-01
  -15.722697      0.68041988E-01
  -15.854824      0.20490175E-01
  -15.986952     -0.67560468E-02
  -16.119079     -0.59742220E-02
  -16.251206     -0.38878098E-02
  -16.383333     -0.39780948E-01
  -16.515460     -0.87037668E-01
  -16.647587     -0.61814047E-01
  -16.779715      0.47977539E-02
  -16.911842      0.15329132E-01
  -17.043969     -0.30677671E-01
  -17.176096     -0.59311122E-01
  -17.308223      0.15220508E-01
  -17.440350      0.50016705E-01
  -17.572478     -0.40508717E-01
  -17.704605     -0.79020793E-02
  -17.836732      0.80161497E-01
  -17.968859      0.16452231E-01
  -18.100986     -0.49843036E-01
  -18.233113     -0.43453425E-02
  -18.365241      0.50571859E-02
  -18.497368      0.15252121E-02
  -18.629495      0.84264070E-01
  -18.761622      0.54124504E-01
  -18.893749      0.72487071E-01
  -19.025876      0.10979558    
  -19.158004      0.47929145E-01
  -19.290131      0.95933072E-01
  -19.422258      0.13733006    
  -19.554385      0.83899312E-01
  -19.686512      0.29691275E-01
  -19.818639      0.49355753E-01
  -19.950767      0.43852869E-02
  -20.082894      0.41983277E-02
  -20.215021      0.43647852E-01
  -20.347148      0.53016864E-01
  -20.479275      0.97717509E-01
  -20.611402      0.12887837    
  -20.743530      0.40628973E-01
  -20.875657     -0.14865043E-01
  -21.007784      0.44676490E-01
  -21.139911      0.36458895E-01
  -21.272038      0.50847724E-01
  -21.404165      0.33392940E-01
  -21.536293      0.32676183E-01
  -21.668420      0.12016421E-01
  -21.800547      0.31060331E-01
  -21.932674      0.16117105E-02
  -22.064801     -0.57312734E-01
  -22.196928     -0.34009367E-01
  -22.329056     -0.83188638E-02
  -22.461183      0.86147606E-01
  -22.593310     -0.22053035E-01
  -22.725437     -0.85390277E-01
  -22.857564      0.14973321E-01
  -22.989691      0.42114137E-02
  -23.121819     -0.39014440E-01
  -23.253946     -0.60342364E-02
  -23.386073      0.34679491E-02
  -23.518200      0.12571568E-01
  -23.650327     -0.68608262E-02
  -23.782454     -0.27629115E-01
  -23.914582      0.10875355E-01
  -24.046709     -0.24977915E-01
  -24.178836     -0.50407592E-02
  -24.310963     -0.10904106E-01
  -24.443090     -0.92302471E-01
  -24.575217     -0.30372806E-01
  -24.707345      0.82208827E-01
  -24.839472      0.10390641    
  -24.971599      0.66544324E-01
  -25.103726     -0.76469015E-02
  -25.235853     -0.28750716E-01
  -25.367980     -0.23593608E-01
  -25.500108      0.31497568E-01
  -25.632235      0.52727744E-01
  -25.764362      0.14393486E-01
  -25.896489      0.59875134E-01
  -26.028616     -0.37689968E-02
  -26.160743     -0.72125986E-01
  -26.292871      0.23103978E-02
  -26.424998      0.33010192E-01
  -26.557125      0.43763332E-02
  -26.689252     -0.12787651E-01
  -26.821379     -0.17631136E-01
  -26.953506      0.16617361E-01
  -27.085634      0.98404363E-01
  -27.217761     -0.93299132E-02
  -27.349888     -0.14334826    
  -27.482015     -0.10599587    
  -27.614142      0.14514418E-01
  -27.746269      0.35450749E-01
  -27.878397     -0.69023728E-01
  -28.010524     -0.77549301E-01
  -28.142651     -0.76917604E-01
  -28.274778     -0.54033335E-01
  -28.406905     -0.72934516E-02
  -28.539032     -0.32461658E-02
  -28.671159     -0.17837677E-01
  -28.803287      0.50812215E-03
  -28.935414     -0.12888937E-01
  -29.067541     -0.39322577E-01
  -29.199668     -0.43261040E-01
  -29.331795     -0.21032561E-02
  -29.463922      0.45923673E-01
  -29.596050      0.51097777E-01
  -29.728177      0.74814349E-01
  -29.860304     -0.35969839E-02
  -29.992431     -0.98005356E-02
  -30.124558      0.58995880E-01
  -30.256685     -0.16081296E-01
  -30.388813     -0.26551161E-01
  -30.520940      0.47595408E-01
  -30.653067      0.78905309E-02
  -30.785194     -0.11625379E-01
  -30.917321      0.33918343E-01
  -31.049448     -0.14374759E-01
  -31.181576     -0.27503904E-01
  -31.313703     -0.57174247E-02
  -31.445830     -0.32444708E-02
  -31.577957     -0.64546354E-02
  -31.710084     -0.39619207E-02
  -31.842211     -0.25531404E-01
  -31.974339     -0.27007382E-01
  -32.106466      0.20459436E-01
  -32.238593      0.29399658E-01
  -32.370720      0.82045168E-01
  -32.502847      0.51867381E-01
  -32.634974     -0.36826052E-01
  -32.767102     -0.43458160E-01
  -32.899229     -0.16140960E-01
  -33.031356     -0.32058861E-02
  -33.163483     -0.27366636E-01
  -33.295610     -0.96173296E-02
  -33.427737     -0.50769698E-01
  -33.559865      0.16270839E-02
  -33.691992      0.40050436E-01
  -33.824119     -0.70617571E-01
  -33.956246      0.17192967E-01
  -34.088373      0.31027647E-01
  -34.220500     -0.39397471E-01
  -34.352628     -0.83423540E-01
  -34.484755     -0.12629385    
  -34.616882     -0.10726832    
  -34.749009     -0.47181088E-01
  -34.881136      0.31158123E-01
  -35.013263      0.62185638E-01
  -35.145391      0.70502842E-02
  -35.277518     -0.11748591E-01
  -35.409645      0.33551861E-01
  -35.541772      0.41499734E-03
  -35.673899     -0.89148030E-01
  -35.806026      0.15112070E-01
  -35.938154      0.37363011E-01
  -36.070281     -0.25775544E-02
  -36.202408      0.43091748E-01
  -36.334535      0.14840052E-01
  -36.466662     -0.21068787E-01
  -36.598789      0.30635655E-01
  -36.730917      0.85180782E-01
  -36.863044      0.21547532E-01
  -36.995171      0.52727312E-01
  -37.127298      0.65086849E-01
  -37.259425      0.24926001E-01
  -37.391552      0.13197843E-01
  -37.523680      0.22752801E-01
  -37.655807      0.42803057E-01
  -37.787934      0.37280917E-01
  -37.920061      0.93269944E-01
  -38.052188      0.12796596    
  -38.184315      0.37095085E-01
  -38.316443      0.51482748E-01
  -38.448570     -0.11619342E-01
  -38.580697     -0.79517283E-01
  -38.712824     -0.20519551E-02
  -38.844951      0.17694963E-01
  -38.977078     -0.29940335E-01
  -39.109206     -0.56673065E-02
  -39.241333      0.44380732E-01
  -39.373460      0.68897747E-01
  -39.505587      0.40825546E-01
  -39.637714     -0.17594565E-01
  -39.769841      0.15389272E-01
  -39.901969     -0.13403459E-01
  -40.034096     -0.41546762E-01
  -40.166223      0.11039257E-01
  -40.298350     -0.19847687E-01
  -40.430477     -0.68051107E-01
  -40.562604     -0.13235211    
  -40.694732     -0.98914400E-01
  -40.826859     -0.21519996E-02
  -40.958986     -0.20778480E-02
  -41.091113      0.43287273E-02
  -41.223240      0.64672396E-01
  -41.355367      0.43571759E-01
  -41.487495     -0.62998839E-01
  -41.619622     -0.24520207E-01
  -41.751749      0.40740073E-01
  -41.883876     -0.32492983E-03
  -42.016003     -0.34794182E-01
  -42.148130     -0.26090223E-01
  -42.280258     -0.18240605E-02
  -42.412385     -0.43631367E-01
  -42.544512     -0.91401719E-01
  -42.676639     -0.22002673E-01
  -42.808766      0.51517926E-01
  -42.940893      0.15942119E-02
  -43.073021      0.42984638E-01
  -43.205148      0.91041662E-01
  -43.337275      0.57009555E-01
  -43.469402      0.59956893E-01
  -43.601529     -0.44115551E-01
  -43.733656     -0.11342527    
  -43.865784      0.40687673E-01
  -43.997911      0.15533261    
  -44.130038      0.44313375E-01
  -44.262165     -0.26912168E-01
  -44.394292     -0.18630326E-02
  -44.526419      0.24747947E-01
  -44.658547     -0.22046223E-01
  -44.790674     -0.10032376    
  -44.922801     -0.61606582E-01
  -45.054928      0.39141998E-03
  -45.187055     -0.14946721E-01
  -45.319182     -0.88343844E-02
  -45.451310      0.29595193E-01
  -45.583437      0.29524172E-01
  -45.715564     -0.50580278E-01
  -45.847691     -0.68005510E-01
  -45.979818     -0.26039578E-01
  -46.111945      0.67807332E-01
  -46.244073      0.80359548E-01
  -46.376200     -0.42074300E-01
  -46.508327     -0.18528132E-01
  -46.640454     -0.21417808E-01
  -46.772581     -0.14565198E-01
  -46.904708      0.28693184E-01
  -47.036836      0.28619699E-01
  -47.168963      0.51557563E-01
  -47.301090      0.27301785E-01
  -47.433217     -0.18520847E-01
  -47.565344     -0.54340355E-01
  -47.697471      0.15976369E-01
  -47.829599      0.65908685E-01
  -47.961726      0.22895304E-01
  -48.093853      0.24827775E-02
  -48.225980     -0.54355711E-01
  -48.358107     -0.72217397E-01
  -48.490234     -0.48360012E-01
  -48.622362     -0.28596227E-02
  -48.754489     -0.44677466E-01
  -48.886616     -0.60802516E-01
  -49.018743      0.17434914E-01
  -49.150870     -0.74678987E-01
  -49.282997     -0.57930402E-01
  -49.415125      0.10356288    
  -49.547252      0.73137969E-01
  -49.679379      0.23582350E-01
  -49.811506      0.51686488E-01
  -49.943633      0.57484354E-02
  -50.075760     -0.11345454E-01
  -50.207888      0.40575698E-01
  -50.340015      0.45016233E-01
  -50.472142      0.11196379E-02
  -50.604269     -0.37997521E-01
  -50.736396      0.19532207E-01
  -50.868523      0.43056279E-01
  -51.000651     -0.20874497E-01
  -51.132778      0.41049212E-01
  -51.264905      0.41422039E-01
  -51.397032     -0.95965080E-02
  -51.529159      0.15281606E-02
  -51.661286      0.55156047E-02
  -51.793414      0.13633832E-01
  -51.925541     -0.37119646E-01
  -52.057668     -0.61155539E-02
  -52.189795      0.11618077E-01
  -52.321922     -0.21009661E-01
  -52.454049     -0.82631484E-01
  -52.586177     -0.12991194    
  -52.718304     -0.13112517E-01
  -52.850431      0.54895297E-01
  -52.982558      0.29004343E-01
  -53.114685      0.18148191E-01
  -53.246812     -0.17291548E-01
  -53.378940      0.58420748E-02
  -53.511067     -0.34642220E-03
  -53.643194     -0.57957474E-01
  -53.775321     -0.59297986E-01
  -53.907448     -0.11717070E-01
  -54.039575      0.19943492E-01
  -54.171702      0.22819089E-01
  -54.303830      0.84576629E-01
  -54.435957      0.82388848E-01
  -54.568084      0.81972368E-01
  -54.700211      0.14978372E-01
  -54.832338      0.31214226E-02
  -54.964465      0.76817989E-01
  -55.096593      0.16376618E-01
  -55.228720     -0.64825699E-01
  -55.360847     -0.77022940E-01
  -55.492974     -0.31567842E-01
  -55.625101      0.96838251E-02
  -55.757228      0.14393725E-01
  -55.889356      0.27934363E-01
  -56.021483      0.25644083E-01
  -56.153610     -0.42060588E-01
  -56.285737     -0.27624793E-01
  -56.417864      0.49276069E-01
  -56.549991      0.11914483    
  -56.682119      0.11301271    
  -56.814246     -0.11899421E-01
  -56.946373     -0.24893694E-01
  -57.078500      0.73231235E-01
  -57.210627      0.25734231E-01
  -57.342754     -0.52665617E-01
  -57.474882     -0.72949789E-01
  -57.607009     -0.65896414E-01
  -57.739136     -0.12187185E-02
  -57.871263      0.12547949E-01
  -58.003390      0.51491044E-01
  -58.135517      0.14543354E-01
  -58.267645     -0.17656833E-01
  -58.399772      0.72507828E-01
  -58.531899      0.13206327    
  -58.664026      0.16934734E-01
  -58.796153     -0.84632054E-01
  -58.928280     -0.63252486E-01
  -59.060408     -0.49894474E-01
  -59.192535     -0.71266413E-01
  -59.324662     -0.86342648E-01
  -59.456789      0.17554369E-01
  -59.588916      0.10382454    
  -59.721043      0.58668926E-01
  -59.853171     -0.31712119E-01
  -59.985298     -0.62550262E-01
  -60.117425     -0.42227883E-01
  -60.249552      0.39578244E-01
  -60.381679      0.54253008E-01
  -60.513806     -0.34905180E-01
  -60.645934     -0.14290923    
  -60.778061     -0.41000329E-01
  -60.910188     -0.17515760E-01
  -61.042315     -0.29695420E-01
  -61.174442      0.68221971E-01
  -61.306569      0.54710075E-01
  -61.438697      0.53340487E-01
  -61.570824      0.39730944E-01
  -61.702951     -0.53207763E-02
  -61.835078     -0.80088228E-02
  -61.967205     -0.22581711E-01
  -62.099332     -0.15239702E-02
  -62.231460      0.54722942E-01
  -62.363587      0.12366148    
  -62.495714      0.13523650    
  -62.627841      0.64785719E-01
  -62.759968      0.26501274E-01
  -62.892095     -0.67813233E-01
  -63.024223     -0.82452185E-01
  -63.156350     -0.44809170E-01
  -63.288477     -0.88816248E-01
  -63.420604      0.38208723E-01
  -63.552731      0.10955963    
  -63.684858      0.31146366E-01
  -63.816986      0.65267645E-03
  -63.949113     -0.52448753E-02
  -64.081240      0.16696915E-01
  -64.213367      0.10790609E-01
  -64.345494      0.28727094E-01
  -64.477621      0.50962605E-01
  -64.609749     -0.21364082E-01
  -64.741876      0.13525376E-01
  -64.874003      0.70750654E-01
  -65.006130     -0.10287818E-01
  -65.138257      0.16241478E-01
  -65.270384      0.51973592E-01
  -65.402512      0.81271734E-02
  -65.534639      0.19991510E-01
  -65.666766      0.97073447E-02
  -65.798893     -0.26233051E-01
  -65.931020     -0.34459122E-01
  -66.063147      0.91903796E-02
  -66.195275      0.41022919E-01
  -66.327402     -0.23896582E-01
  -66.459529     -0.62007546E-01
  -66.591656     -0.61785236E-01
  -66.723783     -0.32343324E-01
  -66.855910     -0.87542199E-02
  -66.988038      0.81156678E-02
  -67.120165      0.76744542E-01
  -67.252292      0.66781566E-01
  -67.384419      0.54637849E-01
  -67.516546     -0.15876053E-01
  -67.648673     -0.75720988E-01
  -67.780801      0.29904975E-01
  -67.912928      0.55433407E-01
  -68.045055      0.40100232E-01
  -68.177182      0.59166696E-01
  -68.309309      0.44001192E-01
  -68.441436     -0.28135497E-02
  -68.573564     -0.39382137E-01
  -68.705691     -0.13680005E-01
  -68.837818     -0.33377577E-02
  -68.969945      0.17070310E-01
  -69.102072      0.56812055E-01
  -69.234199      0.49689252E-01
  -69.366327      0.41133132E-01
  -69.498454      0.58105715E-01
  -69.630581      0.62752783E-01
  -69.762708      0.31238323E-01
  -69.894835     -0.55735875E-02
  -70.026962     -0.27632993E-01
  -70.159090     -0.10236619    
  -70.291217     -0.46169400E-01
  -70.423344      0.47755137E-01
  -70.555471      0.89112408E-01
  -70.687598      0.49187966E-01
  -70.819725     -0.25961004E-01
  -70.951853      0.41289262E-01
  -71.083980      0.16547859E-01
  -71.216107     -0.41673012E-01
  -71.348234     -0.55547021E-01
  -71.480361     -0.34457758E-01
  -71.612488     -0.99249855E-02
  -71.744616     -0.95853738E-01
  -71.876743     -0.11965698    
  -72.008870     -0.52485920E-01
  -72.140997     -0.34805428E-01
  -72.273124     -0.37110705E-01
  -72.405251     -0.54478727E-01
  -72.537379     -0.67129470E-01
  -72.669506     -0.15351271E-01
  -72.801633      0.40502787E-01
  -72.933760     -0.45299381E-01
  -73.065887     -0.98824933E-01
  -73.198014     -0.63128792E-01
  -73.330142     -0.77814348E-02
  -73.462269     -0.69487393E-02
  -73.594396      0.19745823E-01
  -73.726523      0.31458579E-01
  -73.858650     -0.66421740E-01
  -73.990777     -0.76591387E-01
  -74.122905      0.75311083E-02
  -74.255032      0.60809232E-01
  -74.387159      0.31347815E-01
  -74.519286      0.25422720E-01
  -74.651413      0.43069080E-01
  -74.783540      0.74053228E-01
  -74.915668      0.56810267E-01
  -75.047795     -0.30746502E-02
  -75.179922     -0.63665011E-02
  -75.312049      0.29844167E-01
  -75.444176      0.49643993E-01
  -75.576303      0.46751302E-01
  -75.708431     -0.43133855E-01
  -75.840558     -0.35631154E-01
  -75.972685      0.87640904E-01
  -76.104812      0.67494906E-01
  -76.236939      0.44508044E-01
  -76.369066     -0.96692480E-02
  -76.501194     -0.72549388E-01
  -76.633321     -0.48647597E-01
  -76.765448     -0.28850485E-01
  -76.897575     -0.27932031E-02
  -77.029702      0.25270149E-01
  -77.161829      0.71298532E-01
  -77.293957      0.44298436E-01
  -77.426084     -0.19366892E-01
  -77.558211      0.39635040E-01
  -77.690338      0.13156284    
  -77.822465      0.98072961E-01
  -77.954592      0.41926172E-01
  -78.086720     -0.78819199E-02
  -78.218847      0.28654333E-01
  -78.350974      0.67575864E-01
  -78.483101      0.26319828E-01
  -78.615228      0.57376165E-01
  -78.747355      0.84612429E-01
  -78.879483      0.41391376E-01
  -79.011610      0.43627672E-01
  -79.143737      0.30007901E-01
  -79.275864      0.82151510E-01
  -79.407991      0.11828355    
  -79.540118      0.15512425E-01
  -79.672245     -0.74140906E-01
  -79.804373     -0.40292490E-01
  -79.936500     -0.10393150E-01
  -80.068627     -0.10309733    
  -80.200754     -0.38397811E-01
  -80.332881      0.22665247E-01
  -80.465008      0.45876548E-01
  -80.597136      0.53448990E-01
  -80.729263      0.52146778E-01
  -80.861390      0.86880296E-01
  -80.993517      0.39432712E-01
  -81.125644     -0.54935243E-01
  -81.257771     -0.75881362E-01
  -81.389899      0.32816269E-03
  -81.522026      0.51580004E-01
  -81.654153     -0.30453879E-01
  -81.786280      0.94605843E-03
  -81.918407      0.13309840E-01
  -82.050534     -0.25254771E-01
  -82.182662      0.17466582E-01
  -82.314789      0.21241531E-01
  -82.446916     -0.26389476E-01
  -82.579043     -0.12472808E-01
  -82.711170      0.71544677E-01
  -82.843297      0.62902138E-01
  -82.975425      0.34280580E-01
  -83.107552     -0.77003408E-02
  -83.239679     -0.37752137E-01
  -83.371806      0.12051873E-02
  -83.503933     -0.10525707E-01
  -83.636060      0.23879793E-01
  -83.768188      0.62976971E-01
  -83.900315     -0.35391927E-01
  -84.032442     -0.21548562E-01
  -84.164569      0.10186039E-01
  -84.296696      0.93946708E-02
  -84.428823      0.96562263E-02
  -84.560951     -0.42930041E-02
  -84.693078      0.45335788E-01
  -84.825205     -0.90852445E-02
  -84.957332     -0.63590445E-01
  -85.089459      0.96350983E-01
  -85.221586      0.13984743    
  -85.353714      0.17791100E-01
  -85.485841     -0.37554525E-01
  -85.617968      0.38333796E-03
  -85.750095     -0.13677031E-02
  -85.882222      0.26982492E-01
  -86.014349      0.10523422    
  -86.146477      0.40585808E-01
  -86.278604     -0.20106989E-02
  -86.410731      0.59435278E-01
  -86.542858      0.72020516E-01
  -86.674985      0.10469445    
  -86.807112      0.50387543E-01
  -86.939240     -0.59963536E-01
  -87.071367     -0.36103293E-01
  -87.203494      0.80490988E-02
  -87.335621     -0.63747123E-01
  -87.467748     -0.91305114E-01
  -87.599875      0.86518694E-02
  -87.732003     -0.17505549E-02
  -87.864130      0.39051879E-01
  -87.996257      0.22188142E-01
  -88.128384     -0.63607484E-01
  -88.260511      0.22881605E-01
  -88.392638      0.14506461E-01
  -88.524766     -0.14920320E-01
  -88.656893      0.21342130E-01
  -88.789020      0.22799181E-01
  -88.921147      0.74284434E-01
  -89.053274      0.85825920E-01
  -89.185401     -0.90086199E-02
  -89.317529     -0.40043086E-01
  -89.449656     -0.14325235E-01
  -89.581783     -0.48597973E-01
  -89.713910      0.91873109E-03
  -89.846037      0.47374159E-01
  -89.978164      0.68940505E-01
  -90.110292      0.23164552E-01
  -90.242419      0.43556079E-01
  -90.374546      0.15995948    
  -90.506673      0.13384522    
  -90.638800      0.39646521E-01
  -90.770927      0.33758253E-01
  -90.903055      0.48282918E-01
  -91.035182     -0.61047435E-01
  -91.167309     -0.32030977E-01
  -91.299436      0.53353533E-02
  -91.431563      0.10283756    
  -91.563690      0.16371554    
  -91.695818      0.45098159E-02
  -91.827945     -0.36116216E-01
  -91.960072      0.15288167E-01
  -92.092199      0.72551683E-01
  -92.224326      0.32433145E-01
  -92.356453      0.15965326E-01
  -92.488581      0.32253254E-01
  -92.620708     -0.21247705E-03
  -92.752835      0.20594232E-01
  -92.884962     -0.40646158E-01
  -93.017089     -0.69655314E-01
  -93.149216     -0.12782995E-01
  -93.281344     -0.79074148E-02
  -93.413471     -0.30230589E-01
  -93.545598      0.36994526E-02
  -93.677725      0.11930295E-01
  -93.809852      0.67705698E-02
  -93.941979      0.38718142E-01
  -94.074107      0.90675674E-01
  -94.206234      0.12051257    
  -94.338361      0.87460667E-01
  -94.470488      0.36279052E-01
  -94.602615      0.18073697E-01
  -94.734742      0.23868278E-01
  -94.866870     -0.45969659E-02
  -94.998997     -0.22484763E-02
  -95.131124      0.28922640E-01
  -95.263251      0.10458593    
  -95.395378      0.25130840E-01
  -95.527505     -0.29865280E-02
  -95.659633      0.57108425E-01
  -95.791760      0.77479798E-02
  -95.923887     -0.40412515E-01
  -96.056014     -0.52336618E-01
  -96.188141     -0.18719060E-01
  -96.320268     -0.79683170E-01
  -96.452396     -0.61175697E-01
  -96.584523     -0.31994555E-01
  -96.716650     -0.11000523E-01
  -96.848777      0.22248920E-01
  -96.980904      0.20991154E-02
  -97.113031      0.47782127E-01
  -97.245159     -0.21999497E-01
  -97.377286     -0.49689863E-01
  -97.509413     -0.57376381E-01
  -97.641540     -0.50993223E-01
  -97.773667     -0.10180909E-01
  -97.905794      0.26570939E-01
  -98.037922      0.35027198E-01
  -98.170049     -0.55507913E-01
  -98.302176      0.22969818E-01
  -98.434303      0.89832634E-01
  -98.566430      0.45610841E-01
  -98.698557     -0.34180552E-01
  -98.830685     -0.82925409E-02
  -98.962812      0.47937173E-01
  -99.094939     -0.48626453E-01
  -99.227066     -0.81287429E-01
  -99.359193     -0.85146531E-01
  -99.491320     -0.21230688E-01
  -99.623448      0.32452513E-01
  -99.755575      0.43151662E-01
  -99.887702      0.18883632E-01
  -100.01983     -0.96697442E-01
  -100.15196     -0.51885761E-01
  -100.28408     -0.16910445E-01
  -100.41621     -0.83313715E-02
  -100.54834      0.14876122E-01
  -100.68046     -0.45385040E-01
  -100.81259     -0.44691339E-01
  -100.94472     -0.30554781E-01
  -101.07685     -0.49903579E-01
  -101.20897      0.90100262E-02
  -101.34110      0.56568030E-01
  -101.47323     -0.16219843E-01
  -101.60536     -0.44295110E-01
  -101.73748     -0.46778664E-01
  -101.86961     -0.52049074E-01
  -102.00174      0.62253501E-01
  -102.13386      0.59141308E-01
  -102.26599     -0.18712446E-01
  -102.39812      0.31982325E-02
  -102.53025      0.73793896E-01
  -102.66237      0.69550127E-01
  -102.79450     -0.48143383E-01
  -102.92663      0.29846812E-01
  -103.05875      0.41920356E-01
  -103.19088     -0.19957410E-01
  -103.32301      0.53382732E-01
  -103.45514      0.20246323E-01
  -103.58726      0.25579851E-01
  -103.71939      0.41678227E-01
  -103.85152     -0.66010104E-02
  -103.98364     -0.50752830E-01
  -104.11577     -0.30174883E-01
  -104.24790      0.23756297E-01
  -104.38003     -0.50774552E-02
  -104.51215      0.36824629E-01
  -104.64428      0.73167071E-01
  -104.77641      0.65662265E-01
  -104.90853      0.60049586E-01
  -105.04066      0.14464797E-01
  -105.17279     -0.99077877E-02
  -105.30492     -0.17588971E-01
  -105.43704     -0.63666152E-02
  -105.56917     -0.69300514E-02
  -105.70130      0.39166659E-01
  -105.83342      0.99352673E-01
  -105.96555      0.49879916E-01
  -106.09768     -0.10449378E-01
  -106.22981      0.60372036E-02
  -106.36193      0.76978065E-01
  -106.49406      0.20385867E-01
  -106.62619      0.13491346E-01
  -106.75831      0.13532376    
  -106.89044      0.81299424E-01
  -107.02257      0.45579266E-01
  -107.15470      0.70549540E-01
  -107.28682      0.42296197E-01
  -107.41895      0.67351381E-02
  -107.55108     -0.53928189E-01
  -107.68320     -0.67021243E-01
  -107.81533      0.30574113E-01
  -107.94746     -0.14391543E-01
  -108.07959     -0.14997963E-01
  -108.21171     -0.26809443E-02
  -108.34384     -0.56986731E-01
  -108.47597     -0.12460969E-01
  -108.60809      0.24554901E-01
  -108.74022      0.40622354E-02
  -108.87235     -0.68518817E-01
  -109.00448     -0.46619363E-01
  -109.13660     -0.43425359E-01
  -109.26873     -0.25640342E-01
  -109.40086     -0.45089900E-01
  -109.53298     -0.29327940E-01
  -109.66511     -0.13791608E-01
  -109.79724     -0.17661076E-01
  -109.92937     -0.36530658E-02
  -110.06149      0.12161136E-01
  -110.19362      0.49256712E-01
  -110.32575      0.11079380E-01
  -110.45788     -0.28947633E-01
  -110.59000     -0.36426820E-01
  -110.72213      0.15054531E-02
  -110.85426      0.45356065E-01
  -110.98638      0.52240610E-01
  -111.11851      0.16635628E-01
  -111.25064      0.16966276E-03
  -111.38277     -0.11844222E-01
  -111.51489      0.18099323E-03
  -111.64702      0.28832225E-01
  -111.77915     -0.40711921E-01
  -111.91127     -0.10045786    
  -112.04340     -0.13031804E-01
  -112.17553      0.57679027E-01
  -112.30766      0.36597088E-01
  -112.43978      0.10625189E-01
  -112.57191      0.82018211E-01
  -112.70404      0.10027429    
  -112.83616     -0.59302449E-01
  -112.96829     -0.24030792E-01
  -113.10042      0.10697381    
  -113.23255      0.46588823E-01
  -113.36467      0.73405579E-02
  -113.49680     -0.16119340E-01
  -113.62893     -0.28370558E-02
  -113.76105      0.40101681E-01
  -113.89318     -0.55543941E-01
  -114.02531     -0.40291753E-01
  -114.15744     -0.41883215E-02
  -114.28956     -0.73358700E-01
  -114.42169     -0.29292176E-01
  -114.55382      0.34512922E-01
  -114.68594      0.63021824E-01
  -114.81807      0.75817466E-01
  -114.95020      0.27435668E-01
  -115.08233     -0.67248717E-01
  -115.21445      0.17815076E-01
  -115.34658      0.23534659E-01
  -115.47871      0.40337067E-01
  -115.61083      0.75834289E-01
  -115.74296     -0.42695529E-02
  -115.87509     -0.17434817E-01
  -116.00722     -0.29772781E-01
  -116.13934     -0.38708508E-01
  -116.27147     -0.47060438E-01
  -116.40360      0.74739784E-01
  -116.53572      0.21033473E-01
  -116.66785     -0.72331011E-01
  -116.79998     -0.52831322E-01
  -116.93211     -0.19811841E-01
  -117.06423     -0.35075821E-01
  -117.19636     -0.82017764E-01
  -117.32849      0.21171806E-01
  -117.46061      0.31497523E-01
  -117.59274     -0.13564151E-01
  -117.72487     -0.19642580E-01
  -117.85700      0.64861536E-01
  -117.98912      0.23020033E-01
  -118.12125     -0.28574018E-01
  -118.25338      0.27819008E-01
  -118.38551     -0.93917958E-01
  -118.51763     -0.73352903E-01
  -118.64976     -0.47964849E-01
  -118.78189     -0.67831255E-01
  -118.91401      0.32820646E-02
  -119.04614     -0.75348832E-01
  -119.17827     -0.12073010    
  -119.31040     -0.38884901E-01
  -119.44252      0.35683781E-01
  -119.57465      0.96208394E-01
  -119.70678      0.80338538E-01
  -119.83890      0.47987610E-01
  -119.97103     -0.32875977E-01
  -120.10316     -0.27247852E-01
  -120.23529     -0.16767219E-01
  -120.36741      -528.64178    
  -120.49954      0.59972879E-01
  -120.63167      0.63228279E-01
  -120.76379      0.44360161E-02
  -120.89592     -0.59591614E-01
  -121.02805      0.14694422E-01
  -121.16018      0.14227819E-01
  -121.29230     -0.81501156E-03
  -121.42443      0.96366405E-02
  -121.55656      0.90669908E-01
  -121.68868      0.11583984    
  -121.82081      0.34176178E-01
  -121.95294     -0.45983614E-02
  -122.08507     -0.35813968E-02
  -122.21719     -0.90561034E-02
  -122.34932     -0.23327671E-01
  -122.48145     -0.19982230E-01
  -122.61357     -0.81358351E-01
  -122.74570      0.27234666E-04
  -122.87783      0.68492353E-01
  -123.00996      0.19646820E-01
  -123.14208      0.42025063E-01
  -123.27421      0.13495477E-01
  -123.40634     -0.43326244E-01
  -123.53846      0.46248157E-01
  -123.67059      0.55027544E-01
  -123.80272     -0.47227547E-01
  -123.93485     -0.38677514E-01
  -124.06697     -0.74157387E-01
  -124.19910     -0.90009771E-01
  -124.33123     -0.19428374E-01
  -124.46335      0.21014228E-02
  -124.59548     -0.31235879E-01
  -124.72761     -0.62553458E-01
  -124.85974     -0.38191944E-01
  -124.99186     -0.35585433E-01
  -125.12399     -0.51639166E-01
  -125.25612     -0.65602735E-01
  -125.38824     -0.34658510E-01
  -125.52037      0.20650661E-01
  -125.65250      0.18964756E-01
  -125.78463      0.81428662E-02
  -125.91675      0.68296976E-02
  -126.04888     -0.43407198E-01
  -126.18101     -0.77604949E-01
  -126.31314     -0.73440365E-01
  -126.44526     -0.66431845E-02
  -126.57739      0.51474057E-01
  -126.70952      0.36133118E-01
  -126.84164      0.23260580E-01
  -126.97377      0.59698448E-01
  -127.10590      0.17608911E-01
  -127.23803     -0.22573749E-01
  -127.37015      0.85081058E-02
  -127.50228     -0.15074557E-01
  -127.63441     -0.37354510E-01
  -127.76653      0.21843761E-02
  -127.89866      0.10049900    
  -128.03079      0.17594555E-01
  -128.16292     -0.12941003    
  -128.29504     -0.17052339    
  -128.42717     -0.65582201E-01
  -128.55930      0.80038443E-01
  -128.69142      0.67560375E-01
  -128.82355      0.20081822E-01
  -128.95568      0.15504682E-01
  -129.08781     -0.33595804E-01
  -129.21993      0.90896096E-02
  -129.35206      0.47681790E-01
  -129.48419     -0.45369145E-01
  -129.61631     -0.38703047E-01
  -129.74844      0.25570635E-01
  -129.88057     -0.12530439E-01
  -130.01270      0.50272517E-01
  -130.14482      0.34360815E-01
  -130.27695     -0.44711910E-01
  -130.40908      0.30520942E-01
  -130.54120      0.10288616    
  -130.67333      0.83473302E-01
  -130.80546     -0.20268938E-01
  -130.93759      0.94361007E-02
  -131.06971      0.59614096E-01
  -131.20184      0.68484664E-01
  -131.33397     -0.41225087E-02
  -131.46609     -0.41663088E-01
  -131.59822     -0.28633814E-01
  -131.73035     -0.50185576E-01
  -131.86248     -0.50165065E-01
  -131.99460     -0.55549346E-01
  -132.12673      0.31721860E-01
  -132.25886      0.48488554E-01
  -132.39098      0.50459944E-01
  -132.52311      0.30125361E-01
  -132.65524     -0.72221700E-02
  -132.78737     -0.12230054E-02
  -132.91949     -0.17663393E-01
  -133.05162      0.10588848E-01
  -133.18375     -0.72212303E-02
  -133.31587     -0.46900578E-01
  -133.44800      0.99641457E-03
  -133.58013      0.34911066E-01
  -133.71226      0.15266037E-01
  -133.84438      0.46379589E-01
  -133.97651      0.40938664E-01
  -134.10864      0.39570514E-01
  -134.24076      0.30484028E-01
  -134.37289     -0.31052139E-01
  -134.50502     -0.83224118E-01
  -134.63715     -0.21225382E-01
  -134.76927     -0.24318198E-01
  -134.90140      0.60409717E-02
  -135.03353      0.84251508E-01
  -135.16566      0.49724579E-01
  -135.29778      0.53441882E-01
  -135.42991      0.36969721E-01
  -135.56204      0.10650040E-01
  -135.69416     -0.21407060E-01
  -135.82629     -0.28957428E-01
  -135.95842     -0.54487258E-01
  -136.09055     -0.96271187E-02
  -136.22267      0.53232692E-01
  -136.35480     -0.13761161E-02
  -136.48693      0.19888241E-01
  -136.61905      0.24037063E-01
  -136.75118      0.94830796E-01
  -136.88331      0.18273181    
  -137.01544      0.89766890E-01
  -137.14756      0.19906089E-03
  -137.27969     -0.59191715E-02
  -137.41182      0.48959829E-01
  -137.54394      0.43431494E-01
  -137.67607     -0.30058514E-01
  -137.80820     -0.71183126E-02
  -137.94033     -0.85983966E-02
  -138.07245     -0.33521950E-02
  -138.20458      0.33572387E-01
  -138.33671     -0.42347513E-01
  -138.46883     -0.86818174E-01
  -138.60096      0.60826465E-01
  -138.73309      0.12953398    
  -138.86522      0.31923193E-01
  -138.99734     -0.12730399E-01
  -139.12947     -0.17592307E-01
  -139.26160      0.14483999E-01
  -139.39372      0.18320674E-01
  -139.52585      0.45406051E-01
  -139.65798      0.21258948E-01
  -139.79011     -0.51610276E-01
  -139.92223      0.97045284E-02
  -140.05436      0.30923815E-01
  -140.18649     -0.29923402E-01
  -140.31861     -0.45535289E-01
  -140.45074      0.20121178E-01
  -140.58287      0.20355947E-01
  -140.71500     -0.25450844E-01
  -140.84712      0.39453316E-01
  -140.97925      0.11076662    
  -141.11138      0.28077682E-01
  -141.24350     -0.62486801E-01
  -141.37563     -0.10926056E-01
  -141.50776      0.28833669E-01
  -141.63989     -0.22688229E-02
  -141.77201     -0.32178927E-01
  -141.90414     -0.34865469E-01
  -142.03627      0.36642458E-01
  -142.16839      0.28524930E-01
  -142.30052      0.19395830E-01
  -142.43265      0.86215883E-01
  -142.56478     -0.68956815E-01
  -142.69690     -0.10733934    
  -142.82903     -0.71299806E-01
  -142.96116     -0.12002867E-01
  -143.09329      0.24721224E-01
  -143.22541     -0.71972579E-01
  -143.35754     -0.76321915E-01
  -143.48967     -0.60815416E-01
  -143.62179     -0.44085220E-01
  -143.75392     -0.46705035E-02
  -143.88605      0.43467700E-01
  -144.01818      0.39310046E-01
  -144.15030      0.42678237E-01
  -144.28243      0.43992054E-01
  -144.41456      0.45139000E-01
  -144.54668     -0.20867938E-01
  -144.67881     -0.49499579E-01
  -144.81094     -0.79729065E-01
  -144.94307     -0.11397458E-01
  -145.07519     -0.11178674E-02
  -145.20732     -0.61419293E-01
  -145.33945      0.10340175E-01
  -145.47157      0.27636938E-01
  -145.60370     -0.49667656E-02
  -145.73583     -0.62919050E-01
  -145.86796     -0.61486632E-01
  -146.00008      0.38717795E-01
  -146.13221      0.12935679    
  -146.26434      0.10726076    
  -146.39646      0.43974988E-01
  -146.52859     -0.17331770E-01
  -146.66072     -0.35588857E-01
  -146.79285     -0.24627982E-01
  -146.92497      0.52326269E-01
  -147.05710      0.99293977E-01
  -147.18923      0.73534288E-01
  -147.32135      0.38168807E-01
  -147.45348      0.19074991E-01
  -147.58561      0.97619221E-02
  -147.71774      0.37716087E-01
  -147.84986      0.14021698    
  -147.98199      0.15486184    
  -148.11412      0.89161165E-01
  -148.24624      0.21433881E-01
  -148.37837      0.12087755E-01
  -148.51050      0.14210591E-01
  -148.64263     -0.54626830E-01
  -148.77475     -0.52463233E-01
  -148.90688     -0.17981475E-01
  -149.03901      0.10494482E-01
  -149.17113      0.50823733E-01
  -149.30326     -0.16381061E-02
  -149.43539     -0.71994424E-01
  -149.56752     -0.30871499E-02
  -149.69964     -0.84833624E-02
  -149.83177     -0.77153280E-01
  -149.96390     -0.91037922E-01
  -150.09602     -0.11401639    
  -150.22815     -0.35755623E-01
  -150.36028      0.29691357E-01
  -150.49241      0.16016079E-01
  -150.62453     -0.52035231E-01
  -150.75666      0.58006153E-01
  -150.88879      0.65470472E-01
  -151.02092     -0.12388206    
  -151.15304     -0.69955081E-01
  -151.28517      0.20853313E-01
  -151.41730      0.28222091E-01
  -151.54942      0.56249350E-02
  -151.68155     -0.80478638E-01
  -151.81368     -0.10020259    
  -151.94581     -0.70135668E-01
  -152.07793     -0.83888091E-01
  -152.21006     -0.29151209E-01
  -152.34219      0.98962955E-01
  -152.47431      0.91453478E-01
  -152.60644     -0.49419478E-02
  -152.73857     -0.57429284E-01
  -152.87070     -0.36169723E-01
  -153.00282     -0.15554953E-01
  -153.13495     -0.55044778E-01
  -153.26708     -0.65905072E-01
  -153.39920      0.30816147E-01
  -153.53133      0.20512838E-01
  -153.66346     -0.58810793E-01
  -153.79559     -0.14962239E-01
  -153.92771     -0.46126775E-01
  -154.05984     -0.25292039E-02
  -154.19197      0.11381967    
  -154.32409      0.81323586E-01
  -154.45622     -0.39173134E-01
  -154.58835     -0.52210867E-01
  -154.72048     -0.28405134E-01
  -154.85260      0.18006051E-01
  -154.98473      0.58834568E-01
  -155.11686      0.28688917E-01
  -155.24898      0.47260430E-01
  -155.38111      0.30203328E-01
  -155.51324     -0.59970405E-01
  -155.64537     -0.87715909E-01
  -155.77749     -0.38602874E-01
  -155.90962      0.95653318E-01
  -156.04175     -0.31428915E-02
  -156.17387     -0.10498676    
  -156.30600     -0.87807048E-03
  -156.43813     -0.54066181E-02
  -156.57026      0.55826069E-02
  -156.70238      0.52319225E-01
  -156.83451      0.13090254E-01
  -156.96664     -0.34234203E-01
  -157.09876     -0.60206346E-01
  -157.23089     -0.29318487E-01
  -157.36302      0.52705288E-01
  -157.49515      0.60933970E-01
  -157.62727     -0.79852706E-02
  -157.75940     -0.45785248E-01
  -157.89153      0.16916007E-01
  -158.02365      0.24395004E-01
  -158.15578      0.68554141E-01
  -158.28791      0.11999080    
  -158.42004      0.91504380E-01
  -158.55216      0.49472168E-01
  -158.68429     -0.16845316E-02
  -158.81642      0.29718714E-01
  -158.94854      0.68551645E-01
  -159.08067     -0.47598291E-01
  -159.21280     -0.66629149E-01
  -159.34493      0.46282530E-01
  -159.47705      0.30830381E-01
  -159.60918     -0.12817830E-01
  -159.74131     -0.14138568E-01
  -159.87344      0.11765836E-01
  -160.00556      0.13757091E-01
  -160.13769     -0.10282170E-01
  -160.26982     -0.76319356E-02
  -160.40194     -0.83338939E-01
  -160.53407     -0.11761579    
  -160.66620     -0.28891180E-01
  -160.79833      0.11316312E-01
  -160.93045      0.18722557E-01
  -161.06258      0.12629991E-01
  -161.19471     -0.21429922E-01
  -161.32683     -0.45659523E-01
  -161.45896     -0.88853151E-01
  -161.59109     -0.85049413E-01
  -161.72322      0.61248615E-02
  -161.85534     -0.47572080E-01
  -161.98747     -0.94100207E-01
  -162.11960      0.13051254E-01
  -162.25172      0.37228007E-01
  -162.38385      0.10385380E-01
  -162.51598     -0.46308286E-01
  -162.64811     -0.24968084E-01
  -162.78023     -0.26289236E-01
  -162.91236     -0.78425193E-02
  -163.04449      0.80181606E-01
  -163.17661      0.10084411E-01
  -163.30874      0.44790544E-01
  -163.44087      0.67273237E-01
  -163.57300     -0.82686625E-01
  -163.70512     -0.50831299E-01
  -163.83725      0.29329812E-01
  -163.96938     -0.36093980E-01
  -164.10150     -0.46858452E-01
  -164.23363      0.26122320E-01
  -164.36576      0.93504205E-01
  -164.49789      0.71581438E-01
  -164.63001      0.46361327E-01
  -164.76214      0.80020977E-02
  -164.89427      0.19377926E-01
  -165.02639      0.61212867E-01
  -165.15852      0.32608047E-01
  -165.29065      0.16633779E-01
  -165.42278     -0.95736925E-02
  -165.55490     -0.73269129E-01
  -165.68703     -0.56038108E-01
  -165.81916     -0.14761502E-01
  -165.95128     -0.66986129E-01
  -166.08341     -0.11802590    
  -166.21554     -0.12870194E-01
  -166.34767      0.64069599E-01
  -166.47979     -0.20502318E-01
  -166.61192     -0.41631527E-01
  -166.74405      0.33217818E-02
  -166.87617      0.30728076E-01
  -167.00830      0.69345236E-02
  -167.14043     -0.50756931E-01
  -167.27256      0.32869428E-01
  -167.40468      0.72348818E-01
  -167.53681     -0.88244360E-02
  -167.66894      0.55685524E-01
  -167.80107      0.43052375E-01
  -167.93319     -0.51332559E-01
  -168.06532     -0.74327454E-01
  -168.19745     -0.18342083E-01
  -168.32957      0.69197744E-01
  -168.46170      0.51347511E-02
  -168.59383      0.47614682E-02
  -168.72596      0.89293770E-01
  -168.85808      0.64028546E-01
  -168.99021      0.33776332E-01
  -169.12234      0.20324918E-01
  -169.25446     -0.32332111E-01
  -169.38659     -0.51436997E-02
  -169.51872      0.48752483E-01
  -169.65085      0.50046206E-01
  -169.78297      0.53922884E-01
  -169.91510      0.22395577E-01
  -170.04723      0.18947564E-01
  -170.17935      0.45495301E-01
  -170.31148      0.49494356E-01
  -170.44361      0.37068695E-01
  -170.57574     -0.41014411E-01
  -170.70786     -0.14990354E-01
  -170.83999      0.72619677E-01
  -170.97212      0.61720725E-01
  -171.10424      0.37536867E-01
  -171.23637     -0.67434572E-02
  -171.36850     -0.23231633E-01
  -171.50063     -0.33979584E-02
  -171.63275      0.66767693E-01
  -171.76488      0.76879032E-01
  -171.89701     -0.44432726E-01
  -172.02913     -0.23518618E-01
  -172.16126      0.51820874E-01
  -172.29339      0.34107123E-01
  -172.42552      0.48457988E-01
  -172.55764      0.49348969E-01
  -172.68977     -0.33382904E-01
  -172.82190     -0.28037488E-01
  -172.95402     -0.27352776E-01
  -173.08615     -0.57001129E-01
  -173.21828     -0.33899747E-01
  -173.35041      0.22876184E-01
  -173.48253      0.39030358E-01
  -173.61466     -0.25470134E-01
  -173.74679     -0.34043074E-01
  -173.87891     -0.17759316E-01
  -174.01104      0.28117178E-02
  -174.14317      0.34317344E-01
  -174.27530      0.78925483E-01
  -174.40742      0.76825850E-01
  -174.53955      0.44387687E-01
  -174.67168      0.68584032E-01
  -174.80380      0.56281753E-01
  -174.93593      0.22470029E-01
  -175.06806     -0.12213498E-01
  -175.20019     -0.54860491E-01
  -175.33231      0.40901195E-01
  -175.46444      0.43015137E-01
  -175.59657     -0.14291141E-01
  -175.72870     -0.32424033E-01
  -175.86082      0.16843840E-01
  -175.99295      0.45249656E-01
  -176.12508      0.15208967E-01
  -176.25720      0.40180165E-01
  -176.38933     -0.26390851E-01
  -176.52146     -0.10084689    
  -176.65359     -0.74286655E-01
  -176.78571     -0.10118545E-01
  -176.91784     -0.13634894E-01
  -177.04997     -0.50736237E-01
  -177.18209      0.91259414E-03
  -177.31422     -0.24928391E-01
  -177.44635     -0.49254410E-01
  -177.57848      0.73107928E-01
  -177.71060      0.87216750E-01
  -177.84273      0.49988739E-03
  -177.97486      0.35445869E-01
  -178.10698      0.13140287    
  -178.23911      0.42731289E-01
  -178.37124     -0.56036472E-01
  -178.50337      0.54923546E-01
  -178.63549      0.67872651E-01
  -178.76762      0.23685349E-01
  -178.89975      0.63584298E-01
  -179.03187      0.37921209E-01
  -179.16400      0.23969103E-01
  -179.29613      0.32385122E-01
  -179.42826     -0.26675634E-01
  -179.56038     -0.56325082E-01
  -179.69251      0.42081177E-01
  -179.82464      0.12060712    
  -179.95676     -0.48670247E-01
  -180.08889     -0.10653053    
  -180.22102      0.31450810E-02
  -180.35315     -0.57054844E-01
  -180.48527     -0.55743372E-02
  -180.61740     -0.33282945E-02
  -180.74953     -0.47195129E-01
  -180.88165     -0.31425558E-01
  -181.01378     -0.76737411E-01
  -181.14591     -0.75944901E-01
  -181.27804     -0.46972316E-02
