0.11D+08                                              +-  H  He C  O  S  G    
 JSPACE =            1
   1 H           0  1  0  0  0  0  0  0  0  0  0  0  0  0  0.13034538D-03
   2 C           0  0  0  1  0  0  0  0  0  0  0  0  0  0  0.32903230D-04
   3 Fe          0  0  0  0  0  0  0  0  1  0  0  0  0  0  0.20067882D-10
   4 Mg          0  0  0  0  0  0  0  0  0  0  1  0  0  0  0.13146513D-09
   5 S           0  0  0  0  0  0  0  1  0  0  0  0  0  0  0.59931549D-08
   6 Si          0  0  0  0  0  0  1  0  0  0  0  0  0  0  0.68456836D-09
   7 O           0  0  0  0  0  1  0  0  0  0  0  0  0  0  0.10441593D-03
   8 N           0  0  0  0  1  0  0  0  0  0  0  0  0  0  0.50662684D-04
   9 He          0  0  1  0  0  0  0  0  0  0  0  0  0  0  0.90000000D-01
  10 Cl          0  0  0  0  0  0  0  0  0  0  0  1  0  0  0.99976486D-09
  11 Na          0  0  0  0  0  0  0  0  0  1  0  0  0  0  0.33392392D-10
  12 P           0  0  0  0  0  0  0  0  0  0  0  0  1  0  0.11223522D-10
  13 F           0  0  0  0  0  0  0  0  0  0  0  0  0  1  0.45348943D-10
  14 OH          0  1  0  0  0  1  0  0  0  0  0  0  0  0  0.45822034D-08
  15 CO          0  0  0  1  0  1  0  0  0  0  0  0  0  0  0.13556736D-03
  16 CS          0  0  0  1  0  0  0  1  0  0  0  0  0  0  0.14526984D-08
  17 HS          0  1  0  0  0  0  0  1  0  0  0  0  0  0  0.10096045D-10
  18 N2          0  0  0  0  2  0  0  0  0  0  0  0  0  0  0.56534500D-05
  19 NH          0  1  0  0  1  0  0  0  0  0  0  0  0  0  0.60165078D-10
  20 SiH         0  1  0  0  0  0  1  0  0  0  0  0  0  0  0.31409829D-10
  21 SiO         0  0  0  0  0  1  1  0  0  0  0  0  0  0  0.46669448D-10
  22 SO          0  0  0  0  0  1  0  1  0  0  0  0  0  0  0.51322449D-11
  23 CH          0  1  0  1  0  0  0  0  0  0  0  0  0  0  0.15497126D-07
  24 O2          0  0  0  0  0  2  0  0  0  0  0  0  0  0  0.37066691D-08
  25 H2          0  2  0  0  0  0  0  0  0  0  0  0  0  0  0.49993477D+00
  26 C2          0  0  0  2  0  0  0  0  0  0  0  0  0  0  0.70352159D-08
  27 CN          0  0  0  1  1  0  0  0  0  0  0  0  0  0  0.26030552D-07
  28 MgH         0  1  0  0  0  0  0  0  0  0  1  0  0  0  0.20413177D-16
  29 NaH         0  1  0  0  0  0  0  0  0  1  0  0  0  0  0.12317797D-14
  30 NO          0  0  0  0  1  1  0  0  0  0  0  0  0  0  0.88779103D-09
  31 NS          0  0  0  0  1  0  0  1  0  0  0  0  0  0  0.15631036D-11
  32 PH          0  1  0  0  0  0  0  0  0  0  0  0  1  0  0.21009370D-12
  33 PN          0  0  0  0  1  0  0  0  0  0  0  0  1  0  0.11662354D-11
  34 PO          0  0  0  0  0  1  0  0  0  0  0  0  1  0  0.18881051D-12
  35 S2          0  0  0  0  0  0  0  2  0  0  0  0  0  0  0.53773558D-15
  36 SiC         0  0  0  1  0  0  1  0  0  0  0  0  0  0  0.23776750D-10
  37 SiN         0  0  0  0  1  0  1  0  0  0  0  0  0  0  0.15107704D-10
  38 SiS         0  0  0  0  0  0  1  1  0  0  0  0  0  0  0.11438341D-12
  39 CCl         0  0  0  1  0  0  0  0  0  0  0  1  0  0  0.18750328D-16
  40 ClO         0  0  0  0  0  1  0  0  0  0  0  1  0  0  0.00000000D+00
  41 CP          0  0  0  1  0  0  0  0  0  0  0  0  1  0  0.12838362D-12
  42 HCl         0  1  0  0  0  0  0  0  0  0  0  1  0  0  0.22489179D-12
  43 HF          0  1  0  0  0  0  0  0  0  0  0  0  0  1  0.65522187D-08
  44 CCH         0  1  0  2  0  0  0  0  0  0  0  0  0  0  0.32353612D-08
  45 C3          0  0  0  3  0  0  0  0  0  0  0  0  0  0  0.56703087D-08
  46 CH2         0  2  0  1  0  0  0  0  0  0  0  0  0  0  0.10396442D-07
  47 SO2         0  0  0  0  0  2  0  1  0  0  0  0  0  0  0.40894841D-15
  48 H2O         0  2  0  0  0  1  0  0  0  0  0  0  0  0  0.30770720D-08
  49 HCN         0  1  0  1  1  0  0  0  0  0  0  0  0  0  0.21265435D-08
  50 HCSi        0  1  0  1  0  0  1  0  0  0  0  0  0  0  0.33042320D-10
  51 CCN         0  0  0  2  1  0  0  0  0  0  0  0  0  0  0.38571232D-09
  52 CCS         0  0  0  2  0  0  0  1  0  0  0  0  0  0  0.95423478D-11
  53 CCO         0  0  0  2  0  1  0  0  0  0  0  0  0  0  0.34368990D-11
  54 CCP         0  0  0  2  0  0  0  0  0  0  0  0  1  0  0.44889930D-14
  55 CO2         0  0  0  1  0  2  0  0  0  0  0  0  0  0  0.10088629D-09
  56 H2S         0  2  0  0  0  0  0  1  0  0  0  0  0  0  0.26214576D-13
  57 HCO         0  1  0  1  0  1  0  0  0  0  0  0  0  0  0.35853291D-10
  58 HCP         0  1  0  1  0  0  0  0  0  0  0  0  1  0  0.11407302D-12
  59 HCS         0  1  0  1  0  0  0  1  0  0  0  0  0  0  0.17694818D-12
  60 HNC         0  1  0  1  1  0  0  0  0  0  0  0  0  0  0.63916641D-09
  61 HNO         0  1  0  0  1  1  0  0  0  0  0  0  0  0  0.23566768D-10
  62 HNSi        0  1  0  0  1  0  1  0  0  0  0  0  0  0  0.95996847D-12
  63 HPO         0  1  0  0  0  1  0  0  0  0  0  0  1  0  0.30921406D-17
  64 HSS         0  1  0  0  0  0  0  2  0  0  0  0  0  0  0.65365748D-17
  65 N2O         0  0  0  0  2  1  0  0  0  0  0  0  0  0  0.14410429D-15
  66 NaOH        0  1  0  0  0  1  0  0  0  1  0  0  0  0  0.91398732D-19
  67 NH2         0  2  0  0  1  0  0  0  0  0  0  0  0  0  0.33560263D-10
  68 NO2         0  0  0  0  1  2  0  0  0  0  0  0  0  0  0.00000000D+00
  69 O2H         0  1  0  0  0  2  0  0  0  0  0  0  0  0  0.61570182D-16
  70 OCN         0  0  0  1  1  1  0  0  0  0  0  0  0  0  0.11378413D-10
  71 OCS         0  0  0  1  0  1  0  1  0  0  0  0  0  0  0.14486490D-12
  72 PH2         0  2  0  0  0  0  0  0  0  0  0  0  1  0  0.73178315D-17
  73 c-SiC2      0  0  0  2  0  0  1  0  0  0  0  0  0  0  0.65191070D-11
  74 SiH2        0  2  0  0  0  0  1  0  0  0  0  0  0  0  0.27696352D-15
  75 SiNC        0  0  0  1  1  0  1  0  0  0  0  0  0  0  0.20804752D-14
  76 SiO2        0  0  0  0  0  2  1  0  0  0  0  0  0  0  0.90496367D-16
  77 C4          0  0  0  4  0  0  0  0  0  0  0  0  0  0  0.11376522D-09
  78 c-C3H       0  1  0  3  0  0  0  0  0  0  0  0  0  0  0.26582940D-09
  79 l-C3H       0  1  0  3  0  0  0  0  0  0  0  0  0  0  0.17579805D-09
  80 CH3         0  3  0  1  0  0  0  0  0  0  0  0  0  0  0.93985228D-10
  81 C2H2        0  2  0  2  0  0  0  0  0  0  0  0  0  0  0.57562845D-09
  82 NH3         0  3  0  0  1  0  0  0  0  0  0  0  0  0  0.94948419D-11
  83 SiCH2       0  2  0  1  0  0  1  0  0  0  0  0  0  0  0.72300283D-15
  84 C3N         0  0  0  3  1  0  0  0  0  0  0  0  0  0  0.90128314D-10
  85 C3O         0  0  0  3  0  1  0  0  0  0  0  0  0  0  0.20021310D-10
  86 C3P         0  0  0  3  0  0  0  0  0  0  0  0  1  0  0.83255102D-18
  87 C3S         0  0  0  3  0  0  0  1  0  0  0  0  0  0  0.63230746D-11
  88 H2CO        0  2  0  1  0  1  0  0  0  0  0  0  0  0  0.73590313D-10
  89 H2CS        0  2  0  1  0  0  0  1  0  0  0  0  0  0  0.90643875D-13
  90 HOOH        0  2  0  0  0  2  0  0  0  0  0  0  0  0  0.33301202D-18
  91 HSSH        0  2  0  0  0  0  0  2  0  0  0  0  0  0  0.56656901D-17
  92 H2SiO       0  2  0  0  0  1  1  0  0  0  0  0  0  0  0.24274750D-21
  93 HCCP        0  1  0  2  0  0  0  0  0  0  0  0  1  0  0.19262138D-15
  94 HCCSi       0  1  0  2  0  0  1  0  0  0  0  0  0  0  0.56977755D-13
  95 l-SiC3      0  0  0  3  0  0  1  0  0  0  0  0  0  0  0.36829291D-12
  96 SiH3        0  3  0  0  0  0  1  0  0  0  0  0  0  0  0.37069045D-21
  97 H2CN        0  2  0  1  1  0  0  0  0  0  0  0  0  0  0.10631996D-10
  98 C5          0  0  0  5  0  0  0  0  0  0  0  0  0  0  0.17636777D-10
  99 c-C3H2      0  2  0  3  0  0  0  0  0  0  0  0  0  0  0.22195529D-09
 100 l-C3H2      0  2  0  3  0  0  0  0  0  0  0  0  0  0  0.13961338D-09
 101 C4H         0  1  0  4  0  0  0  0  0  0  0  0  0  0  0.13137876D-09
 102 CH4         0  4  0  1  0  0  0  0  0  0  0  0  0  0  0.21632997D-09
 103 HC3N        0  1  0  3  1  0  0  0  0  0  0  0  0  0  0.13023647D-10
 104 H2CCN       0  2  0  2  1  0  0  0  0  0  0  0  0  0  0.17313370D-11
 105 H2CCO       0  2  0  2  0  1  0  0  0  0  0  0  0  0  0.30368387D-10
 106 C2H3        0  3  0  2  0  0  0  0  0  0  0  0  0  0  0.26190586D-10
 107 C4N         0  0  0  4  1  0  0  0  0  0  0  0  0  0  0.22014857D-10
 108 C4P         0  0  0  4  0  0  0  0  0  0  0  0  1  0  0.27145215D-17
 109 C4S         0  0  0  4  0  0  0  1  0  0  0  0  0  0  0.25070757D-13
 110 HCOOH       0  2  0  1  0  2  0  0  0  0  0  0  0  0  0.65935708D-15
 111 CH2PH       0  3  0  1  0  0  0  0  0  0  0  0  1  0  0.37329859D-21
 112 CH2NH       0  3  0  1  1  0  0  0  0  0  0  0  0  0  0.19384168D-14
 113 c-HCCHSi    0  2  0  2  0  0  1  0  0  0  0  0  0  0  0.62295069D-14
 114 SiC3H       0  1  0  3  0  0  1  0  0  0  0  0  0  0  0.19755061D-15
 115 SiC4        0  0  0  4  0  0  1  0  0  0  0  0  0  0  0.60257666D-16
 116 SiCH3       0  3  0  1  0  0  1  0  0  0  0  0  0  0  0.21263016D-16
 117 SiH4        0  4  0  0  0  0  1  0  0  0  0  0  0  0  0.23275561D-20
 118 HCNCC       0  1  0  3  1  0  0  0  0  0  0  0  0  0  0.24744771D-13
 119 HCCNC       0  1  0  3  1  0  0  0  0  0  0  0  0  0  0.66294150D-13
 120 HNCCC       0  1  0  3  1  0  0  0  0  0  0  0  0  0  0.48883492D-13
 121 NH2CN       0  2  0  1  2  0  0  0  0  0  0  0  0  0  0.00000000D+00
 122 C6          0  0  0  6  0  0  0  0  0  0  0  0  0  0  0.85959124D-12
 123 CH3CN       0  3  0  2  1  0  0  0  0  0  0  0  0  0  0.42316075D-12
 124 CH2CCH      0  3  0  3  0  0  0  0  0  0  0  0  0  0  0.12757372D-13
 125 C2H4        0  4  0  2  0  0  0  0  0  0  0  0  0  0  0.60265422D-13
 126 NC4N        0  0  0  4  2  0  0  0  0  0  0  0  0  0  0.24499384D-11
 127 H2CSiCH     0  3  0  2  0  0  1  0  0  0  0  0  0  0  0.11905248D-15
 128 SiC4H       0  1  0  4  0  0  1  0  0  0  0  0  0  0  0.11100827D-12
 129 HC4N        0  1  0  4  1  0  0  0  0  0  0  0  0  0  0.97229648D-13
 130 C4H2        0  2  0  4  0  0  0  0  0  0  0  0  0  0  0.50852707D-10
 131 C5H         0  1  0  5  0  0  0  0  0  0  0  0  0  0  0.15421381D-10
 132 C5N         0  0  0  5  1  0  0  0  0  0  0  0  0  0  0.36110814D-11
 133 CH3OH       0  4  0  1  0  1  0  0  0  0  0  0  0  0  0.39091902D-17
 134 NH2CHO      0  3  0  1  1  1  0  0  0  0  0  0  0  0  0.12261962D-16
 135 C5O         0  0  0  5  0  1  0  0  0  0  0  0  0  0  0.16303889D-11
 136 C7          0  0  0  7  0  0  0  0  0  0  0  0  0  0  0.11589960D-12
 137 HC5N        0  1  0  5  1  0  0  0  0  0  0  0  0  0  0.39347378D-12
 138 SiC2CH3     0  3  0  3  0  0  1  0  0  0  0  0  0  0  0.31835306D-18
 139 CH3CHO      0  4  0  2  0  1  0  0  0  0  0  0  0  0  0.20336941D-18
 140 C2H5        0  5  0  2  0  0  0  0  0  0  0  0  0  0  0.62440391D-22
 141 CH2CHCN     0  3  0  3  1  0  0  0  0  0  0  0  0  0  0.41421441D-16
 142 CH3CCH      0  4  0  3  0  0  0  0  0  0  0  0  0  0  0.14583702D-15
 143 C5H2        0  2  0  5  0  0  0  0  0  0  0  0  0  0  0.17738857D-10
 144 C6H         0  1  0  6  0  0  0  0  0  0  0  0  0  0  0.40482234D-11
 145 CH3NH2      0  5  0  1  1  0  0  0  0  0  0  0  0  0  0.72741031D-15
 146 C4H3        0  3  0  4  0  0  0  0  0  0  0  0  0  0  0.60286748D-16
 147 C6N         0  0  0  6  1  0  0  0  0  0  0  0  0  0  0.10600491D-11
 148 C8          0  0  0  8  0  0  0  0  0  0  0  0  0  0  0.63898428D-13
 149 HC6N        0  1  0  6  1  0  0  0  0  0  0  0  0  0  0.29411519D-14
 150 NC6N        0  0  0  6  2  0  0  0  0  0  0  0  0  0  0.69014821D-13
 151 SiC6H       0  1  0  6  0  0  1  0  0  0  0  0  0  0  0.18014102D-13
 152 CH2CHC2H    0  4  0  4  0  0  0  0  0  0  0  0  0  0  0.15034952D-17
 153 C6H2        0  2  0  6  0  0  0  0  0  0  0  0  0  0  0.82522309D-11
 154 C7H         0  1  0  7  0  0  0  0  0  0  0  0  0  0  0.71066371D-12
 155 C7N         0  0  0  7  1  0  0  0  0  0  0  0  0  0  0.30976928D-12
 156 CH3C3N      0  3  0  4  1  0  0  0  0  0  0  0  0  0  0.16570096D-14
 157 HCOOCH3     0  4  0  2  0  2  0  0  0  0  0  0  0  0  0.10007138D-22
 158 C2H6        0  6  0  2  0  0  0  0  0  0  0  0  0  0  0.00000000D+00
 159 C7O         0  0  0  7  0  1  0  0  0  0  0  0  0  0  0.75133236D-13
 160 C9          0  0  0  9  0  0  0  0  0  0  0  0  0  0  0.19861398D-13
 161 HC7N        0  1  0  7  1  0  0  0  0  0  0  0  0  0  0.83838523D-13
 162 SiC3H5      0  5  0  3  0  0  1  0  0  0  0  0  0  0  0.00000000D+00
 163 CH3CH2OH    0  6  0  2  0  1  0  0  0  0  0  0  0  0  0.22398225D-21
 164 C7H2        0  2  0  7  0  0  0  0  0  0  0  0  0  0  0.30978896D-11
 165 C8H         0  1  0  8  0  0  0  0  0  0  0  0  0  0  0.79569175D-12
 166 CH3C4H      0  4  0  5  0  0  0  0  0  0  0  0  0  0  0.36746545D-16
 167 CH3OCH3     0  6  0  2  0  1  0  0  0  0  0  0  0  0  0.47167193D-24
 168 CH3CHCH2    0  6  0  3  0  0  0  0  0  0  0  0  0  0  0.00000000D+00
 169 C8N         0  0  0  8  1  0  0  0  0  0  0  0  0  0  0.14825008D-12
 170 C10         0  0  0 10  0  0  0  0  0  0  0  0  0  0  0.46921897D-13
 171 CH3COCH3    0  6  0  3  0  1  0  0  0  0  0  0  0  0  0.44573994D-24
 172 C8H2        0  2  0  8  0  0  0  0  0  0  0  0  0  0  0.28664888D-11
 173 C9H         0  1  0  9  0  0  0  0  0  0  0  0  0  0  0.16624852D-12
 174 C9N         0  0  0  9  1  0  0  0  0  0  0  0  0  0  0.68027227D-13
 175 CH3C5N      0  3  0  6  1  0  0  0  0  0  0  0  0  0  0.29724734D-17
 176 HC8N        0  1  0  8  1  0  0  0  0  0  0  0  0  0  0.62667918D-15
 177 NC8N        0  0  0  8  2  0  0  0  0  0  0  0  0  0  0.14705174D-13
 178 SiC8H       0  1  0  8  0  0  1  0  0  0  0  0  0  0  0.62573650D-14
 179 CH2CHCHCH2  0  6  0  4  0  0  0  0  0  0  0  0  0  0  0.00000000D+00
 180 C9O         0  0  0  9  0  1  0  0  0  0  0  0  0  0  0.17576230D-13
 181 HC9N        0  1  0  9  1  0  0  0  0  0  0  0  0  0  0.14491946D-13
 182 C10H        0  1  0 10  0  0  0  0  0  0  0  0  0  0  0.12784480D-12
 183 C9H2        0  2  0  9  0  0  0  0  0  0  0  0  0  0  0.77448557D-12
 184 CH3C6H      0  4  0  7  0  0  0  0  0  0  0  0  0  0  0.11338155D-17
 185 C11         0  0  0 11  0  0  0  0  0  0  0  0  0  0  0.29182774D-12
 186 C10N        0  0  0 10  1  0  0  0  0  0  0  0  0  0  0.19162199D-13
 187 CH3C7N      0  3  0  8  1  0  0  0  0  0  0  0  0  0  0.61548302D-18
 188 C10H2       0  2  0 10  0  0  0  0  0  0  0  0  0  0  0.36249612D-12
 189 C6H6        0  6  0  6  0  0  0  0  0  0  0  0  0  0  0.16045449D-15
 190 Si+         1  0  0  0  0  0  1  0  0  0  0  0  0  0  0.71537197D-08
 191 C+          1  0  0  1  0  0  0  0  0  0  0  0  0  0  0.14274177D-05
 192 C-         -1  0  0  1  0  0  0  0  0  0  0  0  0  0  0.30492197D-13
 193 H-         -1  1  0  0  0  0  0  0  0  0  0  0  0  0  0.39423997D-13
 194 O-         -1  0  0  0  0  1  0  0  0  0  0  0  0  0  0.66216167D-15
 195 S-         -1  0  0  0  0  0  0  1  0  0  0  0  0  0  0.95140431D-17
 196 He+         1  0  1  0  0  0  0  0  0  0  0  0  0  0  0.21363137D-09
 197 H+          1  1  0  0  0  0  0  0  0  0  0  0  0  0  0.39783729D-07
 198 Fe+         1  0  0  0  0  0  0  0  1  0  0  0  0  0  0.29799322D-08
 199 Mg+         1  0  0  0  0  0  0  0  0  0  1  0  0  0  0.68685349D-08
 200 N+          1  0  0  0  1  0  0  0  0  0  0  0  0  0  0.26971260D-13
 201 Na+         1  0  0  0  0  0  0  0  0  1  0  0  0  0  0.19666061D-08
 202 O+          1  0  0  0  0  1  0  0  0  0  0  0  0  0  0.38589431D-13
 203 S+          1  0  0  0  0  0  0  1  0  0  0  0  0  0  0.72514646D-07
 204 Cl+         1  0  0  0  0  0  0  0  0  0  0  1  0  0  0.21192631D-16
 205 F+          1  0  0  0  0  0  0  0  0  0  0  0  0  1  0.28276952D-16
 206 P+          1  0  0  0  0  0  0  0  0  0  0  0  1  0  0.18693912D-09
 207 e-         -1  0  0  0  0  0  0  0  0  0  0  0  0  0  0.15606396D-05
 208 CH+         1  1  0  1  0  0  0  0  0  0  0  0  0  0  0.23748671D-12
 209 H2+         1  2  0  0  0  0  0  0  0  0  0  0  0  0  0.58074419D-12
 210 OH+         1  1  0  0  0  1  0  0  0  0  0  0  0  0  0.20137450D-12
 211 SiH+        1  1  0  0  0  0  1  0  0  0  0  0  0  0  0.21843622D-12
 212 C2+         1  0  0  2  0  0  0  0  0  0  0  0  0  0  0.11014926D-12
 213 CN-        -1  0  0  1  1  0  0  0  0  0  0  0  0  0  0.17206996D-13
 214 OH-        -1  1  0  0  0  1  0  0  0  0  0  0  0  0  0.23700200D-14
 215 CF+         1  0  0  1  0  0  0  0  0  0  0  0  0  1  0.82076036D-10
 216 HS+         1  1  0  0  0  0  0  1  0  0  0  0  0  0  0.47772130D-13
 217 SO+         1  0  0  0  0  1  0  1  0  0  0  0  0  0  0.22650737D-11
 218 CCl+        1  0  0  1  0  0  0  0  0  0  0  1  0  0  0.11637028D-14
 219 ClO+        1  0  0  0  0  1  0  0  0  0  0  1  0  0  0.00000000D+00
 220 CN+         1  0  0  1  1  0  0  0  0  0  0  0  0  0  0.72606586D-15
 221 CO+         1  0  0  1  0  1  0  0  0  0  0  0  0  0  0.59607420D-13
 222 CP+         1  0  0  1  0  0  0  0  0  0  0  0  1  0  0.16273180D-17
 223 CS+         1  0  0  1  0  0  0  1  0  0  0  0  0  0  0.30783616D-13
 224 HCl+        1  1  0  0  0  0  0  0  0  0  0  1  0  0  0.17545939D-16
 225 HF+         1  1  0  0  0  0  0  0  0  0  0  0  0  1  0.21725943D-16
 226 HeH+        1  1  1  0  0  0  0  0  0  0  0  0  0  0  0.27068162D-19
 227 N2+         1  0  0  0  2  0  0  0  0  0  0  0  0  0  0.56834005D-15
 228 NH+         1  1  0  0  1  0  0  0  0  0  0  0  0  0  0.41157312D-14
 229 NO+         1  0  0  0  1  1  0  0  0  0  0  0  0  0  0.48531565D-12
 230 NS+         1  0  0  0  1  0  0  1  0  0  0  0  0  0  0.65969489D-13
 231 O2+         1  0  0  0  0  2  0  0  0  0  0  0  0  0  0.19152585D-12
 232 PH+         1  1  0  0  0  0  0  0  0  0  0  0  1  0  0.15945344D-14
 233 PN+         1  0  0  0  1  0  0  0  0  0  0  0  1  0  0.19745838D-14
 234 PO+         1  0  0  0  0  1  0  0  0  0  0  0  1  0  0.12497453D-13
 235 S2+         1  0  0  0  0  0  0  2  0  0  0  0  0  0  0.35523970D-16
 236 SiC+        1  0  0  1  0  0  1  0  0  0  0  0  0  0  0.11903457D-14
 237 SiN+        1  0  0  0  1  0  1  0  0  0  0  0  0  0  0.13876740D-12
 238 SiO+        1  0  0  0  0  1  1  0  0  0  0  0  0  0  0.16241452D-14
 239 SiS+        1  0  0  0  0  0  1  1  0  0  0  0  0  0  0.31033635D-17
 240 SiF+        1  0  0  0  0  0  1  0  0  0  0  0  0  1  0.32950209D-12
 241 CH2+        1  2  0  1  0  0  0  0  0  0  0  0  0  0  0.18315530D-11
 242 C2N+        1  0  0  2  1  0  0  0  0  0  0  0  0  0  0.12732571D-14
 243 CNC+        1  0  0  2  1  0  0  0  0  0  0  0  0  0  0.23271948D-10
 244 HSiO+       1  1  0  0  0  1  1  0  0  0  0  0  0  0  0.42537287D-12
 245 N2H+        1  1  0  0  2  0  0  0  0  0  0  0  0  0  0.37524892D-11
 246 C2H+        1  1  0  2  0  0  0  0  0  0  0  0  0  0  0.18048075D-12
 247 H3+         1  3  0  0  0  0  0  0  0  0  0  0  0  0  0.71535363D-09
 248 C3-        -1  0  0  3  0  0  0  0  0  0  0  0  0  0  0.50684793D-12
 249 HCO+        1  1  0  1  0  1  0  0  0  0  0  0  0  0  0.19111863D-09
 250 HSO+        1  1  0  0  0  1  0  1  0  0  0  0  0  0  0.56960340D-16
 251 H2S+        1  2  0  0  0  0  0  1  0  0  0  0  0  0  0.40867718D-12
 252 HCS+        1  1  0  1  0  0  0  1  0  0  0  0  0  0  0.21545657D-11
 253 HPO+        1  1  0  0  0  1  0  0  0  0  0  0  1  0  0.14326103D-14
 254 C2O+        1  0  0  2  0  1  0  0  0  0  0  0  0  0  0.44684545D-13
 255 C2S+        1  0  0  2  0  0  0  1  0  0  0  0  0  0  0.66397911D-12
 256 C3+         1  0  0  3  0  0  0  0  0  0  0  0  0  0  0.16178148D-12
 257 CCP+        1  0  0  2  0  0  0  0  0  0  0  0  1  0  0.19625153D-15
 258 CHSi+       1  1  0  1  0  0  1  0  0  0  0  0  0  0  0.15205148D-14
 259 CO2+        1  0  0  1  0  2  0  0  0  0  0  0  0  0  0.61713352D-20
 260 H2Cl+       1  2  0  0  0  0  0  0  0  0  0  1  0  0  0.89897900D-14
 261 H2F+        1  2  0  0  0  0  0  0  0  0  0  0  0  1  0.25125933D-13
 262 H2O+        1  2  0  0  0  1  0  0  0  0  0  0  0  0  0.47604132D-12
 263 HCN+        1  1  0  1  1  0  0  0  0  0  0  0  0  0  0.32499141D-14
 264 HCP+        1  1  0  1  0  0  0  0  0  0  0  0  1  0  0.20874185D-17
 265 HNC+        1  1  0  1  1  0  0  0  0  0  0  0  0  0  0.10717380D-13
 266 HNO+        1  1  0  0  1  1  0  0  0  0  0  0  0  0  0.60899385D-14
 267 HNS+        1  1  0  0  1  0  0  1  0  0  0  0  0  0  0.13054283D-16
 268 HNSi+       1  1  0  0  1  0  1  0  0  0  0  0  0  0  0.15885605D-16
 269 HOC+        1  1  0  1  0  1  0  0  0  0  0  0  0  0  0.10046129D-10
 270 HPN+        1  1  0  0  1  0  0  0  0  0  0  0  1  0  0.14601385D-16
 271 HSiS+       1  1  0  0  0  0  1  1  0  0  0  0  0  0  0.20388764D-14
 272 NaH2+       1  2  0  0  0  0  0  0  0  1  0  0  0  0  0.34291325D-15
 273 NCO+        1  0  0  1  1  1  0  0  0  0  0  0  0  0  0.14101077D-15
 274 NH2+        1  2  0  0  1  0  0  0  0  0  0  0  0  0  0.34131206D-13
 275 NO2+        1  0  0  0  1  2  0  0  0  0  0  0  0  0  0.87403381D-20
 276 HO2+        1  1  0  0  0  2  0  0  0  0  0  0  0  0  0.10542811D-16
 277 OCS+        1  0  0  1  0  1  0  1  0  0  0  0  0  0  0.68185696D-13
 278 PH2+        1  2  0  0  0  0  0  0  0  0  0  0  1  0  0.62778969D-14
 279 HS2+        1  1  0  0  0  0  0  2  0  0  0  0  0  0  0.10739030D-17
 280 SiC2+       1  0  0  2  0  0  1  0  0  0  0  0  0  0  0.24963810D-15
 281 SiH2+       1  2  0  0  0  0  1  0  0  0  0  0  0  0  0.15116261D-11
 282 SiNC+       1  0  0  1  1  0  1  0  0  0  0  0  0  0  0.14620126D-12
 283 SO2+        1  0  0  0  0  2  0  1  0  0  0  0  0  0  0.58039850D-22
 284 HCNH+       1  2  0  1  1  0  0  0  0  0  0  0  0  0  0.41971675D-11
 285 HC2N+       1  1  0  2  1  0  0  0  0  0  0  0  0  0  0.45709773D-15
 286 C3H+        1  1  0  3  0  0  0  0  0  0  0  0  0  0  0.18612369D-11
 287 C4+         1  0  0  4  0  0  0  0  0  0  0  0  0  0  0.87688190D-13
 288 H2CO+       1  2  0  1  0  1  0  0  0  0  0  0  0  0  0.12008871D-12
 289 CH3+        1  3  0  1  0  0  0  0  0  0  0  0  0  0  0.39064661D-09
 290 C3N-       -1  0  0  3  1  0  0  0  0  0  0  0  0  0  0.15561162D-12
 291 C4-        -1  0  0  4  0  0  0  0  0  0  0  0  0  0  0.11426765D-10
 292 H3O+        1  3  0  0  0  1  0  0  0  0  0  0  0  0  0.87196656D-10
 293 H2NO+       1  2  0  0  1  1  0  0  0  0  0  0  0  0  0.16546826D-14
 294 H3S+        1  3  0  0  0  0  0  1  0  0  0  0  0  0  0.64769493D-17
 295 HC2S+       1  1  0  2  0  0  0  1  0  0  0  0  0  0  0.40894310D-13
 296 HOCS+       1  1  0  1  0  1  0  1  0  0  0  0  0  0  0.72275749D-17
 297 PCH2+       1  2  0  1  0  0  0  0  0  0  0  0  1  0  0.94800178D-15
 298 H2S2+       1  2  0  0  0  0  0  2  0  0  0  0  0  0  0.28544281D-20
 299 C2H2+       1  2  0  2  0  0  0  0  0  0  0  0  0  0  0.45037886D-10
 300 C2HO+       1  1  0  2  0  1  0  0  0  0  0  0  0  0  0.24606148D-12
 301 C2N2+       1  0  0  2  2  0  0  0  0  0  0  0  0  0  0.12408337D-20
 302 C3N+        1  0  0  3  1  0  0  0  0  0  0  0  0  0  0.99392706D-18
 303 C3O+        1  0  0  3  0  1  0  0  0  0  0  0  0  0  0.90861673D-13
 304 C3S+        1  0  0  3  0  0  0  1  0  0  0  0  0  0  0.27337278D-12
 305 CH2Si+      1  2  0  1  0  0  1  0  0  0  0  0  0  0  0.50178184D-12
 306 H2CCl+      1  2  0  1  0  0  0  0  0  0  0  1  0  0  0.29532866D-18
 307 H2CS+       1  2  0  1  0  0  0  1  0  0  0  0  0  0  0.65890138D-16
 308 H2NC+       1  2  0  1  1  0  0  0  0  0  0  0  0  0  0.16031006D-11
 309 H2PO+       1  2  0  0  0  1  0  0  0  0  0  0  1  0  0.81258365D-20
 310 H2SiO+      1  2  0  0  0  1  1  0  0  0  0  0  0  0  0.27608403D-18
 311 HOCO+       1  1  0  1  0  2  0  0  0  0  0  0  0  0  0.39863690D-15
 312 HNCO+       1  1  0  1  1  1  0  0  0  0  0  0  0  0  0.25591420D-20
 313 HSiO2+      1  1  0  0  0  2  1  0  0  0  0  0  0  0  0.17380805D-21
 314 HSO2+       1  1  0  0  0  2  0  1  0  0  0  0  0  0  0.22004855D-20
 315 NaH2O+      1  2  0  0  0  1  0  0  0  1  0  0  0  0  0.62312860D-20
 316 NH3+        1  3  0  0  1  0  0  0  0  0  0  0  0  0  0.16198050D-11
 317 PC2H+       1  1  0  2  0  0  0  0  0  0  0  0  1  0  0.11692954D-15
 318 PH3+        1  3  0  0  0  0  0  0  0  0  0  0  1  0  0.20498576D-18
 319 PNH2+       1  2  0  0  1  0  0  0  0  0  0  0  1  0  0.38535323D-17
 320 SiC2H+      1  1  0  2  0  0  1  0  0  0  0  0  0  0  0.16427685D-12
 321 l-SiC3+     1  0  0  3  0  0  1  0  0  0  0  0  0  0  0.30293087D-13
 322 SiH3+       1  3  0  0  0  0  1  0  0  0  0  0  0  0  0.15161349D-16
 323 SiNCH+      1  1  0  1  1  0  1  0  0  0  0  0  0  0  0.21426072D-16
 324 HSiNH+      1  2  0  0  1  0  1  0  0  0  0  0  0  0  0.71872021D-14
 325 HN2O+       1  1  0  0  2  1  0  0  0  0  0  0  0  0  0.37825572D-22
 326 C2H3+       1  3  0  2  0  0  0  0  0  0  0  0  0  0  0.17220654D-12
 327 c-C3H2+     1  2  0  3  0  0  0  0  0  0  0  0  0  0  0.75605152D-12
 328 l-C3H2+     1  2  0  3  0  0  0  0  0  0  0  0  0  0  0.17866869D-12
 329 C4H+        1  1  0  4  0  0  0  0  0  0  0  0  0  0  0.11178597D-12
 330 C5+         1  0  0  5  0  0  0  0  0  0  0  0  0  0  0.32208947D-14
 331 HC3O+       1  1  0  3  0  1  0  0  0  0  0  0  0  0  0.18156032D-15
 332 C4H-       -1  1  0  4  0  0  0  0  0  0  0  0  0  0  0.11459355D-10
 333 C5-        -1  0  0  5  0  0  0  0  0  0  0  0  0  0  0.46164043D-11
 334 NH4+        1  4  0  0  1  0  0  0  0  0  0  0  0  0  0.27923106D-13
 335 H3CS+       1  3  0  1  0  0  0  1  0  0  0  0  0  0  0.95795146D-15
 336 H2COH+      1  3  0  1  0  1  0  0  0  0  0  0  0  0  0.87042824D-15
 337 H3S2+       1  3  0  0  0  0  0  2  0  0  0  0  0  0  0.28122573D-19
 338 HC3S+       1  1  0  3  0  0  0  1  0  0  0  0  0  0  0.21059495D-12
 339 PC3H+       1  1  0  3  0  0  0  0  0  0  0  0  1  0  0.91624289D-20
 340 PCH3+       1  3  0  1  0  0  0  0  0  0  0  0  1  0  0.16550861D-21
 341 PNH3+       1  3  0  0  1  0  0  0  0  0  0  0  1  0  0.21890943D-22
 342 SiC2H2+     1  2  0  2  0  0  1  0  0  0  0  0  0  0  0.63010747D-15
 343 SiC3H+      1  1  0  3  0  0  1  0  0  0  0  0  0  0  0.14383630D-13
 344 SiC4+       1  0  0  4  0  0  1  0  0  0  0  0  0  0  0.24366231D-14
 345 SiCH3+      1  3  0  1  0  0  1  0  0  0  0  0  0  0  0.30749042D-18
 346 SiH4+       1  4  0  0  0  0  1  0  0  0  0  0  0  0  0.27879827D-27
 347 CH2CN+      1  2  0  2  1  0  0  0  0  0  0  0  0  0  0.20001928D-12
 348 H2CCO+      1  2  0  2  0  1  0  0  0  0  0  0  0  0  0.12740676D-12
 349 HC3N+       1  1  0  3  1  0  0  0  0  0  0  0  0  0  0.68880333D-14
 350 C4N+        1  0  0  4  1  0  0  0  0  0  0  0  0  0  0.30442094D-15
 351 C4P+        1  0  0  4  0  0  0  0  0  0  0  0  1  0  0.44748306D-21
 352 C4S+        1  0  0  4  0  0  0  1  0  0  0  0  0  0  0.23160087D-13
 353 HCOOH+      1  2  0  1  0  2  0  0  0  0  0  0  0  0  0.27460796D-18
 354 CH4+        1  4  0  1  0  0  0  0  0  0  0  0  0  0  0.65599852D-15
 355 H3SiO+      1  3  0  0  0  1  1  0  0  0  0  0  0  0  0.29252081D-24
 356 PC2H2+      1  2  0  2  0  0  0  0  0  0  0  0  1  0  0.56482326D-17
 357 C6+         1  0  0  6  0  0  0  0  0  0  0  0  0  0  0.14327335D-13
 358 HC4N+       1  1  0  4  1  0  0  0  0  0  0  0  0  0  0.92428494D-19
 359 C5H-       -1  1  0  5  0  0  0  0  0  0  0  0  0  0  0.52918082D-11
 360 C6-        -1  0  0  6  0  0  0  0  0  0  0  0  0  0  0.12777156D-11
 361 CH3CO+      1  3  0  2  0  1  0  0  0  0  0  0  0  0  0.57130296D-13
 362 C2H4+       1  4  0  2  0  0  0  0  0  0  0  0  0  0  0.27208214D-11
 363 HC3NH+      1  2  0  3  1  0  0  0  0  0  0  0  0  0  0.17168394D-13
 364 HC4S+       1  1  0  4  0  0  0  1  0  0  0  0  0  0  0.15757264D-14
 365 CH5+        1  5  0  1  0  0  0  0  0  0  0  0  0  0  0.21902950D-11
 366 C4H2+       1  2  0  4  0  0  0  0  0  0  0  0  0  0  0.60419872D-11
 367 C5H+        1  1  0  5  0  0  0  0  0  0  0  0  0  0  0.22922424D-12
 368 CH3CN+      1  3  0  2  1  0  0  0  0  0  0  0  0  0  0.17316071D-13
 369 c-C3H3+     1  3  0  3  0  0  0  0  0  0  0  0  0  0  0.45926536D-11
 370 l-C3H3+     1  3  0  3  0  0  0  0  0  0  0  0  0  0  0.45922306D-11
 371 C5N+        1  0  0  5  1  0  0  0  0  0  0  0  0  0  0.30925054D-17
 372 CH3O2+      1  3  0  1  0  2  0  0  0  0  0  0  0  0  0.21105578D-17
 373 CH2NH2+     1  4  0  1  1  0  0  0  0  0  0  0  0  0  0.44969510D-16
 374 CH3OH+      1  4  0  1  0  1  0  0  0  0  0  0  0  0  0.70074843D-20
 375 H2C3O+      1  2  0  3  0  1  0  0  0  0  0  0  0  0  0.84331305D-16
 376 HC2NCH+     1  2  0  3  1  0  0  0  0  0  0  0  0  0  0.17501688D-14
 377 HC4O+       1  1  0  4  0  1  0  0  0  0  0  0  0  0  0.49567700D-13
 378 NH2CNH+     1  3  0  1  2  0  0  0  0  0  0  0  0  0  0.00000000D+00
 379 PC2H3+      1  3  0  2  0  0  0  0  0  0  0  0  1  0  0.13006056D-24
 380 PC4H+       1  1  0  4  0  0  0  0  0  0  0  0  1  0  0.47308526D-19
 381 PCH4+       1  4  0  1  0  0  0  0  0  0  0  0  1  0  0.82724605D-23
 382 SiC2H3+     1  3  0  2  0  0  1  0  0  0  0  0  0  0  0.12892561D-15
 383 SiC3H2+     1  2  0  3  0  0  1  0  0  0  0  0  0  0  0.19429468D-17
 384 SiC4H+      1  1  0  4  0  0  1  0  0  0  0  0  0  0  0.73574391D-18
 385 SiCH4+      1  4  0  1  0  0  1  0  0  0  0  0  0  0  0.26801191D-18
 386 SiH5+       1  5  0  0  0  0  1  0  0  0  0  0  0  0  0.16075405D-22
 387 C7+         1  0  0  7  0  0  0  0  0  0  0  0  0  0  0.22014744D-14
 388 H2C4N+      1  2  0  4  1  0  0  0  0  0  0  0  0  0  0.13740326D-18
 389 C6H-       -1  1  0  6  0  0  0  0  0  0  0  0  0  0  0.21169977D-11
 390 C7-        -1  0  0  7  0  0  0  0  0  0  0  0  0  0  0.46461057D-12
 391 C4H3+       1  3  0  4  0  0  0  0  0  0  0  0  0  0  0.43231611D-13
 392 C5H2+       1  2  0  5  0  0  0  0  0  0  0  0  0  0  0.13658819D-14
 393 CH3CNH+     1  4  0  2  1  0  0  0  0  0  0  0  0  0  0.18887390D-13
 394 C2H4O+      1  4  0  2  0  1  0  0  0  0  0  0  0  0  0.17656345D-19
 395 C2H5+       1  5  0  2  0  0  0  0  0  0  0  0  0  0  0.27742121D-16
 396 C3H3N+      1  3  0  3  1  0  0  0  0  0  0  0  0  0  0.67362319D-18
 397 C3H4+       1  4  0  3  0  0  0  0  0  0  0  0  0  0  0.19077149D-17
 398 HC5N+       1  1  0  5  1  0  0  0  0  0  0  0  0  0  0.93062340D-15
 399 C6H+        1  1  0  6  0  0  0  0  0  0  0  0  0  0  0.81277810D-13
 400 CH3NH2+     1  5  0  1  1  0  0  0  0  0  0  0  0  0  0.29064210D-17
 401 CH3OH2+     1  5  0  1  0  1  0  0  0  0  0  0  0  0  0.54227861D-18
 402 H3C3O+      1  3  0  3  0  1  0  0  0  0  0  0  0  0  0.23934378D-17
 403 NH2CH2O+    1  4  0  1  1  1  0  0  0  0  0  0  0  0  0.84532797D-22
 404 PC2H4+      1  4  0  2  0  0  0  0  0  0  0  0  1  0  0.36289046D-24
 405 PC4H2+      1  2  0  4  0  0  0  0  0  0  0  0  1  0  0.53408255D-22
 406 HC5O+       1  1  0  5  0  1  0  0  0  0  0  0  0  0  0.11587599D-16
 407 C6N+        1  0  0  6  1  0  0  0  0  0  0  0  0  0  0.12218284D-16
 408 H2C5N+      1  2  0  5  1  0  0  0  0  0  0  0  0  0  0.21430210D-15
 409 C8+         1  0  0  8  0  0  0  0  0  0  0  0  0  0  0.66356478D-14
 410 C7H-       -1  1  0  7  0  0  0  0  0  0  0  0  0  0  0.12383714D-11
 411 C8-        -1  0  0  8  0  0  0  0  0  0  0  0  0  0  0.94848306D-13
 412 C5H3+       1  3  0  5  0  0  0  0  0  0  0  0  0  0  0.85387762D-16
 413 C3H5+       1  5  0  3  0  0  0  0  0  0  0  0  0  0  0.62843056D-17
 414 C6H2+       1  2  0  6  0  0  0  0  0  0  0  0  0  0  0.89301858D-14
 415 C7H+        1  1  0  7  0  0  0  0  0  0  0  0  0  0  0.42210858D-13
 416 CH3CHOH+    1  5  0  2  0  1  0  0  0  0  0  0  0  0  0.84607626D-20
 417 C2H6+       1  6  0  2  0  0  0  0  0  0  0  0  0  0  0.24644059D-27
 418 C3H3NH+     1  4  0  3  1  0  0  0  0  0  0  0  0  0  0.12550694D-21
 419 C4H4+       1  4  0  4  0  0  0  0  0  0  0  0  0  0  0.25006754D-18
 420 C7N+        1  0  0  7  1  0  0  0  0  0  0  0  0  0  0.62505544D-18
 421 CH3NH3+     1  6  0  1  1  0  0  0  0  0  0  0  0  0  0.15252652D-16
 422 COOCH4+     1  4  0  2  0  2  0  0  0  0  0  0  0  0  0.72073247D-25
 423 H3C4N+      1  3  0  4  1  0  0  0  0  0  0  0  0  0  0.13708879D-18
 424 HC6N+       1  1  0  6  1  0  0  0  0  0  0  0  0  0  0.63263436D-20
 425 C9+         1  0  0  9  0  0  0  0  0  0  0  0  0  0  0.17134130D-14
 426 C8H-       -1  1  0  8  0  0  0  0  0  0  0  0  0  0  0.41358702D-12
 427 C9-        -1  0  0  9  0  0  0  0  0  0  0  0  0  0  0.84981283D-13
 428 C4H5+       1  5  0  4  0  0  0  0  0  0  0  0  0  0  0.20913728D-18
 429 C6H3+       1  3  0  6  0  0  0  0  0  0  0  0  0  0  0.10954394D-16
 430 C7H2+       1  2  0  7  0  0  0  0  0  0  0  0  0  0  0.27749158D-15
 431 C2H5OH+     1  6  0  2  0  1  0  0  0  0  0  0  0  0  0.36196530D-24
 432 H3C4NH+     1  4  0  4  1  0  0  0  0  0  0  0  0  0  0.13755432D-16
 433 C5H3N+      1  3  0  5  1  0  0  0  0  0  0  0  0  0  0.10517429D-18
 434 C5H4+       1  4  0  5  0  0  0  0  0  0  0  0  0  0  0.52618149D-18
 435 HC7N+       1  1  0  7  1  0  0  0  0  0  0  0  0  0  0.10706293D-15
 436 C8H+        1  1  0  8  0  0  0  0  0  0  0  0  0  0  0.67223594D-16
 437 CH3OCH3+    1  6  0  2  0  1  0  0  0  0  0  0  0  0  0.12997867D-26
 438 H5C2O2+     1  5  0  2  0  2  0  0  0  0  0  0  0  0  0.22004995D-24
 439 HC7O+       1  1  0  7  0  1  0  0  0  0  0  0  0  0  0.53399150D-18
 440 C8N+        1  0  0  8  1  0  0  0  0  0  0  0  0  0  0.27712014D-17
 441 H2C6N+      1  2  0  6  1  0  0  0  0  0  0  0  0  0  0.41091583D-17
 442 C2H7+       1  7  0  2  0  0  0  0  0  0  0  0  0  0  0.00000000D+00
 443 C10+        1  0  0 10  0  0  0  0  0  0  0  0  0  0  0.67205358D-15
 444 CH3OCH4+    1  7  0  2  0  1  0  0  0  0  0  0  0  0  0.91936732D-26
 445 C9H-       -1  1  0  9  0  0  0  0  0  0  0  0  0  0  0.27453812D-12
 446 C10-       -1  0  0 10  0  0  0  0  0  0  0  0  0  0  0.62367735D-13
 447 C7H2N+      1  2  0  7  1  0  0  0  0  0  0  0  0  0  0.17768518D-15
 448 C7H3+       1  3  0  7  0  0  0  0  0  0  0  0  0  0  0.82741254D-17
 449 C5H5+       1  5  0  5  0  0  0  0  0  0  0  0  0  0  0.63673627D-18
 450 C8H2+       1  2  0  8  0  0  0  0  0  0  0  0  0  0  0.47748325D-14
 451 C9H+        1  1  0  9  0  0  0  0  0  0  0  0  0  0  0.76375551D-14
 452 C2H5OH2+    1  7  0  2  0  1  0  0  0  0  0  0  0  0  0.87629117D-23
 453 C2H6CO+     1  6  0  3  0  1  0  0  0  0  0  0  0  0  0.51400690D-26
 454 C5H4N+      1  4  0  5  1  0  0  0  0  0  0  0  0  0  0.94790559D-20
 455 C6H4+       1  4  0  6  0  0  0  0  0  0  0  0  0  0  0.16161342D-17
 456 C9N+        1  0  0  9  1  0  0  0  0  0  0  0  0  0  0.11524559D-18
 457 HC8N+       1  1  0  8  1  0  0  0  0  0  0  0  0  0  0.13390221D-20
 458 C10H+       1  1  0 10  0  0  0  0  0  0  0  0  0  0  0.21139050D-14
 459 C10H-      -1  1  0 10  0  0  0  0  0  0  0  0  0  0  0.49357078D-13
 460 C8H3+       1  3  0  8  0  0  0  0  0  0  0  0  0  0  0.19961550D-17
 461 C9H2+       1  2  0  9  0  0  0  0  0  0  0  0  0  0  0.68036656D-16
 462 C3H6OH+     1  7  0  3  0  1  0  0  0  0  0  0  0  0  0.12888286D-25
 463 C4H7+       1  7  0  4  0  0  0  0  0  0  0  0  0  0  0.10294404D-22
 464 H3C6NH+     1  4  0  6  1  0  0  0  0  0  0  0  0  0  0.30224430D-19
 465 C6H5+       1  5  0  6  0  0  0  0  0  0  0  0  0  0  0.77645679D-21
 466 H3C7N+      1  3  0  7  1  0  0  0  0  0  0  0  0  0  0.34276298D-20
 467 C7H4+       1  4  0  7  0  0  0  0  0  0  0  0  0  0  0.35890667D-19
 468 C9HN+       1  1  0  9  1  0  0  0  0  0  0  0  0  0  0.19644780D-16
 469 C11+        1  0  0 11  0  0  0  0  0  0  0  0  0  0  0.65519496D-15
 470 HC9O+       1  1  0  9  0  1  0  0  0  0  0  0  0  0  0.12491885D-18
 471 C10N+       1  0  0 10  1  0  0  0  0  0  0  0  0  0  0.45423889D-18
 472 H2C8N+      1  2  0  8  1  0  0  0  0  0  0  0  0  0  0.86973679D-18
 473 C9H2N+      1  2  0  9  1  0  0  0  0  0  0  0  0  0  0.69954379D-17
 474 C9H3+       1  3  0  9  0  0  0  0  0  0  0  0  0  0  0.15292089D-17
 475 C10H2+      1  2  0 10  0  0  0  0  0  0  0  0  0  0  0.57282065D-17
 476 C7H5+       1  5  0  7  0  0  0  0  0  0  0  0  0  0  0.26457345D-19
 477 C8H4+       1  4  0  8  0  0  0  0  0  0  0  0  0  0  0.67877140D-19
 478 HC10N+      1  1  0 10  1  0  0  0  0  0  0  0  0  0  0.17307652D-21
 479 C6H7+       1  7  0  6  0  0  0  0  0  0  0  0  0  0  0.62295761D-20
 480 C9H4+       1  4  0  9  0  0  0  0  0  0  0  0  0  0  0.35327533D-20
 481 C8H4N+      1  4  0  8  1  0  0  0  0  0  0  0  0  0  0.64398737D-20
 482 C8H5+       1  5  0  8  0  0  0  0  0  0  0  0  0  0  0.16904180D-22
 483 C9H3N+      1  3  0  9  1  0  0  0  0  0  0  0  0  0  0.24612083D-21
 484 C10H3+      1  3  0 10  0  0  0  0  0  0  0  0  0  0  0.13857128D-18
 485 H2C10N+     1  2  0 10  1  0  0  0  0  0  0  0  0  0  0.16862793D-18
 486 C9H5+       1  5  0  9  0  0  0  0  0  0  0  0  0  0  0.33387839D-25
 487 GRAIN0      0  0  0  0  0  0  0  0  0  0  0  0  0  0  0.92282066D-14
 488 GRAIN-     -1  0  0  0  0  0  0  0  0  0  0  0  0  0  0.13122718D-11
 489 XH          0  1  0  0  0  0  0  0  0  0  0  0  0  0  0.16710465D-16
