!
! 01-AUG-2019 13:46:42
! Input file  : serpens_cn10_conv.30m
! Input command: ANALYSE\PRINT area 10.0 11.9 /OUTPUT smm1_hcn10_blue_comp1.txt
!
 1    238.386   -226.500  0.28817    
 2    223.736   -226.500  0.27220    
 3    209.086   -226.500  0.27174    
 4    194.436   -226.500  0.26800    
 5    179.786   -226.500  0.23857    
 6    165.136   -226.500  0.14461    
 7    150.486   -226.500 -4.00576E-03
 8    135.836   -226.500 -1.74699E-02
 9    121.186   -226.500  0.10187    
 10    106.536   -226.500  0.13488    
 11     91.886   -226.500  0.13921    
 12     77.236   -226.500  0.13974    
 13     33.286   -211.850 -0.37430    
 14     47.936   -211.850 -2.26114E-02
 15     62.586   -211.850  6.30856E-02
 16     77.236   -211.850  7.84028E-02
 17     91.886   -211.850  7.39265E-02
 18    106.536   -211.850  7.01532E-02
 19    121.186   -211.850  4.65622E-02
 20    135.836   -211.850  1.73029E-02
 21    150.486   -211.850  2.24274E-02
 22    165.136   -211.850  7.80784E-02
 23    179.786   -211.850  4.72622E-02
 24    194.436   -211.850  6.66091E-02
 25    209.086   -211.850  7.41481E-02
 26    223.736   -211.850  7.52298E-02
 27    238.386   -211.850  1.21495E-02
 28    253.036   -211.850 -7.95446E-02
 29    267.686   -211.850 -0.11939    
 30    267.686   -197.200 -7.73472E-02
 31    253.036   -197.200 -7.45642E-02
 32    238.386   -197.200 -2.29691E-02
 33    223.736   -197.200  0.12247    
 34    209.086   -197.200  0.10552    
 35    194.436   -197.200  8.44770E-02
 36    179.786   -197.200  1.92489E-02
 37    165.136   -197.200  5.56299E-02
 38    150.486   -197.200 -8.16016E-02
 39    135.836   -197.200  8.50745E-03
 40    121.186   -197.200  0.16456    
 41    106.536   -197.200  0.20375    
 42     91.886   -197.200  0.20652    
 43     77.236   -197.200  9.59885E-02
 44     62.586   -197.200  7.86798E-02
 45     47.936   -197.200 -3.50813E-02
 46     33.286   -197.200 -0.20520    
 47     18.636   -197.200 -0.23734    
 48    -39.964   -182.550 -0.44113    
 49    -25.314   -182.550 -0.33160    
 50    -10.664   -182.550 -4.19621E-02
 51      3.986   -182.550 -4.26065E-02
 52     18.636   -182.550 -0.22527    
 53     33.286   -182.550 -0.19987    
 54     47.936   -182.550 -5.12787E-02
 55     62.586   -182.550  9.88313E-02
 56     77.236   -182.550  0.10702    
 57     91.886   -182.550  0.21255    
 58    106.536   -182.550  0.47241    
 59    121.186   -182.550  0.56161    
 60    135.836   -182.550  0.18816    
 61    150.486   -182.550 -3.59291E-04
 62    165.136   -182.550  0.19982    
 63    179.786   -182.550  8.37732E-02
 64    194.436   -182.550  8.47164E-02
 65    209.086   -182.550  0.17919    
 66    223.736   -182.550  0.11995    
 67    238.386   -182.550 -1.83075E-02
 68    253.036   -182.550 -8.50248E-02
 69    267.686   -182.550 -9.05900E-02
 70    267.686   -167.900 -0.16686    
 71    253.036   -167.900 -0.15427    
 72    238.386   -167.900 -5.52033E-02
 73    223.736   -167.900  9.52976E-02
 74    209.086   -167.900  0.19009    
 75    194.436   -167.900  8.11638E-02
 76    179.786   -167.900  5.02614E-02
 77    165.136   -167.900  0.12115    
 78    150.486   -167.900  0.16005    
 79    135.836   -167.900  0.42450    
 80    121.186   -167.900  0.61692    
 81    106.536   -167.900  0.34625    
 82     91.886   -167.900  0.22417    
 83     77.236   -167.900  0.12612    
 84     62.586   -167.900  0.10904    
 85     47.936   -167.900 -7.92650E-02
 86     33.286   -167.900 -0.20704    
 87     18.636   -167.900 -0.23112    
 88      3.986   -167.900 -4.24962E-02
 89    -10.664   -167.900 -4.27112E-02
 90    -25.314   -167.900 -0.33077    
 91    -39.964   -167.900 -0.42421    
 92    -54.614   -167.900 -0.19345    
 93    -69.264   -167.900  4.50881E-02
 94    -83.914   -167.900  0.31106    
 95    -98.564   -153.250  0.36089    
 96    -83.914   -153.250  0.24382    
 97    -69.264   -153.250  5.41037E-02
 98    -54.614   -153.250 -0.12690    
 99    -39.964   -153.250 -0.35976    
 100    -25.314   -153.250 -0.32511    
 101    -10.664   -153.250 -4.61864E-02
 102      3.986   -153.250 -4.54942E-02
 103     18.636   -153.250 -0.22418    
 104     33.286   -153.250 -0.12409    
 105     47.936   -153.250 -4.68810E-02
 106     62.586   -153.250  0.10839    
 107     77.236   -153.250  0.16969    
 108     91.886   -153.250  0.23708    
 109    106.536   -153.250  0.43001    
 110    121.186   -153.250  0.65843    
 111    135.836   -153.250  0.52293    
 112    150.486   -153.250  0.23892    
 113    165.136   -153.250  9.41559E-02
 114    179.786   -153.250  5.46215E-02
 115    194.436   -153.250  0.12299    
 116    209.086   -153.250  0.16370    
 117    223.736   -153.250  5.35671E-02
 118    238.386   -153.250 -0.12175    
 119    253.036   -153.250 -0.23998    
 120    267.686   -153.250 -0.26159    
 121    267.686   -138.600  6.30389E-02
 122    253.036   -138.600  4.59907E-02
 123    238.386   -138.600 -1.90514E-02
 124    223.736   -138.600 -5.97553E-03
 125    209.086   -138.600  0.12245    
 126    194.436   -138.600  0.11885    
 127    179.786   -138.600  8.00116E-02
 128    165.136   -138.600  0.11584    
 129    150.486   -138.600  0.22632    
 130    135.836   -138.600  0.41196    
 131    121.186   -138.600  0.57235    
 132    106.536   -138.600  0.39809    
 133     91.886   -138.600  0.21400    
 134     77.236   -138.600  0.16023    
 135     62.586   -138.600  8.81154E-02
 136     47.936   -138.600 -3.92528E-02
 137     33.286   -138.600 -0.10372    
 138     18.636   -138.600 -0.16169    
 139      3.986   -138.600 -5.88622E-02
 140    -10.664   -138.600 -6.49794E-02
 141    -25.314   -138.600 -0.27294    
 142    -39.964   -138.600 -0.16742    
 143    -54.614   -138.600 -0.10582    
 144    -69.264   -138.600  5.56895E-02
 145    -83.914   -138.600  0.19912    
 146    -98.564   -138.600  0.25675    
 147    -98.564   -123.950  8.21878E-02
 148    -83.914   -123.950  7.76735E-02
 149    -69.264   -123.950  1.95607E-02
 150    -54.614   -123.950 -7.63821E-02
 151    -39.964   -123.950 -5.44588E-02
 152    -25.314   -123.950 -7.64685E-02
 153    -10.664   -123.950 -3.06381E-02
 154      3.986   -123.950 -2.92063E-02
 155     18.636   -123.950  4.96588E-02
 156     33.286   -123.950  3.16748E-02
 157     47.936   -123.950  3.48126E-02
 158     62.586   -123.950  0.14680    
 159     77.236   -123.950  0.19663    
 160     91.886   -123.950  0.26671    
 161    106.536   -123.950  0.34540    
 162    121.186   -123.950  0.40173    
 163    135.836   -123.950  0.28212    
 164    150.486   -123.950  0.17764    
 165    165.136   -123.950  0.12831    
 166    179.786   -123.950  8.88736E-02
 167    194.436   -123.950  9.42453E-02
 168    209.086   -123.950  0.14818    
 169    223.736   -123.950  3.62531E-02
 170    238.386   -123.950  1.59953E-02
 171    253.036   -123.950  0.14044    
 172    267.686   -123.950  0.17377    
 173    267.686   -109.300 -0.20932    
 174    253.036   -109.300 -0.20038    
 175    238.386   -109.300 -0.13419    
 176    223.736   -109.300  8.26487E-02
 177    209.086   -109.300  0.20649    
 178    194.436   -109.300  7.71529E-02
 179    179.786   -109.300  8.66200E-02
 180    165.136   -109.300  0.12379    
 181    150.486   -109.300  0.16973    
 182    135.836   -109.300  0.26040    
 183    121.186   -109.300  0.30752    
 184    106.536   -109.300  0.38812    
 185     91.886   -109.300  0.40101    
 186     77.236   -109.300  0.35375    
 187     62.586   -109.300  0.26276    
 188     47.936   -109.300  0.14982    
 189     33.286   -109.300  0.15563    
 190     18.636   -109.300  0.13705    
 191      3.986   -109.300  6.94680E-02
 192    -10.664   -109.300  0.10846    
 193    -25.314   -109.300  0.10267    
 194    -39.964   -109.300  1.43001E-02
 195    -54.614   -109.300 -5.46414E-02
 196    -69.264   -109.300 -4.41097E-02
 197    -83.914   -109.300 -4.21201E-02
 198    -98.564   -109.300 -5.32885E-02
 199    -98.564    -94.650  4.74024E-02
 200    -83.914    -94.650  4.47049E-02
 201    -69.264    -94.650  2.43024E-02
 202    -54.614    -94.650 -6.95766E-03
 203    -39.964    -94.650  3.94397E-02
 204    -25.314    -94.650  7.07902E-02
 205    -10.664    -94.650  7.66046E-02
 206      3.986    -94.650  8.02973E-02
 207     18.636    -94.650  0.14178    
 208     33.286    -94.650  0.17330    
 209     47.936    -94.650  0.17974    
 210     62.586    -94.650  0.33105    
 211     77.236    -94.650  0.48450    
 212     91.886    -94.650  0.51154    
 213    106.536    -94.650  0.38886    
 214    121.186    -94.650  0.26620    
 215    135.836    -94.650  0.28106    
 216    150.486    -94.650  0.26260    
 217    165.136    -94.650  0.18890    
 218    179.786    -94.650  8.74095E-02
 219    194.436    -94.650  5.95562E-02
 220    209.086    -94.650  0.27057    
 221    223.736    -94.650  0.14305    
 222    238.386    -94.650 -5.64688E-02
 223    253.036    -94.650 -0.20163    
 224    267.686    -94.650 -0.23452    
 225    267.686    -80.000 -4.93463E-02
 226    253.036    -80.000 -3.86244E-02
 227    238.386    -80.000  9.89098E-03
 228    223.736    -80.000  0.12472    
 229    209.086    -80.000  0.33508    
 230    194.436    -80.000  0.19285    
 231    179.786    -80.000  0.12022    
 232    165.136    -80.000  0.21331    
 233    150.486    -80.000  0.20278    
 234    135.836    -80.000  0.23746    
 235    121.186    -80.000  0.23411    
 236    106.536    -80.000  0.21315    
 237     91.886    -80.000  0.29686    
 238     77.236    -80.000  0.38933    
 239     62.586    -80.000  0.30202    
 240     47.936    -80.000  0.17393    
 241     33.286    -80.000  0.11623    
 242     18.636    -80.000  7.78406E-02
 243      3.986    -80.000  0.15376    
 244    -10.664    -80.000  0.11352    
 245    -25.314    -80.000  7.75016E-02
 246    -39.964    -80.000  0.11126    
 247    -54.614    -80.000  5.75170E-02
 248    -69.264    -80.000  7.48962E-02
 249    -83.914    -80.000  8.47760E-02
 250    -98.564    -80.000  8.24968E-02
 251    -98.564    -65.350  9.73725E-02
 252    -83.914    -65.350  0.10118    
 253    -69.264    -65.350  0.10190    
 254    -54.614    -65.350  0.10058    
 255    -39.964    -65.350  0.13889    
 256    -25.314    -65.350  0.19118    
 257    -10.664    -65.350  0.18332    
 258      3.986    -65.350  0.16014    
 259     18.636    -65.350  6.76983E-02
 260     33.286    -65.350  0.12256    
 261     47.936    -65.350  0.16710    
 262     62.586    -65.350  0.23112    
 263     77.236    -65.350  0.24561    
 264     91.886    -65.350  0.17993    
 265    106.536    -65.350  0.12779    
 266    121.186    -65.350  0.15922    
 267    135.836    -65.350  0.13873    
 268    150.486    -65.350  0.15045    
 269    165.136    -65.350  0.24050    
 270    179.786    -65.350  0.20287    
 271    194.436    -65.350  0.18094    
 272    209.086    -65.350  0.26873    
 273    223.736    -65.350  8.54020E-02
 274    238.386    -65.350 -9.27966E-02
 275    253.036    -65.350 -0.17122    
 276    267.686    -65.350 -0.18530    
 277    267.686    -50.700 -0.29000    
 278    253.036    -50.700 -0.24494    
 279    238.386    -50.700 -6.45234E-02
 280    223.736    -50.700  0.12297    
 281    209.086    -50.700  0.26898    
 282    194.436    -50.700  0.27152    
 283    179.786    -50.700  0.26082    
 284    165.136    -50.700  0.25095    
 285    150.486    -50.700  0.17429    
 286    135.836    -50.700  0.13426    
 287    121.186    -50.700  0.10751    
 288    106.536    -50.700  0.15431    
 289     91.886    -50.700  0.15742    
 290     77.236    -50.700  0.13441    
 291     62.586    -50.700  0.14357    
 292     47.936    -50.700  0.12215    
 293     33.286    -50.700  0.14468    
 294     18.636    -50.700  0.12982    
 295      3.986    -50.700  0.13531    
 296    -10.664    -50.700  0.18039    
 297    -25.314    -50.700  0.24352    
 298    -39.964    -50.700  0.19882    
 299    -54.614    -50.700  0.15909    
 300    -69.264    -50.700  0.15891    
 301    -83.914    -50.700  0.16092    
 302    -98.564    -50.700  0.16018    
 303    -98.564    -36.050  0.21853    
 304    -83.914    -36.050  0.21178    
 305    -69.264    -36.050  0.19043    
 306    -54.614    -36.050  0.14605    
 307    -39.964    -36.050  0.18373    
 308    -25.314    -36.050  0.23509    
 309    -10.664    -36.050  0.18471    
 310      3.986    -36.050  0.14004    
 311     18.636    -36.050  0.15667    
 312     33.286    -36.050  0.12896    
 313     47.936    -36.050  5.96908E-02
 314     62.586    -36.050  3.68538E-02
 315     77.236    -36.050  0.13273    
 316     91.886    -36.050  0.15168    
 317    106.536    -36.050  0.19101    
 318    121.186    -36.050  0.15195    
 319    135.836    -36.050  0.12206    
 320    150.486    -36.050  0.14438    
 321    165.136    -36.050  0.21460    
 322    179.786    -36.050  0.20980    
 323    194.436    -36.050  0.32022    
 324    209.086    -36.050  0.33859    
 325    223.736    -36.050  0.13536    
 326    238.386    -36.050 -2.22575E-02
 327    253.036    -36.050 -0.24802    
 328    267.686    -36.050 -0.34463    
 329    267.686    -21.400 -0.39969    
 330    253.036    -21.400 -0.20014    
 331    238.386    -21.400  1.67475E-02
 332    223.736    -21.400  0.10118    
 333    209.086    -21.400  0.41054    
 334    194.436    -21.400  0.40219    
 335    179.786    -21.400  0.28964    
 336    165.136    -21.400  0.14589    
 337    150.486    -21.400  0.19049    
 338    135.836    -21.400  0.23497    
 339    121.186    -21.400  0.19904    
 340    106.536    -21.400  0.20865    
 341     91.886    -21.400  0.13942    
 342     77.236    -21.400  9.91241E-02
 343     62.586    -21.400  5.17646E-02
 344     47.936    -21.400  0.12070    
 345     33.286    -21.400  0.17048    
 346     18.636    -21.400  0.19916    
 347      3.986    -21.400  0.19450    
 348    -10.664    -21.400  0.19492    
 349    -25.314    -21.400  0.19110    
 350    -39.964    -21.400  0.16109    
 351    -54.614    -21.400  0.11062    
 352    -69.264    -21.400  0.13752    
 353    -83.914    -21.400  0.15659    
 354    -98.564    -21.400  0.16536    
 355    -98.564     -6.750  0.16318    
 356    -83.914     -6.750  0.15683    
 357    -69.264     -6.750  0.13952    
 358    -54.614     -6.750  0.10263    
 359    -39.964     -6.750  0.14567    
 360    -25.314     -6.750  0.22339    
 361    -10.664     -6.750  0.32366    
 362      3.986     -6.750  0.35906    
 363     18.636     -6.750  0.26929    
 364     33.286     -6.750  0.21832    
 365     47.936     -6.750  0.15361    
 366     62.586     -6.750  0.10896    
 367     77.236     -6.750  8.84678E-02
 368     91.886     -6.750  0.11465    
 369    106.536     -6.750  0.18012    
 370    121.186     -6.750  0.27508    
 371    135.836     -6.750  0.34762    
 372    150.486     -6.750  0.25539    
 373    165.136     -6.750  9.64220E-02
 374    179.786     -6.750  0.25116    
 375    194.436     -6.750  0.31112    
 376    209.086     -6.750  0.31137    
 377    223.736     -6.750  0.25285    
 378    238.386     -6.750  6.17602E-02
 379    253.036     -6.750 -8.65127E-02
 380    267.686     -6.750 -0.39229    
 381    253.036      7.900  0.16156    
 382    238.386      7.900  0.11240    
 383    223.736      7.900  0.12321    
 384    209.086      7.900  0.13154    
 385    194.436      7.900  0.15446    
 386    179.786      7.900  0.19131    
 387    165.136      7.900  0.15695    
 388    150.486      7.900  0.23785    
 389    135.836      7.900  0.27604    
 390    121.186      7.900  0.25318    
 391    106.536      7.900  0.11362    
 392     91.886      7.900  6.88641E-03
 393     77.236      7.900  4.29898E-02
 394     62.586      7.900  0.10421    
 395     47.936      7.900  0.17722    
 396     33.286      7.900  0.27614    
 397     18.636      7.900  0.30501    
 398      3.986      7.900  0.38040    
 399    -10.664      7.900  0.32968    
 400    -25.314      7.900  0.21709    
 401    -39.964      7.900  0.16622    
 402    -54.614      7.900  0.13776    
 403    -69.264      7.900  0.17751    
 404    -83.914      7.900  0.18800    
 405    -98.564      7.900  0.18818    
 406    -98.564     22.550  5.68506E-02
 407    -83.914     22.550  5.90021E-02
 408    -69.264     22.550  7.08515E-02
 409    -54.614     22.550  9.03108E-02
 410    -39.964     22.550  0.15567    
 411    -25.314     22.550  0.22900    
 412    -10.664     22.550  0.34061    
 413      3.986     22.550  0.37716    
 414     18.636     22.550  0.29560    
 415     33.286     22.550  0.30013    
 416     47.936     22.550  0.19502    
 417     62.586     22.550  6.74318E-02
 418     77.236     22.550  5.56910E-02
 419     91.886     22.550  7.44035E-02
 420    106.536     22.550  0.11860    
 421    121.186     22.550  0.22064    
 422    135.836     22.550  0.16325    
 423    150.486     22.550  6.84777E-02
 424    165.136     22.550  0.12246    
 425    179.786     22.550  0.20521    
 426    194.436     22.550  0.25956    
 427    209.086     22.550  0.27197    
 428    223.736     22.550  0.27577    
 429    238.386     22.550  0.27855    
 430    238.386     37.200  0.30192    
 431    223.736     37.200  0.28961    
 432    209.086     37.200  0.27839    
 433    194.436     37.200  0.24443    
 434    179.786     37.200  0.14503    
 435    165.136     37.200  0.10069    
 436    150.486     37.200  3.39138E-02
 437    135.836     37.200  7.25858E-02
 438    121.186     37.200  0.12290    
 439    106.536     37.200  6.94189E-02
 440     91.886     37.200  3.07232E-02
 441     77.236     37.200  2.03348E-02
 442     62.586     37.200  7.47652E-02
 443     47.936     37.200  0.15387    
 444     33.286     37.200  0.25489    
 445     18.636     37.200  0.33290    
 446      3.986     37.200  0.41371    
 447    -10.664     37.200  0.37216    
 448    -25.314     37.200  0.25137    
 449    -39.964     37.200  0.13574    
 450    -54.614     37.200  1.44164E-02
 451    -69.264     37.200 -2.45182E-02
 452    -83.914     37.200 -1.97332E-02
 453    -98.564     37.200  0.11782    
 454    -98.564     51.850  0.11940    
 455    -83.914     51.850  4.67713E-02
 456    -69.264     51.850 -1.49267E-02
 457    -54.614     51.850 -3.22565E-02
 458    -39.964     51.850  8.28436E-02
 459    -25.314     51.850  0.30766    
 460    -10.664     51.850  0.36333    
 461      3.986     51.850  0.26700    
 462     18.636     51.850  0.18079    
 463     33.286     51.850  0.12401    
 464     47.936     51.850  8.03498E-02
 465     62.586     51.850  9.43933E-02
 466     77.236     51.850  4.89705E-03
 467     91.886     51.850 -2.04890E-02
 468    106.536     51.850  4.58404E-02
 469    121.186     51.850  3.86586E-02
 470    135.836     51.850  1.27098E-02
 471    150.486     51.850  5.58539E-02
 472    165.136     51.850  8.40033E-02
 473    179.786     51.850  9.49492E-03
 474    194.436     51.850  0.10599    
 475    209.086     51.850  0.19423    
 476    223.736     51.850  0.23714    
 477    238.386     51.850  0.24518    
 478    223.736     66.500  0.22381    
 479    209.086     66.500  0.23934    
 480    194.436     66.500  0.24910    
 481    179.786     66.500  0.19453    
 482    165.136     66.500  6.15625E-02
 483    150.486     66.500  6.56787E-02
 484    135.836     66.500  1.99741E-02
 485    121.186     66.500 -6.04181E-02
 486    106.536     66.500 -6.68802E-02
 487     91.886     66.500  1.58767E-02
 488     77.236     66.500  6.13846E-02
 489     62.586     66.500  2.82565E-02
 490     47.936     66.500 -4.06037E-02
 491     33.286     66.500  4.83210E-03
 492     18.636     66.500  5.07787E-02
 493      3.986     66.500  0.14825    
 494    -10.664     66.500  0.37975    
 495    -25.314     66.500  0.33439    
 496    -39.964     66.500  4.64975E-02
 497    -54.614     66.500 -1.56120E-02
 498    -69.264     66.500  1.92027E-02
 499    -83.914     66.500  5.73268E-02
 500    -98.564     66.500  8.30114E-02
 501    -98.564     81.150  8.95662E-02
 502    -83.914     81.150  0.19634    
 503    -69.264     81.150  7.21605E-02
 504    -54.614     81.150  4.07362E-02
 505    -39.964     81.150  9.81139E-02
 506    -25.314     81.150  0.33255    
 507    -10.664     81.150  0.36471    
 508      3.986     81.150  0.17226    
 509     18.636     81.150  0.14155    
 510     33.286     81.150  3.72450E-02
 511     47.936     81.150 -1.15391E-02
 512     62.586     81.150 -2.36666E-03
 513     77.236     81.150  4.54016E-02
 514     91.886     81.150  1.84453E-02
 515    106.536     81.150 -7.91826E-02
 516    121.186     81.150 -6.97866E-02
 517    135.836     81.150  2.05201E-02
 518    150.486     81.150  6.57985E-02
 519    165.136     81.150  5.93390E-02
 520    179.786     81.150  0.22241    
 521    194.436     81.150  0.31131    
 522    209.086     81.150  0.33878    
 523    223.736     81.150  0.34317    
 524    223.736     95.800  0.37279    
 525    209.086     95.800  0.34134    
 526    194.436     95.800  0.31248    
 527    179.786     95.800  0.22288    
 528    165.136     95.800  5.93013E-02
 529    150.486     95.800  6.57981E-02
 530    135.836     95.800  2.05263E-02
 531    121.186     95.800 -6.99406E-02
 532    106.536     95.800 -7.93925E-02
 533     91.886     95.800 -1.80820E-02
 534     77.236     95.800 -0.11539    
 535     62.586     95.800 -0.10729    
 536     47.936     95.800 -8.64532E-03
 537     33.286     95.800  3.27108E-02
 538     18.636     95.800  9.60702E-02
 539      3.986     95.800  0.14053    
 540    -10.664     95.800  0.24267    
 541    -25.314     95.800  0.20029    
 542    -39.964     95.800  3.35237E-02
 543    -54.614     95.800  2.40167E-02
 544    -69.264     95.800  2.79740E-02
 545    -83.914     95.800  6.38066E-03
 546    -98.564     95.800 -6.81345E-02
 547    -98.564    110.450  0.10121    
 548    -83.914    110.450  0.10238    
 549    -69.264    110.450  4.33513E-02
 550    -54.614    110.450  3.65513E-02
 551    -39.964    110.450 -1.46070E-03
 552    -25.314    110.450  3.48474E-02
 553    -10.664    110.450  0.11663    
 554      3.986    110.450  0.12690    
 555     18.636    110.450  7.05623E-02
 556     33.286    110.450  4.75733E-02
 557     47.936    110.450 -3.86712E-03
 558     62.586    110.450 -9.03863E-02
 559     77.236    110.450 -0.10863    
 560     91.886    110.450 -0.12006    
 561    106.536    110.450 -8.65893E-02
 562    121.186    110.450 -6.99438E-02
 563    135.836    110.450  2.05274E-02
 564    150.486    110.450  6.58001E-02
 565    165.136    110.450  5.93027E-02
 566    179.786    110.450  0.22289    
 567    194.436    110.450  0.31253    
 568    209.086    110.450  0.33988    
 569    106.536    125.100 -8.24183E-02
 570     91.886    125.100 -7.98603E-02
 571     77.236    125.100 -7.33766E-02
 572     62.586    125.100 -4.63841E-02
 573     47.936    125.100  6.22898E-02
 574     33.286    125.100  0.11748    
 575     18.636    125.100  0.14578    
 576      3.986    125.100  8.88149E-02
 577    -10.664    125.100  5.56342E-02
 578    -25.314    125.100  1.21328E-02
 579    -39.964    125.100  1.91423E-02
 580    -54.614    125.100 -2.61098E-02
 581    -69.264    125.100  3.90931E-02
 582    -83.914    125.100  0.29013    
 583    -98.564    125.100  0.22893    
 584    -98.564    139.750  0.22004    
 585    -83.914    139.750  7.47203E-02
 586    -69.264    139.750 -0.13666    
 587    -54.614    139.750 -0.12549    
 588    -39.964    139.750 -2.02556E-02
 589    -25.314    139.750 -3.00096E-03
 590    -10.664    139.750  8.17966E-02
 591      3.986    139.750  9.40341E-02
 592     18.636    139.750  0.16476    
 593     33.286    139.750  0.10279    
 594     47.936    139.750  5.12729E-02
 595     62.586    139.750 -6.34925E-02
 596     77.236    139.750 -9.77892E-02
 597     91.886    139.750 -0.10644    
 598    106.536    139.750 -0.10948    
 599    106.536    154.400 -0.11221    
 600     91.886    154.400 -9.59006E-02
 601     77.236    154.400 -6.42155E-02
 602     62.586    154.400 -1.91780E-02
 603     47.936    154.400  5.20383E-02
 604     33.286    154.400  8.65190E-02
 605     18.636    154.400  0.20126    
 606      3.986    154.400  0.16777    
 607    -10.664    154.400  0.20217    
 608    -25.314    154.400  8.15294E-02
 609    -39.964    154.400  6.37273E-02
 610    -54.614    154.400 -2.64548E-02
 611    -69.264    154.400 -0.13231    
 612    -83.914    154.400 -0.16880    
 613    -98.564    154.400  5.68526E-02
 614    -98.564    169.050  9.31382E-02
 615    -83.914    169.050  0.11239    
 616    -69.264    169.050  0.11637    
 617    -54.614    169.050  0.12748    
 618    -39.964    169.050  0.15492    
 619    -25.314    169.050  9.88266E-02
 620    -10.664    169.050  0.24788    
 621      3.986    169.050  0.24128    
 622     18.636    169.050  0.19052    
 623     33.286    169.050  0.17027    
 624     47.936    169.050  0.10101    
 625     62.586    169.050  4.79137E-02
 626     77.236    169.050  7.07352E-02
 627     91.886    169.050  7.44146E-02
 628    106.536    169.050  3.72494E-02
 629    106.536    183.700  0.17378    
 630     91.886    183.700  0.13471    
 631     77.236    183.700  8.98411E-02
 632     62.586    183.700  5.35837E-02
 633     47.936    183.700  0.10773    
 634     33.286    183.700  0.18285    
 635     18.636    183.700  0.18944    
 636      3.986    183.700  0.25025    
 637    -10.664    183.700  0.24943    
 638    -25.314    183.700  9.63629E-02
 639    -39.964    183.700  0.16260    
 640    -54.614    183.700  0.14023    
 641    -69.264    183.700  0.14320    
 642    -83.914    183.700  0.16501    
 643    -98.564    183.700  0.19056    
