0.11D+08                                              +-  H  He C  O  S  G    
 JSPACE =            1
   1 H           0  1  0  0  0  0  0  0  0  0  0  0  0  0  0.42492185D-04
   2 C           0  0  0  1  0  0  0  0  0  0  0  0  0  0  0.26833364D-04
   3 Fe          0  0  0  0  0  0  0  0  1  0  0  0  0  0  0.30016490D-10
   4 Mg          0  0  0  0  0  0  0  0  0  0  1  0  0  0  0.19460238D-09
   5 S           0  0  0  0  0  0  0  1  0  0  0  0  0  0  0.86840943D-08
   6 Si          0  0  0  0  0  0  1  0  0  0  0  0  0  0  0.14067861D-08
   7 O           0  0  0  0  0  1  0  0  0  0  0  0  0  0  0.97462852D-04
   8 N           0  0  0  0  1  0  0  0  0  0  0  0  0  0  0.49321848D-04
   9 He          0  0  1  0  0  0  0  0  0  0  0  0  0  0  0.90000000D-01
  10 Cl          0  0  0  0  0  0  0  0  0  0  0  1  0  0  0.99965145D-09
  11 Na          0  0  0  0  0  0  0  0  0  1  0  0  0  0  0.52249682D-10
  12 P           0  0  0  0  0  0  0  0  0  0  0  0  1  0  0.19009113D-10
  13 F           0  0  0  0  0  0  0  0  0  0  0  0  0  1  0.17793567D-10
  14 OH          0  1  0  0  0  1  0  0  0  0  0  0  0  0  0.15210671D-08
  15 CO          0  0  0  1  0  1  0  0  0  0  0  0  0  0  0.14252818D-03
  16 CS          0  0  0  1  0  0  0  1  0  0  0  0  0  0  0.32659604D-08
  17 HS          0  1  0  0  0  0  0  1  0  0  0  0  0  0  0.13518653D-10
  18 N2          0  0  0  0  2  0  0  0  0  0  0  0  0  0  0.63281029D-05
  19 NH          0  1  0  0  1  0  0  0  0  0  0  0  0  0  0.18325660D-10
  20 SiH         0  1  0  0  0  0  1  0  0  0  0  0  0  0  0.38819483D-10
  21 SiO         0  0  0  0  0  1  1  0  0  0  0  0  0  0  0.12978141D-09
  22 SO          0  0  0  0  0  1  0  1  0  0  0  0  0  0  0.14512427D-10
  23 CH          0  1  0  1  0  0  0  0  0  0  0  0  0  0  0.82119222D-08
  24 O2          0  0  0  0  0  2  0  0  0  0  0  0  0  0  0.18811988D-08
  25 H2          0  2  0  0  0  0  0  0  0  0  0  0  0  0  0.49997872D+00
  26 C2          0  0  0  2  0  0  0  0  0  0  0  0  0  0  0.31502923D-08
  27 CN          0  0  0  1  1  0  0  0  0  0  0  0  0  0  0.15668701D-07
  28 MgH         0  1  0  0  0  0  0  0  0  0  1  0  0  0  0.17408318D-15
  29 NaH         0  1  0  0  0  0  0  0  0  1  0  0  0  0  0.37939198D-14
  30 NO          0  0  0  0  1  1  0  0  0  0  0  0  0  0  0.43346975D-09
  31 NS          0  0  0  0  1  0  0  1  0  0  0  0  0  0  0.27566285D-11
  32 PH          0  1  0  0  0  0  0  0  0  0  0  0  1  0  0.22965080D-12
  33 PN          0  0  0  0  1  0  0  0  0  0  0  0  1  0  0.11445558D-10
  34 PO          0  0  0  0  0  1  0  0  0  0  0  0  1  0  0.30951447D-12
  35 S2          0  0  0  0  0  0  0  2  0  0  0  0  0  0  0.16154225D-14
  36 SiC         0  0  0  1  0  0  1  0  0  0  0  0  0  0  0.18330284D-10
  37 SiN         0  0  0  0  1  0  1  0  0  0  0  0  0  0  0.28381663D-10
  38 SiS         0  0  0  0  0  0  1  1  0  0  0  0  0  0  0.34663619D-12
  39 CCl         0  0  0  1  0  0  0  0  0  0  0  1  0  0  0.33863894D-16
  40 ClO         0  0  0  0  0  1  0  0  0  0  0  1  0  0  0.00000000D+00
  41 CP          0  0  0  1  0  0  0  0  0  0  0  0  1  0  0.15536697D-12
  42 HCl         0  1  0  0  0  0  0  0  0  0  0  1  0  0  0.34036323D-12
  43 HF          0  1  0  0  0  0  0  0  0  0  0  0  0  1  0.65842042D-08
  44 CCH         0  1  0  2  0  0  0  0  0  0  0  0  0  0  0.19693328D-08
  45 C3          0  0  0  3  0  0  0  0  0  0  0  0  0  0  0.79660169D-08
  46 CH2         0  2  0  1  0  0  0  0  0  0  0  0  0  0  0.89999298D-08
  47 SO2         0  0  0  0  0  2  0  1  0  0  0  0  0  0  0.17195508D-14
  48 H2O         0  2  0  0  0  1  0  0  0  0  0  0  0  0  0.18144994D-08
  49 HCN         0  1  0  1  1  0  0  0  0  0  0  0  0  0  0.40843212D-08
  50 HCSi        0  1  0  1  0  0  1  0  0  0  0  0  0  0  0.36757197D-10
  51 CCN         0  0  0  2  1  0  0  0  0  0  0  0  0  0  0.43326122D-09
  52 CCS         0  0  0  2  0  0  0  1  0  0  0  0  0  0  0.10593974D-10
  53 CCO         0  0  0  2  0  1  0  0  0  0  0  0  0  0  0.45234252D-11
  54 CCP         0  0  0  2  0  0  0  0  0  0  0  0  1  0  0.98541863D-14
  55 CO2         0  0  0  1  0  2  0  0  0  0  0  0  0  0  0.37961316D-09
  56 H2S         0  2  0  0  0  0  0  1  0  0  0  0  0  0  0.64749016D-13
  57 HCO         0  1  0  1  0  1  0  0  0  0  0  0  0  0  0.55826926D-10
  58 HCP         0  1  0  1  0  0  0  0  0  0  0  0  1  0  0.18383089D-12
  59 HCS         0  1  0  1  0  0  0  1  0  0  0  0  0  0  0.37294901D-12
  60 HNC         0  1  0  1  1  0  0  0  0  0  0  0  0  0  0.10228491D-08
  61 HNO         0  1  0  0  1  1  0  0  0  0  0  0  0  0  0.11930618D-10
  62 HNSi        0  1  0  0  1  0  1  0  0  0  0  0  0  0  0.50498906D-11
  63 HPO         0  1  0  0  0  1  0  0  0  0  0  0  1  0  0.54008551D-17
  64 HSS         0  1  0  0  0  0  0  2  0  0  0  0  0  0  0.13616302D-15
  65 N2O         0  0  0  0  2  1  0  0  0  0  0  0  0  0  0.71612533D-16
  66 NaOH        0  1  0  0  0  1  0  0  0  1  0  0  0  0  0.32782984D-18
  67 NH2         0  2  0  0  1  0  0  0  0  0  0  0  0  0  0.92333888D-11
  68 NO2         0  0  0  0  1  2  0  0  0  0  0  0  0  0  0.00000000D+00
  69 O2H         0  1  0  0  0  2  0  0  0  0  0  0  0  0  0.79708352D-16
  70 OCN         0  0  0  1  1  1  0  0  0  0  0  0  0  0  0.20812509D-10
  71 OCS         0  0  0  1  0  1  0  1  0  0  0  0  0  0  0.40737598D-12
  72 PH2         0  2  0  0  0  0  0  0  0  0  0  0  1  0  0.64749536D-17
  73 c-SiC2      0  0  0  2  0  0  1  0  0  0  0  0  0  0  0.54952097D-11
  74 SiH2        0  2  0  0  0  0  1  0  0  0  0  0  0  0  0.48509502D-15
  75 SiNC        0  0  0  1  1  0  1  0  0  0  0  0  0  0  0.19130628D-13
  76 SiO2        0  0  0  0  0  2  1  0  0  0  0  0  0  0  0.21834710D-15
  77 C4          0  0  0  4  0  0  0  0  0  0  0  0  0  0  0.81580112D-10
  78 c-C3H       0  1  0  3  0  0  0  0  0  0  0  0  0  0  0.16011928D-09
  79 l-C3H       0  1  0  3  0  0  0  0  0  0  0  0  0  0  0.90777055D-10
  80 CH3         0  3  0  1  0  0  0  0  0  0  0  0  0  0  0.70541889D-10
  81 C2H2        0  2  0  2  0  0  0  0  0  0  0  0  0  0  0.52710881D-09
  82 NH3         0  3  0  0  1  0  0  0  0  0  0  0  0  0  0.10491197D-10
  83 SiCH2       0  2  0  1  0  0  1  0  0  0  0  0  0  0  0.35506145D-14
  84 C3N         0  0  0  3  1  0  0  0  0  0  0  0  0  0  0.60092618D-10
  85 C3O         0  0  0  3  0  1  0  0  0  0  0  0  0  0  0.29110183D-10
  86 C3P         0  0  0  3  0  0  0  0  0  0  0  0  1  0  0.23927038D-17
  87 C3S         0  0  0  3  0  0  0  1  0  0  0  0  0  0  0.11768503D-10
  88 H2CO        0  2  0  1  0  1  0  0  0  0  0  0  0  0  0.14346659D-09
  89 H2CS        0  2  0  1  0  0  0  1  0  0  0  0  0  0  0.78739196D-12
  90 HOOH        0  2  0  0  0  2  0  0  0  0  0  0  0  0  0.11702553D-18
  91 HSSH        0  2  0  0  0  0  0  2  0  0  0  0  0  0  0.10941985D-15
  92 H2SiO       0  2  0  0  0  1  1  0  0  0  0  0  0  0  0.25958875D-20
  93 HCCP        0  1  0  2  0  0  0  0  0  0  0  0  1  0  0.27665439D-15
  94 HCCSi       0  1  0  2  0  0  1  0  0  0  0  0  0  0  0.18327606D-12
  95 l-SiC3      0  0  0  3  0  0  1  0  0  0  0  0  0  0  0.51082912D-12
  96 SiH3        0  3  0  0  0  0  1  0  0  0  0  0  0  0  0.15083281D-20
  97 H2CN        0  2  0  1  1  0  0  0  0  0  0  0  0  0  0.13004505D-10
  98 C5          0  0  0  5  0  0  0  0  0  0  0  0  0  0  0.16042492D-10
  99 c-C3H2      0  2  0  3  0  0  0  0  0  0  0  0  0  0  0.15957580D-09
 100 l-C3H2      0  2  0  3  0  0  0  0  0  0  0  0  0  0  0.11013516D-09
 101 C4H         0  1  0  4  0  0  0  0  0  0  0  0  0  0  0.68284739D-10
 102 CH4         0  4  0  1  0  0  0  0  0  0  0  0  0  0  0.74107831D-09
 103 HC3N        0  1  0  3  1  0  0  0  0  0  0  0  0  0  0.16602931D-10
 104 H2CCN       0  2  0  2  1  0  0  0  0  0  0  0  0  0  0.42528439D-11
 105 H2CCO       0  2  0  2  0  1  0  0  0  0  0  0  0  0  0.83687821D-10
 106 C2H3        0  3  0  2  0  0  0  0  0  0  0  0  0  0  0.26290616D-10
 107 C4N         0  0  0  4  1  0  0  0  0  0  0  0  0  0  0.16608866D-10
 108 C4P         0  0  0  4  0  0  0  0  0  0  0  0  1  0  0.68984921D-17
 109 C4S         0  0  0  4  0  0  0  1  0  0  0  0  0  0  0.23529957D-13
 110 HCOOH       0  2  0  1  0  2  0  0  0  0  0  0  0  0  0.10521737D-14
 111 CH2PH       0  3  0  1  0  0  0  0  0  0  0  0  1  0  0.18147027D-20
 112 CH2NH       0  3  0  1  1  0  0  0  0  0  0  0  0  0  0.24578015D-14
 113 c-HCCHSi    0  2  0  2  0  0  1  0  0  0  0  0  0  0  0.15893034D-13
 114 SiC3H       0  1  0  3  0  0  1  0  0  0  0  0  0  0  0.92268787D-15
 115 SiC4        0  0  0  4  0  0  1  0  0  0  0  0  0  0  0.14252861D-15
 116 SiCH3       0  3  0  1  0  0  1  0  0  0  0  0  0  0  0.18784133D-15
 117 SiH4        0  4  0  0  0  0  1  0  0  0  0  0  0  0  0.21974394D-19
 118 HCNCC       0  1  0  3  1  0  0  0  0  0  0  0  0  0  0.52196016D-13
 119 HCCNC       0  1  0  3  1  0  0  0  0  0  0  0  0  0  0.16369036D-12
 120 HNCCC       0  1  0  3  1  0  0  0  0  0  0  0  0  0  0.62974581D-13
 121 NH2CN       0  2  0  1  2  0  0  0  0  0  0  0  0  0  0.00000000D+00
 122 C6          0  0  0  6  0  0  0  0  0  0  0  0  0  0  0.77516057D-12
 123 CH3CN       0  3  0  2  1  0  0  0  0  0  0  0  0  0  0.17663546D-11
 124 CH2CCH      0  3  0  3  0  0  0  0  0  0  0  0  0  0  0.40192757D-13
 125 C2H4        0  4  0  2  0  0  0  0  0  0  0  0  0  0  0.17264663D-12
 126 NC4N        0  0  0  4  2  0  0  0  0  0  0  0  0  0  0.63982056D-11
 127 H2CSiCH     0  3  0  2  0  0  1  0  0  0  0  0  0  0  0.19939089D-14
 128 SiC4H       0  1  0  4  0  0  1  0  0  0  0  0  0  0  0.22973627D-12
 129 HC4N        0  1  0  4  1  0  0  0  0  0  0  0  0  0  0.84310954D-13
 130 C4H2        0  2  0  4  0  0  0  0  0  0  0  0  0  0  0.18001610D-10
 131 C5H         0  1  0  5  0  0  0  0  0  0  0  0  0  0  0.86968694D-11
 132 C5N         0  0  0  5  1  0  0  0  0  0  0  0  0  0  0.27503532D-11
 133 CH3OH       0  4  0  1  0  1  0  0  0  0  0  0  0  0  0.37149968D-17
 134 NH2CHO      0  3  0  1  1  1  0  0  0  0  0  0  0  0  0.17805060D-16
 135 C5O         0  0  0  5  0  1  0  0  0  0  0  0  0  0  0.10527112D-11
 136 C7          0  0  0  7  0  0  0  0  0  0  0  0  0  0  0.97817463D-13
 137 HC5N        0  1  0  5  1  0  0  0  0  0  0  0  0  0  0.51874780D-12
 138 SiC2CH3     0  3  0  3  0  0  1  0  0  0  0  0  0  0  0.77862870D-17
 139 CH3CHO      0  4  0  2  0  1  0  0  0  0  0  0  0  0  0.34446552D-18
 140 C2H5        0  5  0  2  0  0  0  0  0  0  0  0  0  0  0.20823678D-21
 141 CH2CHCN     0  3  0  3  1  0  0  0  0  0  0  0  0  0  0.19405117D-15
 142 CH3CCH      0  4  0  3  0  0  0  0  0  0  0  0  0  0  0.61011569D-15
 143 C5H2        0  2  0  5  0  0  0  0  0  0  0  0  0  0  0.45416707D-11
 144 C6H         0  1  0  6  0  0  0  0  0  0  0  0  0  0  0.22456246D-11
 145 CH3NH2      0  5  0  1  1  0  0  0  0  0  0  0  0  0  0.19624006D-14
 146 C4H3        0  3  0  4  0  0  0  0  0  0  0  0  0  0  0.35763973D-15
 147 C6N         0  0  0  6  1  0  0  0  0  0  0  0  0  0  0.84911409D-12
 148 C8          0  0  0  8  0  0  0  0  0  0  0  0  0  0  0.63078799D-13
 149 HC6N        0  1  0  6  1  0  0  0  0  0  0  0  0  0  0.26350342D-14
 150 NC6N        0  0  0  6  2  0  0  0  0  0  0  0  0  0  0.18160174D-12
 151 SiC6H       0  1  0  6  0  0  1  0  0  0  0  0  0  0  0.27657621D-13
 152 CH2CHC2H    0  4  0  4  0  0  0  0  0  0  0  0  0  0  0.43119389D-17
 153 C6H2        0  2  0  6  0  0  0  0  0  0  0  0  0  0  0.21671881D-11
 154 C7H         0  1  0  7  0  0  0  0  0  0  0  0  0  0  0.41477275D-12
 155 C7N         0  0  0  7  1  0  0  0  0  0  0  0  0  0  0.24549611D-12
 156 CH3C3N      0  3  0  4  1  0  0  0  0  0  0  0  0  0  0.12925755D-14
 157 HCOOCH3     0  4  0  2  0  2  0  0  0  0  0  0  0  0  0.66662992D-22
 158 C2H6        0  6  0  2  0  0  0  0  0  0  0  0  0  0  0.00000000D+00
 159 C7O         0  0  0  7  0  1  0  0  0  0  0  0  0  0  0.50206101D-13
 160 C9          0  0  0  9  0  0  0  0  0  0  0  0  0  0  0.17903715D-13
 161 HC7N        0  1  0  7  1  0  0  0  0  0  0  0  0  0  0.12820316D-12
 162 SiC3H5      0  5  0  3  0  0  1  0  0  0  0  0  0  0  0.00000000D+00
 163 CH3CH2OH    0  6  0  2  0  1  0  0  0  0  0  0  0  0  0.10024569D-20
 164 C7H2        0  2  0  7  0  0  0  0  0  0  0  0  0  0  0.86587519D-12
 165 C8H         0  1  0  8  0  0  0  0  0  0  0  0  0  0  0.51209024D-12
 166 CH3C4H      0  4  0  5  0  0  0  0  0  0  0  0  0  0  0.85098939D-16
 167 CH3OCH3     0  6  0  2  0  1  0  0  0  0  0  0  0  0  0.11227081D-23
 168 CH3CHCH2    0  6  0  3  0  0  0  0  0  0  0  0  0  0  0.00000000D+00
 169 C8N         0  0  0  8  1  0  0  0  0  0  0  0  0  0  0.14200018D-12
 170 C10         0  0  0 10  0  0  0  0  0  0  0  0  0  0  0.31513301D-13
 171 CH3COCH3    0  6  0  3  0  1  0  0  0  0  0  0  0  0  0.17750057D-23
 172 C8H2        0  2  0  8  0  0  0  0  0  0  0  0  0  0  0.89850494D-12
 173 C9H         0  1  0  9  0  0  0  0  0  0  0  0  0  0  0.11406225D-12
 174 C9N         0  0  0  9  1  0  0  0  0  0  0  0  0  0  0.61710899D-13
 175 CH3C5N      0  3  0  6  1  0  0  0  0  0  0  0  0  0  0.90455752D-17
 176 HC8N        0  1  0  8  1  0  0  0  0  0  0  0  0  0  0.65122146D-15
 177 NC8N        0  0  0  8  2  0  0  0  0  0  0  0  0  0  0.44880993D-13
 178 SiC8H       0  1  0  8  0  0  1  0  0  0  0  0  0  0  0.11466706D-13
 179 CH2CHCHCH2  0  6  0  4  0  0  0  0  0  0  0  0  0  0  0.00000000D+00
 180 C9O         0  0  0  9  0  1  0  0  0  0  0  0  0  0  0.13806646D-13
 181 HC9N        0  1  0  9  1  0  0  0  0  0  0  0  0  0  0.25534338D-13
 182 C10H        0  1  0 10  0  0  0  0  0  0  0  0  0  0  0.97182922D-13
 183 C9H2        0  2  0  9  0  0  0  0  0  0  0  0  0  0  0.23541212D-12
 184 CH3C6H      0  4  0  7  0  0  0  0  0  0  0  0  0  0  0.77666608D-18
 185 C11         0  0  0 11  0  0  0  0  0  0  0  0  0  0  0.18120476D-12
 186 C10N        0  0  0 10  1  0  0  0  0  0  0  0  0  0  0.20672055D-13
 187 CH3C7N      0  3  0  8  1  0  0  0  0  0  0  0  0  0  0.21723648D-17
 188 C10H2       0  2  0 10  0  0  0  0  0  0  0  0  0  0  0.14300489D-12
 189 C6H6        0  6  0  6  0  0  0  0  0  0  0  0  0  0  0.31517639D-15
 190 Si+         1  0  0  0  0  0  1  0  0  0  0  0  0  0  0.63226426D-08
 191 C+          1  0  0  1  0  0  0  0  0  0  0  0  0  0  0.55559468D-06
 192 C-         -1  0  0  1  0  0  0  0  0  0  0  0  0  0  0.34467827D-13
 193 H-         -1  1  0  0  0  0  0  0  0  0  0  0  0  0  0.25426883D-13
 194 O-         -1  0  0  0  0  1  0  0  0  0  0  0  0  0  0.25883890D-15
 195 S-         -1  0  0  0  0  0  0  1  0  0  0  0  0  0  0.19817790D-16
 196 He+         1  0  1  0  0  0  0  0  0  0  0  0  0  0  0.40650433D-10
 197 H+          1  1  0  0  0  0  0  0  0  0  0  0  0  0  0.55734034D-08
 198 Fe+         1  0  0  0  0  0  0  0  1  0  0  0  0  0  0.29699836D-08
 199 Mg+         1  0  0  0  0  0  0  0  0  0  1  0  0  0  0.68053974D-08
 200 N+          1  0  0  0  1  0  0  0  0  0  0  0  0  0  0.52639563D-14
 201 Na+         1  0  0  0  0  0  0  0  0  1  0  0  0  0  0.19477457D-08
 202 O+          1  0  0  0  0  1  0  0  0  0  0  0  0  0  0.52719103D-14
 203 S+          1  0  0  0  0  0  0  1  0  0  0  0  0  0  0.67987263D-07
 204 Cl+         1  0  0  0  0  0  0  0  0  0  0  1  0  0  0.73726095D-17
 205 F+          1  0  0  0  0  0  0  0  0  0  0  0  0  1  0.54064163D-17
 206 P+          1  0  0  0  0  0  0  0  0  0  0  0  1  0  0.16861862D-09
 207 e-         -1  0  0  0  0  0  0  0  0  0  0  0  0  0  0.64827639D-06
 208 CH+         1  1  0  1  0  0  0  0  0  0  0  0  0  0  0.51693666D-13
 209 H2+         1  2  0  0  0  0  0  0  0  0  0  0  0  0  0.11567768D-12
 210 OH+         1  1  0  0  0  1  0  0  0  0  0  0  0  0  0.42000795D-13
 211 SiH+        1  1  0  0  0  0  1  0  0  0  0  0  0  0  0.33772243D-12
 212 C2+         1  0  0  2  0  0  0  0  0  0  0  0  0  0  0.22519987D-13
 213 CN-        -1  0  0  1  1  0  0  0  0  0  0  0  0  0  0.46729865D-13
 214 OH-        -1  1  0  0  0  1  0  0  0  0  0  0  0  0  0.35832990D-14
 215 CF+         1  0  0  1  0  0  0  0  0  0  0  0  0  1  0.77282232D-10
 216 HS+         1  1  0  0  0  0  0  1  0  0  0  0  0  0  0.10527198D-12
 217 SO+         1  0  0  0  0  1  0  1  0  0  0  0  0  0  0.17938031D-11
 218 CCl+        1  0  0  1  0  0  0  0  0  0  0  1  0  0  0.16503246D-14
 219 ClO+        1  0  0  0  0  1  0  0  0  0  0  1  0  0  0.00000000D+00
 220 CN+         1  0  0  1  1  0  0  0  0  0  0  0  0  0  0.87809486D-16
 221 CO+         1  0  0  1  0  1  0  0  0  0  0  0  0  0  0.82716721D-14
 222 CP+         1  0  0  1  0  0  0  0  0  0  0  0  1  0  0.74662640D-18
 223 CS+         1  0  0  1  0  0  0  1  0  0  0  0  0  0  0.14283896D-13
 224 HCl+        1  1  0  0  0  0  0  0  0  0  0  1  0  0  0.59918826D-17
 225 HF+         1  1  0  0  0  0  0  0  0  0  0  0  0  1  0.41567507D-17
 226 HeH+        1  1  1  0  0  0  0  0  0  0  0  0  0  0  0.80205830D-20
 227 N2+         1  0  0  0  2  0  0  0  0  0  0  0  0  0  0.12108102D-15
 228 NH+         1  1  0  0  1  0  0  0  0  0  0  0  0  0  0.79356255D-15
 229 NO+         1  0  0  0  1  1  0  0  0  0  0  0  0  0  0.22615700D-12
 230 NS+         1  0  0  0  1  0  0  1  0  0  0  0  0  0  0.14035700D-12
 231 O2+         1  0  0  0  0  2  0  0  0  0  0  0  0  0  0.42258580D-13
 232 PH+         1  1  0  0  0  0  0  0  0  0  0  0  1  0  0.12318349D-14
 233 PN+         1  0  0  0  1  0  0  0  0  0  0  0  1  0  0.65355740D-14
 234 PO+         1  0  0  0  0  1  0  0  0  0  0  0  1  0  0.12963843D-13
 235 S2+         1  0  0  0  0  0  0  2  0  0  0  0  0  0  0.22095273D-15
 236 SiC+        1  0  0  1  0  0  1  0  0  0  0  0  0  0  0.56405063D-15
 237 SiN+        1  0  0  0  1  0  1  0  0  0  0  0  0  0  0.20581496D-12
 238 SiO+        1  0  0  0  0  1  1  0  0  0  0  0  0  0  0.71256143D-15
 239 SiS+        1  0  0  0  0  0  1  1  0  0  0  0  0  0  0.36088926D-17
 240 SiF+        1  0  0  0  0  0  1  0  0  0  0  0  0  1  0.70450199D-12
 241 CH2+        1  2  0  1  0  0  0  0  0  0  0  0  0  0  0.67009366D-12
 242 C2N+        1  0  0  2  1  0  0  0  0  0  0  0  0  0  0.59814734D-15
 243 CNC+        1  0  0  2  1  0  0  0  0  0  0  0  0  0  0.40099514D-10
 244 HSiO+       1  1  0  0  0  1  1  0  0  0  0  0  0  0  0.77989246D-12
 245 N2H+        1  1  0  0  2  0  0  0  0  0  0  0  0  0  0.23358989D-11
 246 C2H+        1  1  0  2  0  0  0  0  0  0  0  0  0  0  0.55662872D-13
 247 H3+         1  3  0  0  0  0  0  0  0  0  0  0  0  0  0.18729141D-09
 248 C3-        -1  0  0  3  0  0  0  0  0  0  0  0  0  0  0.83025032D-12
 249 HCO+        1  1  0  1  0  1  0  0  0  0  0  0  0  0  0.12970166D-09
 250 HSO+        1  1  0  0  0  1  0  1  0  0  0  0  0  0  0.11486825D-15
 251 H2S+        1  2  0  0  0  0  0  1  0  0  0  0  0  0  0.84650641D-12
 252 HCS+        1  1  0  1  0  0  0  1  0  0  0  0  0  0  0.26997712D-11
 253 HPO+        1  1  0  0  0  1  0  0  0  0  0  0  1  0  0.18349617D-14
 254 C2O+        1  0  0  2  0  1  0  0  0  0  0  0  0  0  0.52340696D-13
 255 C2S+        1  0  0  2  0  0  0  1  0  0  0  0  0  0  0.88009300D-12
 256 C3+         1  0  0  3  0  0  0  0  0  0  0  0  0  0  0.42876049D-13
 257 CCP+        1  0  0  2  0  0  0  0  0  0  0  0  1  0  0.30446761D-15
 258 CHSi+       1  1  0  1  0  0  1  0  0  0  0  0  0  0  0.88001730D-15
 259 CO2+        1  0  0  1  0  2  0  0  0  0  0  0  0  0  0.44364110D-20
 260 H2Cl+       1  2  0  0  0  0  0  0  0  0  0  1  0  0  0.64443334D-14
 261 H2F+        1  2  0  0  0  0  0  0  0  0  0  0  0  1  0.15000207D-13
 262 H2O+        1  2  0  0  0  1  0  0  0  0  0  0  0  0  0.10243357D-12
 263 HCN+        1  1  0  1  1  0  0  0  0  0  0  0  0  0  0.14151113D-14
 264 HCP+        1  1  0  1  0  0  0  0  0  0  0  0  1  0  0.10093999D-17
 265 HNC+        1  1  0  1  1  0  0  0  0  0  0  0  0  0  0.26686366D-14
 266 HNO+        1  1  0  0  1  1  0  0  0  0  0  0  0  0  0.29255516D-14
 267 HNS+        1  1  0  0  1  0  0  1  0  0  0  0  0  0  0.16685718D-16
 268 HNSi+       1  1  0  0  1  0  1  0  0  0  0  0  0  0  0.30890068D-16
 269 HOC+        1  1  0  1  0  1  0  0  0  0  0  0  0  0  0.31609494D-11
 270 HPN+        1  1  0  0  1  0  0  0  0  0  0  0  1  0  0.10775513D-15
 271 HSiS+       1  1  0  0  0  0  1  1  0  0  0  0  0  0  0.57456195D-14
 272 NaH2+       1  2  0  0  0  0  0  0  0  1  0  0  0  0  0.81766774D-15
 273 NCO+        1  0  0  1  1  1  0  0  0  0  0  0  0  0  0.68813536D-16
 274 NH2+        1  2  0  0  1  0  0  0  0  0  0  0  0  0  0.65826275D-14
 275 NO2+        1  0  0  0  1  2  0  0  0  0  0  0  0  0  0.38044979D-20
 276 HO2+        1  1  0  0  0  2  0  0  0  0  0  0  0  0  0.14058551D-17
 277 OCS+        1  0  0  1  0  1  0  1  0  0  0  0  0  0  0.19197621D-12
 278 PH2+        1  2  0  0  0  0  0  0  0  0  0  0  1  0  0.13632416D-13
 279 HS2+        1  1  0  0  0  0  0  2  0  0  0  0  0  0  0.57824898D-17
 280 SiC2+       1  0  0  2  0  0  1  0  0  0  0  0  0  0  0.95558404D-16
 281 SiH2+       1  2  0  0  0  0  1  0  0  0  0  0  0  0  0.30985680D-11
 282 SiNC+       1  0  0  1  1  0  1  0  0  0  0  0  0  0  0.57003997D-12
 283 SO2+        1  0  0  0  0  2  0  1  0  0  0  0  0  0  0.55475021D-22
 284 HCNH+       1  2  0  1  1  0  0  0  0  0  0  0  0  0  0.32563684D-11
 285 HC2N+       1  1  0  2  1  0  0  0  0  0  0  0  0  0  0.33148942D-15
 286 C3H+        1  1  0  3  0  0  0  0  0  0  0  0  0  0  0.58545324D-12
 287 C4+         1  0  0  4  0  0  0  0  0  0  0  0  0  0  0.23890741D-13
 288 H2CO+       1  2  0  1  0  1  0  0  0  0  0  0  0  0  0.19879578D-12
 289 CH3+        1  3  0  1  0  0  0  0  0  0  0  0  0  0  0.32720794D-09
 290 C3N-       -1  0  0  3  1  0  0  0  0  0  0  0  0  0  0.91809852D-13
 291 C4-        -1  0  0  4  0  0  0  0  0  0  0  0  0  0  0.75235943D-11
 292 H3O+        1  3  0  0  0  1  0  0  0  0  0  0  0  0  0.45248263D-10
 293 H2NO+       1  2  0  0  1  1  0  0  0  0  0  0  0  0  0.14827704D-14
 294 H3S+        1  3  0  0  0  0  0  1  0  0  0  0  0  0  0.34046696D-16
 295 HC2S+       1  1  0  2  0  0  0  1  0  0  0  0  0  0  0.85641204D-13
 296 HOCS+       1  1  0  1  0  1  0  1  0  0  0  0  0  0  0.39577004D-16
 297 PCH2+       1  2  0  1  0  0  0  0  0  0  0  0  1  0  0.13247061D-14
 298 H2S2+       1  2  0  0  0  0  0  2  0  0  0  0  0  0  0.19029320D-19
 299 C2H2+       1  2  0  2  0  0  0  0  0  0  0  0  0  0  0.33177888D-10
 300 C2HO+       1  1  0  2  0  1  0  0  0  0  0  0  0  0  0.40729578D-12
 301 C2N2+       1  0  0  2  2  0  0  0  0  0  0  0  0  0  0.70382314D-21
 302 C3N+        1  0  0  3  1  0  0  0  0  0  0  0  0  0  0.46418441D-18
 303 C3O+        1  0  0  3  0  1  0  0  0  0  0  0  0  0  0.10722612D-12
 304 C3S+        1  0  0  3  0  0  0  1  0  0  0  0  0  0  0.36547697D-12
 305 CH2Si+      1  2  0  1  0  0  1  0  0  0  0  0  0  0  0.64120315D-12
 306 H2CCl+      1  2  0  1  0  0  0  0  0  0  0  1  0  0  0.90127398D-18
 307 H2CS+       1  2  0  1  0  0  0  1  0  0  0  0  0  0  0.15447684D-15
 308 H2NC+       1  2  0  1  1  0  0  0  0  0  0  0  0  0  0.31469757D-11
 309 H2PO+       1  2  0  0  0  1  0  0  0  0  0  0  1  0  0.89168612D-20
 310 H2SiO+      1  2  0  0  0  1  1  0  0  0  0  0  0  0  0.22194928D-17
 311 HOCO+       1  1  0  1  0  2  0  0  0  0  0  0  0  0  0.24445969D-15
 312 HNCO+       1  1  0  1  1  1  0  0  0  0  0  0  0  0  0.43936089D-21
 313 HSiO2+      1  1  0  0  0  2  1  0  0  0  0  0  0  0  0.30349155D-21
 314 HSO2+       1  1  0  0  0  2  0  1  0  0  0  0  0  0  0.57986818D-20
 315 NaH2O+      1  2  0  0  0  1  0  0  0  1  0  0  0  0  0.19589151D-19
 316 NH3+        1  3  0  0  1  0  0  0  0  0  0  0  0  0  0.69210364D-12
 317 PC2H+       1  1  0  2  0  0  0  0  0  0  0  0  1  0  0.23279165D-15
 318 PH3+        1  3  0  0  0  0  0  0  0  0  0  0  1  0  0.38123095D-18
 319 PNH2+       1  2  0  0  1  0  0  0  0  0  0  0  1  0  0.92457836D-17
 320 SiC2H+      1  1  0  2  0  0  1  0  0  0  0  0  0  0  0.15345404D-12
 321 l-SiC3+     1  0  0  3  0  0  1  0  0  0  0  0  0  0  0.37659965D-13
 322 SiH3+       1  3  0  0  0  0  1  0  0  0  0  0  0  0  0.54241811D-16
 323 SiNCH+      1  1  0  1  1  0  1  0  0  0  0  0  0  0  0.18208769D-15
 324 HSiNH+      1  2  0  0  1  0  1  0  0  0  0  0  0  0  0.32769074D-13
 325 HN2O+       1  1  0  0  2  1  0  0  0  0  0  0  0  0  0.12591365D-22
 326 C2H3+       1  3  0  2  0  0  0  0  0  0  0  0  0  0  0.41391246D-12
 327 c-C3H2+     1  2  0  3  0  0  0  0  0  0  0  0  0  0  0.58933274D-12
 328 l-C3H2+     1  2  0  3  0  0  0  0  0  0  0  0  0  0  0.18298085D-12
 329 C4H+        1  1  0  4  0  0  0  0  0  0  0  0  0  0  0.32754457D-13
 330 C5+         1  0  0  5  0  0  0  0  0  0  0  0  0  0  0.73392366D-15
 331 HC3O+       1  1  0  3  0  1  0  0  0  0  0  0  0  0  0.19404801D-15
 332 C4H-       -1  1  0  4  0  0  0  0  0  0  0  0  0  0  0.52193641D-11
 333 C5-        -1  0  0  5  0  0  0  0  0  0  0  0  0  0  0.35215545D-11
 334 NH4+        1  4  0  0  1  0  0  0  0  0  0  0  0  0  0.28700595D-13
 335 H3CS+       1  3  0  1  0  0  0  1  0  0  0  0  0  0  0.74061947D-14
 336 H2COH+      1  3  0  1  0  1  0  0  0  0  0  0  0  0  0.22043024D-14
 337 H3S2+       1  3  0  0  0  0  0  2  0  0  0  0  0  0  0.36462307D-18
 338 HC3S+       1  1  0  3  0  0  0  1  0  0  0  0  0  0  0.35612994D-12
 339 PC3H+       1  1  0  3  0  0  0  0  0  0  0  0  1  0  0.30849207D-19
 340 PCH3+       1  3  0  1  0  0  0  0  0  0  0  0  1  0  0.10540845D-20
 341 PNH3+       1  3  0  0  1  0  0  0  0  0  0  0  1  0  0.44984491D-22
 342 SiC2H2+     1  2  0  2  0  0  1  0  0  0  0  0  0  0  0.13374160D-14
 343 SiC3H+      1  1  0  3  0  0  1  0  0  0  0  0  0  0  0.22878781D-13
 344 SiC4+       1  0  0  4  0  0  1  0  0  0  0  0  0  0  0.28655853D-14
 345 SiCH3+      1  3  0  1  0  0  1  0  0  0  0  0  0  0  0.23993664D-17
 346 SiH4+       1  4  0  0  0  0  1  0  0  0  0  0  0  0  0.36877675D-27
 347 CH2CN+      1  2  0  2  1  0  0  0  0  0  0  0  0  0  0.35050328D-12
 348 H2CCO+      1  2  0  2  0  1  0  0  0  0  0  0  0  0  0.30929844D-12
 349 HC3N+       1  1  0  3  1  0  0  0  0  0  0  0  0  0  0.36578518D-14
 350 C4N+        1  0  0  4  1  0  0  0  0  0  0  0  0  0  0.14331460D-15
 351 C4P+        1  0  0  4  0  0  0  0  0  0  0  0  1  0  0.38352610D-21
 352 C4S+        1  0  0  4  0  0  0  1  0  0  0  0  0  0  0.27062525D-13
 353 HCOOH+      1  2  0  1  0  2  0  0  0  0  0  0  0  0  0.22613031D-18
 354 CH4+        1  4  0  1  0  0  0  0  0  0  0  0  0  0  0.34104335D-15
 355 H3SiO+      1  3  0  0  0  1  1  0  0  0  0  0  0  0  0.34270471D-23
 356 PC2H2+      1  2  0  2  0  0  0  0  0  0  0  0  1  0  0.11291864D-16
 357 C6+         1  0  0  6  0  0  0  0  0  0  0  0  0  0  0.31145380D-14
 358 HC4N+       1  1  0  4  1  0  0  0  0  0  0  0  0  0  0.21026109D-19
 359 C5H-       -1  1  0  5  0  0  0  0  0  0  0  0  0  0  0.30364752D-11
 360 C6-        -1  0  0  6  0  0  0  0  0  0  0  0  0  0  0.10083296D-11
 361 CH3CO+      1  3  0  2  0  1  0  0  0  0  0  0  0  0  0.12110408D-12
 362 C2H4+       1  4  0  2  0  0  0  0  0  0  0  0  0  0  0.47198651D-11
 363 HC3NH+      1  2  0  3  1  0  0  0  0  0  0  0  0  0  0.21904791D-13
 364 HC4S+       1  1  0  4  0  0  0  1  0  0  0  0  0  0  0.13107881D-14
 365 CH5+        1  5  0  1  0  0  0  0  0  0  0  0  0  0  0.35021885D-11
 366 C4H2+       1  2  0  4  0  0  0  0  0  0  0  0  0  0  0.42141697D-11
 367 C5H+        1  1  0  5  0  0  0  0  0  0  0  0  0  0  0.13394323D-12
 368 CH3CN+      1  3  0  2  1  0  0  0  0  0  0  0  0  0  0.65068941D-13
 369 c-C3H3+     1  3  0  3  0  0  0  0  0  0  0  0  0  0  0.34383754D-11
 370 l-C3H3+     1  3  0  3  0  0  0  0  0  0  0  0  0  0  0.34380804D-11
 371 C5N+        1  0  0  5  1  0  0  0  0  0  0  0  0  0  0.17606440D-17
 372 CH3O2+      1  3  0  1  0  2  0  0  0  0  0  0  0  0  0.20369598D-17
 373 CH2NH2+     1  4  0  1  1  0  0  0  0  0  0  0  0  0  0.39127624D-16
 374 CH3OH+      1  4  0  1  0  1  0  0  0  0  0  0  0  0  0.58601572D-20
 375 H2C3O+      1  2  0  3  0  1  0  0  0  0  0  0  0  0  0.15723440D-15
 376 HC2NCH+     1  2  0  3  1  0  0  0  0  0  0  0  0  0  0.68435732D-14
 377 HC4O+       1  1  0  4  0  1  0  0  0  0  0  0  0  0  0.77641746D-13
 378 NH2CNH+     1  3  0  1  2  0  0  0  0  0  0  0  0  0  0.00000000D+00
 379 PC2H3+      1  3  0  2  0  0  0  0  0  0  0  0  1  0  0.61965928D-24
 380 PC4H+       1  1  0  4  0  0  0  0  0  0  0  0  1  0  0.13453441D-18
 381 PCH4+       1  4  0  1  0  0  0  0  0  0  0  0  1  0  0.52701311D-22
 382 SiC2H3+     1  3  0  2  0  0  1  0  0  0  0  0  0  0  0.29182454D-15
 383 SiC3H2+     1  2  0  3  0  0  1  0  0  0  0  0  0  0  0.80483037D-17
 384 SiC4H+      1  1  0  4  0  0  1  0  0  0  0  0  0  0  0.25857696D-17
 385 SiCH4+      1  4  0  1  0  0  1  0  0  0  0  0  0  0  0.21034193D-17
 386 SiH5+       1  5  0  0  0  0  1  0  0  0  0  0  0  0  0.13555481D-21
 387 C7+         1  0  0  7  0  0  0  0  0  0  0  0  0  0  0.47588161D-15
 388 H2C4N+      1  2  0  4  1  0  0  0  0  0  0  0  0  0  0.31299083D-19
 389 C6H-       -1  1  0  6  0  0  0  0  0  0  0  0  0  0  0.99767569D-12
 390 C7-        -1  0  0  7  0  0  0  0  0  0  0  0  0  0  0.34034509D-12
 391 C4H3+       1  3  0  4  0  0  0  0  0  0  0  0  0  0  0.24129246D-13
 392 C5H2+       1  2  0  5  0  0  0  0  0  0  0  0  0  0  0.27519022D-15
 393 CH3CNH+     1  4  0  2  1  0  0  0  0  0  0  0  0  0  0.70324033D-13
 394 C2H4O+      1  4  0  2  0  1  0  0  0  0  0  0  0  0  0.25630388D-18
 395 C2H5+       1  5  0  2  0  0  0  0  0  0  0  0  0  0  0.18701420D-15
 396 C3H3N+      1  3  0  3  1  0  0  0  0  0  0  0  0  0  0.31407446D-17
 397 C3H4+       1  4  0  3  0  0  0  0  0  0  0  0  0  0  0.49965051D-17
 398 HC5N+       1  1  0  5  1  0  0  0  0  0  0  0  0  0  0.50403915D-15
 399 C6H+        1  1  0  6  0  0  0  0  0  0  0  0  0  0  0.32336794D-13
 400 CH3NH2+     1  5  0  1  1  0  0  0  0  0  0  0  0  0  0.70154268D-17
 401 CH3OH2+     1  5  0  1  0  1  0  0  0  0  0  0  0  0  0.64479718D-18
 402 H3C3O+      1  3  0  3  0  1  0  0  0  0  0  0  0  0  0.14560256D-16
 403 NH2CH2O+    1  4  0  1  1  1  0  0  0  0  0  0  0  0  0.92533441D-22
 404 PC2H4+      1  4  0  2  0  0  0  0  0  0  0  0  1  0  0.54345872D-23
 405 PC4H2+      1  2  0  4  0  0  0  0  0  0  0  0  1  0  0.23439696D-21
 406 HC5O+       1  1  0  5  0  1  0  0  0  0  0  0  0  0  0.59269566D-17
 407 C6N+        1  0  0  6  1  0  0  0  0  0  0  0  0  0  0.56824586D-17
 408 H2C5N+      1  2  0  5  1  0  0  0  0  0  0  0  0  0  0.27891735D-15
 409 C8+         1  0  0  8  0  0  0  0  0  0  0  0  0  0  0.21183972D-14
 410 C7H-       -1  1  0  7  0  0  0  0  0  0  0  0  0  0  0.69921109D-12
 411 C8-        -1  0  0  8  0  0  0  0  0  0  0  0  0  0  0.83793983D-13
 412 C5H3+       1  3  0  5  0  0  0  0  0  0  0  0  0  0  0.62654709D-16
 413 C3H5+       1  5  0  3  0  0  0  0  0  0  0  0  0  0  0.35337360D-16
 414 C6H2+       1  2  0  6  0  0  0  0  0  0  0  0  0  0  0.81802328D-14
 415 C7H+        1  1  0  7  0  0  0  0  0  0  0  0  0  0  0.21097575D-13
 416 CH3CHOH+    1  5  0  2  0  1  0  0  0  0  0  0  0  0  0.11549349D-19
 417 C2H6+       1  6  0  2  0  0  0  0  0  0  0  0  0  0  0.60550656D-27
 418 C3H3NH+     1  4  0  3  1  0  0  0  0  0  0  0  0  0  0.41849387D-21
 419 C4H4+       1  4  0  4  0  0  0  0  0  0  0  0  0  0  0.10977354D-18
 420 C7N+        1  0  0  7  1  0  0  0  0  0  0  0  0  0  0.29379341D-18
 421 CH3NH3+     1  6  0  1  1  0  0  0  0  0  0  0  0  0  0.33982272D-16
 422 COOCH4+     1  4  0  2  0  2  0  0  0  0  0  0  0  0  0.42643963D-24
 423 H3C4N+      1  3  0  4  1  0  0  0  0  0  0  0  0  0  0.31269289D-19
 424 HC6N+       1  1  0  6  1  0  0  0  0  0  0  0  0  0  0.15196674D-20
 425 C9+         1  0  0  9  0  0  0  0  0  0  0  0  0  0  0.45850184D-15
 426 C8H-       -1  1  0  8  0  0  0  0  0  0  0  0  0  0  0.26153763D-12
 427 C9-        -1  0  0  9  0  0  0  0  0  0  0  0  0  0  0.65661480D-13
 428 C4H5+       1  5  0  4  0  0  0  0  0  0  0  0  0  0  0.84475345D-18
 429 C6H3+       1  3  0  6  0  0  0  0  0  0  0  0  0  0  0.65642966D-17
 430 C7H2+       1  2  0  7  0  0  0  0  0  0  0  0  0  0  0.46606228D-16
 431 C2H5OH+     1  6  0  2  0  1  0  0  0  0  0  0  0  0  0.14049107D-23
 432 H3C4NH+     1  4  0  4  1  0  0  0  0  0  0  0  0  0  0.95209740D-17
 433 C5H3N+      1  3  0  5  1  0  0  0  0  0  0  0  0  0  0.16743953D-18
 434 C5H4+       1  4  0  5  0  0  0  0  0  0  0  0  0  0  0.13460803D-17
 435 HC7N+       1  1  0  7  1  0  0  0  0  0  0  0  0  0  0.64395805D-16
 436 C8H+        1  1  0  8  0  0  0  0  0  0  0  0  0  0  0.13827387D-16
 437 CH3OCH3+    1  6  0  2  0  1  0  0  0  0  0  0  0  0  0.28069783D-26
 438 H5C2O2+     1  5  0  2  0  2  0  0  0  0  0  0  0  0  0.12279463D-23
 439 HC7O+       1  1  0  7  0  1  0  0  0  0  0  0  0  0  0.28266954D-18
 440 C8N+        1  0  0  8  1  0  0  0  0  0  0  0  0  0  0.15265146D-17
 441 H2C6N+      1  2  0  6  1  0  0  0  0  0  0  0  0  0  0.23764532D-17
 442 C2H7+       1  7  0  2  0  0  0  0  0  0  0  0  0  0  0.00000000D+00
 443 C10+        1  0  0 10  0  0  0  0  0  0  0  0  0  0  0.14611544D-15
 444 CH3OCH4+    1  7  0  2  0  1  0  0  0  0  0  0  0  0  0.17617405D-25
 445 C9H-       -1  1  0  9  0  0  0  0  0  0  0  0  0  0  0.18303502D-12
 446 C10-       -1  0  0 10  0  0  0  0  0  0  0  0  0  0  0.34867262D-13
 447 C7H2N+      1  2  0  7  1  0  0  0  0  0  0  0  0  0  0.25638701D-15
 448 C7H3+       1  3  0  7  0  0  0  0  0  0  0  0  0  0  0.47078772D-17
 449 C5H5+       1  5  0  5  0  0  0  0  0  0  0  0  0  0  0.25032871D-17
 450 C8H2+       1  2  0  8  0  0  0  0  0  0  0  0  0  0  0.23229728D-14
 451 C9H+        1  1  0  9  0  0  0  0  0  0  0  0  0  0  0.45426274D-14
 452 C2H5OH2+    1  7  0  2  0  1  0  0  0  0  0  0  0  0  0.31369545D-22
 453 C2H6CO+     1  6  0  3  0  1  0  0  0  0  0  0  0  0  0.18185614D-25
 454 C5H4N+      1  4  0  5  1  0  0  0  0  0  0  0  0  0  0.26660911D-19
 455 C6H4+       1  4  0  6  0  0  0  0  0  0  0  0  0  0  0.23252087D-17
 456 C9N+        1  0  0  9  1  0  0  0  0  0  0  0  0  0  0.63852103D-19
 457 HC8N+       1  1  0  8  1  0  0  0  0  0  0  0  0  0  0.38350373D-21
 458 C10H+       1  1  0 10  0  0  0  0  0  0  0  0  0  0  0.11272529D-14
 459 C10H-      -1  1  0 10  0  0  0  0  0  0  0  0  0  0  0.38248960D-13
 460 C8H3+       1  3  0  8  0  0  0  0  0  0  0  0  0  0  0.95126281D-18
 461 C9H2+       1  2  0  9  0  0  0  0  0  0  0  0  0  0  0.11589979D-16
 462 C3H6OH+     1  7  0  3  0  1  0  0  0  0  0  0  0  0  0.44016536D-25
 463 C4H7+       1  7  0  4  0  0  0  0  0  0  0  0  0  0  0.12315814D-21
 464 H3C6NH+     1  4  0  6  1  0  0  0  0  0  0  0  0  0  0.79871284D-19
 465 C6H5+       1  5  0  6  0  0  0  0  0  0  0  0  0  0  0.45747170D-21
 466 H3C7N+      1  3  0  7  1  0  0  0  0  0  0  0  0  0  0.80954530D-20
 467 C7H4+       1  4  0  7  0  0  0  0  0  0  0  0  0  0  0.59695941D-19
 468 C9HN+       1  1  0  9  1  0  0  0  0  0  0  0  0  0  0.13854975D-16
 469 C11+        1  0  0 11  0  0  0  0  0  0  0  0  0  0  0.38504717D-15
 470 HC9O+       1  1  0  9  0  1  0  0  0  0  0  0  0  0  0.77733947D-19
 471 C10N+       1  0  0 10  1  0  0  0  0  0  0  0  0  0  0.29265597D-18
 472 H2C8N+      1  2  0  8  1  0  0  0  0  0  0  0  0  0  0.59972244D-18
 473 C9H2N+      1  2  0  9  1  0  0  0  0  0  0  0  0  0  0.11832286D-16
 474 C9H3+       1  3  0  9  0  0  0  0  0  0  0  0  0  0  0.48220303D-18
 475 C10H2+      1  2  0 10  0  0  0  0  0  0  0  0  0  0  0.17995682D-17
 476 C7H5+       1  5  0  7  0  0  0  0  0  0  0  0  0  0  0.31286791D-19
 477 C8H4+       1  4  0  8  0  0  0  0  0  0  0  0  0  0  0.51516087D-19
 478 HC10N+      1  1  0 10  1  0  0  0  0  0  0  0  0  0  0.55829580D-22
 479 C6H7+       1  7  0  6  0  0  0  0  0  0  0  0  0  0  0.88469162D-20
 480 C9H4+       1  4  0  9  0  0  0  0  0  0  0  0  0  0  0.62844406D-20
 481 C8H4N+      1  4  0  8  1  0  0  0  0  0  0  0  0  0  0.19739168D-19
 482 C8H5+       1  5  0  8  0  0  0  0  0  0  0  0  0  0  0.80403720D-23
 483 C9H3N+      1  3  0  9  1  0  0  0  0  0  0  0  0  0  0.76433875D-21
 484 C10H3+      1  3  0 10  0  0  0  0  0  0  0  0  0  0  0.48626387D-19
 485 H2C10N+     1  2  0 10  1  0  0  0  0  0  0  0  0  0  0.13095929D-18
 486 C9H5+       1  5  0  9  0  0  0  0  0  0  0  0  0  0  0.20877866D-25
 487 GRAIN0      0  0  0  0  0  0  0  0  0  0  0  0  0  0  0.86074217D-14
 488 GRAIN-     -1  0  0  0  0  0  0  0  0  0  0  0  0  0  0.13128926D-11
 489 XH          0  1  0  0  0  0  0  0  0  0  0  0  0  0  0.21334391D-16
