0.11D+08                                              +-  H  He C  O  S  G    
 JSPACE =            1
   1 H           0  1  0  0  0  0  0  0  0  0  0  0  0  0  0.40448421D-05
   2 C           0  0  0  1  0  0  0  0  0  0  0  0  0  0  0.70874217D-05
   3 Fe          0  0  0  0  0  0  0  0  1  0  0  0  0  0  0.35066984D-09
   4 Mg          0  0  0  0  0  0  0  0  0  0  1  0  0  0  0.17695709D-08
   5 S           0  0  0  0  0  0  0  1  0  0  0  0  0  0  0.56154352D-07
   6 Si          0  0  0  0  0  0  1  0  0  0  0  0  0  0  0.55512979D-08
   7 O           0  0  0  0  0  1  0  0  0  0  0  0  0  0  0.77171940D-04
   8 N           0  0  0  0  1  0  0  0  0  0  0  0  0  0  0.48742842D-04
   9 He          0  0  1  0  0  0  0  0  0  0  0  0  0  0  0.90000000D-01
  10 Cl          0  0  0  0  0  0  0  0  0  0  0  1  0  0  0.99759904D-09
  11 Na          0  0  0  0  0  0  0  0  0  1  0  0  0  0  0.58667157D-09
  12 P           0  0  0  0  0  0  0  0  0  0  0  0  1  0  0.12600735D-09
  13 F           0  0  0  0  0  0  0  0  0  0  0  0  0  1  0.74397302D-12
  14 OH          0  1  0  0  0  1  0  0  0  0  0  0  0  0  0.37948315D-09
  15 CO          0  0  0  1  0  1  0  0  0  0  0  0  0  0  0.16280198D-03
  16 CS          0  0  0  1  0  0  0  1  0  0  0  0  0  0  0.49131959D-08
  17 HS          0  1  0  0  0  0  0  1  0  0  0  0  0  0  0.96564984D-11
  18 N2          0  0  0  0  2  0  0  0  0  0  0  0  0  0  0.66040228D-05
  19 NH          0  1  0  0  1  0  0  0  0  0  0  0  0  0  0.18218573D-11
  20 SiH         0  1  0  0  0  0  1  0  0  0  0  0  0  0  0.47525813D-11
  21 SiO         0  0  0  0  0  1  1  0  0  0  0  0  0  0  0.13377163D-08
  22 SO          0  0  0  0  0  1  0  1  0  0  0  0  0  0  0.57598808D-10
  23 CH          0  1  0  1  0  0  0  0  0  0  0  0  0  0  0.38886150D-09
  24 O2          0  0  0  0  0  2  0  0  0  0  0  0  0  0  0.14469954D-08
  25 H2          0  2  0  0  0  0  0  0  0  0  0  0  0  0  0.49999788D+00
  26 C2          0  0  0  2  0  0  0  0  0  0  0  0  0  0  0.81986297D-10
  27 CN          0  0  0  1  1  0  0  0  0  0  0  0  0  0  0.19425312D-08
  28 MgH         0  1  0  0  0  0  0  0  0  0  1  0  0  0  0.84401491D-13
  29 NaH         0  1  0  0  0  0  0  0  0  1  0  0  0  0  0.48280349D-13
  30 NO          0  0  0  0  1  1  0  0  0  0  0  0  0  0  0.28581297D-09
  31 NS          0  0  0  0  1  0  0  1  0  0  0  0  0  0  0.28300026D-11
  32 PH          0  1  0  0  0  0  0  0  0  0  0  0  1  0  0.37219583D-13
  33 PN          0  0  0  0  1  0  0  0  0  0  0  0  1  0  0.67422360D-10
  34 PO          0  0  0  0  0  1  0  0  0  0  0  0  1  0  0.53048022D-13
  35 S2          0  0  0  0  0  0  0  2  0  0  0  0  0  0  0.14948336D-13
  36 SiC         0  0  0  1  0  0  1  0  0  0  0  0  0  0  0.66892661D-12
  37 SiN         0  0  0  0  1  0  1  0  0  0  0  0  0  0  0.80948124D-11
  38 SiS         0  0  0  0  0  0  1  1  0  0  0  0  0  0  0.13699686D-11
  39 CCl         0  0  0  1  0  0  0  0  0  0  0  1  0  0  0.93414915D-16
  40 ClO         0  0  0  0  0  1  0  0  0  0  0  1  0  0  0.00000000D+00
  41 CP          0  0  0  1  0  0  0  0  0  0  0  0  1  0  0.49357607D-13
  42 HCl         0  1  0  0  0  0  0  0  0  0  0  1  0  0  0.23962784D-11
  43 HF          0  1  0  0  0  0  0  0  0  0  0  0  0  1  0.66602361D-08
  44 CCH         0  1  0  2  0  0  0  0  0  0  0  0  0  0  0.17528298D-09
  45 C3          0  0  0  3  0  0  0  0  0  0  0  0  0  0  0.31705062D-08
  46 CH2         0  2  0  1  0  0  0  0  0  0  0  0  0  0  0.24833498D-08
  47 SO2         0  0  0  0  0  2  0  1  0  0  0  0  0  0  0.12713402D-12
  48 H2O         0  2  0  0  0  1  0  0  0  0  0  0  0  0  0.66975778D-08
  49 HCN         0  1  0  1  1  0  0  0  0  0  0  0  0  0  0.44076646D-07
  50 HCSi        0  1  0  1  0  0  1  0  0  0  0  0  0  0  0.31347020D-11
  51 CCN         0  0  0  2  1  0  0  0  0  0  0  0  0  0  0.84483871D-10
  52 CCS         0  0  0  2  0  0  0  1  0  0  0  0  0  0  0.99544910D-12
  53 CCO         0  0  0  2  0  1  0  0  0  0  0  0  0  0  0.66983696D-12
  54 CCP         0  0  0  2  0  0  0  0  0  0  0  0  1  0  0.13103910D-14
  55 CO2         0  0  0  1  0  2  0  0  0  0  0  0  0  0  0.65793183D-08
  56 H2S         0  2  0  0  0  0  0  1  0  0  0  0  0  0  0.10939994D-11
  57 HCO         0  1  0  1  0  1  0  0  0  0  0  0  0  0  0.29790793D-10
  58 HCP         0  1  0  1  0  0  0  0  0  0  0  0  1  0  0.14255532D-11
  59 HCS         0  1  0  1  0  0  0  1  0  0  0  0  0  0  0.10826608D-11
  60 HNC         0  1  0  1  1  0  0  0  0  0  0  0  0  0  0.20565469D-08
  61 HNO         0  1  0  0  1  1  0  0  0  0  0  0  0  0  0.14739144D-11
  62 HNSi        0  1  0  0  1  0  1  0  0  0  0  0  0  0  0.15837912D-09
  63 HPO         0  1  0  0  0  1  0  0  0  0  0  0  1  0  0.10595614D-16
  64 HSS         0  1  0  0  0  0  0  2  0  0  0  0  0  0  0.93245652D-13
  65 N2O         0  0  0  0  2  1  0  0  0  0  0  0  0  0  0.53824416D-16
  66 NaOH        0  1  0  0  0  1  0  0  0  1  0  0  0  0  0.59969456D-15
  67 NH2         0  2  0  0  1  0  0  0  0  0  0  0  0  0  0.86009908D-12
  68 NO2         0  0  0  0  1  2  0  0  0  0  0  0  0  0  0.00000000D+00
  69 O2H         0  1  0  0  0  2  0  0  0  0  0  0  0  0  0.65892020D-16
  70 OCN         0  0  0  1  1  1  0  0  0  0  0  0  0  0  0.17331773D-10
  71 OCS         0  0  0  1  0  1  0  1  0  0  0  0  0  0  0.46627025D-11
  72 PH2         0  2  0  0  0  0  0  0  0  0  0  0  1  0  0.54356357D-17
  73 c-SiC2      0  0  0  2  0  0  1  0  0  0  0  0  0  0  0.25674180D-12
  74 SiH2        0  2  0  0  0  0  1  0  0  0  0  0  0  0  0.45111690D-15
  75 SiNC        0  0  0  1  1  0  1  0  0  0  0  0  0  0  0.12433523D-12
  76 SiO2        0  0  0  0  0  2  1  0  0  0  0  0  0  0  0.20571101D-13
  77 C4          0  0  0  4  0  0  0  0  0  0  0  0  0  0  0.52396865D-11
  78 c-C3H       0  1  0  3  0  0  0  0  0  0  0  0  0  0  0.14865718D-10
  79 l-C3H       0  1  0  3  0  0  0  0  0  0  0  0  0  0  0.25153535D-11
  80 CH3         0  3  0  1  0  0  0  0  0  0  0  0  0  0  0.24671321D-10
  81 C2H2        0  2  0  2  0  0  0  0  0  0  0  0  0  0  0.21513543D-09
  82 NH3         0  3  0  0  1  0  0  0  0  0  0  0  0  0  0.51201246D-10
  83 SiCH2       0  2  0  1  0  0  1  0  0  0  0  0  0  0  0.10215267D-12
  84 C3N         0  0  0  3  1  0  0  0  0  0  0  0  0  0  0.63365295D-11
  85 C3O         0  0  0  3  0  1  0  0  0  0  0  0  0  0  0.11413111D-10
  86 C3P         0  0  0  3  0  0  0  0  0  0  0  0  1  0  0.12163354D-16
  87 C3S         0  0  0  3  0  0  0  1  0  0  0  0  0  0  0.25699156D-10
  88 H2CO        0  2  0  1  0  1  0  0  0  0  0  0  0  0  0.68167583D-09
  89 H2CS        0  2  0  1  0  0  0  1  0  0  0  0  0  0  0.21971540D-09
  90 HOOH        0  2  0  0  0  2  0  0  0  0  0  0  0  0  0.29135935D-18
  91 HSSH        0  2  0  0  0  0  0  2  0  0  0  0  0  0  0.74602797D-13
  92 H2SiO       0  2  0  0  0  1  1  0  0  0  0  0  0  0  0.12652601D-17
  93 HCCP        0  1  0  2  0  0  0  0  0  0  0  0  1  0  0.16065848D-16
  94 HCCSi       0  1  0  2  0  0  1  0  0  0  0  0  0  0  0.31746777D-11
  95 l-SiC3      0  0  0  3  0  0  1  0  0  0  0  0  0  0  0.40586772D-13
  96 SiH3        0  3  0  0  0  0  1  0  0  0  0  0  0  0  0.21745427D-19
  97 H2CN        0  2  0  1  1  0  0  0  0  0  0  0  0  0  0.10842517D-10
  98 C5          0  0  0  5  0  0  0  0  0  0  0  0  0  0  0.12799768D-11
  99 c-C3H2      0  2  0  3  0  0  0  0  0  0  0  0  0  0  0.17041963D-10
 100 l-C3H2      0  2  0  3  0  0  0  0  0  0  0  0  0  0  0.12554072D-10
 101 C4H         0  1  0  4  0  0  0  0  0  0  0  0  0  0  0.20814370D-11
 102 CH4         0  4  0  1  0  0  0  0  0  0  0  0  0  0  0.27677413D-07
 103 HC3N        0  1  0  3  1  0  0  0  0  0  0  0  0  0  0.17975942D-10
 104 H2CCN       0  2  0  2  1  0  0  0  0  0  0  0  0  0  0.15257851D-10
 105 H2CCO       0  2  0  2  0  1  0  0  0  0  0  0  0  0  0.26657364D-09
 106 C2H3        0  3  0  2  0  0  0  0  0  0  0  0  0  0  0.46514069D-11
 107 C4N         0  0  0  4  1  0  0  0  0  0  0  0  0  0  0.22538282D-11
 108 C4P         0  0  0  4  0  0  0  0  0  0  0  0  1  0  0.91131381D-17
 109 C4S         0  0  0  4  0  0  0  1  0  0  0  0  0  0  0.37296077D-13
 110 HCOOH       0  2  0  1  0  2  0  0  0  0  0  0  0  0  0.14692648D-12
 111 CH2PH       0  3  0  1  0  0  0  0  0  0  0  0  1  0  0.35919167D-19
 112 CH2NH       0  3  0  1  1  0  0  0  0  0  0  0  0  0  0.12618178D-13
 113 c-HCCHSi    0  2  0  2  0  0  1  0  0  0  0  0  0  0  0.19102843D-12
 114 SiC3H       0  1  0  3  0  0  1  0  0  0  0  0  0  0  0.29904077D-13
 115 SiC4        0  0  0  4  0  0  1  0  0  0  0  0  0  0  0.67271307D-16
 116 SiCH3       0  3  0  1  0  0  1  0  0  0  0  0  0  0  0.63959981D-13
 117 SiH4        0  4  0  0  0  0  1  0  0  0  0  0  0  0  0.64322644D-17
 118 HCNCC       0  1  0  3  1  0  0  0  0  0  0  0  0  0  0.73685203D-12
 119 HCCNC       0  1  0  3  1  0  0  0  0  0  0  0  0  0  0.72888585D-11
 120 HNCCC       0  1  0  3  1  0  0  0  0  0  0  0  0  0  0.45579021D-12
 121 NH2CN       0  2  0  1  2  0  0  0  0  0  0  0  0  0  0.00000000D+00
 122 C6          0  0  0  6  0  0  0  0  0  0  0  0  0  0  0.24335885D-13
 123 CH3CN       0  3  0  2  1  0  0  0  0  0  0  0  0  0  0.16685590D-09
 124 CH2CCH      0  3  0  3  0  0  0  0  0  0  0  0  0  0  0.13348533D-12
 125 C2H4        0  4  0  2  0  0  0  0  0  0  0  0  0  0  0.13820727D-11
 126 NC4N        0  0  0  4  2  0  0  0  0  0  0  0  0  0  0.88957527D-11
 127 H2CSiCH     0  3  0  2  0  0  1  0  0  0  0  0  0  0  0.68449167D-12
 128 SiC4H       0  1  0  4  0  0  1  0  0  0  0  0  0  0  0.76037081D-13
 129 HC4N        0  1  0  4  1  0  0  0  0  0  0  0  0  0  0.13476155D-13
 130 C4H2        0  2  0  4  0  0  0  0  0  0  0  0  0  0  0.13990314D-12
 131 C5H         0  1  0  5  0  0  0  0  0  0  0  0  0  0  0.57909805D-13
 132 C5N         0  0  0  5  1  0  0  0  0  0  0  0  0  0  0.59394187D-13
 133 CH3OH       0  4  0  1  0  1  0  0  0  0  0  0  0  0  0.15277654D-16
 134 NH2CHO      0  3  0  1  1  1  0  0  0  0  0  0  0  0  0.42776506D-15
 135 C5O         0  0  0  5  0  1  0  0  0  0  0  0  0  0  0.21004593D-13
 136 C7          0  0  0  7  0  0  0  0  0  0  0  0  0  0  0.15211638D-14
 137 HC5N        0  1  0  5  1  0  0  0  0  0  0  0  0  0  0.76078669D-13
 138 SiC2CH3     0  3  0  3  0  0  1  0  0  0  0  0  0  0  0.18352085D-14
 139 CH3CHO      0  4  0  2  0  1  0  0  0  0  0  0  0  0  0.51468080D-16
 140 C2H5        0  5  0  2  0  0  0  0  0  0  0  0  0  0  0.14434079D-19
 141 CH2CHCN     0  3  0  3  1  0  0  0  0  0  0  0  0  0  0.82262291D-14
 142 CH3CCH      0  4  0  3  0  0  0  0  0  0  0  0  0  0  0.33766608D-14
 143 C5H2        0  2  0  5  0  0  0  0  0  0  0  0  0  0  0.34327395D-14
 144 C6H         0  1  0  6  0  0  0  0  0  0  0  0  0  0  0.77776219D-14
 145 CH3NH2      0  5  0  1  1  0  0  0  0  0  0  0  0  0  0.61120324D-13
 146 C4H3        0  3  0  4  0  0  0  0  0  0  0  0  0  0  0.31512174D-14
 147 C6N         0  0  0  6  1  0  0  0  0  0  0  0  0  0  0.12405535D-13
 148 C8          0  0  0  8  0  0  0  0  0  0  0  0  0  0  0.43373590D-15
 149 HC6N        0  1  0  6  1  0  0  0  0  0  0  0  0  0  0.57041411D-16
 150 NC6N        0  0  0  6  2  0  0  0  0  0  0  0  0  0  0.32390100D-13
 151 SiC6H       0  1  0  6  0  0  1  0  0  0  0  0  0  0  0.29314324D-15
 152 CH2CHC2H    0  4  0  4  0  0  0  0  0  0  0  0  0  0  0.73239900D-17
 153 C6H2        0  2  0  6  0  0  0  0  0  0  0  0  0  0  0.53936394D-15
 154 C7H         0  1  0  7  0  0  0  0  0  0  0  0  0  0  0.48426235D-15
 155 C7N         0  0  0  7  1  0  0  0  0  0  0  0  0  0  0.78089880D-15
 156 CH3C3N      0  3  0  4  1  0  0  0  0  0  0  0  0  0  0.12192497D-13
 157 HCOOCH3     0  4  0  2  0  2  0  0  0  0  0  0  0  0  0.74162330D-19
 158 C2H6        0  6  0  2  0  0  0  0  0  0  0  0  0  0  0.00000000D+00
 159 C7O         0  0  0  7  0  1  0  0  0  0  0  0  0  0  0.17564786D-15
 160 C9          0  0  0  9  0  0  0  0  0  0  0  0  0  0  0.27253670D-16
 161 HC7N        0  1  0  7  1  0  0  0  0  0  0  0  0  0  0.84591803D-15
 162 SiC3H5      0  5  0  3  0  0  1  0  0  0  0  0  0  0  0.00000000D+00
 163 CH3CH2OH    0  6  0  2  0  1  0  0  0  0  0  0  0  0  0.96440984D-18
 164 C7H2        0  2  0  7  0  0  0  0  0  0  0  0  0  0  0.94073066D-16
 165 C8H         0  1  0  8  0  0  0  0  0  0  0  0  0  0  0.23474979D-15
 166 CH3C4H      0  4  0  5  0  0  0  0  0  0  0  0  0  0  0.46438270D-15
 167 CH3OCH3     0  6  0  2  0  1  0  0  0  0  0  0  0  0  0.31069325D-22
 168 CH3CHCH2    0  6  0  3  0  0  0  0  0  0  0  0  0  0  0.00000000D+00
 169 C8N         0  0  0  8  1  0  0  0  0  0  0  0  0  0  0.17008832D-15
 170 C10         0  0  0 10  0  0  0  0  0  0  0  0  0  0  0.88701079D-17
 171 CH3COCH3    0  6  0  3  0  1  0  0  0  0  0  0  0  0  0.22489362D-20
 172 C8H2        0  2  0  8  0  0  0  0  0  0  0  0  0  0  0.34188558D-16
 173 C9H         0  1  0  9  0  0  0  0  0  0  0  0  0  0  0.23085931D-16
 174 C9N         0  0  0  9  1  0  0  0  0  0  0  0  0  0  0.28338744D-16
 175 CH3C5N      0  3  0  6  1  0  0  0  0  0  0  0  0  0  0.22433860D-16
 176 HC8N        0  1  0  8  1  0  0  0  0  0  0  0  0  0  0.63424293D-18
 177 NC8N        0  0  0  8  2  0  0  0  0  0  0  0  0  0  0.36014522D-15
 178 SiC8H       0  1  0  8  0  0  1  0  0  0  0  0  0  0  0.18581414D-16
 179 CH2CHCHCH2  0  6  0  4  0  0  0  0  0  0  0  0  0  0  0.00000000D+00
 180 C9O         0  0  0  9  0  1  0  0  0  0  0  0  0  0  0.83735489D-17
 181 HC9N        0  1  0  9  1  0  0  0  0  0  0  0  0  0  0.30875611D-16
 182 C10H        0  1  0 10  0  0  0  0  0  0  0  0  0  0  0.92116429D-17
 183 C9H2        0  2  0  9  0  0  0  0  0  0  0  0  0  0  0.47321863D-17
 184 CH3C6H      0  4  0  7  0  0  0  0  0  0  0  0  0  0  0.73497329D-18
 185 C11         0  0  0 11  0  0  0  0  0  0  0  0  0  0  0.11896302D-16
 186 C10N        0  0  0 10  1  0  0  0  0  0  0  0  0  0  0.55743264D-17
 187 CH3C7N      0  3  0  8  1  0  0  0  0  0  0  0  0  0  0.24454053D-18
 188 C10H2       0  2  0 10  0  0  0  0  0  0  0  0  0  0  0.37111304D-17
 189 C6H6        0  6  0  6  0  0  0  0  0  0  0  0  0  0  0.41447977D-15
 190 Si+         1  0  0  0  0  0  1  0  0  0  0  0  0  0  0.90448772D-09
 191 C+          1  0  0  1  0  0  0  0  0  0  0  0  0  0  0.70199790D-08
 192 C-         -1  0  0  1  0  0  0  0  0  0  0  0  0  0  0.31472497D-14
 193 H-         -1  1  0  0  0  0  0  0  0  0  0  0  0  0  0.14484842D-13
 194 O-         -1  0  0  0  0  1  0  0  0  0  0  0  0  0  0.11546131D-16
 195 S-         -1  0  0  0  0  0  0  1  0  0  0  0  0  0  0.53797074D-16
 196 He+         1  0  1  0  0  0  0  0  0  0  0  0  0  0  0.33890634D-11
 197 H+          1  1  0  0  0  0  0  0  0  0  0  0  0  0  0.12141727D-09
 198 Fe+         1  0  0  0  0  0  0  0  1  0  0  0  0  0  0.26493302D-08
 199 Mg+         1  0  0  0  0  0  0  0  0  0  1  0  0  0  0.52303448D-08
 200 N+          1  0  0  0  1  0  0  0  0  0  0  0  0  0  0.57895834D-15
 201 Na+         1  0  0  0  0  0  0  0  0  1  0  0  0  0  0.14132722D-08
 202 O+          1  0  0  0  0  1  0  0  0  0  0  0  0  0  0.13643273D-16
 203 S+          1  0  0  0  0  0  0  1  0  0  0  0  0  0  0.18596874D-07
 204 Cl+         1  0  0  0  0  0  0  0  0  0  0  1  0  0  0.73584466D-18
 205 F+          1  0  0  0  0  0  0  0  0  0  0  0  0  1  0.63144314D-18
 206 P+          1  0  0  0  0  0  0  0  0  0  0  0  1  0  0.49554758D-11
 207 e-         -1  0  0  0  0  0  0  0  0  0  0  0  0  0  0.36430626D-07
 208 CH+         1  1  0  1  0  0  0  0  0  0  0  0  0  0  0.31090317D-14
 209 H2+         1  2  0  0  0  0  0  0  0  0  0  0  0  0  0.11527688D-13
 210 OH+         1  1  0  0  0  1  0  0  0  0  0  0  0  0  0.35496481D-14
 211 SiH+        1  1  0  0  0  0  1  0  0  0  0  0  0  0  0.20562789D-12
 212 C2+         1  0  0  2  0  0  0  0  0  0  0  0  0  0  0.19139163D-16
 213 CN-        -1  0  0  1  1  0  0  0  0  0  0  0  0  0  0.10111821D-13
 214 OH-        -1  1  0  0  0  1  0  0  0  0  0  0  0  0  0.14941387D-14
 215 CF+         1  0  0  1  0  0  0  0  0  0  0  0  0  1  0.17213373D-10
 216 HS+         1  1  0  0  0  0  0  1  0  0  0  0  0  0  0.41909530D-12
 217 SO+         1  0  0  0  0  1  0  1  0  0  0  0  0  0  0.35551971D-11
 218 CCl+        1  0  0  1  0  0  0  0  0  0  0  1  0  0  0.24706758D-14
 219 ClO+        1  0  0  0  0  1  0  0  0  0  0  1  0  0  0.00000000D+00
 220 CN+         1  0  0  1  1  0  0  0  0  0  0  0  0  0  0.24026113D-17
 221 CO+         1  0  0  1  0  1  0  0  0  0  0  0  0  0  0.12434697D-15
 222 CP+         1  0  0  1  0  0  0  0  0  0  0  0  1  0  0.38606889D-20
 223 CS+         1  0  0  1  0  0  0  1  0  0  0  0  0  0  0.30248784D-15
 224 HCl+        1  1  0  0  0  0  0  0  0  0  0  1  0  0  0.60829945D-18
 225 HF+         1  1  0  0  0  0  0  0  0  0  0  0  0  1  0.48570663D-18
 226 HeH+        1  1  1  0  0  0  0  0  0  0  0  0  0  0  0.48556442D-21
 227 N2+         1  0  0  0  2  0  0  0  0  0  0  0  0  0  0.10534842D-16
 228 NH+         1  1  0  0  1  0  0  0  0  0  0  0  0  0  0.38608452D-16
 229 NO+         1  0  0  0  1  1  0  0  0  0  0  0  0  0  0.36145839D-12
 230 NS+         1  0  0  0  1  0  0  1  0  0  0  0  0  0  0.11724718D-11
 231 O2+         1  0  0  0  0  2  0  0  0  0  0  0  0  0  0.13789905D-13
 232 PH+         1  1  0  0  0  0  0  0  0  0  0  0  1  0  0.30228611D-15
 233 PN+         1  0  0  0  1  0  0  0  0  0  0  0  1  0  0.14475793D-13
 234 PO+         1  0  0  0  0  1  0  0  0  0  0  0  1  0  0.76695518D-14
 235 S2+         1  0  0  0  0  0  0  2  0  0  0  0  0  0  0.11898389D-13
 236 SiC+        1  0  0  1  0  0  1  0  0  0  0  0  0  0  0.44024396D-17
 237 SiN+        1  0  0  0  1  0  1  0  0  0  0  0  0  0  0.82605723D-12
 238 SiO+        1  0  0  0  0  1  1  0  0  0  0  0  0  0  0.51954580D-15
 239 SiS+        1  0  0  0  0  0  1  1  0  0  0  0  0  0  0.36347580D-18
 240 SiF+        1  0  0  0  0  0  1  0  0  0  0  0  0  1  0.17766085D-11
 241 CH2+        1  2  0  1  0  0  0  0  0  0  0  0  0  0  0.15182194D-13
 242 C2N+        1  0  0  2  1  0  0  0  0  0  0  0  0  0  0.13649786D-16
 243 CNC+        1  0  0  2  1  0  0  0  0  0  0  0  0  0  0.73893985D-10
 244 HSiO+       1  1  0  0  0  1  1  0  0  0  0  0  0  0  0.78727486D-11
 245 N2H+        1  1  0  0  2  0  0  0  0  0  0  0  0  0  0.10776725D-11
 246 C2H+        1  1  0  2  0  0  0  0  0  0  0  0  0  0  0.98803705D-15
 247 H3+         1  3  0  0  0  0  0  0  0  0  0  0  0  0  0.22617932D-10
 248 C3-        -1  0  0  3  0  0  0  0  0  0  0  0  0  0  0.88808779D-13
 249 HCO+        1  1  0  1  0  1  0  0  0  0  0  0  0  0  0.18875188D-09
 250 HSO+        1  1  0  0  0  1  0  1  0  0  0  0  0  0  0.31338704D-14
 251 H2S+        1  2  0  0  0  0  0  1  0  0  0  0  0  0  0.15756208D-11
 252 HCS+        1  1  0  1  0  0  0  1  0  0  0  0  0  0  0.11097721D-11
 253 HPO+        1  1  0  0  0  1  0  0  0  0  0  0  1  0  0.36137819D-14
 254 C2O+        1  0  0  2  0  1  0  0  0  0  0  0  0  0  0.17801659D-14
 255 C2S+        1  0  0  2  0  0  0  1  0  0  0  0  0  0  0.32343390D-12
 256 C3+         1  0  0  3  0  0  0  0  0  0  0  0  0  0  0.15496609D-15
 257 CCP+        1  0  0  2  0  0  0  0  0  0  0  0  1  0  0.38958807D-15
 258 CHSi+       1  1  0  1  0  0  1  0  0  0  0  0  0  0  0.49077002D-16
 259 CO2+        1  0  0  1  0  2  0  0  0  0  0  0  0  0  0.64631523D-20
 260 H2Cl+       1  2  0  0  0  0  0  0  0  0  0  1  0  0  0.20598010D-14
 261 H2F+        1  2  0  0  0  0  0  0  0  0  0  0  0  1  0.30329337D-13
 262 H2O+        1  2  0  0  0  1  0  0  0  0  0  0  0  0  0.91947396D-14
 263 HCN+        1  1  0  1  1  0  0  0  0  0  0  0  0  0  0.21296884D-15
 264 HCP+        1  1  0  1  0  0  0  0  0  0  0  0  1  0  0.36527438D-19
 265 HNC+        1  1  0  1  1  0  0  0  0  0  0  0  0  0  0.69988036D-15
 266 HNO+        1  1  0  0  1  1  0  0  0  0  0  0  0  0  0.12168074D-14
 267 HNS+        1  1  0  0  1  0  0  1  0  0  0  0  0  0  0.11952126D-15
 268 HNSi+       1  1  0  0  1  0  1  0  0  0  0  0  0  0  0.32648797D-16
 269 HOC+        1  1  0  1  0  1  0  0  0  0  0  0  0  0  0.33640619D-12
 270 HPN+        1  1  0  0  1  0  0  0  0  0  0  0  1  0  0.51361856D-14
 271 HSiS+       1  1  0  0  0  0  1  1  0  0  0  0  0  0  0.12694956D-13
 272 NaH2+       1  2  0  0  0  0  0  0  0  1  0  0  0  0  0.74549866D-14
 273 NCO+        1  0  0  1  1  1  0  0  0  0  0  0  0  0  0.50778009D-16
 274 NH2+        1  2  0  0  1  0  0  0  0  0  0  0  0  0  0.32165658D-15
 275 NO2+        1  0  0  0  1  2  0  0  0  0  0  0  0  0  0.12526553D-20
 276 HO2+        1  1  0  0  0  2  0  0  0  0  0  0  0  0  0.13090847D-18
 277 OCS+        1  0  0  1  0  1  0  1  0  0  0  0  0  0  0.72336282D-12
 278 PH2+        1  2  0  0  0  0  0  0  0  0  0  0  1  0  0.12413287D-13
 279 HS2+        1  1  0  0  0  0  0  2  0  0  0  0  0  0  0.18428668D-15
 280 SiC2+       1  0  0  2  0  0  1  0  0  0  0  0  0  0  0.29125362D-18
 281 SiH2+       1  2  0  0  0  0  1  0  0  0  0  0  0  0  0.33347979D-11
 282 SiNC+       1  0  0  1  1  0  1  0  0  0  0  0  0  0  0.10641198D-10
 283 SO2+        1  0  0  0  0  2  0  1  0  0  0  0  0  0  0.52388600D-21
 284 HCNH+       1  2  0  1  1  0  0  0  0  0  0  0  0  0  0.98741574D-11
 285 HC2N+       1  1  0  2  1  0  0  0  0  0  0  0  0  0  0.34938797D-16
 286 C3H+        1  1  0  3  0  0  0  0  0  0  0  0  0  0  0.20282801D-14
 287 C4+         1  0  0  4  0  0  0  0  0  0  0  0  0  0  0.67240594D-16
 288 H2CO+       1  2  0  1  0  1  0  0  0  0  0  0  0  0  0.19075363D-12
 289 CH3+        1  3  0  1  0  0  0  0  0  0  0  0  0  0  0.58524872D-10
 290 C3N-       -1  0  0  3  1  0  0  0  0  0  0  0  0  0  0.13873491D-13
 291 C4-        -1  0  0  4  0  0  0  0  0  0  0  0  0  0  0.17067258D-12
 292 H3O+        1  3  0  0  0  1  0  0  0  0  0  0  0  0  0.52189365D-10
 293 H2NO+       1  2  0  0  1  1  0  0  0  0  0  0  0  0  0.39730880D-14
 294 H3S+        1  3  0  0  0  0  0  1  0  0  0  0  0  0  0.25689052D-14
 295 HC2S+       1  1  0  2  0  0  0  1  0  0  0  0  0  0  0.12257092D-12
 296 HOCS+       1  1  0  1  0  1  0  1  0  0  0  0  0  0  0.53312112D-15
 297 PCH2+       1  2  0  1  0  0  0  0  0  0  0  0  1  0  0.41798337D-14
 298 H2S2+       1  2  0  0  0  0  0  2  0  0  0  0  0  0  0.83847902D-17
 299 C2H2+       1  2  0  2  0  0  0  0  0  0  0  0  0  0  0.15418057D-11
 300 C2HO+       1  1  0  2  0  1  0  0  0  0  0  0  0  0  0.18859791D-12
 301 C2N2+       1  0  0  2  2  0  0  0  0  0  0  0  0  0  0.35805312D-20
 302 C3N+        1  0  0  3  1  0  0  0  0  0  0  0  0  0  0.96584149D-19
 303 C3O+        1  0  0  3  0  1  0  0  0  0  0  0  0  0  0.96591020D-14
 304 C3S+        1  0  0  3  0  0  0  1  0  0  0  0  0  0  0.13003836D-12
 305 CH2Si+      1  2  0  1  0  0  1  0  0  0  0  0  0  0  0.20138138D-12
 306 H2CCl+      1  2  0  1  0  0  0  0  0  0  0  1  0  0  0.19101840D-16
 307 H2CS+       1  2  0  1  0  0  0  1  0  0  0  0  0  0  0.92961050D-14
 308 H2NC+       1  2  0  1  1  0  0  0  0  0  0  0  0  0  0.69988549D-11
 309 H2PO+       1  2  0  0  0  1  0  0  0  0  0  0  1  0  0.13988378D-18
 310 H2SiO+      1  2  0  0  0  1  1  0  0  0  0  0  0  0  0.18239993D-15
 311 HOCO+       1  1  0  1  0  2  0  0  0  0  0  0  0  0  0.12369617D-14
 312 HNCO+       1  1  0  1  1  1  0  0  0  0  0  0  0  0  0.76894974D-21
 313 HSiO2+      1  1  0  0  0  2  1  0  0  0  0  0  0  0  0.20414104D-18
 314 HSO2+       1  1  0  0  0  2  0  1  0  0  0  0  0  0  0.87225509D-18
 315 NaH2O+      1  2  0  0  0  1  0  0  0  1  0  0  0  0  0.10978634D-16
 316 NH3+        1  3  0  0  1  0  0  0  0  0  0  0  0  0  0.19177494D-12
 317 PC2H+       1  1  0  2  0  0  0  0  0  0  0  0  1  0  0.40127325D-16
 318 PH3+        1  3  0  0  0  0  0  0  0  0  0  0  1  0  0.31065919D-17
 319 PNH2+       1  2  0  0  1  0  0  0  0  0  0  0  1  0  0.22720913D-16
 320 SiC2H+      1  1  0  2  0  0  1  0  0  0  0  0  0  0  0.11470334D-13
 321 l-SiC3+     1  0  0  3  0  0  1  0  0  0  0  0  0  0  0.65831920D-14
 322 SiH3+       1  3  0  0  0  0  1  0  0  0  0  0  0  0  0.44740812D-15
 323 SiNCH+      1  1  0  1  1  0  1  0  0  0  0  0  0  0  0.58574019D-14
 324 HSiNH+      1  2  0  0  1  0  1  0  0  0  0  0  0  0  0.42592935D-12
 325 HN2O+       1  1  0  0  2  1  0  0  0  0  0  0  0  0  0.24872569D-22
 326 C2H3+       1  3  0  2  0  0  0  0  0  0  0  0  0  0  0.14047672D-11
 327 c-C3H2+     1  2  0  3  0  0  0  0  0  0  0  0  0  0  0.30316766D-12
 328 l-C3H2+     1  2  0  3  0  0  0  0  0  0  0  0  0  0  0.29086375D-12
 329 C4H+        1  1  0  4  0  0  0  0  0  0  0  0  0  0  0.20429892D-15
 330 C5+         1  0  0  5  0  0  0  0  0  0  0  0  0  0  0.37238017D-17
 331 HC3O+       1  1  0  3  0  1  0  0  0  0  0  0  0  0  0.61090336D-15
 332 C4H-       -1  1  0  4  0  0  0  0  0  0  0  0  0  0  0.48769933D-13
 333 C5-        -1  0  0  5  0  0  0  0  0  0  0  0  0  0  0.69333492D-13
 334 NH4+        1  4  0  0  1  0  0  0  0  0  0  0  0  0  0.10058132D-12
 335 H3CS+       1  3  0  1  0  0  0  1  0  0  0  0  0  0  0.95612432D-12
 336 H2COH+      1  3  0  1  0  1  0  0  0  0  0  0  0  0  0.49963259D-13
 337 H3S2+       1  3  0  0  0  0  0  2  0  0  0  0  0  0  0.29457029D-15
 338 HC3S+       1  1  0  3  0  0  0  1  0  0  0  0  0  0  0.19085755D-12
 339 PC3H+       1  1  0  3  0  0  0  0  0  0  0  0  1  0  0.19783531D-17
 340 PCH3+       1  3  0  1  0  0  0  0  0  0  0  0  1  0  0.12154332D-18
 341 PNH3+       1  3  0  0  1  0  0  0  0  0  0  0  1  0  0.92302866D-21
 342 SiC2H2+     1  2  0  2  0  0  1  0  0  0  0  0  0  0  0.91681031D-15
 343 SiC3H+      1  1  0  3  0  0  1  0  0  0  0  0  0  0  0.64170655D-14
 344 SiC4+       1  0  0  4  0  0  1  0  0  0  0  0  0  0  0.45611265D-15
 345 SiCH3+      1  3  0  1  0  0  1  0  0  0  0  0  0  0  0.17829818D-15
 346 SiH4+       1  4  0  0  0  0  1  0  0  0  0  0  0  0  0.23451809D-26
 347 CH2CN+      1  2  0  2  1  0  0  0  0  0  0  0  0  0  0.41521327D-12
 348 H2CCO+      1  2  0  2  0  1  0  0  0  0  0  0  0  0  0.44742819D-12
 349 HC3N+       1  1  0  3  1  0  0  0  0  0  0  0  0  0  0.21288500D-14
 350 C4N+        1  0  0  4  1  0  0  0  0  0  0  0  0  0  0.29141746D-17
 351 C4P+        1  0  0  4  0  0  0  0  0  0  0  0  1  0  0.19640939D-21
 352 C4S+        1  0  0  4  0  0  0  1  0  0  0  0  0  0  0.36897919D-14
 353 HCOOH+      1  2  0  1  0  2  0  0  0  0  0  0  0  0  0.27041199D-16
 354 CH4+        1  4  0  1  0  0  0  0  0  0  0  0  0  0  0.30457964D-15
 355 H3SiO+      1  3  0  0  0  1  1  0  0  0  0  0  0  0  0.35502915D-20
 356 PC2H2+      1  2  0  2  0  0  0  0  0  0  0  0  1  0  0.20081667D-17
 357 C6+         1  0  0  6  0  0  0  0  0  0  0  0  0  0  0.34952777D-17
 358 HC4N+       1  1  0  4  1  0  0  0  0  0  0  0  0  0  0.11985416D-20
 359 C5H-       -1  1  0  5  0  0  0  0  0  0  0  0  0  0  0.11686869D-13
 360 C6-        -1  0  0  6  0  0  0  0  0  0  0  0  0  0  0.93295845D-14
 361 CH3CO+      1  3  0  2  0  1  0  0  0  0  0  0  0  0  0.77510312D-12
 362 C2H4+       1  4  0  2  0  0  0  0  0  0  0  0  0  0  0.53810958D-11
 363 HC3NH+      1  2  0  3  1  0  0  0  0  0  0  0  0  0  0.16080250D-12
 364 HC4S+       1  1  0  4  0  0  0  1  0  0  0  0  0  0  0.49071139D-15
 365 CH5+        1  5  0  1  0  0  0  0  0  0  0  0  0  0  0.54089463D-11
 366 C4H2+       1  2  0  4  0  0  0  0  0  0  0  0  0  0  0.30309570D-12
 367 C5H+        1  1  0  5  0  0  0  0  0  0  0  0  0  0  0.12100985D-13
 368 CH3CN+      1  3  0  2  1  0  0  0  0  0  0  0  0  0  0.35345768D-12
 369 c-C3H3+     1  3  0  3  0  0  0  0  0  0  0  0  0  0  0.45466350D-12
 370 l-C3H3+     1  3  0  3  0  0  0  0  0  0  0  0  0  0  0.45436610D-12
 371 C5N+        1  0  0  5  1  0  0  0  0  0  0  0  0  0  0.15728244D-18
 372 CH3O2+      1  3  0  1  0  2  0  0  0  0  0  0  0  0  0.34497278D-15
 373 CH2NH2+     1  4  0  1  1  0  0  0  0  0  0  0  0  0  0.27445653D-15
 374 CH3OH+      1  4  0  1  0  1  0  0  0  0  0  0  0  0  0.79439112D-20
 375 H2C3O+      1  2  0  3  0  1  0  0  0  0  0  0  0  0  0.42007418D-15
 376 HC2NCH+     1  2  0  3  1  0  0  0  0  0  0  0  0  0  0.14251693D-12
 377 HC4O+       1  1  0  4  0  1  0  0  0  0  0  0  0  0  0.55612847D-13
 378 NH2CNH+     1  3  0  1  2  0  0  0  0  0  0  0  0  0  0.00000000D+00
 379 PC2H3+      1  3  0  2  0  0  0  0  0  0  0  0  1  0  0.19508081D-22
 380 PC4H+       1  1  0  4  0  0  0  0  0  0  0  0  1  0  0.80711272D-18
 381 PCH4+       1  4  0  1  0  0  0  0  0  0  0  0  1  0  0.60776541D-20
 382 SiC2H3+     1  3  0  2  0  0  1  0  0  0  0  0  0  0  0.72484952D-15
 383 SiC3H2+     1  2  0  3  0  0  1  0  0  0  0  0  0  0  0.57225941D-16
 384 SiC4H+      1  1  0  4  0  0  1  0  0  0  0  0  0  0  0.11041240D-16
 385 SiCH4+      1  4  0  1  0  0  1  0  0  0  0  0  0  0  0.16567279D-15
 386 SiH5+       1  5  0  0  0  0  1  0  0  0  0  0  0  0  0.16538770D-19
 387 C7+         1  0  0  7  0  0  0  0  0  0  0  0  0  0  0.50887728D-19
 388 H2C4N+      1  2  0  4  1  0  0  0  0  0  0  0  0  0  0.17856920D-20
 389 C6H-       -1  1  0  6  0  0  0  0  0  0  0  0  0  0  0.10262976D-14
 390 C7-        -1  0  0  7  0  0  0  0  0  0  0  0  0  0  0.14305578D-14
 391 C4H3+       1  3  0  4  0  0  0  0  0  0  0  0  0  0  0.24793660D-14
 392 C5H2+       1  2  0  5  0  0  0  0  0  0  0  0  0  0  0.44724999D-16
 393 CH3CNH+     1  4  0  2  1  0  0  0  0  0  0  0  0  0  0.20377516D-11
 394 C2H4O+      1  4  0  2  0  1  0  0  0  0  0  0  0  0  0.19051190D-15
 395 C2H5+       1  5  0  2  0  0  0  0  0  0  0  0  0  0  0.14015463D-13
 396 C3H3N+      1  3  0  3  1  0  0  0  0  0  0  0  0  0  0.12046145D-15
 397 C3H4+       1  4  0  3  0  0  0  0  0  0  0  0  0  0  0.17130647D-15
 398 HC5N+       1  1  0  5  1  0  0  0  0  0  0  0  0  0  0.46870507D-16
 399 C6H+        1  1  0  6  0  0  0  0  0  0  0  0  0  0  0.11473035D-15
 400 CH3NH2+     1  5  0  1  1  0  0  0  0  0  0  0  0  0  0.72484039D-16
 401 CH3OH2+     1  5  0  1  0  1  0  0  0  0  0  0  0  0  0.47610329D-17
 402 H3C3O+      1  3  0  3  0  1  0  0  0  0  0  0  0  0  0.40176988D-14
 403 NH2CH2O+    1  4  0  1  1  1  0  0  0  0  0  0  0  0  0.18193856D-19
 404 PC2H4+      1  4  0  2  0  0  0  0  0  0  0  0  1  0  0.49846177D-21
 405 PC4H2+      1  2  0  4  0  0  0  0  0  0  0  0  1  0  0.20749853D-21
 406 HC5O+       1  1  0  5  0  1  0  0  0  0  0  0  0  0  0.11726581D-17
 407 C6N+        1  0  0  6  1  0  0  0  0  0  0  0  0  0  0.12306087D-19
 408 H2C5N+      1  2  0  5  1  0  0  0  0  0  0  0  0  0  0.28398922D-15
 409 C8+         1  0  0  8  0  0  0  0  0  0  0  0  0  0  0.15910180D-18
 410 C7H-       -1  1  0  7  0  0  0  0  0  0  0  0  0  0  0.45275190D-15
 411 C8-        -1  0  0  8  0  0  0  0  0  0  0  0  0  0  0.13777938D-15
 412 C5H3+       1  3  0  5  0  0  0  0  0  0  0  0  0  0  0.78039434D-17
 413 C3H5+       1  5  0  3  0  0  0  0  0  0  0  0  0  0  0.55353077D-15
 414 C6H2+       1  2  0  6  0  0  0  0  0  0  0  0  0  0  0.36868194D-15
 415 C7H+        1  1  0  7  0  0  0  0  0  0  0  0  0  0  0.33753448D-16
 416 CH3CHOH+    1  5  0  2  0  1  0  0  0  0  0  0  0  0  0.10926946D-17
 417 C2H6+       1  6  0  2  0  0  0  0  0  0  0  0  0  0  0.32074068D-24
 418 C3H3NH+     1  4  0  3  1  0  0  0  0  0  0  0  0  0  0.14299000D-18
 419 C4H4+       1  4  0  4  0  0  0  0  0  0  0  0  0  0  0.41026900D-19
 420 C7N+        1  0  0  7  1  0  0  0  0  0  0  0  0  0  0.44395256D-21
 421 CH3NH3+     1  6  0  1  1  0  0  0  0  0  0  0  0  0  0.69812381D-15
 422 COOCH4+     1  4  0  2  0  2  0  0  0  0  0  0  0  0  0.10905410D-21
 423 H3C4N+      1  3  0  4  1  0  0  0  0  0  0  0  0  0  0.17855568D-20
 424 HC6N+       1  1  0  6  1  0  0  0  0  0  0  0  0  0  0.94684704D-23
 425 C9+         1  0  0  9  0  0  0  0  0  0  0  0  0  0  0.41949152D-20
 426 C8H-       -1  1  0  8  0  0  0  0  0  0  0  0  0  0  0.67462061D-16
 427 C9-        -1  0  0  9  0  0  0  0  0  0  0  0  0  0  0.24035171D-16
 428 C4H5+       1  5  0  4  0  0  0  0  0  0  0  0  0  0  0.15044378D-16
 429 C6H3+       1  3  0  6  0  0  0  0  0  0  0  0  0  0  0.81558010D-18
 430 C7H2+       1  2  0  7  0  0  0  0  0  0  0  0  0  0  0.34240597D-18
 431 C2H5OH+     1  6  0  2  0  1  0  0  0  0  0  0  0  0  0.65447737D-21
 432 H3C4NH+     1  4  0  4  1  0  0  0  0  0  0  0  0  0  0.24543881D-16
 433 C5H3N+      1  3  0  5  1  0  0  0  0  0  0  0  0  0  0.30933960D-17
 434 C5H4+       1  4  0  5  0  0  0  0  0  0  0  0  0  0  0.10151314D-16
 435 HC7N+       1  1  0  7  1  0  0  0  0  0  0  0  0  0  0.13553156D-18
 436 C8H+        1  1  0  8  0  0  0  0  0  0  0  0  0  0  0.76816248D-21
 437 CH3OCH3+    1  6  0  2  0  1  0  0  0  0  0  0  0  0  0.23391981D-25
 438 H5C2O2+     1  5  0  2  0  2  0  0  0  0  0  0  0  0  0.74866150D-21
 439 HC7O+       1  1  0  7  0  1  0  0  0  0  0  0  0  0  0.98061839D-20
 440 C8N+        1  0  0  8  1  0  0  0  0  0  0  0  0  0  0.15394319D-21
 441 H2C6N+      1  2  0  6  1  0  0  0  0  0  0  0  0  0  0.18631840D-18
 442 C2H7+       1  7  0  2  0  0  0  0  0  0  0  0  0  0  0.00000000D+00
 443 C10+        1  0  0 10  0  0  0  0  0  0  0  0  0  0  0.56379177D-21
 444 CH3OCH4+    1  7  0  2  0  1  0  0  0  0  0  0  0  0  0.30437459D-24
 445 C9H-       -1  1  0  9  0  0  0  0  0  0  0  0  0  0  0.20739719D-16
 446 C10-       -1  0  0 10  0  0  0  0  0  0  0  0  0  0  0.25452338D-17
 447 C7H2N+      1  2  0  7  1  0  0  0  0  0  0  0  0  0  0.69301022D-17
 448 C7H3+       1  3  0  7  0  0  0  0  0  0  0  0  0  0  0.45224205D-18
 449 C5H5+       1  5  0  5  0  0  0  0  0  0  0  0  0  0  0.45936679D-16
 450 C8H2+       1  2  0  8  0  0  0  0  0  0  0  0  0  0  0.17257027D-17
 451 C9H+        1  1  0  9  0  0  0  0  0  0  0  0  0  0  0.52540874D-18
 452 C2H5OH2+    1  7  0  2  0  1  0  0  0  0  0  0  0  0  0.25649393D-19
 453 C2H6CO+     1  6  0  3  0  1  0  0  0  0  0  0  0  0  0.55405991D-23
 454 C5H4N+      1  4  0  5  1  0  0  0  0  0  0  0  0  0  0.10051223D-17
 455 C6H4+       1  4  0  6  0  0  0  0  0  0  0  0  0  0  0.80020923D-18
 456 C9N+        1  0  0  9  1  0  0  0  0  0  0  0  0  0  0.70192432D-23
 457 HC8N+       1  1  0  8  1  0  0  0  0  0  0  0  0  0  0.20176201D-24
 458 C10H+       1  1  0 10  0  0  0  0  0  0  0  0  0  0  0.51024673D-19
 459 C10H-      -1  1  0 10  0  0  0  0  0  0  0  0  0  0  0.21205280D-17
 460 C8H3+       1  3  0  8  0  0  0  0  0  0  0  0  0  0  0.28791991D-20
 461 C9H2+       1  2  0  9  0  0  0  0  0  0  0  0  0  0  0.56576538D-20
 462 C3H6OH+     1  7  0  3  0  1  0  0  0  0  0  0  0  0  0.23536046D-22
 463 C4H7+       1  7  0  4  0  0  0  0  0  0  0  0  0  0  0.14143458D-19
 464 H3C6NH+     1  4  0  6  1  0  0  0  0  0  0  0  0  0  0.77815732D-19
 465 C6H5+       1  5  0  6  0  0  0  0  0  0  0  0  0  0  0.65601714D-22
 466 H3C7N+      1  3  0  7  1  0  0  0  0  0  0  0  0  0  0.43180826D-19
 467 C7H4+       1  4  0  7  0  0  0  0  0  0  0  0  0  0  0.19897146D-19
 468 C9HN+       1  1  0  9  1  0  0  0  0  0  0  0  0  0  0.23390253D-20
 469 C11+        1  0  0 11  0  0  0  0  0  0  0  0  0  0  0.83882021D-20
 470 HC9O+       1  1  0  9  0  1  0  0  0  0  0  0  0  0  0.46748397D-21
 471 C10N+       1  0  0 10  1  0  0  0  0  0  0  0  0  0  0.56056391D-23
 472 H2C8N+      1  2  0  8  1  0  0  0  0  0  0  0  0  0  0.39702268D-20
 473 C9H2N+      1  2  0  9  1  0  0  0  0  0  0  0  0  0  0.29811659D-19
 474 C9H3+       1  3  0  9  0  0  0  0  0  0  0  0  0  0  0.91310342D-21
 475 C10H2+      1  2  0 10  0  0  0  0  0  0  0  0  0  0  0.24960779D-21
 476 C7H5+       1  5  0  7  0  0  0  0  0  0  0  0  0  0  0.88058857D-19
 477 C8H4+       1  4  0  8  0  0  0  0  0  0  0  0  0  0  0.23186760D-20
 478 HC10N+      1  1  0 10  1  0  0  0  0  0  0  0  0  0  0.66123721D-26
 479 C6H7+       1  7  0  6  0  0  0  0  0  0  0  0  0  0  0.17233401D-19
 480 C9H4+       1  4  0  9  0  0  0  0  0  0  0  0  0  0  0.33091224D-21
 481 C8H4N+      1  4  0  8  1  0  0  0  0  0  0  0  0  0  0.86523451D-21
 482 C8H5+       1  5  0  8  0  0  0  0  0  0  0  0  0  0  0.45702790D-24
 483 C9H3N+      1  3  0  9  1  0  0  0  0  0  0  0  0  0  0.20873679D-21
 484 C10H3+      1  3  0 10  0  0  0  0  0  0  0  0  0  0  0.67802710D-23
 485 H2C10N+     1  2  0 10  1  0  0  0  0  0  0  0  0  0  0.19517513D-21
 486 C9H5+       1  5  0  9  0  0  0  0  0  0  0  0  0  0  0.14385209D-26
 487 GRAIN0      0  0  0  0  0  0  0  0  0  0  0  0  0  0  0.62058601D-14
 488 GRAIN-     -1  0  0  0  0  0  0  0  0  0  0  0  0  0  0.13152941D-11
 489 XH          0  1  0  0  0  0  0  0  0  0  0  0  0  0  0.16606633D-15
