0.11D+08                                              +-  H  He C  O  S  G    
 JSPACE =            1
   1 H           0  1  0  0  0  0  0  0  0  0  0  0  0  0  0.22802267D-04
   2 C           0  0  0  1  0  0  0  0  0  0  0  0  0  0  0.19850412D-04
   3 Fe          0  0  0  0  0  0  0  0  1  0  0  0  0  0  0.17183441D-09
   4 Mg          0  0  0  0  0  0  0  0  0  0  1  0  0  0  0.89827716D-09
   5 S           0  0  0  0  0  0  0  1  0  0  0  0  0  0  0.14882679D-07
   6 Si          0  0  0  0  0  0  1  0  0  0  0  0  0  0  0.15981093D-08
   7 O           0  0  0  0  0  1  0  0  0  0  0  0  0  0  0.90642878D-04
   8 N           0  0  0  0  1  0  0  0  0  0  0  0  0  0  0.42593618D-04
   9 He          0  0  1  0  0  0  0  0  0  0  0  0  0  0  0.90000000D-01
  10 Cl          0  0  0  0  0  0  0  0  0  0  0  1  0  0  0.92219620D-09
  11 Na          0  0  0  0  0  0  0  0  0  1  0  0  0  0  0.26978368D-09
  12 P           0  0  0  0  0  0  0  0  0  0  0  0  1  0  0.23890533D-10
  13 F           0  0  0  0  0  0  0  0  0  0  0  0  0  1  0.47418788D-11
  14 OH          0  1  0  0  0  1  0  0  0  0  0  0  0  0  0.20409212D-08
  15 CO          0  0  0  1  0  1  0  0  0  0  0  0  0  0  0.14933854D-03
  16 CS          0  0  0  1  0  0  0  1  0  0  0  0  0  0  0.38012631D-08
  17 HS          0  1  0  0  0  0  0  1  0  0  0  0  0  0  0.10568535D-10
  18 N2          0  0  0  0  2  0  0  0  0  0  0  0  0  0  0.96843615D-05
  19 NH          0  1  0  0  1  0  0  0  0  0  0  0  0  0  0.32769435D-10
  20 SiH         0  1  0  0  0  0  1  0  0  0  0  0  0  0  0.41955171D-10
  21 SiO         0  0  0  0  0  1  1  0  0  0  0  0  0  0  0.22624606D-09
  22 SO          0  0  0  0  0  1  0  1  0  0  0  0  0  0  0.28753151D-10
  23 CH          0  1  0  1  0  0  0  0  0  0  0  0  0  0  0.18203628D-08
  24 O2          0  0  0  0  0  2  0  0  0  0  0  0  0  0  0.40622382D-08
  25 H2          0  2  0  0  0  0  0  0  0  0  0  0  0  0  0.49998854D+00
  26 C2          0  0  0  2  0  0  0  0  0  0  0  0  0  0  0.75598756D-09
  27 CN          0  0  0  1  1  0  0  0  0  0  0  0  0  0  0.15498033D-07
  28 MgH         0  1  0  0  0  0  0  0  0  0  1  0  0  0  0.17631881D-15
  29 NaH         0  1  0  0  0  0  0  0  0  1  0  0  0  0  0.48254309D-14
  30 NO          0  0  0  0  1  1  0  0  0  0  0  0  0  0  0.77689346D-09
  31 NS          0  0  0  0  1  0  0  1  0  0  0  0  0  0  0.26579341D-11
  32 PH          0  1  0  0  0  0  0  0  0  0  0  0  1  0  0.63720149D-13
  33 PN          0  0  0  0  1  0  0  0  0  0  0  0  1  0  0.63191381D-10
  34 PO          0  0  0  0  0  1  0  0  0  0  0  0  1  0  0.24137828D-12
  35 S2          0  0  0  0  0  0  0  2  0  0  0  0  0  0  0.24267726D-14
  36 SiC         0  0  0  1  0  0  1  0  0  0  0  0  0  0  0.20235364D-10
  37 SiN         0  0  0  0  1  0  1  0  0  0  0  0  0  0  0.30185526D-10
  38 SiS         0  0  0  0  0  0  1  1  0  0  0  0  0  0  0.55310040D-12
  39 CCl         0  0  0  1  0  0  0  0  0  0  0  1  0  0  0.22557237D-14
  40 ClO         0  0  0  0  0  1  0  0  0  0  0  1  0  0  0.96921660D-49
  41 CP          0  0  0  1  0  0  0  0  0  0  0  0  1  0  0.19372228D-12
  42 HCl         0  1  0  0  0  0  0  0  0  0  0  1  0  0  0.77334673D-10
  43 HF          0  1  0  0  0  0  0  0  0  0  0  0  0  1  0.65895423D-08
  44 CCH         0  1  0  2  0  0  0  0  0  0  0  0  0  0  0.45068846D-08
  45 C3          0  0  0  3  0  0  0  0  0  0  0  0  0  0  0.10367560D-07
  46 CH2         0  2  0  1  0  0  0  0  0  0  0  0  0  0  0.90572184D-08
  47 SO2         0  0  0  0  0  2  0  1  0  0  0  0  0  0  0.16937241D-14
  48 H2O         0  2  0  0  0  1  0  0  0  0  0  0  0  0  0.49913315D-08
  49 HCN         0  1  0  1  1  0  0  0  0  0  0  0  0  0  0.14519685D-07
  50 HCSi        0  1  0  1  0  0  1  0  0  0  0  0  0  0  0.18592616D-10
  51 CCN         0  0  0  2  1  0  0  0  0  0  0  0  0  0  0.17602702D-08
  52 CCS         0  0  0  2  0  0  0  1  0  0  0  0  0  0  0.19261171D-09
  53 CCO         0  0  0  2  0  1  0  0  0  0  0  0  0  0  0.58570212D-11
  54 CCP         0  0  0  2  0  0  0  0  0  0  0  0  1  0  0.99358469D-13
  55 CO2         0  0  0  1  0  2  0  0  0  0  0  0  0  0  0.64740180D-09
  56 H2S         0  2  0  0  0  0  0  1  0  0  0  0  0  0  0.11859914D-12
  57 HCO         0  1  0  1  0  1  0  0  0  0  0  0  0  0  0.95832561D-10
  58 HCP         0  1  0  1  0  0  0  0  0  0  0  0  1  0  0.17342480D-12
  59 HCS         0  1  0  1  0  0  0  1  0  0  0  0  0  0  0.81067231D-12
  60 HNC         0  1  0  1  1  0  0  0  0  0  0  0  0  0  0.18818288D-08
  61 HNO         0  1  0  0  1  1  0  0  0  0  0  0  0  0  0.23106399D-10
  62 HNSi        0  1  0  0  1  0  1  0  0  0  0  0  0  0  0.80726871D-11
  63 HPO         0  1  0  0  0  1  0  0  0  0  0  0  1  0  0.38200955D-16
  64 HSS         0  1  0  0  0  0  0  2  0  0  0  0  0  0  0.77647617D-16
  65 N2O         0  0  0  0  2  1  0  0  0  0  0  0  0  0  0.41136995D-15
  66 NaOH        0  1  0  0  0  1  0  0  0  1  0  0  0  0  0.15577604D-17
  67 NH2         0  2  0  0  1  0  0  0  0  0  0  0  0  0  0.20401483D-10
  68 NO2         0  0  0  0  1  2  0  0  0  0  0  0  0  0  0.35851354D-47
  69 O2H         0  1  0  0  0  2  0  0  0  0  0  0  0  0  0.35639566D-15
  70 OCN         0  0  0  1  1  1  0  0  0  0  0  0  0  0  0.35726739D-10
  71 OCS         0  0  0  1  0  1  0  1  0  0  0  0  0  0  0.95532054D-12
  72 PH2         0  2  0  0  0  0  0  0  0  0  0  0  1  0  0.38932888D-18
  73 c-SiC2      0  0  0  2  0  0  1  0  0  0  0  0  0  0  0.25109773D-10
  74 SiH2        0  2  0  0  0  0  1  0  0  0  0  0  0  0  0.19414545D-15
  75 SiNC        0  0  0  1  1  0  1  0  0  0  0  0  0  0  0.44184796D-13
  76 SiO2        0  0  0  0  0  2  1  0  0  0  0  0  0  0  0.10125166D-14
  77 C4          0  0  0  4  0  0  0  0  0  0  0  0  0  0  0.32025949D-09
  78 c-C3H       0  1  0  3  0  0  0  0  0  0  0  0  0  0  0.86612308D-09
  79 l-C3H       0  1  0  3  0  0  0  0  0  0  0  0  0  0  0.77924159D-09
  80 CH3         0  3  0  1  0  0  0  0  0  0  0  0  0  0  0.54328867D-11
  81 C2H2        0  2  0  2  0  0  0  0  0  0  0  0  0  0  0.51387532D-08
  82 NH3         0  3  0  0  1  0  0  0  0  0  0  0  0  0  0.47807392D-10
  83 SiCH2       0  2  0  1  0  0  1  0  0  0  0  0  0  0  0.30084339D-15
  84 C3N         0  0  0  3  1  0  0  0  0  0  0  0  0  0  0.78472468D-09
  85 C3O         0  0  0  3  0  1  0  0  0  0  0  0  0  0  0.24313768D-09
  86 C3P         0  0  0  3  0  0  0  0  0  0  0  0  1  0  0.12508967D-15
  87 C3S         0  0  0  3  0  0  0  1  0  0  0  0  0  0  0.35072170D-09
  88 H2CO        0  2  0  1  0  1  0  0  0  0  0  0  0  0  0.24269037D-10
  89 H2CS        0  2  0  1  0  0  0  1  0  0  0  0  0  0  0.61584552D-13
  90 HOOH        0  2  0  0  0  2  0  0  0  0  0  0  0  0  0.13166782D-19
  91 HSSH        0  2  0  0  0  0  0  2  0  0  0  0  0  0  0.62231684D-16
  92 H2SiO       0  2  0  0  0  1  1  0  0  0  0  0  0  0  0.16930004D-20
  93 HCCP        0  1  0  2  0  0  0  0  0  0  0  0  1  0  0.21875244D-14
  94 HCCSi       0  1  0  2  0  0  1  0  0  0  0  0  0  0  0.91912453D-12
  95 l-SiC3      0  0  0  3  0  0  1  0  0  0  0  0  0  0  0.13634963D-10
  96 SiH3        0  3  0  0  0  0  1  0  0  0  0  0  0  0  0.60795454D-21
  97 H2CN        0  2  0  1  1  0  0  0  0  0  0  0  0  0  0.24442643D-11
  98 C5          0  0  0  5  0  0  0  0  0  0  0  0  0  0  0.21098644D-09
  99 c-C3H2      0  2  0  3  0  0  0  0  0  0  0  0  0  0  0.65546795D-08
 100 l-C3H2      0  2  0  3  0  0  0  0  0  0  0  0  0  0  0.37409824D-08
 101 C4H         0  1  0  4  0  0  0  0  0  0  0  0  0  0  0.11938016D-08
 102 CH4         0  4  0  1  0  0  0  0  0  0  0  0  0  0  0.40358194D-10
 103 HC3N        0  1  0  3  1  0  0  0  0  0  0  0  0  0  0.53120108D-09
 104 H2CCN       0  2  0  2  1  0  0  0  0  0  0  0  0  0  0.44365474D-11
 105 H2CCO       0  2  0  2  0  1  0  0  0  0  0  0  0  0  0.66866821D-10
 106 C2H3        0  3  0  2  0  0  0  0  0  0  0  0  0  0  0.17510329D-10
 107 C4N         0  0  0  4  1  0  0  0  0  0  0  0  0  0  0.44870700D-09
 108 C4P         0  0  0  4  0  0  0  0  0  0  0  0  1  0  0.35397963D-15
 109 C4S         0  0  0  4  0  0  0  1  0  0  0  0  0  0  0.14262169D-10
 110 HCOOH       0  2  0  1  0  2  0  0  0  0  0  0  0  0  0.87059396D-14
 111 CH2PH       0  3  0  1  0  0  0  0  0  0  0  0  1  0  0.45197563D-22
 112 CH2NH       0  3  0  1  1  0  0  0  0  0  0  0  0  0  0.24893829D-14
 113 c-HCCHSi    0  2  0  2  0  0  1  0  0  0  0  0  0  0  0.21156098D-13
 114 SiC3H       0  1  0  3  0  0  1  0  0  0  0  0  0  0  0.95423856D-13
 115 SiC4        0  0  0  4  0  0  1  0  0  0  0  0  0  0  0.65989311D-14
 116 SiCH3       0  3  0  1  0  0  1  0  0  0  0  0  0  0  0.11921607D-16
 117 SiH4        0  4  0  0  0  0  1  0  0  0  0  0  0  0  0.78308569D-20
 118 HCNCC       0  1  0  3  1  0  0  0  0  0  0  0  0  0  0.26360176D-12
 119 HCCNC       0  1  0  3  1  0  0  0  0  0  0  0  0  0  0.81429991D-12
 120 HNCCC       0  1  0  3  1  0  0  0  0  0  0  0  0  0  0.75235343D-12
 121 NH2CN       0  2  0  1  2  0  0  0  0  0  0  0  0  0  0.00000000D+00
 122 C6          0  0  0  6  0  0  0  0  0  0  0  0  0  0  0.45495154D-10
 123 CH3CN       0  3  0  2  1  0  0  0  0  0  0  0  0  0  0.20964612D-11
 124 CH2CCH      0  3  0  3  0  0  0  0  0  0  0  0  0  0  0.38713244D-10
 125 C2H4        0  4  0  2  0  0  0  0  0  0  0  0  0  0  0.15884706D-14
 126 NC4N        0  0  0  4  2  0  0  0  0  0  0  0  0  0  0.13302986D-09
 127 H2CSiCH     0  3  0  2  0  0  1  0  0  0  0  0  0  0  0.17646461D-16
 128 SiC4H       0  1  0  4  0  0  1  0  0  0  0  0  0  0  0.89411478D-10
 129 HC4N        0  1  0  4  1  0  0  0  0  0  0  0  0  0  0.58284090D-12
 130 C4H2        0  2  0  4  0  0  0  0  0  0  0  0  0  0  0.71832875D-08
 131 C5H         0  1  0  5  0  0  0  0  0  0  0  0  0  0  0.77569790D-09
 132 C5N         0  0  0  5  1  0  0  0  0  0  0  0  0  0  0.23011869D-09
 133 CH3OH       0  4  0  1  0  1  0  0  0  0  0  0  0  0  0.10790771D-16
 134 NH2CHO      0  3  0  1  1  1  0  0  0  0  0  0  0  0  0.12342921D-16
 135 C5O         0  0  0  5  0  1  0  0  0  0  0  0  0  0  0.11803564D-09
 136 C7          0  0  0  7  0  0  0  0  0  0  0  0  0  0  0.14163570D-10
 137 HC5N        0  1  0  5  1  0  0  0  0  0  0  0  0  0  0.10338928D-09
 138 SiC2CH3     0  3  0  3  0  0  1  0  0  0  0  0  0  0  0.26577247D-16
 139 CH3CHO      0  4  0  2  0  1  0  0  0  0  0  0  0  0  0.79585740D-17
 140 C2H5        0  5  0  2  0  0  0  0  0  0  0  0  0  0  0.33028144D-23
 141 CH2CHCN     0  3  0  3  1  0  0  0  0  0  0  0  0  0  0.21635489D-17
 142 CH3CCH      0  4  0  3  0  0  0  0  0  0  0  0  0  0  0.21352069D-14
 143 C5H2        0  2  0  5  0  0  0  0  0  0  0  0  0  0  0.19150135D-08
 144 C6H         0  1  0  6  0  0  0  0  0  0  0  0  0  0  0.26471386D-09
 145 CH3NH2      0  5  0  1  1  0  0  0  0  0  0  0  0  0  0.15355245D-14
 146 C4H3        0  3  0  4  0  0  0  0  0  0  0  0  0  0  0.15422453D-14
 147 C6N         0  0  0  6  1  0  0  0  0  0  0  0  0  0  0.12792582D-09
 148 C8          0  0  0  8  0  0  0  0  0  0  0  0  0  0  0.11433091D-10
 149 HC6N        0  1  0  6  1  0  0  0  0  0  0  0  0  0  0.11347103D-12
 150 NC6N        0  0  0  6  2  0  0  0  0  0  0  0  0  0  0.23152250D-10
 151 SiC6H       0  1  0  6  0  0  1  0  0  0  0  0  0  0  0.22875342D-10
 152 CH2CHC2H    0  4  0  4  0  0  0  0  0  0  0  0  0  0  0.83163642D-14
 153 C6H2        0  2  0  6  0  0  0  0  0  0  0  0  0  0  0.18377971D-08
 154 C7H         0  1  0  7  0  0  0  0  0  0  0  0  0  0  0.11442242D-09
 155 C7N         0  0  0  7  1  0  0  0  0  0  0  0  0  0  0.62428926D-10
 156 CH3C3N      0  3  0  4  1  0  0  0  0  0  0  0  0  0  0.76502426D-13
 157 HCOOCH3     0  4  0  2  0  2  0  0  0  0  0  0  0  0  0.27680620D-22
 158 C2H6        0  6  0  2  0  0  0  0  0  0  0  0  0  0  0.11866952D-32
 159 C7O         0  0  0  7  0  1  0  0  0  0  0  0  0  0  0.17411318D-10
 160 C9          0  0  0  9  0  0  0  0  0  0  0  0  0  0  0.51552480D-11
 161 HC7N        0  1  0  7  1  0  0  0  0  0  0  0  0  0  0.43716489D-10
 162 SiC3H5      0  5  0  3  0  0  1  0  0  0  0  0  0  0  0.00000000D+00
 163 CH3CH2OH    0  6  0  2  0  1  0  0  0  0  0  0  0  0  0.23494629D-22
 164 C7H2        0  2  0  7  0  0  0  0  0  0  0  0  0  0  0.39923783D-09
 165 C8H         0  1  0  8  0  0  0  0  0  0  0  0  0  0  0.97527298D-10
 166 CH3C4H      0  4  0  5  0  0  0  0  0  0  0  0  0  0  0.11696181D-14
 167 CH3OCH3     0  6  0  2  0  1  0  0  0  0  0  0  0  0  0.18773945D-23
 168 CH3CHCH2    0  6  0  3  0  0  0  0  0  0  0  0  0  0  0.00000000D+00
 169 C8N         0  0  0  8  1  0  0  0  0  0  0  0  0  0  0.37517569D-10
 170 C10         0  0  0 10  0  0  0  0  0  0  0  0  0  0  0.67967045D-11
 171 CH3COCH3    0  6  0  3  0  1  0  0  0  0  0  0  0  0  0.11757134D-22
 172 C8H2        0  2  0  8  0  0  0  0  0  0  0  0  0  0  0.71645553D-09
 173 C9H         0  1  0  9  0  0  0  0  0  0  0  0  0  0  0.43891124D-10
 174 C9N         0  0  0  9  1  0  0  0  0  0  0  0  0  0  0.21115703D-10
 175 CH3C5N      0  3  0  6  1  0  0  0  0  0  0  0  0  0  0.19864124D-15
 176 HC8N        0  1  0  8  1  0  0  0  0  0  0  0  0  0  0.47979396D-13
 177 NC8N        0  0  0  8  2  0  0  0  0  0  0  0  0  0  0.97895556D-11
 178 SiC8H       0  1  0  8  0  0  1  0  0  0  0  0  0  0  0.89178316D-11
 179 CH2CHCHCH2  0  6  0  4  0  0  0  0  0  0  0  0  0  0  0.00000000D+00
 180 C9O         0  0  0  9  0  1  0  0  0  0  0  0  0  0  0.66787815D-11
 181 HC9N        0  1  0  9  1  0  0  0  0  0  0  0  0  0  0.12130877D-10
 182 C10H        0  1  0 10  0  0  0  0  0  0  0  0  0  0  0.25653191D-10
 183 C9H2        0  2  0  9  0  0  0  0  0  0  0  0  0  0  0.13081333D-09
 184 CH3C6H      0  4  0  7  0  0  0  0  0  0  0  0  0  0  0.16044869D-15
 185 C11         0  0  0 11  0  0  0  0  0  0  0  0  0  0  0.27576700D-10
 186 C10N        0  0  0 10  1  0  0  0  0  0  0  0  0  0  0.64675865D-11
 187 CH3C7N      0  3  0  8  1  0  0  0  0  0  0  0  0  0  0.81606741D-16
 188 C10H2       0  2  0 10  0  0  0  0  0  0  0  0  0  0  0.15906305D-09
 189 C6H6        0  6  0  6  0  0  0  0  0  0  0  0  0  0  0.10834087D-11
 190 Si+         1  0  0  0  0  0  1  0  0  0  0  0  0  0  0.58818319D-08
 191 C+          1  0  0  1  0  0  0  0  0  0  0  0  0  0  0.57393387D-06
 192 C-         -1  0  0  1  0  0  0  0  0  0  0  0  0  0  0.29548866D-13
 193 H-         -1  1  0  0  0  0  0  0  0  0  0  0  0  0  0.30814256D-13
 194 O-         -1  0  0  0  0  1  0  0  0  0  0  0  0  0  0.24213655D-15
 195 S-         -1  0  0  0  0  0  0  1  0  0  0  0  0  0  0.39176085D-16
 196 He+         1  0  1  0  0  0  0  0  0  0  0  0  0  0  0.40298991D-10
 197 H+          1  1  0  0  0  0  0  0  0  0  0  0  0  0  0.33829681D-09
 198 Fe+         1  0  0  0  0  0  0  0  1  0  0  0  0  0  0.28281656D-08
 199 Mg+         1  0  0  0  0  0  0  0  0  0  1  0  0  0  0.61017227D-08
 200 N+          1  0  0  0  1  0  0  0  0  0  0  0  0  0  0.23896596D-14
 201 Na+         1  0  0  0  0  0  0  0  0  1  0  0  0  0  0.17302101D-08
 202 O+          1  0  0  0  0  1  0  0  0  0  0  0  0  0  0.98148337D-14
 203 S+          1  0  0  0  0  0  0  1  0  0  0  0  0  0  0.60683855D-07
 204 Cl+         1  0  0  0  0  0  0  0  0  0  0  1  0  0  0.68254510D-17
 205 F+          1  0  0  0  0  0  0  0  0  0  0  0  0  1  0.28713000D-17
 206 P+          1  0  0  0  0  0  0  0  0  0  0  0  1  0  0.11211117D-09
 207 e-         -1  0  0  0  0  0  0  0  0  0  0  0  0  0  0.65204778D-06
 208 CH+         1  1  0  1  0  0  0  0  0  0  0  0  0  0  0.33003181D-13
 209 H2+         1  2  0  0  0  0  0  0  0  0  0  0  0  0  0.11580796D-12
 210 OH+         1  1  0  0  0  1  0  0  0  0  0  0  0  0  0.45138838D-13
 211 SiH+        1  1  0  0  0  0  1  0  0  0  0  0  0  0  0.54339056D-12
 212 C2+         1  0  0  2  0  0  0  0  0  0  0  0  0  0  0.37346296D-14
 213 CN-        -1  0  0  1  1  0  0  0  0  0  0  0  0  0  0.88075265D-12
 214 OH-        -1  1  0  0  0  1  0  0  0  0  0  0  0  0  0.34837681D-14
 215 CF+         1  0  0  1  0  0  0  0  0  0  0  0  0  1  0.84999575D-10
 216 HS+         1  1  0  0  0  0  0  1  0  0  0  0  0  0  0.20948827D-12
 217 SO+         1  0  0  0  0  1  0  1  0  0  0  0  0  0  0.24815346D-11
 218 CCl+        1  0  0  1  0  0  0  0  0  0  0  1  0  0  0.45629433D-12
 219 ClO+        1  0  0  0  0  1  0  0  0  0  0  1  0  0  0.95146795D-51
 220 CN+         1  0  0  1  1  0  0  0  0  0  0  0  0  0  0.91134411D-16
 221 CO+         1  0  0  1  0  1  0  0  0  0  0  0  0  0  0.73226079D-14
 222 CP+         1  0  0  1  0  0  0  0  0  0  0  0  1  0  0.77641395D-18
 223 CS+         1  0  0  1  0  0  0  1  0  0  0  0  0  0  0.21231892D-14
 224 HCl+        1  1  0  0  0  0  0  0  0  0  0  1  0  0  0.58649343D-17
 225 HF+         1  1  0  0  0  0  0  0  0  0  0  0  0  1  0.22081497D-17
 226 HeH+        1  1  1  0  0  0  0  0  0  0  0  0  0  0  0.77062142D-20
 227 N2+         1  0  0  0  2  0  0  0  0  0  0  0  0  0  0.18370866D-15
 228 NH+         1  1  0  0  1  0  0  0  0  0  0  0  0  0  0.12905328D-14
 229 NO+         1  0  0  0  1  1  0  0  0  0  0  0  0  0  0.14445223D-11
 230 NS+         1  0  0  0  1  0  0  1  0  0  0  0  0  0  0.27517937D-12
 231 O2+         1  0  0  0  0  2  0  0  0  0  0  0  0  0  0.67920212D-13
 232 PH+         1  1  0  0  0  0  0  0  0  0  0  0  1  0  0.47911243D-15
 233 PN+         1  0  0  0  1  0  0  0  0  0  0  0  1  0  0.24011182D-14
 234 PO+         1  0  0  0  0  1  0  0  0  0  0  0  1  0  0.16180992D-13
 235 S2+         1  0  0  0  0  0  0  2  0  0  0  0  0  0  0.60550077D-15
 236 SiC+        1  0  0  1  0  0  1  0  0  0  0  0  0  0  0.19865509D-15
 237 SiN+        1  0  0  0  1  0  1  0  0  0  0  0  0  0  0.25940927D-12
 238 SiO+        1  0  0  0  0  1  1  0  0  0  0  0  0  0  0.55643007D-15
 239 SiS+        1  0  0  0  0  0  1  1  0  0  0  0  0  0  0.33752923D-17
 240 SiF+        1  0  0  0  0  0  1  0  0  0  0  0  0  1  0.69816113D-12
 241 CH2+        1  2  0  1  0  0  0  0  0  0  0  0  0  0  0.19136466D-12
 242 C2N+        1  0  0  2  1  0  0  0  0  0  0  0  0  0  0.13229518D-14
 243 CNC+        1  0  0  2  1  0  0  0  0  0  0  0  0  0  0.16550827D-09
 244 HSiO+       1  1  0  0  0  1  1  0  0  0  0  0  0  0  0.20374580D-11
 245 N2H+        1  1  0  0  2  0  0  0  0  0  0  0  0  0  0.97946118D-11
 246 C2H+        1  1  0  2  0  0  0  0  0  0  0  0  0  0  0.19000163D-13
 247 H3+         1  3  0  0  0  0  0  0  0  0  0  0  0  0  0.22170942D-09
 248 C3-        -1  0  0  3  0  0  0  0  0  0  0  0  0  0  0.67813814D-11
 249 HCO+        1  1  0  1  0  1  0  0  0  0  0  0  0  0  0.34942654D-09
 250 HSO+        1  1  0  0  0  1  0  1  0  0  0  0  0  0  0.39354437D-15
 251 H2S+        1  2  0  0  0  0  0  1  0  0  0  0  0  0  0.11536799D-11
 252 HCS+        1  1  0  1  0  0  0  1  0  0  0  0  0  0  0.15947721D-11
 253 HPO+        1  1  0  0  0  1  0  0  0  0  0  0  1  0  0.36380636D-14
 254 C2O+        1  0  0  2  0  1  0  0  0  0  0  0  0  0  0.67656803D-13
 255 C2S+        1  0  0  2  0  0  0  1  0  0  0  0  0  0  0.34977859D-11
 256 C3+         1  0  0  3  0  0  0  0  0  0  0  0  0  0  0.60863928D-13
 257 CCP+        1  0  0  2  0  0  0  0  0  0  0  0  1  0  0.84724850D-15
 258 CHSi+       1  1  0  1  0  0  1  0  0  0  0  0  0  0  0.46997202D-15
 259 CO2+        1  0  0  1  0  2  0  0  0  0  0  0  0  0  0.75098276D-20
 260 H2Cl+       1  2  0  0  0  0  0  0  0  0  0  1  0  0  0.10601168D-13
 261 H2F+        1  2  0  0  0  0  0  0  0  0  0  0  0  1  0.18417232D-13
 262 H2O+        1  2  0  0  0  1  0  0  0  0  0  0  0  0  0.10513687D-12
 263 HCN+        1  1  0  1  1  0  0  0  0  0  0  0  0  0  0.65798790D-15
 264 HCP+        1  1  0  1  0  0  0  0  0  0  0  0  1  0  0.97497163D-18
 265 HNC+        1  1  0  1  1  0  0  0  0  0  0  0  0  0  0.38308613D-15
 266 HNO+        1  1  0  0  1  1  0  0  0  0  0  0  0  0  0.77630418D-14
 267 HNS+        1  1  0  0  1  0  0  1  0  0  0  0  0  0  0.27740778D-16
 268 HNSi+       1  1  0  0  1  0  1  0  0  0  0  0  0  0  0.45673555D-16
 269 HOC+        1  1  0  1  0  1  0  0  0  0  0  0  0  0  0.31262831D-11
 270 HPN+        1  1  0  0  1  0  0  0  0  0  0  0  1  0  0.10124575D-14
 271 HSiS+       1  1  0  0  0  0  1  1  0  0  0  0  0  0  0.10937440D-13
 272 NaH2+       1  2  0  0  0  0  0  0  0  1  0  0  0  0  0.14442530D-14
 273 NCO+        1  0  0  1  1  1  0  0  0  0  0  0  0  0  0.22109401D-15
 274 NH2+        1  2  0  0  1  0  0  0  0  0  0  0  0  0  0.10725041D-13
 275 NO2+        1  0  0  0  1  2  0  0  0  0  0  0  0  0  0.93956290D-20
 276 HO2+        1  1  0  0  0  2  0  0  0  0  0  0  0  0  0.35980610D-17
 277 OCS+        1  0  0  1  0  1  0  1  0  0  0  0  0  0  0.24831611D-12
 278 PH2+        1  2  0  0  0  0  0  0  0  0  0  0  1  0  0.29728780D-14
 279 HS2+        1  1  0  0  0  0  0  2  0  0  0  0  0  0  0.11878456D-16
 280 SiC2+       1  0  0  2  0  0  1  0  0  0  0  0  0  0  0.12408144D-15
 281 SiH2+       1  2  0  0  0  0  1  0  0  0  0  0  0  0  0.53490064D-11
 282 SiNC+       1  0  0  1  1  0  1  0  0  0  0  0  0  0  0.17815651D-11
 283 SO2+        1  0  0  0  0  2  0  1  0  0  0  0  0  0  0.33483712D-22
 284 HCNH+       1  2  0  1  1  0  0  0  0  0  0  0  0  0  0.71857673D-11
 285 HC2N+       1  1  0  2  1  0  0  0  0  0  0  0  0  0  0.19042747D-15
 286 C3H+        1  1  0  3  0  0  0  0  0  0  0  0  0  0  0.29341341D-11
 287 C4+         1  0  0  4  0  0  0  0  0  0  0  0  0  0  0.35650365D-12
 288 H2CO+       1  2  0  1  0  1  0  0  0  0  0  0  0  0  0.49975940D-13
 289 CH3+        1  3  0  1  0  0  0  0  0  0  0  0  0  0  0.13867072D-09
 290 C3N-       -1  0  0  3  1  0  0  0  0  0  0  0  0  0  0.23197928D-11
 291 C4-        -1  0  0  4  0  0  0  0  0  0  0  0  0  0  0.39449099D-10
 292 H3O+        1  3  0  0  0  1  0  0  0  0  0  0  0  0  0.92079490D-10
 293 H2NO+       1  2  0  0  1  1  0  0  0  0  0  0  0  0  0.76198918D-14
 294 H3S+        1  3  0  0  0  0  0  1  0  0  0  0  0  0  0.38942564D-15
 295 HC2S+       1  1  0  2  0  0  0  1  0  0  0  0  0  0  0.12481835D-11
 296 HOCS+       1  1  0  1  0  1  0  1  0  0  0  0  0  0  0.41565765D-16
 297 PCH2+       1  2  0  1  0  0  0  0  0  0  0  0  1  0  0.20670197D-14
 298 H2S2+       1  2  0  0  0  0  0  2  0  0  0  0  0  0  0.15893342D-20
 299 C2H2+       1  2  0  2  0  0  0  0  0  0  0  0  0  0  0.20344563D-10
 300 C2HO+       1  1  0  2  0  1  0  0  0  0  0  0  0  0  0.46188746D-12
 301 C2N2+       1  0  0  2  2  0  0  0  0  0  0  0  0  0  0.27640609D-20
 302 C3N+        1  0  0  3  1  0  0  0  0  0  0  0  0  0  0.21859875D-17
 303 C3O+        1  0  0  3  0  1  0  0  0  0  0  0  0  0  0.95585287D-12
 304 C3S+        1  0  0  3  0  0  0  1  0  0  0  0  0  0  0.48453350D-11
 305 CH2Si+      1  2  0  1  0  0  1  0  0  0  0  0  0  0  0.61135185D-12
 306 H2CCl+      1  2  0  1  0  0  0  0  0  0  0  1  0  0  0.10224175D-15
 307 H2CS+       1  2  0  1  0  0  0  1  0  0  0  0  0  0  0.15040249D-16
 308 H2NC+       1  2  0  1  1  0  0  0  0  0  0  0  0  0  0.22903635D-11
 309 H2PO+       1  2  0  0  0  1  0  0  0  0  0  0  1  0  0.10761638D-19
 310 H2SiO+      1  2  0  0  0  1  1  0  0  0  0  0  0  0  0.30404299D-17
 311 HOCO+       1  1  0  1  0  2  0  0  0  0  0  0  0  0  0.10474729D-14
 312 HNCO+       1  1  0  1  1  1  0  0  0  0  0  0  0  0  0.13585635D-20
 313 HSiO2+      1  1  0  0  0  2  1  0  0  0  0  0  0  0  0.21004430D-20
 314 HSO2+       1  1  0  0  0  2  0  1  0  0  0  0  0  0  0.77147243D-20
 315 NaH2O+      1  2  0  0  0  1  0  0  0  1  0  0  0  0  0.10267045D-18
 316 NH3+        1  3  0  0  1  0  0  0  0  0  0  0  0  0  0.19564174D-11
 317 PC2H+       1  1  0  2  0  0  0  0  0  0  0  0  1  0  0.29849222D-14
 318 PH3+        1  3  0  0  0  0  0  0  0  0  0  0  1  0  0.42335717D-19
 319 PNH2+       1  2  0  0  1  0  0  0  0  0  0  0  1  0  0.31387721D-16
 320 SiC2H+      1  1  0  2  0  0  1  0  0  0  0  0  0  0  0.41784853D-12
 321 l-SiC3+     1  0  0  3  0  0  1  0  0  0  0  0  0  0  0.44630828D-12
 322 SiH3+       1  3  0  0  0  0  1  0  0  0  0  0  0  0  0.40180348D-16
 323 SiNCH+      1  1  0  1  1  0  1  0  0  0  0  0  0  0  0.75238449D-15
 324 HSiNH+      1  2  0  0  1  0  1  0  0  0  0  0  0  0  0.97116250D-13
 325 HN2O+       1  1  0  0  2  1  0  0  0  0  0  0  0  0  0.26266946D-21
 326 C2H3+       1  3  0  2  0  0  0  0  0  0  0  0  0  0  0.12499509D-11
 327 c-C3H2+     1  2  0  3  0  0  0  0  0  0  0  0  0  0  0.59748168D-11
 328 l-C3H2+     1  2  0  3  0  0  0  0  0  0  0  0  0  0  0.20299988D-11
 329 C4H+        1  1  0  4  0  0  0  0  0  0  0  0  0  0  0.53576708D-12
 330 C5+         1  0  0  5  0  0  0  0  0  0  0  0  0  0  0.36961701D-13
 331 HC3O+       1  1  0  3  0  1  0  0  0  0  0  0  0  0  0.28280788D-14
 332 C4H-       -1  1  0  4  0  0  0  0  0  0  0  0  0  0  0.86853954D-10
 333 C5-        -1  0  0  5  0  0  0  0  0  0  0  0  0  0  0.48213833D-10
 334 NH4+        1  4  0  0  1  0  0  0  0  0  0  0  0  0  0.16126216D-12
 335 H3CS+       1  3  0  1  0  0  0  1  0  0  0  0  0  0  0.71640159D-15
 336 H2COH+      1  3  0  1  0  1  0  0  0  0  0  0  0  0  0.30106152D-15
 337 H3S2+       1  3  0  0  0  0  0  2  0  0  0  0  0  0  0.37225769D-18
 338 HC3S+       1  1  0  3  0  0  0  1  0  0  0  0  0  0  0.12961871D-10
 339 PC3H+       1  1  0  3  0  0  0  0  0  0  0  0  1  0  0.80105046D-18
 340 PCH3+       1  3  0  1  0  0  0  0  0  0  0  0  1  0  0.44390297D-22
 341 PNH3+       1  3  0  0  1  0  0  0  0  0  0  0  1  0  0.89334938D-22
 342 SiC2H2+     1  2  0  2  0  0  1  0  0  0  0  0  0  0  0.84659123D-15
 343 SiC3H+      1  1  0  3  0  0  1  0  0  0  0  0  0  0  0.86154558D-12
 344 SiC4+       1  0  0  4  0  0  1  0  0  0  0  0  0  0  0.72193763D-13
 345 SiCH3+      1  3  0  1  0  0  1  0  0  0  0  0  0  0  0.20193915D-18
 346 SiH4+       1  4  0  0  0  0  1  0  0  0  0  0  0  0  0.88016959D-29
 347 CH2CN+      1  2  0  2  1  0  0  0  0  0  0  0  0  0  0.38243569D-12
 348 H2CCO+      1  2  0  2  0  1  0  0  0  0  0  0  0  0  0.33068693D-12
 349 HC3N+       1  1  0  3  1  0  0  0  0  0  0  0  0  0  0.23949352D-13
 350 C4N+        1  0  0  4  1  0  0  0  0  0  0  0  0  0  0.26925760D-14
 351 C4P+        1  0  0  4  0  0  0  0  0  0  0  0  1  0  0.11876192D-20
 352 C4S+        1  0  0  4  0  0  0  1  0  0  0  0  0  0  0.71046816D-12
 353 HCOOH+      1  2  0  1  0  2  0  0  0  0  0  0  0  0  0.20974530D-17
 354 CH4+        1  4  0  1  0  0  0  0  0  0  0  0  0  0  0.49729744D-17
 355 H3SiO+      1  3  0  0  0  1  1  0  0  0  0  0  0  0  0.56978398D-23
 356 PC2H2+      1  2  0  2  0  0  0  0  0  0  0  0  1  0  0.14440508D-15
 357 C6+         1  0  0  6  0  0  0  0  0  0  0  0  0  0  0.21822701D-12
 358 HC4N+       1  1  0  4  1  0  0  0  0  0  0  0  0  0  0.84073891D-18
 359 C5H-       -1  1  0  5  0  0  0  0  0  0  0  0  0  0  0.25946746D-09
 360 C6-        -1  0  0  6  0  0  0  0  0  0  0  0  0  0  0.57305537D-10
 361 CH3CO+      1  3  0  2  0  1  0  0  0  0  0  0  0  0  0.10715343D-12
 362 C2H4+       1  4  0  2  0  0  0  0  0  0  0  0  0  0  0.37352110D-11
 363 HC3NH+      1  2  0  3  1  0  0  0  0  0  0  0  0  0  0.29439346D-12
 364 HC4S+       1  1  0  4  0  0  0  1  0  0  0  0  0  0  0.88239593D-12
 365 CH5+        1  5  0  1  0  0  0  0  0  0  0  0  0  0  0.13137093D-12
 366 C4H2+       1  2  0  4  0  0  0  0  0  0  0  0  0  0  0.13493025D-09
 367 C5H+        1  1  0  5  0  0  0  0  0  0  0  0  0  0  0.12852515D-10
 368 CH3CN+      1  3  0  2  1  0  0  0  0  0  0  0  0  0  0.79280167D-13
 369 c-C3H3+     1  3  0  3  0  0  0  0  0  0  0  0  0  0  0.13888014D-10
 370 l-C3H3+     1  3  0  3  0  0  0  0  0  0  0  0  0  0  0.13947494D-10
 371 C5N+        1  0  0  5  1  0  0  0  0  0  0  0  0  0  0.14593942D-15
 372 CH3O2+      1  3  0  1  0  2  0  0  0  0  0  0  0  0  0.29936455D-16
 373 CH2NH2+     1  4  0  1  1  0  0  0  0  0  0  0  0  0  0.59217019D-16
 374 CH3OH+      1  4  0  1  0  1  0  0  0  0  0  0  0  0  0.20689275D-19
 375 H2C3O+      1  2  0  3  0  1  0  0  0  0  0  0  0  0  0.20087650D-15
 376 HC2NCH+     1  2  0  3  1  0  0  0  0  0  0  0  0  0  0.89756026D-14
 377 HC4O+       1  1  0  4  0  1  0  0  0  0  0  0  0  0  0.45949929D-11
 378 NH2CNH+     1  3  0  1  2  0  0  0  0  0  0  0  0  0  0.00000000D+00
 379 PC2H3+      1  3  0  2  0  0  0  0  0  0  0  0  1  0  0.52934785D-24
 380 PC4H+       1  1  0  4  0  0  0  0  0  0  0  0  1  0  0.10764773D-16
 381 PCH4+       1  4  0  1  0  0  0  0  0  0  0  0  1  0  0.22196812D-23
 382 SiC2H3+     1  3  0  2  0  0  1  0  0  0  0  0  0  0  0.39117899D-15
 383 SiC3H2+     1  2  0  3  0  0  1  0  0  0  0  0  0  0  0.13556500D-14
 384 SiC4H+      1  1  0  4  0  0  1  0  0  0  0  0  0  0  0.20286229D-15
 385 SiCH4+      1  4  0  1  0  0  1  0  0  0  0  0  0  0  0.17323103D-18
 386 SiH5+       1  5  0  0  0  0  1  0  0  0  0  0  0  0  0.97441838D-22
 387 C7+         1  0  0  7  0  0  0  0  0  0  0  0  0  0  0.41663368D-13
 388 H2C4N+      1  2  0  4  1  0  0  0  0  0  0  0  0  0  0.12521018D-17
 389 C6H-       -1  1  0  6  0  0  0  0  0  0  0  0  0  0  0.10044108D-09
 390 C7-        -1  0  0  7  0  0  0  0  0  0  0  0  0  0  0.40673717D-10
 391 C4H3+       1  3  0  4  0  0  0  0  0  0  0  0  0  0  0.95917570D-11
 392 C5H2+       1  2  0  5  0  0  0  0  0  0  0  0  0  0  0.51353371D-13
 393 CH3CNH+     1  4  0  2  1  0  0  0  0  0  0  0  0  0  0.95172024D-13
 394 C2H4O+      1  4  0  2  0  1  0  0  0  0  0  0  0  0  0.51614481D-19
 395 C2H5+       1  5  0  2  0  0  0  0  0  0  0  0  0  0  0.84561931D-17
 396 C3H3N+      1  3  0  3  1  0  0  0  0  0  0  0  0  0  0.45399626D-18
 397 C3H4+       1  4  0  3  0  0  0  0  0  0  0  0  0  0  0.21605614D-16
 398 HC5N+       1  1  0  5  1  0  0  0  0  0  0  0  0  0  0.39370233D-13
 399 C6H+        1  1  0  6  0  0  0  0  0  0  0  0  0  0  0.36821454D-11
 400 CH3NH2+     1  5  0  1  1  0  0  0  0  0  0  0  0  0  0.60554259D-17
 401 CH3OH2+     1  5  0  1  0  1  0  0  0  0  0  0  0  0  0.18919441D-17
 402 H3C3O+      1  3  0  3  0  1  0  0  0  0  0  0  0  0  0.91608426D-16
 403 NH2CH2O+    1  4  0  1  1  1  0  0  0  0  0  0  0  0  0.10710957D-21
 404 PC2H4+      1  4  0  2  0  0  0  0  0  0  0  0  1  0  0.21682166D-25
 405 PC4H2+      1  2  0  4  0  0  0  0  0  0  0  0  1  0  0.58262064D-19
 406 HC5O+       1  1  0  5  0  1  0  0  0  0  0  0  0  0  0.12404381D-14
 407 C6N+        1  0  0  6  1  0  0  0  0  0  0  0  0  0  0.67333165D-15
 408 H2C5N+      1  2  0  5  1  0  0  0  0  0  0  0  0  0  0.57451616D-13
 409 C8+         1  0  0  8  0  0  0  0  0  0  0  0  0  0  0.39680359D-12
 410 C7H-       -1  1  0  7  0  0  0  0  0  0  0  0  0  0  0.16921439D-09
 411 C8-        -1  0  0  8  0  0  0  0  0  0  0  0  0  0  0.14358930D-10
 412 C5H3+       1  3  0  5  0  0  0  0  0  0  0  0  0  0  0.73849375D-14
 413 C3H5+       1  5  0  3  0  0  0  0  0  0  0  0  0  0  0.21894584D-17
 414 C6H2+       1  2  0  6  0  0  0  0  0  0  0  0  0  0  0.14593808D-11
 415 C7H+        1  1  0  7  0  0  0  0  0  0  0  0  0  0  0.35894378D-11
 416 CH3CHOH+    1  5  0  2  0  1  0  0  0  0  0  0  0  0  0.37510410D-18
 417 C2H6+       1  6  0  2  0  0  0  0  0  0  0  0  0  0  0.14638089D-28
 418 C3H3NH+     1  4  0  3  1  0  0  0  0  0  0  0  0  0  0.28077270D-21
 419 C4H4+       1  4  0  4  0  0  0  0  0  0  0  0  0  0  0.17602949D-16
 420 C7N+        1  0  0  7  1  0  0  0  0  0  0  0  0  0  0.44947853D-16
 421 CH3NH3+     1  6  0  1  1  0  0  0  0  0  0  0  0  0  0.37475494D-16
 422 COOCH4+     1  4  0  2  0  2  0  0  0  0  0  0  0  0  0.17656716D-24
 423 H3C4N+      1  3  0  4  1  0  0  0  0  0  0  0  0  0  0.12515021D-17
 424 HC6N+       1  1  0  6  1  0  0  0  0  0  0  0  0  0  0.32423287D-18
 425 C9+         1  0  0  9  0  0  0  0  0  0  0  0  0  0  0.66465869D-13
 426 C8H-       -1  1  0  8  0  0  0  0  0  0  0  0  0  0  0.48194397D-10
 427 C9-        -1  0  0  9  0  0  0  0  0  0  0  0  0  0  0.14815360D-10
 428 C4H5+       1  5  0  4  0  0  0  0  0  0  0  0  0  0  0.34089273D-16
 429 C6H3+       1  3  0  6  0  0  0  0  0  0  0  0  0  0  0.19440023D-13
 430 C7H2+       1  2  0  7  0  0  0  0  0  0  0  0  0  0  0.11768000D-13
 431 C2H5OH+     1  6  0  2  0  1  0  0  0  0  0  0  0  0  0.40520348D-25
 432 H3C4NH+     1  4  0  4  1  0  0  0  0  0  0  0  0  0  0.42704341D-15
 433 C5H3N+      1  3  0  5  1  0  0  0  0  0  0  0  0  0  0.59492390D-17
 434 C5H4+       1  4  0  5  0  0  0  0  0  0  0  0  0  0  0.16107351D-16
 435 HC7N+       1  1  0  7  1  0  0  0  0  0  0  0  0  0  0.93663355D-14
 436 C8H+        1  1  0  8  0  0  0  0  0  0  0  0  0  0  0.27121095D-14
 437 CH3OCH3+    1  6  0  2  0  1  0  0  0  0  0  0  0  0  0.50786867D-26
 438 H5C2O2+     1  5  0  2  0  2  0  0  0  0  0  0  0  0  0.66263657D-24
 439 HC7O+       1  1  0  7  0  1  0  0  0  0  0  0  0  0  0.18297578D-15
 440 C8N+        1  0  0  8  1  0  0  0  0  0  0  0  0  0  0.30779146D-15
 441 H2C6N+      1  2  0  6  1  0  0  0  0  0  0  0  0  0  0.10082241D-14
 442 C2H7+       1  7  0  2  0  0  0  0  0  0  0  0  0  0  0.20844702D-39
 443 C10+        1  0  0 10  0  0  0  0  0  0  0  0  0  0  0.41856262D-13
 444 CH3OCH4+    1  7  0  2  0  1  0  0  0  0  0  0  0  0  0.56901074D-25
 445 C9H-       -1  1  0  9  0  0  0  0  0  0  0  0  0  0  0.62556861D-10
 446 C10-       -1  0  0 10  0  0  0  0  0  0  0  0  0  0  0.58629823D-11
 447 C7H2N+      1  2  0  7  1  0  0  0  0  0  0  0  0  0  0.74835136D-13
 448 C7H3+       1  3  0  7  0  0  0  0  0  0  0  0  0  0  0.40261038D-14
 449 C5H5+       1  5  0  5  0  0  0  0  0  0  0  0  0  0  0.36799482D-16
 450 C8H2+       1  2  0  8  0  0  0  0  0  0  0  0  0  0  0.68917368D-12
 451 C9H+        1  1  0  9  0  0  0  0  0  0  0  0  0  0  0.12715669D-11
 452 C2H5OH2+    1  7  0  2  0  1  0  0  0  0  0  0  0  0  0.11709076D-23
 453 C2H6CO+     1  6  0  3  0  1  0  0  0  0  0  0  0  0  0.12135722D-24
 454 C5H4N+      1  4  0  5  1  0  0  0  0  0  0  0  0  0  0.69459605D-17
 455 C6H4+       1  4  0  6  0  0  0  0  0  0  0  0  0  0  0.53709777D-15
 456 C9N+        1  0  0  9  1  0  0  0  0  0  0  0  0  0  0.15855774D-16
 457 HC8N+       1  1  0  8  1  0  0  0  0  0  0  0  0  0  0.13693035D-18
 458 C10H+       1  1  0 10  0  0  0  0  0  0  0  0  0  0  0.44477502D-12
 459 C10H-      -1  1  0 10  0  0  0  0  0  0  0  0  0  0  0.90505851D-11
 460 C8H3+       1  3  0  8  0  0  0  0  0  0  0  0  0  0  0.83318673D-14
 461 C9H2+       1  2  0  9  0  0  0  0  0  0  0  0  0  0  0.40536181D-14
 462 C3H6OH+     1  7  0  3  0  1  0  0  0  0  0  0  0  0  0.34329118D-24
 463 C4H7+       1  7  0  4  0  0  0  0  0  0  0  0  0  0  0.17831198D-23
 464 H3C6NH+     1  4  0  6  1  0  0  0  0  0  0  0  0  0  0.14624774D-17
 465 C6H5+       1  5  0  6  0  0  0  0  0  0  0  0  0  0  0.15931300D-17
 466 H3C7N+      1  3  0  7  1  0  0  0  0  0  0  0  0  0  0.98371112D-18
 467 C7H4+       1  4  0  7  0  0  0  0  0  0  0  0  0  0  0.22869993D-15
 468 C9HN+       1  1  0  9  1  0  0  0  0  0  0  0  0  0  0.32515650D-14
 469 C11+        1  0  0 11  0  0  0  0  0  0  0  0  0  0  0.21244563D-12
 470 HC9O+       1  1  0  9  0  1  0  0  0  0  0  0  0  0  0.70187406D-16
 471 C10N+       1  0  0 10  1  0  0  0  0  0  0  0  0  0  0.79968020D-16
 472 H2C8N+      1  2  0  8  1  0  0  0  0  0  0  0  0  0  0.42579419D-15
 473 C9H2N+      1  2  0  9  1  0  0  0  0  0  0  0  0  0  0.42093061D-14
 474 C9H3+       1  3  0  9  0  0  0  0  0  0  0  0  0  0  0.65324012D-15
 475 C10H2+      1  2  0 10  0  0  0  0  0  0  0  0  0  0  0.20818259D-14
 476 C7H5+       1  5  0  7  0  0  0  0  0  0  0  0  0  0  0.91611488D-17
 477 C8H4+       1  4  0  8  0  0  0  0  0  0  0  0  0  0  0.58089826D-16
 478 HC10N+      1  1  0 10  1  0  0  0  0  0  0  0  0  0  0.23605178D-19
 479 C6H7+       1  7  0  6  0  0  0  0  0  0  0  0  0  0  0.62020461D-16
 480 C9H4+       1  4  0  9  0  0  0  0  0  0  0  0  0  0  0.11809289D-16
 481 C8H4N+      1  4  0  8  1  0  0  0  0  0  0  0  0  0  0.61646389D-18
 482 C8H5+       1  5  0  8  0  0  0  0  0  0  0  0  0  0  0.79250728D-19
 483 C9H3N+      1  3  0  9  1  0  0  0  0  0  0  0  0  0  0.97994574D-19
 484 C10H3+      1  3  0 10  0  0  0  0  0  0  0  0  0  0  0.14007043D-15
 485 H2C10N+     1  2  0 10  1  0  0  0  0  0  0  0  0  0  0.11010285D-15
 486 C9H5+       1  5  0  9  0  0  0  0  0  0  0  0  0  0  0.61017149D-22
 487 GRAIN0      0  0  0  0  0  0  0  0  0  0  0  0  0  0  0.84920177D-14
 488 GRAIN-     -1  0  0  0  0  0  0  0  0  0  0  0  0  0  0.13130080D-11
 489 XH          0  1  0  0  0  0  0  0  0  0  0  0  0  0  0.40884415D-17
