0.11D+08                                              +-  H  He C  O  S  G    
 JSPACE =            1
   1 H           0  1  0  0  0  0  0  0  0  0  0  0  0  0  0.64955478D-05
   2 C           0  0  0  1  0  0  0  0  0  0  0  0  0  0  0.30620214D-08
   3 Fe          0  0  0  0  0  0  0  0  1  0  0  0  0  0  0.56733977D-09
   4 Mg          0  0  0  0  0  0  0  0  0  0  1  0  0  0  0.21921508D-08
   5 S           0  0  0  0  0  0  0  1  0  0  0  0  0  0  0.51215971D-07
   6 Si          0  0  0  0  0  0  1  0  0  0  0  0  0  0  0.31470362D-09
   7 O           0  0  0  0  0  1  0  0  0  0  0  0  0  0  0.61922036D-04
   8 N           0  0  0  0  1  0  0  0  0  0  0  0  0  0  0.97530483D-06
   9 He          0  0  1  0  0  0  0  0  0  0  0  0  0  0  0.90000000D-01
  10 Cl          0  0  0  0  0  0  0  0  0  0  0  1  0  0  0.96071858D-09
  11 Na          0  0  0  0  0  0  0  0  0  1  0  0  0  0  0.60933049D-09
  12 P           0  0  0  0  0  0  0  0  0  0  0  0  1  0  0.16023076D-09
  13 F           0  0  0  0  0  0  0  0  0  0  0  0  0  1  0.27424274D-13
  14 OH          0  1  0  0  0  1  0  0  0  0  0  0  0  0  0.10460179D-07
  15 CO          0  0  0  1  0  1  0  0  0  0  0  0  0  0  0.16992916D-03
  16 CS          0  0  0  1  0  0  0  1  0  0  0  0  0  0  0.71752196D-10
  17 HS          0  1  0  0  0  0  0  1  0  0  0  0  0  0  0.40641463D-12
  18 N2          0  0  0  0  2  0  0  0  0  0  0  0  0  0  0.30492803D-04
  19 NH          0  1  0  0  1  0  0  0  0  0  0  0  0  0  0.41581229D-10
  20 SiH         0  1  0  0  0  0  1  0  0  0  0  0  0  0  0.85253279D-12
  21 SiO         0  0  0  0  0  1  1  0  0  0  0  0  0  0  0.73601927D-08
  22 SO          0  0  0  0  0  1  0  1  0  0  0  0  0  0  0.25153060D-07
  23 CH          0  1  0  1  0  0  0  0  0  0  0  0  0  0  0.30796092D-10
  24 O2          0  0  0  0  0  2  0  0  0  0  0  0  0  0  0.39034501D-05
  25 H2          0  2  0  0  0  0  0  0  0  0  0  0  0  0  0.49999655D+00
  26 C2          0  0  0  2  0  0  0  0  0  0  0  0  0  0  0.19220859D-12
  27 CN          0  0  0  1  1  0  0  0  0  0  0  0  0  0  0.32186931D-10
  28 MgH         0  1  0  0  0  0  0  0  0  0  1  0  0  0  0.10055693D-12
  29 NaH         0  1  0  0  0  0  0  0  0  1  0  0  0  0  0.63142482D-13
  30 NO          0  0  0  0  1  1  0  0  0  0  0  0  0  0  0.22351241D-07
  31 NS          0  0  0  0  1  0  0  1  0  0  0  0  0  0  0.57962494D-14
  32 PH          0  1  0  0  0  0  0  0  0  0  0  0  1  0  0.16012546D-12
  33 PN          0  0  0  0  1  0  0  0  0  0  0  0  1  0  0.25200759D-10
  34 PO          0  0  0  0  0  1  0  0  0  0  0  0  1  0  0.13699294D-10
  35 S2          0  0  0  0  0  0  0  2  0  0  0  0  0  0  0.43374678D-14
  36 SiC         0  0  0  1  0  0  1  0  0  0  0  0  0  0  0.35007793D-14
  37 SiN         0  0  0  0  1  0  1  0  0  0  0  0  0  0  0.75075486D-12
  38 SiS         0  0  0  0  0  0  1  1  0  0  0  0  0  0  0.86561557D-12
  39 CCl         0  0  0  1  0  0  0  0  0  0  0  1  0  0  0.22941149D-15
  40 ClO         0  0  0  0  0  1  0  0  0  0  0  1  0  0  0.00000000D+00
  41 CP          0  0  0  1  0  0  0  0  0  0  0  0  1  0  0.10616128D-14
  42 HCl         0  1  0  0  0  0  0  0  0  0  0  1  0  0  0.39251518D-10
  43 HF          0  1  0  0  0  0  0  0  0  0  0  0  0  1  0.66702893D-08
  44 CCH         0  1  0  2  0  0  0  0  0  0  0  0  0  0  0.16246612D-11
  45 C3          0  0  0  3  0  0  0  0  0  0  0  0  0  0  0.72614671D-11
  46 CH2         0  2  0  1  0  0  0  0  0  0  0  0  0  0  0.17216179D-10
  47 SO2         0  0  0  0  0  2  0  1  0  0  0  0  0  0  0.18300519D-08
  48 H2O         0  2  0  0  0  1  0  0  0  0  0  0  0  0  0.15907129D-06
  49 HCN         0  1  0  1  1  0  0  0  0  0  0  0  0  0  0.89405224D-09
  50 HCSi        0  1  0  1  0  0  1  0  0  0  0  0  0  0  0.25054232D-14
  51 CCN         0  0  0  2  1  0  0  0  0  0  0  0  0  0  0.51226840D-13
  52 CCS         0  0  0  2  0  0  0  1  0  0  0  0  0  0  0.27115240D-13
  53 CCO         0  0  0  2  0  1  0  0  0  0  0  0  0  0  0.62487171D-14
  54 CCP         0  0  0  2  0  0  0  0  0  0  0  0  1  0  0.54086010D-16
  55 CO2         0  0  0  1  0  2  0  0  0  0  0  0  0  0  0.51899554D-07
  56 H2S         0  2  0  0  0  0  0  1  0  0  0  0  0  0  0.19789708D-10
  57 HCO         0  1  0  1  0  1  0  0  0  0  0  0  0  0  0.93002153D-11
  58 HCP         0  1  0  1  0  0  0  0  0  0  0  0  1  0  0.82785398D-13
  59 HCS         0  1  0  1  0  0  0  1  0  0  0  0  0  0  0.14248321D-13
  60 HNC         0  1  0  1  1  0  0  0  0  0  0  0  0  0  0.84773784D-09
  61 HNO         0  1  0  0  1  1  0  0  0  0  0  0  0  0  0.14527979D-09
  62 HNSi        0  1  0  0  1  0  1  0  0  0  0  0  0  0  0.15797946D-09
  63 HPO         0  1  0  0  0  1  0  0  0  0  0  0  1  0  0.79579544D-15
  64 HSS         0  1  0  0  0  0  0  2  0  0  0  0  0  0  0.15769582D-12
  65 N2O         0  0  0  0  2  1  0  0  0  0  0  0  0  0  0.24964362D-12
  66 NaOH        0  1  0  0  0  1  0  0  0  1  0  0  0  0  0.65805960D-13
  67 NH2         0  2  0  0  1  0  0  0  0  0  0  0  0  0  0.99733979D-10
  68 NO2         0  0  0  0  1  2  0  0  0  0  0  0  0  0  0.00000000D+00
  69 O2H         0  1  0  0  0  2  0  0  0  0  0  0  0  0  0.30950244D-12
  70 OCN         0  0  0  1  1  1  0  0  0  0  0  0  0  0  0.14612137D-11
  71 OCS         0  0  0  1  0  1  0  1  0  0  0  0  0  0  0.24808686D-10
  72 PH2         0  2  0  0  0  0  0  0  0  0  0  0  1  0  0.56716592D-16
  73 c-SiC2      0  0  0  2  0  0  1  0  0  0  0  0  0  0  0.71590312D-14
  74 SiH2        0  2  0  0  0  0  1  0  0  0  0  0  0  0  0.91487834D-16
  75 SiNC        0  0  0  1  1  0  1  0  0  0  0  0  0  0  0.72592572D-16
  76 SiO2        0  0  0  0  0  2  1  0  0  0  0  0  0  0  0.16393330D-10
  77 C4          0  0  0  4  0  0  0  0  0  0  0  0  0  0  0.20726950D-14
  78 c-C3H       0  1  0  3  0  0  0  0  0  0  0  0  0  0  0.60788721D-13
  79 l-C3H       0  1  0  3  0  0  0  0  0  0  0  0  0  0  0.51082809D-13
  80 CH3         0  3  0  1  0  0  0  0  0  0  0  0  0  0  0.36190009D-12
  81 C2H2        0  2  0  2  0  0  0  0  0  0  0  0  0  0  0.17437374D-09
  82 NH3         0  3  0  0  1  0  0  0  0  0  0  0  0  0  0.14274280D-07
  83 SiCH2       0  2  0  1  0  0  1  0  0  0  0  0  0  0  0.46869873D-15
  84 C3N         0  0  0  3  1  0  0  0  0  0  0  0  0  0  0.16254970D-14
  85 C3O         0  0  0  3  0  1  0  0  0  0  0  0  0  0  0.16064520D-12
  86 C3P         0  0  0  3  0  0  0  0  0  0  0  0  1  0  0.13222297D-18
  87 C3S         0  0  0  3  0  0  0  1  0  0  0  0  0  0  0.90371168D-13
  88 H2CO        0  2  0  1  0  1  0  0  0  0  0  0  0  0  0.36137775D-10
  89 H2CS        0  2  0  1  0  0  0  1  0  0  0  0  0  0  0.86008364D-11
  90 HOOH        0  2  0  0  0  2  0  0  0  0  0  0  0  0  0.77038228D-16
  91 HSSH        0  2  0  0  0  0  0  2  0  0  0  0  0  0  0.16279963D-12
  92 H2SiO       0  2  0  0  0  1  1  0  0  0  0  0  0  0  0.13495968D-16
  93 HCCP        0  1  0  2  0  0  0  0  0  0  0  0  1  0  0.90445853D-18
  94 HCCSi       0  1  0  2  0  0  1  0  0  0  0  0  0  0  0.38069401D-12
  95 l-SiC3      0  0  0  3  0  0  1  0  0  0  0  0  0  0  0.28407855D-15
  96 SiH3        0  3  0  0  0  0  1  0  0  0  0  0  0  0  0.79153112D-20
  97 H2CN        0  2  0  1  1  0  0  0  0  0  0  0  0  0  0.52870300D-14
  98 C5          0  0  0  5  0  0  0  0  0  0  0  0  0  0  0.44680112D-16
  99 c-C3H2      0  2  0  3  0  0  0  0  0  0  0  0  0  0  0.20164773D-11
 100 l-C3H2      0  2  0  3  0  0  0  0  0  0  0  0  0  0  0.10255866D-11
 101 C4H         0  1  0  4  0  0  0  0  0  0  0  0  0  0  0.25897463D-14
 102 CH4         0  4  0  1  0  0  0  0  0  0  0  0  0  0  0.39294395D-08
 103 HC3N        0  1  0  3  1  0  0  0  0  0  0  0  0  0  0.57501761D-13
 104 H2CCN       0  2  0  2  1  0  0  0  0  0  0  0  0  0  0.53480819D-13
 105 H2CCO       0  2  0  2  0  1  0  0  0  0  0  0  0  0  0.18114235D-10
 106 C2H3        0  3  0  2  0  0  0  0  0  0  0  0  0  0  0.20056981D-13
 107 C4N         0  0  0  4  1  0  0  0  0  0  0  0  0  0  0.44987344D-16
 108 C4P         0  0  0  4  0  0  0  0  0  0  0  0  1  0  0.99288119D-19
 109 C4S         0  0  0  4  0  0  0  1  0  0  0  0  0  0  0.43739510D-15
 110 HCOOH       0  2  0  1  0  2  0  0  0  0  0  0  0  0  0.10720152D-09
 111 CH2PH       0  3  0  1  0  0  0  0  0  0  0  0  1  0  0.37811471D-18
 112 CH2NH       0  3  0  1  1  0  0  0  0  0  0  0  0  0  0.35557603D-11
 113 c-HCCHSi    0  2  0  2  0  0  1  0  0  0  0  0  0  0  0.97503534D-14
 114 SiC3H       0  1  0  3  0  0  1  0  0  0  0  0  0  0  0.63243445D-16
 115 SiC4        0  0  0  4  0  0  1  0  0  0  0  0  0  0  0.24951889D-19
 116 SiCH3       0  3  0  1  0  0  1  0  0  0  0  0  0  0  0.18787722D-15
 117 SiH4        0  4  0  0  0  0  1  0  0  0  0  0  0  0  0.40653359D-17
 118 HCNCC       0  1  0  3  1  0  0  0  0  0  0  0  0  0  0.90075401D-14
 119 HCCNC       0  1  0  3  1  0  0  0  0  0  0  0  0  0  0.31834967D-13
 120 HNCCC       0  1  0  3  1  0  0  0  0  0  0  0  0  0  0.21416108D-14
 121 NH2CN       0  2  0  1  2  0  0  0  0  0  0  0  0  0  0.00000000D+00
 122 C6          0  0  0  6  0  0  0  0  0  0  0  0  0  0  0.12633322D-19
 123 CH3CN       0  3  0  2  1  0  0  0  0  0  0  0  0  0  0.17601562D-11
 124 CH2CCH      0  3  0  3  0  0  0  0  0  0  0  0  0  0  0.80504739D-16
 125 C2H4        0  4  0  2  0  0  0  0  0  0  0  0  0  0  0.12775649D-11
 126 NC4N        0  0  0  4  2  0  0  0  0  0  0  0  0  0  0.13658319D-14
 127 H2CSiCH     0  3  0  2  0  0  1  0  0  0  0  0  0  0  0.15286151D-12
 128 SiC4H       0  1  0  4  0  0  1  0  0  0  0  0  0  0  0.10455872D-13
 129 HC4N        0  1  0  4  1  0  0  0  0  0  0  0  0  0  0.51746352D-15
 130 C4H2        0  2  0  4  0  0  0  0  0  0  0  0  0  0  0.12923241D-13
 131 C5H         0  1  0  5  0  0  0  0  0  0  0  0  0  0  0.38312135D-17
 132 C5N         0  0  0  5  1  0  0  0  0  0  0  0  0  0  0.11216456D-18
 133 CH3OH       0  4  0  1  0  1  0  0  0  0  0  0  0  0  0.22146916D-14
 134 NH2CHO      0  3  0  1  1  1  0  0  0  0  0  0  0  0  0.42856496D-14
 135 C5O         0  0  0  5  0  1  0  0  0  0  0  0  0  0  0.90526746D-16
 136 C7          0  0  0  7  0  0  0  0  0  0  0  0  0  0  0.15646939D-21
 137 HC5N        0  1  0  5  1  0  0  0  0  0  0  0  0  0  0.36359783D-17
 138 SiC2CH3     0  3  0  3  0  0  1  0  0  0  0  0  0  0  0.15396940D-15
 139 CH3CHO      0  4  0  2  0  1  0  0  0  0  0  0  0  0  0.21952680D-15
 140 C2H5        0  5  0  2  0  0  0  0  0  0  0  0  0  0  0.79122928D-19
 141 CH2CHCN     0  3  0  3  1  0  0  0  0  0  0  0  0  0  0.32443459D-15
 142 CH3CCH      0  4  0  3  0  0  0  0  0  0  0  0  0  0  0.11275825D-14
 143 C5H2        0  2  0  5  0  0  0  0  0  0  0  0  0  0  0.79094184D-18
 144 C6H         0  1  0  6  0  0  0  0  0  0  0  0  0  0  0.73167943D-19
 145 CH3NH2      0  5  0  1  1  0  0  0  0  0  0  0  0  0  0.42905190D-11
 146 C4H3        0  3  0  4  0  0  0  0  0  0  0  0  0  0  0.18094805D-17
 147 C6N         0  0  0  6  1  0  0  0  0  0  0  0  0  0  0.20426124D-20
 148 C8          0  0  0  8  0  0  0  0  0  0  0  0  0  0  0.21539209D-22
 149 HC6N        0  1  0  6  1  0  0  0  0  0  0  0  0  0  0.36407829D-19
 150 NC6N        0  0  0  6  2  0  0  0  0  0  0  0  0  0  0.79290509D-17
 151 SiC6H       0  1  0  6  0  0  1  0  0  0  0  0  0  0  0.75472932D-16
 152 CH2CHC2H    0  4  0  4  0  0  0  0  0  0  0  0  0  0  0.49273422D-18
 153 C6H2        0  2  0  6  0  0  0  0  0  0  0  0  0  0  0.20228705D-18
 154 C7H         0  1  0  7  0  0  0  0  0  0  0  0  0  0  0.21069579D-20
 155 C7N         0  0  0  7  1  0  0  0  0  0  0  0  0  0  0.11416841D-21
 156 CH3C3N      0  3  0  4  1  0  0  0  0  0  0  0  0  0  0.71002933D-17
 157 HCOOCH3     0  4  0  2  0  2  0  0  0  0  0  0  0  0  0.16177837D-18
 158 C2H6        0  6  0  2  0  0  0  0  0  0  0  0  0  0  0.20936055D-36
 159 C7O         0  0  0  7  0  1  0  0  0  0  0  0  0  0  0.50391082D-19
 160 C9          0  0  0  9  0  0  0  0  0  0  0  0  0  0  0.27701775D-23
 161 HC7N        0  1  0  7  1  0  0  0  0  0  0  0  0  0  0.13961127D-20
 162 SiC3H5      0  5  0  3  0  0  1  0  0  0  0  0  0  0  0.00000000D+00
 163 CH3CH2OH    0  6  0  2  0  1  0  0  0  0  0  0  0  0  0.18750612D-16
 164 C7H2        0  2  0  7  0  0  0  0  0  0  0  0  0  0  0.18382072D-20
 165 C8H         0  1  0  8  0  0  0  0  0  0  0  0  0  0  0.22040394D-20
 166 CH3C4H      0  4  0  5  0  0  0  0  0  0  0  0  0  0  0.81266702D-16
 167 CH3OCH3     0  6  0  2  0  1  0  0  0  0  0  0  0  0  0.13525114D-20
 168 CH3CHCH2    0  6  0  3  0  0  0  0  0  0  0  0  0  0  0.00000000D+00
 169 C8N         0  0  0  8  1  0  0  0  0  0  0  0  0  0  0.38776633D-22
 170 C10         0  0  0 10  0  0  0  0  0  0  0  0  0  0  0.21848194D-26
 171 CH3COCH3    0  6  0  3  0  1  0  0  0  0  0  0  0  0  0.25744453D-20
 172 C8H2        0  2  0  8  0  0  0  0  0  0  0  0  0  0  0.95351674D-21
 173 C9H         0  1  0  9  0  0  0  0  0  0  0  0  0  0  0.77178217D-24
 174 C9N         0  0  0  9  1  0  0  0  0  0  0  0  0  0  0.10058137D-24
 175 CH3C5N      0  3  0  6  1  0  0  0  0  0  0  0  0  0  0.10640827D-21
 176 HC8N        0  1  0  8  1  0  0  0  0  0  0  0  0  0  0.26970995D-22
 177 NC8N        0  0  0  8  2  0  0  0  0  0  0  0  0  0  0.15452733D-17
 178 SiC8H       0  1  0  8  0  0  1  0  0  0  0  0  0  0  0.21094930D-16
 179 CH2CHCHCH2  0  6  0  4  0  0  0  0  0  0  0  0  0  0  0.00000000D+00
 180 C9O         0  0  0  9  0  1  0  0  0  0  0  0  0  0  0.18747455D-22
 181 HC9N        0  1  0  9  1  0  0  0  0  0  0  0  0  0  0.92310811D-24
 182 C10H        0  1  0 10  0  0  0  0  0  0  0  0  0  0  0.48793630D-27
 183 C9H2        0  2  0  9  0  0  0  0  0  0  0  0  0  0  0.23186414D-24
 184 CH3C6H      0  4  0  7  0  0  0  0  0  0  0  0  0  0  0.34364456D-21
 185 C11         0  0  0 11  0  0  0  0  0  0  0  0  0  0  0.14980085D-29
 186 C10N        0  0  0 10  1  0  0  0  0  0  0  0  0  0  0.84933334D-28
 187 CH3C7N      0  3  0  8  1  0  0  0  0  0  0  0  0  0  0.40175666D-25
 188 C10H2       0  2  0 10  0  0  0  0  0  0  0  0  0  0  0.37464008D-25
 189 C6H6        0  6  0  6  0  0  0  0  0  0  0  0  0  0  0.88002089D-18
 190 Si+         1  0  0  0  0  0  1  0  0  0  0  0  0  0  0.97155624D-10
 191 C+          1  0  0  1  0  0  0  0  0  0  0  0  0  0  0.21040494D-08
 192 C-         -1  0  0  1  0  0  0  0  0  0  0  0  0  0  0.92157673D-18
 193 H-         -1  1  0  0  0  0  0  0  0  0  0  0  0  0  0.17603526D-12
 194 O-         -1  0  0  0  0  1  0  0  0  0  0  0  0  0  0.57112456D-17
 195 S-         -1  0  0  0  0  0  0  1  0  0  0  0  0  0  0.29442810D-16
 196 He+         1  0  1  0  0  0  0  0  0  0  0  0  0  0  0.32125185D-10
 197 H+          1  1  0  0  0  0  0  0  0  0  0  0  0  0  0.24288307D-09
 198 Fe+         1  0  0  0  0  0  0  0  1  0  0  0  0  0  0.24326603D-08
 199 Mg+         1  0  0  0  0  0  0  0  0  0  1  0  0  0  0.48077486D-08
 200 N+          1  0  0  0  1  0  0  0  0  0  0  0  0  0  0.60440243D-14
 201 Na+         1  0  0  0  0  0  0  0  0  1  0  0  0  0  0.13905162D-08
 202 O+          1  0  0  0  0  1  0  0  0  0  0  0  0  0  0.61659247D-14
 203 S+          1  0  0  0  0  0  0  1  0  0  0  0  0  0  0.15370689D-08
 204 Cl+         1  0  0  0  0  0  0  0  0  0  0  1  0  0  0.15166281D-17
 205 F+          1  0  0  0  0  0  0  0  0  0  0  0  0  1  0.31500594D-17
 206 P+          1  0  0  0  0  0  0  0  0  0  0  0  1  0  0.16966673D-12
 207 e-         -1  0  0  0  0  0  0  0  0  0  0  0  0  0  0.22459102D-07
 208 CH+         1  1  0  1  0  0  0  0  0  0  0  0  0  0  0.44944108D-16
 209 H2+         1  2  0  0  0  0  0  0  0  0  0  0  0  0  0.11522529D-12
 210 OH+         1  1  0  0  0  1  0  0  0  0  0  0  0  0  0.34615878D-13
 211 SiH+        1  1  0  0  0  0  1  0  0  0  0  0  0  0  0.17899565D-12
 212 C2+         1  0  0  2  0  0  0  0  0  0  0  0  0  0  0.25442608D-18
 213 CN-        -1  0  0  1  1  0  0  0  0  0  0  0  0  0  0.43701708D-17
 214 OH-        -1  1  0  0  0  1  0  0  0  0  0  0  0  0  0.15416000D-14
 215 CF+         1  0  0  1  0  0  0  0  0  0  0  0  0  1  0.88086078D-11
 216 HS+         1  1  0  0  0  0  0  1  0  0  0  0  0  0  0.35511707D-11
 217 SO+         1  0  0  0  0  1  0  1  0  0  0  0  0  0  0.51556168D-10
 218 CCl+        1  0  0  1  0  0  0  0  0  0  0  1  0  0  0.22395185D-13
 219 ClO+        1  0  0  0  0  1  0  0  0  0  0  1  0  0  0.00000000D+00
 220 CN+         1  0  0  1  1  0  0  0  0  0  0  0  0  0  0.90727474D-18
 221 CO+         1  0  0  1  0  1  0  0  0  0  0  0  0  0  0.43129714D-14
 222 CP+         1  0  0  1  0  0  0  0  0  0  0  0  1  0  0.19572173D-22
 223 CS+         1  0  0  1  0  0  0  1  0  0  0  0  0  0  0.23698880D-15
 224 HCl+        1  1  0  0  0  0  0  0  0  0  0  1  0  0  0.16673726D-17
 225 HF+         1  1  0  0  0  0  0  0  0  0  0  0  0  1  0.24230936D-17
 226 HeH+        1  1  1  0  0  0  0  0  0  0  0  0  0  0  0.78664293D-21
 227 N2+         1  0  0  0  2  0  0  0  0  0  0  0  0  0  0.46097142D-15
 228 NH+         1  1  0  0  1  0  0  0  0  0  0  0  0  0  0.13504227D-14
 229 NO+         1  0  0  0  1  1  0  0  0  0  0  0  0  0  0.49936183D-11
 230 NS+         1  0  0  0  1  0  0  1  0  0  0  0  0  0  0.12009101D-12
 231 O2+         1  0  0  0  0  2  0  0  0  0  0  0  0  0  0.12954729D-09
 232 PH+         1  1  0  0  0  0  0  0  0  0  0  0  1  0  0.17606732D-13
 233 PN+         1  0  0  0  1  0  0  0  0  0  0  0  1  0  0.18870990D-13
 234 PO+         1  0  0  0  0  1  0  0  0  0  0  0  1  0  0.24503858D-12
 235 S2+         1  0  0  0  0  0  0  2  0  0  0  0  0  0  0.15312254D-13
 236 SiC+        1  0  0  1  0  0  1  0  0  0  0  0  0  0  0.33102637D-19
 237 SiN+        1  0  0  0  1  0  1  0  0  0  0  0  0  0  0.11303179D-13
 238 SiO+        1  0  0  0  0  1  1  0  0  0  0  0  0  0  0.34070177D-15
 239 SiS+        1  0  0  0  0  0  1  1  0  0  0  0  0  0  0.23327312D-19
 240 SiF+        1  0  0  0  0  0  1  0  0  0  0  0  0  1  0.32582067D-12
 241 CH2+        1  2  0  1  0  0  0  0  0  0  0  0  0  0  0.12102446D-14
 242 C2N+        1  0  0  2  1  0  0  0  0  0  0  0  0  0  0.49432525D-20
 243 CNC+        1  0  0  2  1  0  0  0  0  0  0  0  0  0  0.16358317D-11
 244 HSiO+       1  1  0  0  0  1  1  0  0  0  0  0  0  0  0.48534517D-10
 245 N2H+        1  1  0  0  2  0  0  0  0  0  0  0  0  0  0.76134202D-10
 246 C2H+        1  1  0  2  0  0  0  0  0  0  0  0  0  0  0.58643912D-18
 247 H3+         1  3  0  0  0  0  0  0  0  0  0  0  0  0  0.24307563D-09
 248 C3-        -1  0  0  3  0  0  0  0  0  0  0  0  0  0  0.10200847D-16
 249 HCO+        1  1  0  1  0  1  0  0  0  0  0  0  0  0  0.72787975D-08
 250 HSO+        1  1  0  0  0  1  0  1  0  0  0  0  0  0  0.79112604D-10
 251 H2S+        1  2  0  0  0  0  0  1  0  0  0  0  0  0  0.19920129D-12
 252 HCS+        1  1  0  1  0  0  0  1  0  0  0  0  0  0  0.59062233D-12
 253 HPO+        1  1  0  0  0  1  0  0  0  0  0  0  1  0  0.62109939D-13
 254 C2O+        1  0  0  2  0  1  0  0  0  0  0  0  0  0  0.10372738D-16
 255 C2S+        1  0  0  2  0  0  0  1  0  0  0  0  0  0  0.52087780D-15
 256 C3+         1  0  0  3  0  0  0  0  0  0  0  0  0  0  0.15315204D-18
 257 CCP+        1  0  0  2  0  0  0  0  0  0  0  0  1  0  0.16034473D-16
 258 CHSi+       1  1  0  1  0  0  1  0  0  0  0  0  0  0  0.41992467D-19
 259 CO2+        1  0  0  1  0  2  0  0  0  0  0  0  0  0  0.50993059D-18
 260 H2Cl+       1  2  0  0  0  0  0  0  0  0  0  1  0  0  0.71137632D-14
 261 H2F+        1  2  0  0  0  0  0  0  0  0  0  0  0  1  0.54877341D-12
 262 H2O+        1  2  0  0  0  1  0  0  0  0  0  0  0  0  0.84553407D-13
 263 HCN+        1  1  0  1  1  0  0  0  0  0  0  0  0  0  0.42159893D-17
 264 HCP+        1  1  0  1  0  0  0  0  0  0  0  0  1  0  0.70943789D-21
 265 HNC+        1  1  0  1  1  0  0  0  0  0  0  0  0  0  0.49139218D-16
 266 HNO+        1  1  0  0  1  1  0  0  0  0  0  0  0  0  0.99601039D-13
 267 HNS+        1  1  0  0  1  0  0  1  0  0  0  0  0  0  0.35907089D-16
 268 HNSi+       1  1  0  0  1  0  1  0  0  0  0  0  0  0  0.37998351D-18
 269 HOC+        1  1  0  1  0  1  0  0  0  0  0  0  0  0  0.14870758D-11
 270 HPN+        1  1  0  0  1  0  0  0  0  0  0  0  1  0  0.10937585D-12
 271 HSiS+       1  1  0  0  0  0  1  1  0  0  0  0  0  0  0.69444092D-14
 272 NaH2+       1  2  0  0  0  0  0  0  0  1  0  0  0  0  0.22493638D-13
 273 NCO+        1  0  0  1  1  1  0  0  0  0  0  0  0  0  0.55151770D-14
 274 NH2+        1  2  0  0  1  0  0  0  0  0  0  0  0  0  0.11319724D-13
 275 NO2+        1  0  0  0  1  2  0  0  0  0  0  0  0  0  0.21695455D-18
 276 HO2+        1  1  0  0  0  2  0  0  0  0  0  0  0  0  0.37953420D-14
 277 OCS+        1  0  0  1  0  1  0  1  0  0  0  0  0  0  0.11809446D-11
 278 PH2+        1  2  0  0  0  0  0  0  0  0  0  0  1  0  0.39326846D-15
 279 HS2+        1  1  0  0  0  0  0  2  0  0  0  0  0  0  0.61069540D-15
 280 SiC2+       1  0  0  2  0  0  1  0  0  0  0  0  0  0  0.89876910D-21
 281 SiH2+       1  2  0  0  0  0  1  0  0  0  0  0  0  0  0.70985753D-12
 282 SiNC+       1  0  0  1  1  0  1  0  0  0  0  0  0  0  0.95870006D-13
 283 SO2+        1  0  0  0  0  2  0  1  0  0  0  0  0  0  0.40152444D-16
 284 HCNH+       1  2  0  1  1  0  0  0  0  0  0  0  0  0  0.16367023D-10
 285 HC2N+       1  1  0  2  1  0  0  0  0  0  0  0  0  0  0.89844302D-19
 286 C3H+        1  1  0  3  0  0  0  0  0  0  0  0  0  0  0.12907981D-15
 287 C4+         1  0  0  4  0  0  0  0  0  0  0  0  0  0  0.48983927D-18
 288 H2CO+       1  2  0  1  0  1  0  0  0  0  0  0  0  0  0.42595546D-13
 289 CH3+        1  3  0  1  0  0  0  0  0  0  0  0  0  0  0.12300801D-10
 290 C3N-       -1  0  0  3  1  0  0  0  0  0  0  0  0  0  0.24563606D-16
 291 C4-        -1  0  0  4  0  0  0  0  0  0  0  0  0  0  0.23875176D-16
 292 H3O+        1  3  0  0  0  1  0  0  0  0  0  0  0  0  0.18215624D-08
 293 H2NO+       1  2  0  0  1  1  0  0  0  0  0  0  0  0  0.74181860D-12
 294 H3S+        1  3  0  0  0  0  0  1  0  0  0  0  0  0  0.74088236D-13
 295 HC2S+       1  1  0  2  0  0  0  1  0  0  0  0  0  0  0.23544863D-13
 296 HOCS+       1  1  0  1  0  1  0  1  0  0  0  0  0  0  0.10039496D-12
 297 PCH2+       1  2  0  1  0  0  0  0  0  0  0  0  1  0  0.36588333D-15
 298 H2S2+       1  2  0  0  0  0  0  2  0  0  0  0  0  0  0.44349821D-15
 299 C2H2+       1  2  0  2  0  0  0  0  0  0  0  0  0  0  0.27710564D-13
 300 C2HO+       1  1  0  2  0  1  0  0  0  0  0  0  0  0  0.88381959D-14
 301 C2N2+       1  0  0  2  2  0  0  0  0  0  0  0  0  0  0.37159609D-22
 302 C3N+        1  0  0  3  1  0  0  0  0  0  0  0  0  0  0.24937638D-21
 303 C3O+        1  0  0  3  0  1  0  0  0  0  0  0  0  0  0.13046677D-15
 304 C3S+        1  0  0  3  0  0  0  1  0  0  0  0  0  0  0.22140697D-15
 305 CH2Si+      1  2  0  1  0  0  1  0  0  0  0  0  0  0  0.45357308D-15
 306 H2CCl+      1  2  0  1  0  0  0  0  0  0  0  1  0  0  0.12142415D-15
 307 H2CS+       1  2  0  1  0  0  0  1  0  0  0  0  0  0  0.13176610D-14
 308 H2NC+       1  2  0  1  1  0  0  0  0  0  0  0  0  0  0.95582712D-13
 309 H2PO+       1  2  0  0  0  1  0  0  0  0  0  0  1  0  0.33528265D-15
 310 H2SiO+      1  2  0  0  0  1  1  0  0  0  0  0  0  0  0.20756261D-15
 311 HOCO+       1  1  0  1  0  2  0  0  0  0  0  0  0  0  0.67328252D-12
 312 HNCO+       1  1  0  1  1  1  0  0  0  0  0  0  0  0  0.11912660D-19
 313 HSiO2+      1  1  0  0  0  2  1  0  0  0  0  0  0  0  0.84311009D-14
 314 HSO2+       1  1  0  0  0  2  0  1  0  0  0  0  0  0  0.23326404D-12
 315 NaH2O+      1  2  0  0  0  1  0  0  0  1  0  0  0  0  0.18820648D-14
 316 NH3+        1  3  0  0  1  0  0  0  0  0  0  0  0  0  0.75767435D-11
 317 PC2H+       1  1  0  2  0  0  0  0  0  0  0  0  1  0  0.36939669D-17
 318 PH3+        1  3  0  0  0  0  0  0  0  0  0  0  1  0  0.84350438D-16
 319 PNH2+       1  2  0  0  1  0  0  0  0  0  0  0  1  0  0.41116687D-15
 320 SiC2H+      1  1  0  2  0  0  1  0  0  0  0  0  0  0  0.58896349D-15
 321 l-SiC3+     1  0  0  3  0  0  1  0  0  0  0  0  0  0  0.12289460D-15
 322 SiH3+       1  3  0  0  0  0  1  0  0  0  0  0  0  0  0.19556597D-15
 323 SiNCH+      1  1  0  1  1  0  1  0  0  0  0  0  0  0  0.87080835D-17
 324 HSiNH+      1  2  0  0  1  0  1  0  0  0  0  0  0  0  0.66335316D-12
 325 HN2O+       1  1  0  0  2  1  0  0  0  0  0  0  0  0  0.12920659D-16
 326 C2H3+       1  3  0  2  0  0  0  0  0  0  0  0  0  0  0.29438281D-12
 327 c-C3H2+     1  2  0  3  0  0  0  0  0  0  0  0  0  0  0.31433648D-14
 328 l-C3H2+     1  2  0  3  0  0  0  0  0  0  0  0  0  0  0.83435660D-15
 329 C4H+        1  1  0  4  0  0  0  0  0  0  0  0  0  0  0.74554030D-18
 330 C5+         1  0  0  5  0  0  0  0  0  0  0  0  0  0  0.25730184D-21
 331 HC3O+       1  1  0  3  0  1  0  0  0  0  0  0  0  0  0.48530101D-15
 332 C4H-       -1  1  0  4  0  0  0  0  0  0  0  0  0  0  0.27079984D-16
 333 C5-        -1  0  0  5  0  0  0  0  0  0  0  0  0  0  0.12255965D-17
 334 NH4+        1  4  0  0  1  0  0  0  0  0  0  0  0  0  0.21847560D-10
 335 H3CS+       1  3  0  1  0  0  0  1  0  0  0  0  0  0  0.46616726D-13
 336 H2COH+      1  3  0  1  0  1  0  0  0  0  0  0  0  0  0.85892573D-13
 337 H3S2+       1  3  0  0  0  0  0  2  0  0  0  0  0  0  0.11322502D-14
 338 HC3S+       1  1  0  3  0  0  0  1  0  0  0  0  0  0  0.33576723D-14
 339 PC3H+       1  1  0  3  0  0  0  0  0  0  0  0  1  0  0.55395855D-19
 340 PCH3+       1  3  0  1  0  0  0  0  0  0  0  0  1  0  0.32606400D-17
 341 PNH3+       1  3  0  0  1  0  0  0  0  0  0  0  1  0  0.26579759D-16
 342 SiC2H2+     1  2  0  2  0  0  1  0  0  0  0  0  0  0  0.80744397D-15
 343 SiC3H+      1  1  0  3  0  0  1  0  0  0  0  0  0  0  0.12452982D-15
 344 SiC4+       1  0  0  4  0  0  1  0  0  0  0  0  0  0  0.10245768D-18
 345 SiCH3+      1  3  0  1  0  0  1  0  0  0  0  0  0  0  0.12202883D-17
 346 SiH4+       1  4  0  0  0  0  1  0  0  0  0  0  0  0  0.29735273D-26
 347 CH2CN+      1  2  0  2  1  0  0  0  0  0  0  0  0  0  0.51484441D-14
 348 H2CCO+      1  2  0  2  0  1  0  0  0  0  0  0  0  0  0.79057311D-13
 349 HC3N+       1  1  0  3  1  0  0  0  0  0  0  0  0  0  0.49944026D-18
 350 C4N+        1  0  0  4  1  0  0  0  0  0  0  0  0  0  0.16584173D-20
 351 C4P+        1  0  0  4  0  0  0  0  0  0  0  0  1  0  0.69435668D-23
 352 C4S+        1  0  0  4  0  0  0  1  0  0  0  0  0  0  0.15318045D-17
 353 HCOOH+      1  2  0  1  0  2  0  0  0  0  0  0  0  0  0.17043000D-13
 354 CH4+        1  4  0  1  0  0  0  0  0  0  0  0  0  0  0.81043824D-16
 355 H3SiO+      1  3  0  0  0  1  1  0  0  0  0  0  0  0  0.27333511D-18
 356 PC2H2+      1  2  0  2  0  0  0  0  0  0  0  0  1  0  0.52662981D-18
 357 C6+         1  0  0  6  0  0  0  0  0  0  0  0  0  0  0.38738942D-23
 358 HC4N+       1  1  0  4  1  0  0  0  0  0  0  0  0  0  0.71789052D-24
 359 C5H-       -1  1  0  5  0  0  0  0  0  0  0  0  0  0  0.39968812D-18
 360 C6-        -1  0  0  6  0  0  0  0  0  0  0  0  0  0  0.23923421D-20
 361 CH3CO+      1  3  0  2  0  1  0  0  0  0  0  0  0  0  0.26739810D-12
 362 C2H4+       1  4  0  2  0  0  0  0  0  0  0  0  0  0  0.67522439D-13
 363 HC3NH+      1  2  0  3  1  0  0  0  0  0  0  0  0  0  0.51850695D-15
 364 HC4S+       1  1  0  4  0  0  0  1  0  0  0  0  0  0  0.12818770D-16
 365 CH5+        1  5  0  1  0  0  0  0  0  0  0  0  0  0  0.13330949D-12
 366 C4H2+       1  2  0  4  0  0  0  0  0  0  0  0  0  0  0.19727942D-14
 367 C5H+        1  1  0  5  0  0  0  0  0  0  0  0  0  0  0.16560520D-17
 368 CH3CN+      1  3  0  2  1  0  0  0  0  0  0  0  0  0  0.16347789D-15
 369 c-C3H3+     1  3  0  3  0  0  0  0  0  0  0  0  0  0  0.16260483D-13
 370 l-C3H3+     1  3  0  3  0  0  0  0  0  0  0  0  0  0  0.14504772D-13
 371 C5N+        1  0  0  5  1  0  0  0  0  0  0  0  0  0  0.43070440D-24
 372 CH3O2+      1  3  0  1  0  2  0  0  0  0  0  0  0  0  0.60511871D-12
 373 CH2NH2+     1  4  0  1  1  0  0  0  0  0  0  0  0  0  0.32300818D-13
 374 CH3OH+      1  4  0  1  0  1  0  0  0  0  0  0  0  0  0.61228544D-18
 375 H2C3O+      1  2  0  3  0  1  0  0  0  0  0  0  0  0  0.63913733D-17
 376 HC2NCH+     1  2  0  3  1  0  0  0  0  0  0  0  0  0  0.89368676D-15
 377 HC4O+       1  1  0  4  0  1  0  0  0  0  0  0  0  0  0.94259238D-15
 378 NH2CNH+     1  3  0  1  2  0  0  0  0  0  0  0  0  0  0.00000000D+00
 379 PC2H3+      1  3  0  2  0  0  0  0  0  0  0  0  1  0  0.23500823D-20
 380 PC4H+       1  1  0  4  0  0  0  0  0  0  0  0  1  0  0.21719248D-19
 381 PCH4+       1  4  0  1  0  0  0  0  0  0  0  0  1  0  0.16339572D-18
 382 SiC2H3+     1  3  0  2  0  0  1  0  0  0  0  0  0  0  0.59212381D-16
 383 SiC3H2+     1  2  0  3  0  0  1  0  0  0  0  0  0  0  0.27734186D-18
 384 SiC4H+      1  1  0  4  0  0  1  0  0  0  0  0  0  0  0.11012005D-19
 385 SiCH4+      1  4  0  1  0  0  1  0  0  0  0  0  0  0  0.12153378D-17
 386 SiH5+       1  5  0  0  0  0  1  0  0  0  0  0  0  0  0.11567307D-19
 387 C7+         1  0  0  7  0  0  0  0  0  0  0  0  0  0  0.45757332D-25
 388 H2C4N+      1  2  0  4  1  0  0  0  0  0  0  0  0  0  0.10696321D-23
 389 C6H-       -1  1  0  6  0  0  0  0  0  0  0  0  0  0  0.45318079D-20
 390 C7-        -1  0  0  7  0  0  0  0  0  0  0  0  0  0  0.78963551D-22
 391 C4H3+       1  3  0  4  0  0  0  0  0  0  0  0  0  0  0.81688459D-16
 392 C5H2+       1  2  0  5  0  0  0  0  0  0  0  0  0  0  0.69634931D-20
 393 CH3CNH+     1  4  0  2  1  0  0  0  0  0  0  0  0  0  0.35774409D-13
 394 C2H4O+      1  4  0  2  0  1  0  0  0  0  0  0  0  0  0.68109015D-16
 395 C2H5+       1  5  0  2  0  0  0  0  0  0  0  0  0  0  0.19220140D-14
 396 C3H3N+      1  3  0  3  1  0  0  0  0  0  0  0  0  0  0.70646813D-18
 397 C3H4+       1  4  0  3  0  0  0  0  0  0  0  0  0  0  0.22847474D-18
 398 HC5N+       1  1  0  5  1  0  0  0  0  0  0  0  0  0  0.15524013D-21
 399 C6H+        1  1  0  6  0  0  0  0  0  0  0  0  0  0  0.15214222D-21
 400 CH3NH2+     1  5  0  1  1  0  0  0  0  0  0  0  0  0  0.23532686D-14
 401 CH3OH2+     1  5  0  1  0  1  0  0  0  0  0  0  0  0  0.99461542D-16
 402 H3C3O+      1  3  0  3  0  1  0  0  0  0  0  0  0  0  0.50399119D-15
 403 NH2CH2O+    1  4  0  1  1  1  0  0  0  0  0  0  0  0  0.10229832D-16
 404 PC2H4+      1  4  0  2  0  0  0  0  0  0  0  0  1  0  0.47357691D-22
 405 PC4H2+      1  2  0  4  0  0  0  0  0  0  0  0  1  0  0.50227458D-22
 406 HC5O+       1  1  0  5  0  1  0  0  0  0  0  0  0  0  0.29425725D-18
 407 C6N+        1  0  0  6  1  0  0  0  0  0  0  0  0  0  0.92810441D-25
 408 H2C5N+      1  2  0  5  1  0  0  0  0  0  0  0  0  0  0.87800306D-20
 409 C8+         1  0  0  8  0  0  0  0  0  0  0  0  0  0  0.54168340D-25
 410 C7H-       -1  1  0  7  0  0  0  0  0  0  0  0  0  0  0.13231709D-20
 411 C8-        -1  0  0  8  0  0  0  0  0  0  0  0  0  0  0.47779140D-23
 412 C5H3+       1  3  0  5  0  0  0  0  0  0  0  0  0  0  0.14783297D-18
 413 C3H5+       1  5  0  3  0  0  0  0  0  0  0  0  0  0  0.15015410D-16
 414 C6H2+       1  2  0  6  0  0  0  0  0  0  0  0  0  0  0.34866017D-20
 415 C7H+        1  1  0  7  0  0  0  0  0  0  0  0  0  0  0.65755449D-22
 416 CH3CHOH+    1  5  0  2  0  1  0  0  0  0  0  0  0  0  0.55898549D-17
 417 C2H6+       1  6  0  2  0  0  0  0  0  0  0  0  0  0  0.88916795D-22
 418 C3H3NH+     1  4  0  3  1  0  0  0  0  0  0  0  0  0  0.22793449D-18
 419 C4H4+       1  4  0  4  0  0  0  0  0  0  0  0  0  0  0.20044552D-20
 420 C7N+        1  0  0  7  1  0  0  0  0  0  0  0  0  0  0.17129258D-28
 421 CH3NH3+     1  6  0  1  1  0  0  0  0  0  0  0  0  0  0.44520017D-13
 422 COOCH4+     1  4  0  2  0  2  0  0  0  0  0  0  0  0  0.14986780D-21
 423 H3C4N+      1  3  0  4  1  0  0  0  0  0  0  0  0  0  0.10696071D-23
 424 HC6N+       1  1  0  6  1  0  0  0  0  0  0  0  0  0  0.43704730D-28
 425 C9+         1  0  0  9  0  0  0  0  0  0  0  0  0  0  0.55834376D-26
 426 C8H-       -1  1  0  8  0  0  0  0  0  0  0  0  0  0  0.33220489D-21
 427 C9-        -1  0  0  9  0  0  0  0  0  0  0  0  0  0  0.13891049D-23
 428 C4H5+       1  5  0  4  0  0  0  0  0  0  0  0  0  0  0.12608758D-18
 429 C6H3+       1  3  0  6  0  0  0  0  0  0  0  0  0  0  0.35608282D-20
 430 C7H2+       1  2  0  7  0  0  0  0  0  0  0  0  0  0  0.16079797D-22
 431 C2H5OH+     1  6  0  2  0  1  0  0  0  0  0  0  0  0  0.50866291D-20
 432 H3C4NH+     1  4  0  4  1  0  0  0  0  0  0  0  0  0  0.19701327D-19
 433 C5H3N+      1  3  0  5  1  0  0  0  0  0  0  0  0  0  0.26978609D-21
 434 C5H4+       1  4  0  5  0  0  0  0  0  0  0  0  0  0  0.44795325D-19
 435 HC7N+       1  1  0  7  1  0  0  0  0  0  0  0  0  0  0.19648930D-25
 436 C8H+        1  1  0  8  0  0  0  0  0  0  0  0  0  0  0.32092043D-27
 437 CH3OCH3+    1  6  0  2  0  1  0  0  0  0  0  0  0  0  0.47405966D-24
 438 H5C2O2+     1  5  0  2  0  2  0  0  0  0  0  0  0  0  0.18193053D-20
 439 HC7O+       1  1  0  7  0  1  0  0  0  0  0  0  0  0  0.16379956D-21
 440 C8N+        1  0  0  8  1  0  0  0  0  0  0  0  0  0  0.40260267D-28
 441 H2C6N+      1  2  0  6  1  0  0  0  0  0  0  0  0  0  0.27900423D-23
 442 C2H7+       1  7  0  2  0  0  0  0  0  0  0  0  0  0  0.15602389D-40
 443 C10+        1  0  0 10  0  0  0  0  0  0  0  0  0  0  0.21546692D-29
 444 CH3OCH4+    1  7  0  2  0  1  0  0  0  0  0  0  0  0  0.18854080D-22
 445 C9H-       -1  1  0  9  0  0  0  0  0  0  0  0  0  0  0.38749716D-24
 446 C10-       -1  0  0 10  0  0  0  0  0  0  0  0  0  0  0.37088291D-27
 447 C7H2N+      1  2  0  7  1  0  0  0  0  0  0  0  0  0  0.18984851D-22
 448 C7H3+       1  3  0  7  0  0  0  0  0  0  0  0  0  0  0.38024155D-21
 449 C5H5+       1  5  0  5  0  0  0  0  0  0  0  0  0  0  0.12683470D-18
 450 C8H2+       1  2  0  8  0  0  0  0  0  0  0  0  0  0  0.51657776D-23
 451 C9H+        1  1  0  9  0  0  0  0  0  0  0  0  0  0  0.15583415D-23
 452 C2H5OH2+    1  7  0  2  0  1  0  0  0  0  0  0  0  0  0.39991733D-18
 453 C2H6CO+     1  6  0  3  0  1  0  0  0  0  0  0  0  0  0.38171946D-23
 454 C5H4N+      1  4  0  5  1  0  0  0  0  0  0  0  0  0  0.85222462D-20
 455 C6H4+       1  4  0  6  0  0  0  0  0  0  0  0  0  0  0.59659917D-20
 456 C9N+        1  0  0  9  1  0  0  0  0  0  0  0  0  0  0.40531631D-30
 457 HC8N+       1  1  0  8  1  0  0  0  0  0  0  0  0  0  0.11971121D-29
 458 C10H+       1  1  0 10  0  0  0  0  0  0  0  0  0  0  0.40365005D-27
 459 C10H-      -1  1  0 10  0  0  0  0  0  0  0  0  0  0  0.51794231D-28
 460 C8H3+       1  3  0  8  0  0  0  0  0  0  0  0  0  0  0.11905329D-24
 461 C9H2+       1  2  0  9  0  0  0  0  0  0  0  0  0  0  0.83548761D-26
 462 C3H6OH+     1  7  0  3  0  1  0  0  0  0  0  0  0  0  0.36697045D-22
 463 C4H7+       1  7  0  4  0  0  0  0  0  0  0  0  0  0  0.53221772D-21
 464 H3C6NH+     1  4  0  6  1  0  0  0  0  0  0  0  0  0  0.38931409D-24
 465 C6H5+       1  5  0  6  0  0  0  0  0  0  0  0  0  0  0.54374886D-24
 466 H3C7N+      1  3  0  7  1  0  0  0  0  0  0  0  0  0  0.85644710D-25
 467 C7H4+       1  4  0  7  0  0  0  0  0  0  0  0  0  0  0.17803344D-22
 468 C9HN+       1  1  0  9  1  0  0  0  0  0  0  0  0  0  0.12945028D-27
 469 C11+        1  0  0 11  0  0  0  0  0  0  0  0  0  0  0.32612018D-29
 470 HC9O+       1  1  0  9  0  1  0  0  0  0  0  0  0  0  0.60941409D-25
 471 C10N+       1  0  0 10  1  0  0  0  0  0  0  0  0  0  0.26484990D-31
 472 H2C8N+      1  2  0  8  1  0  0  0  0  0  0  0  0  0  0.76425904D-25
 473 C9H2N+      1  2  0  9  1  0  0  0  0  0  0  0  0  0  0.52905679D-26
 474 C9H3+       1  3  0  9  0  0  0  0  0  0  0  0  0  0  0.10126858D-26
 475 C10H2+      1  2  0 10  0  0  0  0  0  0  0  0  0  0  0.40375054D-29
 476 C7H5+       1  5  0  7  0  0  0  0  0  0  0  0  0  0  0.73261016D-24
 477 C8H4+       1  4  0  8  0  0  0  0  0  0  0  0  0  0  0.15786585D-25
 478 HC10N+      1  1  0 10  1  0  0  0  0  0  0  0  0  0  0.26220616D-35
 479 C6H7+       1  7  0  6  0  0  0  0  0  0  0  0  0  0  0.78119315D-21
 480 C9H4+       1  4  0  9  0  0  0  0  0  0  0  0  0  0  0.26062972D-27
 481 C8H4N+      1  4  0  8  1  0  0  0  0  0  0  0  0  0  0.14929617D-27
 482 C8H5+       1  5  0  8  0  0  0  0  0  0  0  0  0  0  0.14101361D-27
 483 C9H3N+      1  3  0  9  1  0  0  0  0  0  0  0  0  0  0.40144242D-29
 484 C10H3+      1  3  0 10  0  0  0  0  0  0  0  0  0  0  0.52420608D-29
 485 H2C10N+     1  2  0 10  1  0  0  0  0  0  0  0  0  0  0.25110372D-30
 486 C9H5+       1  5  0  9  0  0  0  0  0  0  0  0  0  0  0.25519468D-30
 487 GRAIN0      0  0  0  0  0  0  0  0  0  0  0  0  0  0  0.58254451D-14
 488 GRAIN-     -1  0  0  0  0  0  0  0  0  0  0  0  0  0  0.13156745D-11
 489 XH          0  1  0  0  0  0  0  0  0  0  0  0  0  0  0.32204000D-17
