0.11D+08                                              +-  H  He C  O  S  G    
 JSPACE =            1
   1 H           0  1  0  0  0  0  0  0  0  0  0  0  0  0  0.19563986D-03
   2 C           0  0  0  1  0  0  0  0  0  0  0  0  0  0  0.23304534D-04
   3 Fe          0  0  0  0  0  0  0  0  1  0  0  0  0  0  0.34114742D-10
   4 Mg          0  0  0  0  0  0  0  0  0  0  1  0  0  0  0.22446594D-09
   5 S           0  0  0  0  0  0  0  1  0  0  0  0  0  0  0.82052397D-08
   6 Si          0  0  0  0  0  0  1  0  0  0  0  0  0  0  0.75053128D-09
   7 O           0  0  0  0  0  1  0  0  0  0  0  0  0  0  0.95172427D-04
   8 N           0  0  0  0  1  0  0  0  0  0  0  0  0  0  0.58589512D-04
   9 He          0  0  1  0  0  0  0  0  0  0  0  0  0  0  0.90000000D-01
  10 Cl          0  0  0  0  0  0  0  0  0  0  0  1  0  0  0.99977546D-09
  11 Na          0  0  0  0  0  0  0  0  0  1  0  0  0  0  0.51896057D-10
  12 P           0  0  0  0  0  0  0  0  0  0  0  0  1  0  0.12817325D-10
  13 F           0  0  0  0  0  0  0  0  0  0  0  0  0  1  0.14873824D-09
  14 OH          0  1  0  0  0  1  0  0  0  0  0  0  0  0  0.27494721D-09
  15 CO          0  0  0  1  0  1  0  0  0  0  0  0  0  0  0.14482594D-03
  16 CS          0  0  0  1  0  0  0  1  0  0  0  0  0  0  0.35998583D-08
  17 HS          0  1  0  0  0  0  0  1  0  0  0  0  0  0  0.13783074D-10
  18 N2          0  0  0  0  2  0  0  0  0  0  0  0  0  0  0.16814683D-05
  19 NH          0  1  0  0  1  0  0  0  0  0  0  0  0  0  0.48791716D-11
  20 SiH         0  1  0  0  0  0  1  0  0  0  0  0  0  0  0.36487508D-10
  21 SiO         0  0  0  0  0  1  1  0  0  0  0  0  0  0  0.29692708D-10
  22 SO          0  0  0  0  0  1  0  1  0  0  0  0  0  0  0.35043243D-11
  23 CH          0  1  0  1  0  0  0  0  0  0  0  0  0  0  0.25847644D-07
  24 O2          0  0  0  0  0  2  0  0  0  0  0  0  0  0  0.22576942D-09
  25 H2          0  2  0  0  0  0  0  0  0  0  0  0  0  0  0.49990213D+00
  26 C2          0  0  0  2  0  0  0  0  0  0  0  0  0  0  0.11016253D-07
  27 CN          0  0  0  1  1  0  0  0  0  0  0  0  0  0  0.43838937D-07
  28 MgH         0  1  0  0  0  0  0  0  0  0  1  0  0  0  0.20378037D-16
  29 NaH         0  1  0  0  0  0  0  0  0  1  0  0  0  0  0.12462883D-14
  30 NO          0  0  0  0  1  1  0  0  0  0  0  0  0  0  0.74195837D-10
  31 NS          0  0  0  0  1  0  0  1  0  0  0  0  0  0  0.20713115D-11
  32 PH          0  1  0  0  0  0  0  0  0  0  0  0  1  0  0.43114630D-12
  33 PN          0  0  0  0  1  0  0  0  0  0  0  0  1  0  0.42191542D-11
  34 PO          0  0  0  0  0  1  0  0  0  0  0  0  1  0  0.16760270D-12
  35 S2          0  0  0  0  0  0  0  2  0  0  0  0  0  0  0.14340581D-14
  36 SiC         0  0  0  1  0  0  1  0  0  0  0  0  0  0  0.35063297D-10
  37 SiN         0  0  0  0  1  0  1  0  0  0  0  0  0  0  0.17340976D-10
  38 SiS         0  0  0  0  0  0  1  1  0  0  0  0  0  0  0.84987993D-13
  39 CCl         0  0  0  1  0  0  0  0  0  0  0  1  0  0  0.26003615D-16
  40 ClO         0  0  0  0  0  1  0  0  0  0  0  1  0  0  0.00000000D+00
  41 CP          0  0  0  1  0  0  0  0  0  0  0  0  1  0  0.22081102D-12
  42 HCl         0  1  0  0  0  0  0  0  0  0  0  1  0  0  0.21568246D-12
  43 HF          0  1  0  0  0  0  0  0  0  0  0  0  0  1  0.64494424D-08
  44 CCH         0  1  0  2  0  0  0  0  0  0  0  0  0  0  0.52434751D-08
  45 C3          0  0  0  3  0  0  0  0  0  0  0  0  0  0  0.12136661D-07
  46 CH2         0  2  0  1  0  0  0  0  0  0  0  0  0  0  0.12621971D-07
  47 SO2         0  0  0  0  0  2  0  1  0  0  0  0  0  0  0.34322140D-15
  48 H2O         0  2  0  0  0  1  0  0  0  0  0  0  0  0  0.16965792D-09
  49 HCN         0  1  0  1  1  0  0  0  0  0  0  0  0  0  0.19904145D-08
  50 HCSi        0  1  0  1  0  0  1  0  0  0  0  0  0  0  0.75141547D-10
  51 CCN         0  0  0  2  1  0  0  0  0  0  0  0  0  0  0.56151161D-09
  52 CCS         0  0  0  2  0  0  0  1  0  0  0  0  0  0  0.20988023D-10
  53 CCO         0  0  0  2  0  1  0  0  0  0  0  0  0  0  0.28592254D-11
  54 CCP         0  0  0  2  0  0  0  0  0  0  0  0  1  0  0.11735216D-13
  55 CO2         0  0  0  1  0  2  0  0  0  0  0  0  0  0  0.85921426D-10
  56 H2S         0  2  0  0  0  0  0  1  0  0  0  0  0  0  0.27854561D-13
  57 HCO         0  1  0  1  0  1  0  0  0  0  0  0  0  0  0.42403148D-10
  58 HCP         0  1  0  1  0  0  0  0  0  0  0  0  1  0  0.24093815D-12
  59 HCS         0  1  0  1  0  0  0  1  0  0  0  0  0  0  0.23464943D-12
  60 HNC         0  1  0  1  1  0  0  0  0  0  0  0  0  0  0.56286662D-09
  61 HNO         0  1  0  0  1  1  0  0  0  0  0  0  0  0  0.24330895D-11
  62 HNSi        0  1  0  0  1  0  1  0  0  0  0  0  0  0  0.57691756D-12
  63 HPO         0  1  0  0  0  1  0  0  0  0  0  0  1  0  0.13098221D-16
  64 HSS         0  1  0  0  0  0  0  2  0  0  0  0  0  0  0.24100938D-16
  65 N2O         0  0  0  0  2  1  0  0  0  0  0  0  0  0  0.18956624D-17
  66 NaOH        0  1  0  0  0  1  0  0  0  1  0  0  0  0  0.35148786D-20
  67 NH2         0  2  0  0  1  0  0  0  0  0  0  0  0  0  0.18195340D-11
  68 NO2         0  0  0  0  1  2  0  0  0  0  0  0  0  0  0.00000000D+00
  69 O2H         0  1  0  0  0  2  0  0  0  0  0  0  0  0  0.30080433D-17
  70 OCN         0  0  0  1  1  1  0  0  0  0  0  0  0  0  0.13550912D-10
  71 OCS         0  0  0  1  0  1  0  1  0  0  0  0  0  0  0.91451813D-13
  72 PH2         0  2  0  0  0  0  0  0  0  0  0  0  1  0  0.42053780D-16
  73 c-SiC2      0  0  0  2  0  0  1  0  0  0  0  0  0  0  0.14455582D-10
  74 SiH2        0  2  0  0  0  0  1  0  0  0  0  0  0  0  0.37012143D-15
  75 SiNC        0  0  0  1  1  0  1  0  0  0  0  0  0  0  0.14444781D-14
  76 SiO2        0  0  0  0  0  2  1  0  0  0  0  0  0  0  0.20595755D-17
  77 C4          0  0  0  4  0  0  0  0  0  0  0  0  0  0  0.20863342D-09
  78 c-C3H       0  1  0  3  0  0  0  0  0  0  0  0  0  0  0.63606677D-09
  79 l-C3H       0  1  0  3  0  0  0  0  0  0  0  0  0  0  0.39309089D-09
  80 CH3         0  3  0  1  0  0  0  0  0  0  0  0  0  0  0.40347466D-09
  81 C2H2        0  2  0  2  0  0  0  0  0  0  0  0  0  0  0.20305291D-08
  82 NH3         0  3  0  0  1  0  0  0  0  0  0  0  0  0  0.27363477D-12
  83 SiCH2       0  2  0  1  0  0  1  0  0  0  0  0  0  0  0.41886789D-14
  84 C3N         0  0  0  3  1  0  0  0  0  0  0  0  0  0  0.25858296D-09
  85 C3O         0  0  0  3  0  1  0  0  0  0  0  0  0  0  0.52712277D-10
  86 C3P         0  0  0  3  0  0  0  0  0  0  0  0  1  0  0.11699943D-17
  87 C3S         0  0  0  3  0  0  0  1  0  0  0  0  0  0  0.11078908D-10
  88 H2CO        0  2  0  1  0  1  0  0  0  0  0  0  0  0  0.22632738D-09
  89 H2CS        0  2  0  1  0  0  0  1  0  0  0  0  0  0  0.20364609D-12
  90 HOOH        0  2  0  0  0  2  0  0  0  0  0  0  0  0  0.79332546D-20
  91 HSSH        0  2  0  0  0  0  0  2  0  0  0  0  0  0  0.15684075D-16
  92 H2SiO       0  2  0  0  0  1  1  0  0  0  0  0  0  0  0.17620146D-21
  93 HCCP        0  1  0  2  0  0  0  0  0  0  0  0  1  0  0.52827082D-15
  94 HCCSi       0  1  0  2  0  0  1  0  0  0  0  0  0  0  0.21975959D-12
  95 l-SiC3      0  0  0  3  0  0  1  0  0  0  0  0  0  0  0.73454030D-12
  96 SiH3        0  3  0  0  0  0  1  0  0  0  0  0  0  0  0.41665500D-21
  97 H2CN        0  2  0  1  1  0  0  0  0  0  0  0  0  0  0.38303456D-10
  98 C5          0  0  0  5  0  0  0  0  0  0  0  0  0  0  0.27967974D-10
  99 c-C3H2      0  2  0  3  0  0  0  0  0  0  0  0  0  0  0.41715060D-09
 100 l-C3H2      0  2  0  3  0  0  0  0  0  0  0  0  0  0  0.30256585D-09
 101 C4H         0  1  0  4  0  0  0  0  0  0  0  0  0  0  0.37170563D-09
 102 CH4         0  4  0  1  0  0  0  0  0  0  0  0  0  0  0.60218059D-09
 103 HC3N        0  1  0  3  1  0  0  0  0  0  0  0  0  0  0.29551955D-10
 104 H2CCN       0  2  0  2  1  0  0  0  0  0  0  0  0  0  0.37667613D-11
 105 H2CCO       0  2  0  2  0  1  0  0  0  0  0  0  0  0  0.87264406D-10
 106 C2H3        0  3  0  2  0  0  0  0  0  0  0  0  0  0  0.86178901D-10
 107 C4N         0  0  0  4  1  0  0  0  0  0  0  0  0  0  0.70778194D-10
 108 C4P         0  0  0  4  0  0  0  0  0  0  0  0  1  0  0.57629696D-17
 109 C4S         0  0  0  4  0  0  0  1  0  0  0  0  0  0  0.92356194D-13
 110 HCOOH       0  2  0  1  0  2  0  0  0  0  0  0  0  0  0.22158984D-16
 111 CH2PH       0  3  0  1  0  0  0  0  0  0  0  0  1  0  0.17841675D-20
 112 CH2NH       0  3  0  1  1  0  0  0  0  0  0  0  0  0  0.15010764D-15
 113 c-HCCHSi    0  2  0  2  0  0  1  0  0  0  0  0  0  0  0.14773951D-13
 114 SiC3H       0  1  0  3  0  0  1  0  0  0  0  0  0  0  0.26733997D-15
 115 SiC4        0  0  0  4  0  0  1  0  0  0  0  0  0  0  0.17527032D-15
 116 SiCH3       0  3  0  1  0  0  1  0  0  0  0  0  0  0  0.46003045D-16
 117 SiH4        0  4  0  0  0  0  1  0  0  0  0  0  0  0  0.23049393D-20
 118 HCNCC       0  1  0  3  1  0  0  0  0  0  0  0  0  0  0.22950233D-13
 119 HCCNC       0  1  0  3  1  0  0  0  0  0  0  0  0  0  0.60874087D-13
 120 HNCCC       0  1  0  3  1  0  0  0  0  0  0  0  0  0  0.33424571D-13
 121 NH2CN       0  2  0  1  2  0  0  0  0  0  0  0  0  0  0.00000000D+00
 122 C6          0  0  0  6  0  0  0  0  0  0  0  0  0  0  0.15155800D-11
 123 CH3CN       0  3  0  2  1  0  0  0  0  0  0  0  0  0  0.46192053D-12
 124 CH2CCH      0  3  0  3  0  0  0  0  0  0  0  0  0  0  0.54848347D-13
 125 C2H4        0  4  0  2  0  0  0  0  0  0  0  0  0  0  0.33907145D-12
 126 NC4N        0  0  0  4  2  0  0  0  0  0  0  0  0  0  0.16966692D-10
 127 H2CSiCH     0  3  0  2  0  0  1  0  0  0  0  0  0  0  0.81870138D-15
 128 SiC4H       0  1  0  4  0  0  1  0  0  0  0  0  0  0  0.81357575D-12
 129 HC4N        0  1  0  4  1  0  0  0  0  0  0  0  0  0  0.42950537D-12
 130 C4H2        0  2  0  4  0  0  0  0  0  0  0  0  0  0  0.30704567D-09
 131 C5H         0  1  0  5  0  0  0  0  0  0  0  0  0  0  0.37662767D-10
 132 C5N         0  0  0  5  1  0  0  0  0  0  0  0  0  0  0.10440268D-10
 133 CH3OH       0  4  0  1  0  1  0  0  0  0  0  0  0  0  0.38193366D-18
 134 NH2CHO      0  3  0  1  1  1  0  0  0  0  0  0  0  0  0.13193271D-17
 135 C5O         0  0  0  5  0  1  0  0  0  0  0  0  0  0  0.51265181D-11
 136 C7          0  0  0  7  0  0  0  0  0  0  0  0  0  0  0.16176835D-12
 137 HC5N        0  1  0  5  1  0  0  0  0  0  0  0  0  0  0.75519018D-12
 138 SiC2CH3     0  3  0  3  0  0  1  0  0  0  0  0  0  0  0.18927599D-17
 139 CH3CHO      0  4  0  2  0  1  0  0  0  0  0  0  0  0  0.10282617D-18
 140 C2H5        0  5  0  2  0  0  0  0  0  0  0  0  0  0  0.21517914D-21
 141 CH2CHCN     0  3  0  3  1  0  0  0  0  0  0  0  0  0  0.21793074D-15
 142 CH3CCH      0  4  0  3  0  0  0  0  0  0  0  0  0  0  0.71433266D-15
 143 C5H2        0  2  0  5  0  0  0  0  0  0  0  0  0  0  0.67017939D-10
 144 C6H         0  1  0  6  0  0  0  0  0  0  0  0  0  0  0.77304989D-11
 145 CH3NH2      0  5  0  1  1  0  0  0  0  0  0  0  0  0  0.44415101D-16
 146 C4H3        0  3  0  4  0  0  0  0  0  0  0  0  0  0  0.22832257D-15
 147 C6N         0  0  0  6  1  0  0  0  0  0  0  0  0  0  0.22268031D-11
 148 C8          0  0  0  8  0  0  0  0  0  0  0  0  0  0  0.62489961D-13
 149 HC6N        0  1  0  6  1  0  0  0  0  0  0  0  0  0  0.10978092D-13
 150 NC6N        0  0  0  6  2  0  0  0  0  0  0  0  0  0  0.41337313D-12
 151 SiC6H       0  1  0  6  0  0  1  0  0  0  0  0  0  0  0.66214613D-13
 152 CH2CHC2H    0  4  0  4  0  0  0  0  0  0  0  0  0  0  0.21406720D-16
 153 C6H2        0  2  0  6  0  0  0  0  0  0  0  0  0  0  0.24989573D-10
 154 C7H         0  1  0  7  0  0  0  0  0  0  0  0  0  0  0.98357229D-12
 155 C7N         0  0  0  7  1  0  0  0  0  0  0  0  0  0  0.55491298D-12
 156 CH3C3N      0  3  0  4  1  0  0  0  0  0  0  0  0  0  0.85813882D-15
 157 HCOOCH3     0  4  0  2  0  2  0  0  0  0  0  0  0  0  0.13320333D-23
 158 C2H6        0  6  0  2  0  0  0  0  0  0  0  0  0  0  0.00000000D+00
 159 C7O         0  0  0  7  0  1  0  0  0  0  0  0  0  0  0.13388026D-12
 160 C9          0  0  0  9  0  0  0  0  0  0  0  0  0  0  0.15449242D-13
 161 HC7N        0  1  0  7  1  0  0  0  0  0  0  0  0  0  0.84744605D-13
 162 SiC3H5      0  5  0  3  0  0  1  0  0  0  0  0  0  0  0.00000000D+00
 163 CH3CH2OH    0  6  0  2  0  1  0  0  0  0  0  0  0  0  0.37424572D-21
 164 C7H2        0  2  0  7  0  0  0  0  0  0  0  0  0  0  0.69436169D-11
 165 C8H         0  1  0  8  0  0  0  0  0  0  0  0  0  0  0.84516285D-12
 166 CH3C4H      0  4  0  5  0  0  0  0  0  0  0  0  0  0  0.20473492D-15
 167 CH3OCH3     0  6  0  2  0  1  0  0  0  0  0  0  0  0  0.12272721D-24
 168 CH3CHCH2    0  6  0  3  0  0  0  0  0  0  0  0  0  0  0.00000000D+00
 169 C8N         0  0  0  8  1  0  0  0  0  0  0  0  0  0  0.16327392D-12
 170 C10         0  0  0 10  0  0  0  0  0  0  0  0  0  0  0.41206985D-13
 171 CH3COCH3    0  6  0  3  0  1  0  0  0  0  0  0  0  0  0.33414397D-24
 172 C8H2        0  2  0  8  0  0  0  0  0  0  0  0  0  0  0.47712391D-11
 173 C9H         0  1  0  9  0  0  0  0  0  0  0  0  0  0  0.12962837D-12
 174 C9N         0  0  0  9  1  0  0  0  0  0  0  0  0  0  0.75525544D-13
 175 CH3C5N      0  3  0  6  1  0  0  0  0  0  0  0  0  0  0.13368187D-16
 176 HC8N        0  1  0  8  1  0  0  0  0  0  0  0  0  0  0.12319203D-14
 177 NC8N        0  0  0  8  2  0  0  0  0  0  0  0  0  0  0.46387180D-13
 178 SiC8H       0  1  0  8  0  0  1  0  0  0  0  0  0  0  0.12642303D-13
 179 CH2CHCHCH2  0  6  0  4  0  0  0  0  0  0  0  0  0  0  0.00000000D+00
 180 C9O         0  0  0  9  0  1  0  0  0  0  0  0  0  0  0.17644539D-13
 181 HC9N        0  1  0  9  1  0  0  0  0  0  0  0  0  0  0.95663477D-14
 182 C10H        0  1  0 10  0  0  0  0  0  0  0  0  0  0  0.82909087D-13
 183 C9H2        0  2  0  9  0  0  0  0  0  0  0  0  0  0  0.96976735D-12
 184 CH3C6H      0  4  0  7  0  0  0  0  0  0  0  0  0  0  0.14990035D-16
 185 C11         0  0  0 11  0  0  0  0  0  0  0  0  0  0  0.24515536D-12
 186 C10N        0  0  0 10  1  0  0  0  0  0  0  0  0  0  0.13217646D-13
 187 CH3C7N      0  3  0  8  1  0  0  0  0  0  0  0  0  0  0.14551227D-17
 188 C10H2       0  2  0 10  0  0  0  0  0  0  0  0  0  0  0.42085532D-12
 189 C6H6        0  6  0  6  0  0  0  0  0  0  0  0  0  0  0.21715820D-14
 190 Si+         1  0  0  0  0  0  1  0  0  0  0  0  0  0  0.70360687D-08
 191 C+          1  0  0  1  0  0  0  0  0  0  0  0  0  0  0.16923688D-05
 192 C-         -1  0  0  1  0  0  0  0  0  0  0  0  0  0  0.47576481D-13
 193 H-         -1  1  0  0  0  0  0  0  0  0  0  0  0  0  0.99702579D-14
 194 O-         -1  0  0  0  0  1  0  0  0  0  0  0  0  0  0.69990962D-15
 195 S-         -1  0  0  0  0  0  0  1  0  0  0  0  0  0  0.29668939D-16
 196 He+         1  0  1  0  0  0  0  0  0  0  0  0  0  0  0.19322456D-10
 197 H+          1  1  0  0  0  0  0  0  0  0  0  0  0  0  0.15078838D-07
 198 Fe+         1  0  0  0  0  0  0  0  1  0  0  0  0  0  0.29658853D-08
 199 Mg+         1  0  0  0  0  0  0  0  0  0  1  0  0  0  0.67755340D-08
 200 N+          1  0  0  0  1  0  0  0  0  0  0  0  0  0  0.41079005D-14
 201 Na+         1  0  0  0  0  0  0  0  0  1  0  0  0  0  0.19481025D-08
 202 O+          1  0  0  0  0  1  0  0  0  0  0  0  0  0  0.37701439D-15
 203 S+          1  0  0  0  0  0  0  1  0  0  0  0  0  0  0.68137972D-07
 204 Cl+         1  0  0  0  0  0  0  0  0  0  0  1  0  0  0.30511597D-16
 205 F+          1  0  0  0  0  0  0  0  0  0  0  0  0  1  0.34868445D-17
 206 P+          1  0  0  0  0  0  0  0  0  0  0  0  1  0  0.18187073D-09
 207 e-         -1  0  0  0  0  0  0  0  0  0  0  0  0  0  0.17952175D-05
 208 CH+         1  1  0  1  0  0  0  0  0  0  0  0  0  0  0.36585956D-12
 209 H2+         1  2  0  0  0  0  0  0  0  0  0  0  0  0  0.57923970D-13
 210 OH+         1  1  0  0  0  1  0  0  0  0  0  0  0  0  0.12277694D-13
 211 SiH+        1  1  0  0  0  0  1  0  0  0  0  0  0  0  0.13200190D-12
 212 C2+         1  0  0  2  0  0  0  0  0  0  0  0  0  0  0.29123118D-12
 213 CN-        -1  0  0  1  1  0  0  0  0  0  0  0  0  0  0.13761080D-12
 214 OH-        -1  1  0  0  0  1  0  0  0  0  0  0  0  0  0.81495596D-14
 215 CF+         1  0  0  1  0  0  0  0  0  0  0  0  0  1  0.81545829D-10
 216 HS+         1  1  0  0  0  0  0  1  0  0  0  0  0  0  0.23744053D-13
 217 SO+         1  0  0  0  0  1  0  1  0  0  0  0  0  0  0.12431726D-12
 218 CCl+        1  0  0  1  0  0  0  0  0  0  0  1  0  0  0.10880449D-14
 219 ClO+        1  0  0  0  0  1  0  0  0  0  0  1  0  0  0.00000000D+00
 220 CN+         1  0  0  1  1  0  0  0  0  0  0  0  0  0  0.10042606D-15
 221 CO+         1  0  0  1  0  1  0  0  0  0  0  0  0  0  0.61357455D-14
 222 CP+         1  0  0  1  0  0  0  0  0  0  0  0  1  0  0.41644744D-17
 223 CS+         1  0  0  1  0  0  0  1  0  0  0  0  0  0  0.59726041D-13
 224 HCl+        1  1  0  0  0  0  0  0  0  0  0  1  0  0  0.23579879D-16
 225 HF+         1  1  0  0  0  0  0  0  0  0  0  0  0  1  0.26770646D-17
 226 HeH+        1  1  1  0  0  0  0  0  0  0  0  0  0  0  0.39396468D-20
 227 N2+         1  0  0  0  2  0  0  0  0  0  0  0  0  0  0.15300751D-16
 228 NH+         1  1  0  0  1  0  0  0  0  0  0  0  0  0  0.27401050D-15
 229 NO+         1  0  0  0  1  1  0  0  0  0  0  0  0  0  0.22321428D-13
 230 NS+         1  0  0  0  1  0  0  1  0  0  0  0  0  0  0.26472850D-13
 231 O2+         1  0  0  0  0  2  0  0  0  0  0  0  0  0  0.42936960D-14
 232 PH+         1  1  0  0  0  0  0  0  0  0  0  0  1  0  0.30430059D-14
 233 PN+         1  0  0  0  1  0  0  0  0  0  0  0  1  0  0.22829729D-14
 234 PO+         1  0  0  0  0  1  0  0  0  0  0  0  1  0  0.31697701D-14
 235 S2+         1  0  0  0  0  0  0  2  0  0  0  0  0  0  0.18385873D-16
 236 SiC+        1  0  0  1  0  0  1  0  0  0  0  0  0  0  0.24682718D-14
 237 SiN+        1  0  0  0  1  0  1  0  0  0  0  0  0  0  0.14561393D-12
 238 SiO+        1  0  0  0  0  1  1  0  0  0  0  0  0  0  0.34603681D-15
 239 SiS+        1  0  0  0  0  0  1  1  0  0  0  0  0  0  0.34117931D-17
 240 SiF+        1  0  0  0  0  0  1  0  0  0  0  0  0  1  0.27158215D-12
 241 CH2+        1  2  0  1  0  0  0  0  0  0  0  0  0  0  0.32784608D-11
 242 C2N+        1  0  0  2  1  0  0  0  0  0  0  0  0  0  0.20838949D-14
 243 CNC+        1  0  0  2  1  0  0  0  0  0  0  0  0  0  0.20308937D-10
 244 HSiO+       1  1  0  0  0  1  1  0  0  0  0  0  0  0  0.64987661D-13
 245 N2H+        1  1  0  0  2  0  0  0  0  0  0  0  0  0  0.48697629D-13
 246 C2H+        1  1  0  2  0  0  0  0  0  0  0  0  0  0  0.39387274D-12
 247 H3+         1  3  0  0  0  0  0  0  0  0  0  0  0  0  0.59988528D-10
 248 C3-        -1  0  0  3  0  0  0  0  0  0  0  0  0  0  0.63708827D-12
 249 HCO+        1  1  0  1  0  1  0  0  0  0  0  0  0  0  0.16207685D-10
 250 HSO+        1  1  0  0  0  1  0  1  0  0  0  0  0  0  0.27223828D-17
 251 H2S+        1  2  0  0  0  0  0  1  0  0  0  0  0  0  0.30843937D-12
 252 HCS+        1  1  0  1  0  0  0  1  0  0  0  0  0  0  0.23527692D-11
 253 HPO+        1  1  0  0  0  1  0  0  0  0  0  0  1  0  0.65203390D-16
 254 C2O+        1  0  0  2  0  1  0  0  0  0  0  0  0  0  0.36270629D-13
 255 C2S+        1  0  0  2  0  0  0  1  0  0  0  0  0  0  0.86169894D-12
 256 C3+         1  0  0  3  0  0  0  0  0  0  0  0  0  0  0.36818030D-12
 257 CCP+        1  0  0  2  0  0  0  0  0  0  0  0  1  0  0.37929506D-15
 258 CHSi+       1  1  0  1  0  0  1  0  0  0  0  0  0  0  0.28946513D-14
 259 CO2+        1  0  0  1  0  2  0  0  0  0  0  0  0  0  0.47474416D-21
 260 H2Cl+       1  2  0  0  0  0  0  0  0  0  0  1  0  0  0.76508630D-14
 261 H2F+        1  2  0  0  0  0  0  0  0  0  0  0  0  1  0.17951067D-14
 262 H2O+        1  2  0  0  0  1  0  0  0  0  0  0  0  0  0.30997819D-13
 263 HCN+        1  1  0  1  1  0  0  0  0  0  0  0  0  0  0.24727522D-14
 264 HCP+        1  1  0  1  0  0  0  0  0  0  0  0  1  0  0.54086496D-17
 265 HNC+        1  1  0  1  1  0  0  0  0  0  0  0  0  0  0.49063366D-14
 266 HNO+        1  1  0  0  1  1  0  0  0  0  0  0  0  0  0.21405262D-15
 267 HNS+        1  1  0  0  1  0  0  1  0  0  0  0  0  0  0.12078337D-17
 268 HNSi+       1  1  0  0  1  0  1  0  0  0  0  0  0  0  0.11068829D-16
 269 HOC+        1  1  0  1  0  1  0  0  0  0  0  0  0  0  0.20586461D-11
 270 HPN+        1  1  0  0  1  0  0  0  0  0  0  0  1  0  0.36462849D-17
 271 HSiS+       1  1  0  0  0  0  1  1  0  0  0  0  0  0  0.13758813D-14
 272 NaH2+       1  2  0  0  0  0  0  0  0  1  0  0  0  0  0.20879856D-15
 273 NCO+        1  0  0  1  1  1  0  0  0  0  0  0  0  0  0.65057295D-17
 274 NH2+        1  2  0  0  1  0  0  0  0  0  0  0  0  0  0.22297321D-14
 275 NO2+        1  0  0  0  1  2  0  0  0  0  0  0  0  0  0.26594358D-21
 276 HO2+        1  1  0  0  0  2  0  0  0  0  0  0  0  0  0.53642729D-19
 277 OCS+        1  0  0  1  0  1  0  1  0  0  0  0  0  0  0.38390340D-13
 278 PH2+        1  2  0  0  0  0  0  0  0  0  0  0  1  0  0.92431315D-14
 279 HS2+        1  1  0  0  0  0  0  2  0  0  0  0  0  0  0.86474545D-18
 280 SiC2+       1  0  0  2  0  0  1  0  0  0  0  0  0  0  0.75782279D-15
 281 SiH2+       1  2  0  0  0  0  1  0  0  0  0  0  0  0  0.93881856D-12
 282 SiNC+       1  0  0  1  1  0  1  0  0  0  0  0  0  0  0.11254897D-12
 283 SO2+        1  0  0  0  0  2  0  1  0  0  0  0  0  0  0.50585478D-23
 284 HCNH+       1  2  0  1  1  0  0  0  0  0  0  0  0  0  0.15458080D-11
 285 HC2N+       1  1  0  2  1  0  0  0  0  0  0  0  0  0  0.63332170D-15
 286 C3H+        1  1  0  3  0  0  0  0  0  0  0  0  0  0  0.21678596D-11
 287 C4+         1  0  0  4  0  0  0  0  0  0  0  0  0  0  0.30093400D-12
 288 H2CO+       1  2  0  1  0  1  0  0  0  0  0  0  0  0  0.28666636D-12
 289 CH3+        1  3  0  1  0  0  0  0  0  0  0  0  0  0  0.50269237D-09
 290 C3N-       -1  0  0  3  1  0  0  0  0  0  0  0  0  0  0.48382641D-12
 291 C4-        -1  0  0  4  0  0  0  0  0  0  0  0  0  0  0.22750837D-10
 292 H3O+        1  3  0  0  0  1  0  0  0  0  0  0  0  0  0.35344694D-11
 293 H2NO+       1  2  0  0  1  1  0  0  0  0  0  0  0  0  0.35304903D-16
 294 H3S+        1  3  0  0  0  0  0  1  0  0  0  0  0  0  0.29602039D-17
 295 HC2S+       1  1  0  2  0  0  0  1  0  0  0  0  0  0  0.87066844D-13
 296 HOCS+       1  1  0  1  0  1  0  1  0  0  0  0  0  0  0.49663698D-17
 297 PCH2+       1  2  0  1  0  0  0  0  0  0  0  0  1  0  0.15090964D-14
 298 H2S2+       1  2  0  0  0  0  0  2  0  0  0  0  0  0  0.23744031D-20
 299 C2H2+       1  2  0  2  0  0  0  0  0  0  0  0  0  0  0.54083926D-10
 300 C2HO+       1  1  0  2  0  1  0  0  0  0  0  0  0  0  0.16554113D-12
 301 C2N2+       1  0  0  2  2  0  0  0  0  0  0  0  0  0  0.13730723D-21
 302 C3N+        1  0  0  3  1  0  0  0  0  0  0  0  0  0  0.10923644D-17
 303 C3O+        1  0  0  3  0  1  0  0  0  0  0  0  0  0  0.20333975D-12
 304 C3S+        1  0  0  3  0  0  0  1  0  0  0  0  0  0  0.48590485D-12
 305 CH2Si+      1  2  0  1  0  0  1  0  0  0  0  0  0  0  0.60746862D-12
 306 H2CCl+      1  2  0  1  0  0  0  0  0  0  0  1  0  0  0.29968439D-18
 307 H2CS+       1  2  0  1  0  0  0  1  0  0  0  0  0  0  0.10253683D-15
 308 H2NC+       1  2  0  1  1  0  0  0  0  0  0  0  0  0  0.14664862D-11
 309 H2PO+       1  2  0  0  0  1  0  0  0  0  0  0  1  0  0.73043531D-21
 310 H2SiO+      1  2  0  0  0  1  1  0  0  0  0  0  0  0  0.11782804D-18
 311 HOCO+       1  1  0  1  0  2  0  0  0  0  0  0  0  0  0.24613378D-17
 312 HNCO+       1  1  0  1  1  1  0  0  0  0  0  0  0  0  0.16522158D-22
 313 HSiO2+      1  1  0  0  0  2  1  0  0  0  0  0  0  0  0.28867233D-24
 314 HSO2+       1  1  0  0  0  2  0  1  0  0  0  0  0  0  0.12817470D-21
 315 NaH2O+      1  2  0  0  0  1  0  0  0  1  0  0  0  0  0.21819231D-21
 316 NH3+        1  3  0  0  1  0  0  0  0  0  0  0  0  0  0.66634133D-13
 317 PC2H+       1  1  0  2  0  0  0  0  0  0  0  0  1  0  0.24591023D-15
 318 PH3+        1  3  0  0  0  0  0  0  0  0  0  0  1  0  0.63449755D-18
 319 PNH2+       1  2  0  0  1  0  0  0  0  0  0  0  1  0  0.90433786D-19
 320 SiC2H+      1  1  0  2  0  0  1  0  0  0  0  0  0  0  0.30639529D-12
 321 l-SiC3+     1  0  0  3  0  0  1  0  0  0  0  0  0  0  0.56616973D-13
 322 SiH3+       1  3  0  0  0  0  1  0  0  0  0  0  0  0  0.11548515D-16
 323 SiNCH+      1  1  0  1  1  0  1  0  0  0  0  0  0  0  0.55218162D-17
 324 HSiNH+      1  2  0  0  1  0  1  0  0  0  0  0  0  0  0.29657594D-14
 325 HN2O+       1  1  0  0  2  1  0  0  0  0  0  0  0  0  0.22452422D-25
 326 C2H3+       1  3  0  2  0  0  0  0  0  0  0  0  0  0  0.25996637D-12
 327 c-C3H2+     1  2  0  3  0  0  0  0  0  0  0  0  0  0  0.62782978D-12
 328 l-C3H2+     1  2  0  3  0  0  0  0  0  0  0  0  0  0  0.21590574D-12
 329 C4H+        1  1  0  4  0  0  0  0  0  0  0  0  0  0  0.36418998D-12
 330 C5+         1  0  0  5  0  0  0  0  0  0  0  0  0  0  0.14025931D-13
 331 HC3O+       1  1  0  3  0  1  0  0  0  0  0  0  0  0  0.32059894D-16
 332 C4H-       -1  1  0  4  0  0  0  0  0  0  0  0  0  0  0.36219786D-10
 333 C5-        -1  0  0  5  0  0  0  0  0  0  0  0  0  0  0.84280083D-11
 334 NH4+        1  4  0  0  1  0  0  0  0  0  0  0  0  0  0.70625838D-15
 335 H3CS+       1  3  0  1  0  0  0  1  0  0  0  0  0  0  0.15396336D-14
 336 H2COH+      1  3  0  1  0  1  0  0  0  0  0  0  0  0  0.76221248D-15
 337 H3S2+       1  3  0  0  0  0  0  2  0  0  0  0  0  0  0.27811104D-19
 338 HC3S+       1  1  0  3  0  0  0  1  0  0  0  0  0  0  0.33606765D-12
 339 PC3H+       1  1  0  3  0  0  0  0  0  0  0  0  1  0  0.57980461D-20
 340 PCH3+       1  3  0  1  0  0  0  0  0  0  0  0  1  0  0.54032414D-21
 341 PNH3+       1  3  0  0  1  0  0  0  0  0  0  0  1  0  0.10077205D-23
 342 SiC2H2+     1  2  0  2  0  0  1  0  0  0  0  0  0  0  0.17749769D-14
 343 SiC3H+      1  1  0  3  0  0  1  0  0  0  0  0  0  0  0.24109619D-13
 344 SiC4+       1  0  0  4  0  0  1  0  0  0  0  0  0  0  0.52202058D-14
 345 SiCH3+      1  3  0  1  0  0  1  0  0  0  0  0  0  0  0.56478745D-18
 346 SiH4+       1  4  0  0  0  0  1  0  0  0  0  0  0  0  0.10402044D-27
 347 CH2CN+      1  2  0  2  1  0  0  0  0  0  0  0  0  0  0.22586062D-12
 348 H2CCO+      1  2  0  2  0  1  0  0  0  0  0  0  0  0  0.31444108D-12
 349 HC3N+       1  1  0  3  1  0  0  0  0  0  0  0  0  0  0.72251802D-14
 350 C4N+        1  0  0  4  1  0  0  0  0  0  0  0  0  0  0.11235634D-14
 351 C4P+        1  0  0  4  0  0  0  0  0  0  0  0  1  0  0.31302397D-21
 352 C4S+        1  0  0  4  0  0  0  1  0  0  0  0  0  0  0.48851867D-13
 353 HCOOH+      1  2  0  1  0  2  0  0  0  0  0  0  0  0  0.43224389D-20
 354 CH4+        1  4  0  1  0  0  0  0  0  0  0  0  0  0  0.67692255D-15
 355 H3SiO+      1  3  0  0  0  1  1  0  0  0  0  0  0  0  0.58669988D-25
 356 PC2H2+      1  2  0  2  0  0  0  0  0  0  0  0  1  0  0.11934925D-16
 357 C6+         1  0  0  6  0  0  0  0  0  0  0  0  0  0  0.58603247D-13
 358 HC4N+       1  1  0  4  1  0  0  0  0  0  0  0  0  0  0.25482592D-19
 359 C5H-       -1  1  0  5  0  0  0  0  0  0  0  0  0  0  0.13967704D-10
 360 C6-        -1  0  0  6  0  0  0  0  0  0  0  0  0  0  0.24699598D-11
 361 CH3CO+      1  3  0  2  0  1  0  0  0  0  0  0  0  0  0.11846435D-12
 362 C2H4+       1  4  0  2  0  0  0  0  0  0  0  0  0  0  0.48200563D-11
 363 HC3NH+      1  2  0  3  1  0  0  0  0  0  0  0  0  0  0.10949807D-13
 364 HC4S+       1  1  0  4  0  0  0  1  0  0  0  0  0  0  0.54371150D-14
 365 CH5+        1  5  0  1  0  0  0  0  0  0  0  0  0  0  0.59568733D-11
 366 C4H2+       1  2  0  4  0  0  0  0  0  0  0  0  0  0  0.12254293D-10
 367 C5H+        1  1  0  5  0  0  0  0  0  0  0  0  0  0  0.69964725D-12
 368 CH3CN+      1  3  0  2  1  0  0  0  0  0  0  0  0  0  0.22001952D-13
 369 c-C3H3+     1  3  0  3  0  0  0  0  0  0  0  0  0  0  0.70580758D-11
 370 l-C3H3+     1  3  0  3  0  0  0  0  0  0  0  0  0  0  0.70577842D-11
 371 C5N+        1  0  0  5  1  0  0  0  0  0  0  0  0  0  0.10906203D-16
 372 CH3O2+      1  3  0  1  0  2  0  0  0  0  0  0  0  0  0.15371824D-19
 373 CH2NH2+     1  4  0  1  1  0  0  0  0  0  0  0  0  0  0.24304509D-17
 374 CH3OH+      1  4  0  1  0  1  0  0  0  0  0  0  0  0  0.62218305D-21
 375 H2C3O+      1  2  0  3  0  1  0  0  0  0  0  0  0  0  0.26601172D-15
 376 HC2NCH+     1  2  0  3  1  0  0  0  0  0  0  0  0  0  0.19251604D-14
 377 HC4O+       1  1  0  4  0  1  0  0  0  0  0  0  0  0  0.56439422D-13
 378 NH2CNH+     1  3  0  1  2  0  0  0  0  0  0  0  0  0  0.00000000D+00
 379 PC2H3+      1  3  0  2  0  0  0  0  0  0  0  0  1  0  0.86509560D-24
 380 PC4H+       1  1  0  4  0  0  0  0  0  0  0  0  1  0  0.67352067D-19
 381 PCH4+       1  4  0  1  0  0  0  0  0  0  0  0  1  0  0.27010842D-22
 382 SiC2H3+     1  3  0  2  0  0  1  0  0  0  0  0  0  0  0.29649413D-15
 383 SiC3H2+     1  2  0  3  0  0  1  0  0  0  0  0  0  0  0.21869021D-17
 384 SiC4H+      1  1  0  4  0  0  1  0  0  0  0  0  0  0  0.99842685D-18
 385 SiCH4+      1  4  0  1  0  0  1  0  0  0  0  0  0  0  0.51577102D-18
 386 SiH5+       1  5  0  0  0  0  1  0  0  0  0  0  0  0  0.10666438D-22
 387 C7+         1  0  0  7  0  0  0  0  0  0  0  0  0  0  0.68884451D-14
 388 H2C4N+      1  2  0  4  1  0  0  0  0  0  0  0  0  0  0.37827898D-19
 389 C6H-       -1  1  0  6  0  0  0  0  0  0  0  0  0  0  0.45206556D-11
 390 C7-        -1  0  0  7  0  0  0  0  0  0  0  0  0  0  0.73216531D-12
 391 C4H3+       1  3  0  4  0  0  0  0  0  0  0  0  0  0  0.87967917D-13
 392 C5H2+       1  2  0  5  0  0  0  0  0  0  0  0  0  0  0.19258215D-14
 393 CH3CNH+     1  4  0  2  1  0  0  0  0  0  0  0  0  0  0.19499516D-13
 394 C2H4O+      1  4  0  2  0  1  0  0  0  0  0  0  0  0  0.21464277D-19
 395 C2H5+       1  5  0  2  0  0  0  0  0  0  0  0  0  0  0.61958099D-16
 396 C3H3N+      1  3  0  3  1  0  0  0  0  0  0  0  0  0  0.34130634D-17
 397 C3H4+       1  4  0  3  0  0  0  0  0  0  0  0  0  0  0.59497158D-17
 398 HC5N+       1  1  0  5  1  0  0  0  0  0  0  0  0  0  0.18494810D-14
 399 C6H+        1  1  0  6  0  0  0  0  0  0  0  0  0  0  0.26556023D-12
 400 CH3NH2+     1  5  0  1  1  0  0  0  0  0  0  0  0  0  0.16796912D-18
 401 CH3OH2+     1  5  0  1  0  1  0  0  0  0  0  0  0  0  0.21021828D-19
 402 H3C3O+      1  3  0  3  0  1  0  0  0  0  0  0  0  0  0.13422284D-16
 403 NH2CH2O+    1  4  0  1  1  1  0  0  0  0  0  0  0  0  0.63227178D-24
 404 PC2H4+      1  4  0  2  0  0  0  0  0  0  0  0  1  0  0.18478813D-23
 405 PC4H2+      1  2  0  4  0  0  0  0  0  0  0  0  1  0  0.24355567D-21
 406 HC5O+       1  1  0  5  0  1  0  0  0  0  0  0  0  0  0.26004932D-17
 407 C6N+        1  0  0  6  1  0  0  0  0  0  0  0  0  0  0.36629804D-16
 408 H2C5N+      1  2  0  5  1  0  0  0  0  0  0  0  0  0  0.22636947D-15
 409 C8+         1  0  0  8  0  0  0  0  0  0  0  0  0  0  0.13872205D-13
 410 C7H-       -1  1  0  7  0  0  0  0  0  0  0  0  0  0  0.18837159D-11
 411 C8-        -1  0  0  8  0  0  0  0  0  0  0  0  0  0  0.99266875D-13
 412 C5H3+       1  3  0  5  0  0  0  0  0  0  0  0  0  0  0.10341316D-15
 413 C3H5+       1  5  0  3  0  0  0  0  0  0  0  0  0  0  0.13473430D-16
 414 C6H2+       1  2  0  6  0  0  0  0  0  0  0  0  0  0  0.20364690D-13
 415 C7H+        1  1  0  7  0  0  0  0  0  0  0  0  0  0  0.93328913D-13
 416 CH3CHOH+    1  5  0  2  0  1  0  0  0  0  0  0  0  0  0.28252724D-20
 417 C2H6+       1  6  0  2  0  0  0  0  0  0  0  0  0  0  0.62039473D-28
 418 C3H3NH+     1  4  0  3  1  0  0  0  0  0  0  0  0  0  0.70009254D-22
 419 C4H4+       1  4  0  4  0  0  0  0  0  0  0  0  0  0  0.76249942D-18
 420 C7N+        1  0  0  7  1  0  0  0  0  0  0  0  0  0  0.15760136D-17
 421 CH3NH3+     1  6  0  1  1  0  0  0  0  0  0  0  0  0  0.64870466D-18
 422 COOCH4+     1  4  0  2  0  2  0  0  0  0  0  0  0  0  0.93403773D-26
 423 H3C4N+      1  3  0  4  1  0  0  0  0  0  0  0  0  0  0.37687248D-19
 424 HC6N+       1  1  0  6  1  0  0  0  0  0  0  0  0  0  0.11847992D-20
 425 C9+         1  0  0  9  0  0  0  0  0  0  0  0  0  0  0.28251924D-14
 426 C8H-       -1  1  0  8  0  0  0  0  0  0  0  0  0  0  0.46476195D-12
 427 C9-        -1  0  0  9  0  0  0  0  0  0  0  0  0  0  0.72883485D-13
 428 C4H5+       1  5  0  4  0  0  0  0  0  0  0  0  0  0  0.86550078D-18
 429 C6H3+       1  3  0  6  0  0  0  0  0  0  0  0  0  0  0.39024829D-16
 430 C7H2+       1  2  0  7  0  0  0  0  0  0  0  0  0  0  0.31956134D-15
 431 C2H5OH+     1  6  0  2  0  1  0  0  0  0  0  0  0  0  0.52870128D-24
 432 H3C4NH+     1  4  0  4  1  0  0  0  0  0  0  0  0  0  0.79408057D-17
 433 C5H3N+      1  3  0  5  1  0  0  0  0  0  0  0  0  0  0.23866998D-18
 434 C5H4+       1  4  0  5  0  0  0  0  0  0  0  0  0  0  0.21860336D-17
 435 HC7N+       1  1  0  7  1  0  0  0  0  0  0  0  0  0  0.13804764D-15
 436 C8H+        1  1  0  8  0  0  0  0  0  0  0  0  0  0  0.18713259D-15
 437 CH3OCH3+    1  6  0  2  0  1  0  0  0  0  0  0  0  0  0.32829858D-27
 438 H5C2O2+     1  5  0  2  0  2  0  0  0  0  0  0  0  0  0.22176269D-25
 439 HC7O+       1  1  0  7  0  1  0  0  0  0  0  0  0  0  0.67912510D-19
 440 C8N+        1  0  0  8  1  0  0  0  0  0  0  0  0  0  0.44231335D-17
 441 H2C6N+      1  2  0  6  1  0  0  0  0  0  0  0  0  0  0.47302820D-18
 442 C2H7+       1  7  0  2  0  0  0  0  0  0  0  0  0  0  0.00000000D+00
 443 C10+        1  0  0 10  0  0  0  0  0  0  0  0  0  0  0.10237728D-14
 444 CH3OCH4+    1  7  0  2  0  1  0  0  0  0  0  0  0  0  0.13258456D-26
 445 C9H-       -1  1  0  9  0  0  0  0  0  0  0  0  0  0  0.23124043D-12
 446 C10-       -1  0  0 10  0  0  0  0  0  0  0  0  0  0  0.61723538D-13
 447 C7H2N+      1  2  0  7  1  0  0  0  0  0  0  0  0  0  0.13897361D-15
 448 C7H3+       1  3  0  7  0  0  0  0  0  0  0  0  0  0  0.14692123D-16
 449 C5H5+       1  5  0  5  0  0  0  0  0  0  0  0  0  0  0.23059817D-17
 450 C8H2+       1  2  0  8  0  0  0  0  0  0  0  0  0  0  0.93295794D-14
 451 C9H+        1  1  0  9  0  0  0  0  0  0  0  0  0  0  0.90002103D-14
 452 C2H5OH2+    1  7  0  2  0  1  0  0  0  0  0  0  0  0  0.85543899D-23
 453 C2H6CO+     1  6  0  3  0  1  0  0  0  0  0  0  0  0  0.37433860D-26
 454 C5H4N+      1  4  0  5  1  0  0  0  0  0  0  0  0  0  0.13109296D-19
 455 C6H4+       1  4  0  6  0  0  0  0  0  0  0  0  0  0  0.61735174D-17
 456 C9N+        1  0  0  9  1  0  0  0  0  0  0  0  0  0  0.15679082D-18
 457 HC8N+       1  1  0  8  1  0  0  0  0  0  0  0  0  0  0.13731885D-21
 458 C10H+       1  1  0 10  0  0  0  0  0  0  0  0  0  0  0.21577905D-14
 459 C10H-      -1  1  0 10  0  0  0  0  0  0  0  0  0  0  0.34623940D-13
 460 C8H3+       1  3  0  8  0  0  0  0  0  0  0  0  0  0  0.41206600D-17
 461 C9H2+       1  2  0  9  0  0  0  0  0  0  0  0  0  0  0.42791015D-16
 462 C3H6OH+     1  7  0  3  0  1  0  0  0  0  0  0  0  0  0.81419018D-26
 463 C4H7+       1  7  0  4  0  0  0  0  0  0  0  0  0  0  0.63073491D-22
 464 H3C6NH+     1  4  0  6  1  0  0  0  0  0  0  0  0  0  0.13947669D-18
 465 C6H5+       1  5  0  6  0  0  0  0  0  0  0  0  0  0  0.53710805D-20
 466 H3C7N+      1  3  0  7  1  0  0  0  0  0  0  0  0  0  0.53827373D-19
 467 C7H4+       1  4  0  7  0  0  0  0  0  0  0  0  0  0  0.14795093D-18
 468 C9HN+       1  1  0  9  1  0  0  0  0  0  0  0  0  0  0.14119760D-16
 469 C11+        1  0  0 11  0  0  0  0  0  0  0  0  0  0  0.55356806D-15
 470 HC9O+       1  1  0  9  0  1  0  0  0  0  0  0  0  0  0.89504227D-20
 471 C10N+       1  0  0 10  1  0  0  0  0  0  0  0  0  0  0.47327343D-18
 472 H2C8N+      1  2  0  8  1  0  0  0  0  0  0  0  0  0  0.54824221D-19
 473 C9H2N+      1  2  0  9  1  0  0  0  0  0  0  0  0  0  0.35047650D-17
 474 C9H3+       1  3  0  9  0  0  0  0  0  0  0  0  0  0  0.12380283D-17
 475 C10H2+      1  2  0 10  0  0  0  0  0  0  0  0  0  0  0.60844183D-17
 476 C7H5+       1  5  0  7  0  0  0  0  0  0  0  0  0  0  0.19356111D-18
 477 C8H4+       1  4  0  8  0  0  0  0  0  0  0  0  0  0  0.37173200D-18
 478 HC10N+      1  1  0 10  1  0  0  0  0  0  0  0  0  0  0.11116485D-22
 479 C6H7+       1  7  0  6  0  0  0  0  0  0  0  0  0  0  0.26002623D-19
 480 C9H4+       1  4  0  9  0  0  0  0  0  0  0  0  0  0  0.12548834D-19
 481 C8H4N+      1  4  0  8  1  0  0  0  0  0  0  0  0  0  0.15651090D-19
 482 C8H5+       1  5  0  8  0  0  0  0  0  0  0  0  0  0  0.72218996D-21
 483 C9H3N+      1  3  0  9  1  0  0  0  0  0  0  0  0  0  0.18824204D-20
 484 C10H3+      1  3  0 10  0  0  0  0  0  0  0  0  0  0  0.41880466D-19
 485 H2C10N+     1  2  0 10  1  0  0  0  0  0  0  0  0  0  0.66573444D-20
 486 C9H5+       1  5  0  9  0  0  0  0  0  0  0  0  0  0  0.84899074D-24
 487 GRAIN0      0  0  0  0  0  0  0  0  0  0  0  0  0  0  0.88925514D-14
 488 GRAIN-     -1  0  0  0  0  0  0  0  0  0  0  0  0  0  0.13126074D-11
 489 XH          0  1  0  0  0  0  0  0  0  0  0  0  0  0  0.51650493D-15
