0.11D+08                                              +-  H  He C  O  S  G    
 JSPACE =            1
   1 H           0  1  0  0  0  0  0  0  0  0  0  0  0  0  0.82363685D-03
   2 C           0  0  0  1  0  0  0  0  0  0  0  0  0  0  0.43074040D-04
   3 Fe          0  0  0  0  0  0  0  0  1  0  0  0  0  0  0.68470246D-11
   4 Mg          0  0  0  0  0  0  0  0  0  0  1  0  0  0  0.33849565D-10
   5 S           0  0  0  0  0  0  0  1  0  0  0  0  0  0  0.51837228D-09
   6 Si          0  0  0  0  0  0  1  0  0  0  0  0  0  0  0.53200250D-10
   7 O           0  0  0  0  0  1  0  0  0  0  0  0  0  0  0.17011435D-03
   8 N           0  0  0  0  1  0  0  0  0  0  0  0  0  0  0.60364163D-04
   9 He          0  0  1  0  0  0  0  0  0  0  0  0  0  0  0.90000000D-01
  10 Cl          0  0  0  0  0  0  0  0  0  0  0  1  0  0  0.99987714D-09
  11 Na          0  0  0  0  0  0  0  0  0  1  0  0  0  0  0.85073183D-11
  12 P           0  0  0  0  0  0  0  0  0  0  0  0  1  0  0.67233068D-13
  13 F           0  0  0  0  0  0  0  0  0  0  0  0  0  1  0.48028182D-09
  14 OH          0  1  0  0  0  1  0  0  0  0  0  0  0  0  0.10579519D-08
  15 CO          0  0  0  1  0  1  0  0  0  0  0  0  0  0  0.69883814D-04
  16 CS          0  0  0  1  0  0  0  1  0  0  0  0  0  0  0.38770421D-09
  17 HS          0  1  0  0  0  0  0  1  0  0  0  0  0  0  0.13639483D-11
  18 N2          0  0  0  0  2  0  0  0  0  0  0  0  0  0  0.77126562D-06
  19 NH          0  1  0  0  1  0  0  0  0  0  0  0  0  0  0.55393131D-11
  20 SiH         0  1  0  0  0  0  1  0  0  0  0  0  0  0  0.71196646D-11
  21 SiO         0  0  0  0  0  1  1  0  0  0  0  0  0  0  0.49302248D-12
  22 SO          0  0  0  0  0  1  0  1  0  0  0  0  0  0  0.10773685D-12
  23 CH          0  1  0  1  0  0  0  0  0  0  0  0  0  0  0.26717799D-07
  24 O2          0  0  0  0  0  2  0  0  0  0  0  0  0  0  0.15719965D-09
  25 H2          0  2  0  0  0  0  0  0  0  0  0  0  0  0  0.49958813D+00
  26 C2          0  0  0  2  0  0  0  0  0  0  0  0  0  0  0.65242294D-07
  27 CN          0  0  0  1  1  0  0  0  0  0  0  0  0  0  0.92310930D-07
  28 MgH         0  1  0  0  0  0  0  0  0  0  1  0  0  0  0.51788751D-19
  29 NaH         0  1  0  0  0  0  0  0  0  1  0  0  0  0  0.99466087D-16
  30 NO          0  0  0  0  1  1  0  0  0  0  0  0  0  0  0.24193376D-10
  31 NS          0  0  0  0  1  0  0  1  0  0  0  0  0  0  0.30963517D-13
  32 PH          0  1  0  0  0  0  0  0  0  0  0  0  1  0  0.70148865D-14
  33 PN          0  0  0  0  1  0  0  0  0  0  0  0  1  0  0.81688629D-13
  34 PO          0  0  0  0  0  1  0  0  0  0  0  0  1  0  0.72477961D-15
  35 S2          0  0  0  0  0  0  0  2  0  0  0  0  0  0  0.37088736D-17
  36 SiC         0  0  0  1  0  0  1  0  0  0  0  0  0  0  0.35861402D-11
  37 SiN         0  0  0  0  1  0  1  0  0  0  0  0  0  0  0.25372642D-12
  38 SiS         0  0  0  0  0  0  1  1  0  0  0  0  0  0  0.11070846D-14
  39 CCl         0  0  0  1  0  0  0  0  0  0  0  1  0  0  0.29653426D-18
  40 ClO         0  0  0  0  0  1  0  0  0  0  0  1  0  0  0.00000000D+00
  41 CP          0  0  0  1  0  0  0  0  0  0  0  0  1  0  0.27068083D-14
  42 HCl         0  1  0  0  0  0  0  0  0  0  0  1  0  0  0.11545379D-12
  43 HF          0  1  0  0  0  0  0  0  0  0  0  0  0  1  0.61118515D-08
  44 CCH         0  1  0  2  0  0  0  0  0  0  0  0  0  0  0.14459029D-07
  45 C3          0  0  0  3  0  0  0  0  0  0  0  0  0  0  0.21045985D-07
  46 CH2         0  2  0  1  0  0  0  0  0  0  0  0  0  0  0.18506062D-07
  47 SO2         0  0  0  0  0  2  0  1  0  0  0  0  0  0  0.11783967D-18
  48 H2O         0  2  0  0  0  1  0  0  0  0  0  0  0  0  0.38616937D-09
  49 HCN         0  1  0  1  1  0  0  0  0  0  0  0  0  0  0.36498519D-09
  50 HCSi        0  1  0  1  0  0  1  0  0  0  0  0  0  0  0.40988222D-11
  51 CCN         0  0  0  2  1  0  0  0  0  0  0  0  0  0  0.39878684D-09
  52 CCS         0  0  0  2  0  0  0  1  0  0  0  0  0  0  0.48233033D-12
  53 CCO         0  0  0  2  0  1  0  0  0  0  0  0  0  0  0.83585836D-12
  54 CCP         0  0  0  2  0  0  0  0  0  0  0  0  1  0  0.21469418D-15
  55 CO2         0  0  0  1  0  2  0  0  0  0  0  0  0  0  0.20620867D-11
  56 H2S         0  2  0  0  0  0  0  1  0  0  0  0  0  0  0.11632100D-14
  57 HCO         0  1  0  1  0  1  0  0  0  0  0  0  0  0  0.15230192D-10
  58 HCP         0  1  0  1  0  0  0  0  0  0  0  0  1  0  0.22116449D-14
  59 HCS         0  1  0  1  0  0  0  1  0  0  0  0  0  0  0.65100393D-14
  60 HNC         0  1  0  1  1  0  0  0  0  0  0  0  0  0  0.93951854D-10
  61 HNO         0  1  0  0  1  1  0  0  0  0  0  0  0  0  0.15610255D-11
  62 HNSi        0  1  0  0  1  0  1  0  0  0  0  0  0  0  0.21332744D-14
  63 HPO         0  1  0  0  0  1  0  0  0  0  0  0  1  0  0.23644971D-20
  64 HSS         0  1  0  0  0  0  0  2  0  0  0  0  0  0  0.10272072D-20
  65 N2O         0  0  0  0  2  1  0  0  0  0  0  0  0  0  0.88887250D-19
  66 NaOH        0  1  0  0  0  1  0  0  0  1  0  0  0  0  0.84436598D-22
  67 NH2         0  2  0  0  1  0  0  0  0  0  0  0  0  0  0.35413865D-11
  68 NO2         0  0  0  0  1  2  0  0  0  0  0  0  0  0  0.00000000D+00
  69 O2H         0  1  0  0  0  2  0  0  0  0  0  0  0  0  0.89406466D-18
  70 OCN         0  0  0  1  1  1  0  0  0  0  0  0  0  0  0.69393091D-12
  71 OCS         0  0  0  1  0  1  0  1  0  0  0  0  0  0  0.68367862D-15
  72 PH2         0  2  0  0  0  0  0  0  0  0  0  0  1  0  0.49412511D-19
  73 c-SiC2      0  0  0  2  0  0  1  0  0  0  0  0  0  0  0.14804088D-11
  74 SiH2        0  2  0  0  0  0  1  0  0  0  0  0  0  0  0.44274349D-18
  75 SiNC        0  0  0  1  1  0  1  0  0  0  0  0  0  0  0.31508119D-17
  76 SiO2        0  0  0  0  0  2  1  0  0  0  0  0  0  0  0.11589047D-19
  77 C4          0  0  0  4  0  0  0  0  0  0  0  0  0  0  0.72594471D-10
  78 c-C3H       0  1  0  3  0  0  0  0  0  0  0  0  0  0  0.33400295D-09
  79 l-C3H       0  1  0  3  0  0  0  0  0  0  0  0  0  0  0.22275085D-09
  80 CH3         0  3  0  1  0  0  0  0  0  0  0  0  0  0  0.13871548D-10
  81 C2H2        0  2  0  2  0  0  0  0  0  0  0  0  0  0  0.42859838D-09
  82 NH3         0  3  0  0  1  0  0  0  0  0  0  0  0  0  0.23369907D-13
  83 SiCH2       0  2  0  1  0  0  1  0  0  0  0  0  0  0  0.47896222D-18
  84 C3N         0  0  0  3  1  0  0  0  0  0  0  0  0  0  0.82410508D-10
  85 C3O         0  0  0  3  0  1  0  0  0  0  0  0  0  0  0.41871885D-11
  86 C3P         0  0  0  3  0  0  0  0  0  0  0  0  1  0  0.17585914D-21
  87 C3S         0  0  0  3  0  0  0  1  0  0  0  0  0  0  0.19198295D-12
  88 H2CO        0  2  0  1  0  1  0  0  0  0  0  0  0  0  0.10401672D-11
  89 H2CS        0  2  0  1  0  0  0  1  0  0  0  0  0  0  0.26967950D-16
  90 HOOH        0  2  0  0  0  2  0  0  0  0  0  0  0  0  0.32627147D-21
  91 HSSH        0  2  0  0  0  0  0  2  0  0  0  0  0  0  0.61451278D-21
  92 H2SiO       0  2  0  0  0  1  1  0  0  0  0  0  0  0  0.81644174D-27
  93 HCCP        0  1  0  2  0  0  0  0  0  0  0  0  1  0  0.92488810D-17
  94 HCCSi       0  1  0  2  0  0  1  0  0  0  0  0  0  0  0.23704060D-15
  95 l-SiC3      0  0  0  3  0  0  1  0  0  0  0  0  0  0  0.14573619D-13
  96 SiH3        0  3  0  0  0  0  1  0  0  0  0  0  0  0  0.15354363D-25
  97 H2CN        0  2  0  1  1  0  0  0  0  0  0  0  0  0  0.57084946D-12
  98 C5          0  0  0  5  0  0  0  0  0  0  0  0  0  0  0.11142489D-10
  99 c-C3H2      0  2  0  3  0  0  0  0  0  0  0  0  0  0  0.19053700D-09
 100 l-C3H2      0  2  0  3  0  0  0  0  0  0  0  0  0  0  0.14022089D-09
 101 C4H         0  1  0  4  0  0  0  0  0  0  0  0  0  0  0.26413497D-09
 102 CH4         0  4  0  1  0  0  0  0  0  0  0  0  0  0  0.10198261D-11
 103 HC3N        0  1  0  3  1  0  0  0  0  0  0  0  0  0  0.21609212D-11
 104 H2CCN       0  2  0  2  1  0  0  0  0  0  0  0  0  0  0.16333119D-13
 105 H2CCO       0  2  0  2  0  1  0  0  0  0  0  0  0  0  0.46694523D-12
 106 C2H3        0  3  0  2  0  0  0  0  0  0  0  0  0  0  0.37366661D-11
 107 C4N         0  0  0  4  1  0  0  0  0  0  0  0  0  0  0.70804367D-11
 108 C4P         0  0  0  4  0  0  0  0  0  0  0  0  1  0  0.10475896D-20
 109 C4S         0  0  0  4  0  0  0  1  0  0  0  0  0  0  0.16232691D-14
 110 HCOOH       0  2  0  1  0  2  0  0  0  0  0  0  0  0  0.77435956D-18
 111 CH2PH       0  3  0  1  0  0  0  0  0  0  0  0  1  0  0.73189322D-26
 112 CH2NH       0  3  0  1  1  0  0  0  0  0  0  0  0  0  0.25197982D-17
 113 c-HCCHSi    0  2  0  2  0  0  1  0  0  0  0  0  0  0  0.22579313D-16
 114 SiC3H       0  1  0  3  0  0  1  0  0  0  0  0  0  0  0.38711199D-18
 115 SiC4        0  0  0  4  0  0  1  0  0  0  0  0  0  0  0.28959015D-17
 116 SiCH3       0  3  0  1  0  0  1  0  0  0  0  0  0  0  0.24976898D-21
 117 SiH4        0  4  0  0  0  0  1  0  0  0  0  0  0  0  0.17085200D-25
 118 HCNCC       0  1  0  3  1  0  0  0  0  0  0  0  0  0  0.12119770D-15
 119 HCCNC       0  1  0  3  1  0  0  0  0  0  0  0  0  0  0.27670479D-15
 120 HNCCC       0  1  0  3  1  0  0  0  0  0  0  0  0  0  0.25164605D-15
 121 NH2CN       0  2  0  1  2  0  0  0  0  0  0  0  0  0  0.00000000D+00
 122 C6          0  0  0  6  0  0  0  0  0  0  0  0  0  0  0.73703623D-13
 123 CH3CN       0  3  0  2  1  0  0  0  0  0  0  0  0  0  0.10317311D-14
 124 CH2CCH      0  3  0  3  0  0  0  0  0  0  0  0  0  0  0.54241259D-14
 125 C2H4        0  4  0  2  0  0  0  0  0  0  0  0  0  0  0.31909793D-16
 126 NC4N        0  0  0  4  2  0  0  0  0  0  0  0  0  0  0.18889269D-12
 127 H2CSiCH     0  3  0  2  0  0  1  0  0  0  0  0  0  0  0.44047880D-21
 128 SiC4H       0  1  0  4  0  0  1  0  0  0  0  0  0  0  0.10719857D-14
 129 HC4N        0  1  0  4  1  0  0  0  0  0  0  0  0  0  0.14366859D-13
 130 C4H2        0  2  0  4  0  0  0  0  0  0  0  0  0  0  0.69509754D-10
 131 C5H         0  1  0  5  0  0  0  0  0  0  0  0  0  0  0.53427532D-11
 132 C5N         0  0  0  5  1  0  0  0  0  0  0  0  0  0  0.12171070D-11
 133 CH3OH       0  4  0  1  0  1  0  0  0  0  0  0  0  0  0.23097018D-19
 134 NH2CHO      0  3  0  1  1  1  0  0  0  0  0  0  0  0  0.82269625D-21
 135 C5O         0  0  0  5  0  1  0  0  0  0  0  0  0  0  0.70332449D-12
 136 C7          0  0  0  7  0  0  0  0  0  0  0  0  0  0  0.20744524D-14
 137 HC5N        0  1  0  5  1  0  0  0  0  0  0  0  0  0  0.71742416D-14
 138 SiC2CH3     0  3  0  3  0  0  1  0  0  0  0  0  0  0  0.29257372D-23
 139 CH3CHO      0  4  0  2  0  1  0  0  0  0  0  0  0  0  0.12122700D-20
 140 C2H5        0  5  0  2  0  0  0  0  0  0  0  0  0  0  0.45410034D-27
 141 CH2CHCN     0  3  0  3  1  0  0  0  0  0  0  0  0  0  0.26593948D-20
 142 CH3CCH      0  4  0  3  0  0  0  0  0  0  0  0  0  0  0.18971080D-18
 143 C5H2        0  2  0  5  0  0  0  0  0  0  0  0  0  0  0.72781282D-11
 144 C6H         0  1  0  6  0  0  0  0  0  0  0  0  0  0  0.22913111D-12
 145 CH3NH2      0  5  0  1  1  0  0  0  0  0  0  0  0  0  0.25878805D-19
 146 C4H3        0  3  0  4  0  0  0  0  0  0  0  0  0  0  0.88122683D-18
 147 C6N         0  0  0  6  1  0  0  0  0  0  0  0  0  0  0.88041400D-14
 148 C8          0  0  0  8  0  0  0  0  0  0  0  0  0  0  0.19941421D-15
 149 HC6N        0  1  0  6  1  0  0  0  0  0  0  0  0  0  0.47752714D-16
 150 NC6N        0  0  0  6  2  0  0  0  0  0  0  0  0  0  0.61316769D-15
 151 SiC6H       0  1  0  6  0  0  1  0  0  0  0  0  0  0  0.63663665D-17
 152 CH2CHC2H    0  4  0  4  0  0  0  0  0  0  0  0  0  0  0.77355441D-20
 153 C6H2        0  2  0  6  0  0  0  0  0  0  0  0  0  0  0.41280827D-12
 154 C7H         0  1  0  7  0  0  0  0  0  0  0  0  0  0  0.81688499D-14
 155 C7N         0  0  0  7  1  0  0  0  0  0  0  0  0  0  0.25527163D-14
 156 CH3C3N      0  3  0  4  1  0  0  0  0  0  0  0  0  0  0.26883918D-17
 157 HCOOCH3     0  4  0  2  0  2  0  0  0  0  0  0  0  0  0.21999507D-28
 158 C2H6        0  6  0  2  0  0  0  0  0  0  0  0  0  0  0.50121388D-42
 159 C7O         0  0  0  7  0  1  0  0  0  0  0  0  0  0  0.10753542D-14
 160 C9          0  0  0  9  0  0  0  0  0  0  0  0  0  0  0.11083653D-16
 161 HC7N        0  1  0  7  1  0  0  0  0  0  0  0  0  0  0.45442954D-16
 162 SiC3H5      0  5  0  3  0  0  1  0  0  0  0  0  0  0  0.00000000D+00
 163 CH3CH2OH    0  6  0  2  0  1  0  0  0  0  0  0  0  0  0.11577877D-26
 164 C7H2        0  2  0  7  0  0  0  0  0  0  0  0  0  0  0.38925152D-13
 165 C8H         0  1  0  8  0  0  0  0  0  0  0  0  0  0  0.19737363D-14
 166 CH3C4H      0  4  0  5  0  0  0  0  0  0  0  0  0  0  0.13425374D-18
 167 CH3OCH3     0  6  0  2  0  1  0  0  0  0  0  0  0  0  0.11939726D-27
 168 CH3CHCH2    0  6  0  3  0  0  0  0  0  0  0  0  0  0  0.00000000D+00
 169 C8N         0  0  0  8  1  0  0  0  0  0  0  0  0  0  0.38383890D-16
 170 C10         0  0  0 10  0  0  0  0  0  0  0  0  0  0  0.14156240D-16
 171 CH3COCH3    0  6  0  3  0  1  0  0  0  0  0  0  0  0  0.39757008D-28
 172 C8H2        0  2  0  8  0  0  0  0  0  0  0  0  0  0  0.66098806D-14
 173 C9H         0  1  0  9  0  0  0  0  0  0  0  0  0  0  0.64453856D-16
 174 C9N         0  0  0  9  1  0  0  0  0  0  0  0  0  0  0.18898592D-16
 175 CH3C5N      0  3  0  6  1  0  0  0  0  0  0  0  0  0  0.33811710D-21
 176 HC8N        0  1  0  8  1  0  0  0  0  0  0  0  0  0  0.30247440D-18
 177 NC8N        0  0  0  8  2  0  0  0  0  0  0  0  0  0  0.38839159D-17
 178 SiC8H       0  1  0  8  0  0  1  0  0  0  0  0  0  0  0.10193818D-18
 179 CH2CHCHCH2  0  6  0  4  0  0  0  0  0  0  0  0  0  0  0.00000000D+00
 180 C9O         0  0  0  9  0  1  0  0  0  0  0  0  0  0  0.84847595D-17
 181 HC9N        0  1  0  9  1  0  0  0  0  0  0  0  0  0  0.52414869D-18
 182 C10H        0  1  0 10  0  0  0  0  0  0  0  0  0  0  0.15130766D-16
 183 C9H2        0  2  0  9  0  0  0  0  0  0  0  0  0  0  0.37260630D-15
 184 CH3C6H      0  4  0  7  0  0  0  0  0  0  0  0  0  0  0.30909377D-20
 185 C11         0  0  0 11  0  0  0  0  0  0  0  0  0  0  0.56792812D-16
 186 C10N        0  0  0 10  1  0  0  0  0  0  0  0  0  0  0.28788186D-18
 187 CH3C7N      0  3  0  8  1  0  0  0  0  0  0  0  0  0  0.20766269D-23
 188 C10H2       0  2  0 10  0  0  0  0  0  0  0  0  0  0  0.27205336D-16
 189 C6H6        0  6  0  6  0  0  0  0  0  0  0  0  0  0  0.91684028D-18
 190 Si+         1  0  0  0  0  0  1  0  0  0  0  0  0  0  0.79294774D-08
 191 C+          1  0  0  1  0  0  0  0  0  0  0  0  0  0  0.56673758D-04
 192 C-         -1  0  0  1  0  0  0  0  0  0  0  0  0  0  0.25457372D-12
 193 H-         -1  1  0  0  0  0  0  0  0  0  0  0  0  0  0.24382905D-12
 194 O-         -1  0  0  0  0  1  0  0  0  0  0  0  0  0  0.38642400D-13
 195 S-         -1  0  0  0  0  0  0  1  0  0  0  0  0  0  0.51903389D-17
 196 He+         1  0  1  0  0  0  0  0  0  0  0  0  0  0  0.42766073D-09
 197 H+          1  1  0  0  0  0  0  0  0  0  0  0  0  0  0.13941208D-07
 198 Fe+         1  0  0  0  0  0  0  0  1  0  0  0  0  0  0.29931530D-08
 199 Mg+         1  0  0  0  0  0  0  0  0  0  1  0  0  0  0.69661504D-08
 200 N+          1  0  0  0  1  0  0  0  0  0  0  0  0  0  0.22037569D-13
 201 Na+         1  0  0  0  0  0  0  0  0  1  0  0  0  0  0.19914926D-08
 202 O+          1  0  0  0  0  1  0  0  0  0  0  0  0  0  0.44779414D-12
 203 S+          1  0  0  0  0  0  0  1  0  0  0  0  0  0  0.79091367D-07
 204 Cl+         1  0  0  0  0  0  0  0  0  0  0  1  0  0  0.30533282D-15
 205 F+          1  0  0  0  0  0  0  0  0  0  0  0  0  1  0.32083102D-16
 206 P+          1  0  0  0  0  0  0  0  0  0  0  0  1  0  0.19983791D-09
 207 e-         -1  0  0  0  0  0  0  0  0  0  0  0  0  0  0.56787890D-04
 208 CH+         1  1  0  1  0  0  0  0  0  0  0  0  0  0  0.54094897D-11
 209 H2+         1  2  0  0  0  0  0  0  0  0  0  0  0  0  0.56412716D-12
 210 OH+         1  1  0  0  0  1  0  0  0  0  0  0  0  0  0.67650728D-12
 211 SiH+        1  1  0  0  0  0  1  0  0  0  0  0  0  0  0.48885321D-14
 212 C2+         1  0  0  2  0  0  0  0  0  0  0  0  0  0  0.47206116D-11
 213 CN-        -1  0  0  1  1  0  0  0  0  0  0  0  0  0  0.66740620D-14
 214 OH-        -1  1  0  0  0  1  0  0  0  0  0  0  0  0  0.52917875D-13
 215 CF+         1  0  0  1  0  0  0  0  0  0  0  0  0  1  0.87854858D-10
 216 HS+         1  1  0  0  0  0  0  1  0  0  0  0  0  0  0.40725058D-15
 217 SO+         1  0  0  0  0  1  0  1  0  0  0  0  0  0  0.16844305D-13
 218 CCl+        1  0  0  1  0  0  0  0  0  0  0  1  0  0  0.74003959D-15
 219 ClO+        1  0  0  0  0  1  0  0  0  0  0  1  0  0  0.00000000D+00
 220 CN+         1  0  0  1  1  0  0  0  0  0  0  0  0  0  0.16582892D-14
 221 CO+         1  0  0  1  0  1  0  0  0  0  0  0  0  0  0.31269370D-12
 222 CP+         1  0  0  1  0  0  0  0  0  0  0  0  1  0  0.88578039D-18
 223 CS+         1  0  0  1  0  0  0  1  0  0  0  0  0  0  0.45130201D-13
 224 HCl+        1  1  0  0  0  0  0  0  0  0  0  1  0  0  0.22662923D-15
 225 HF+         1  1  0  0  0  0  0  0  0  0  0  0  0  1  0.24083691D-16
 226 HeH+        1  1  1  0  0  0  0  0  0  0  0  0  0  0  0.14509060D-19
 227 N2+         1  0  0  0  2  0  0  0  0  0  0  0  0  0  0.15342677D-15
 228 NH+         1  1  0  0  1  0  0  0  0  0  0  0  0  0  0.56719121D-14
 229 NO+         1  0  0  0  1  1  0  0  0  0  0  0  0  0  0.34935674D-13
 230 NS+         1  0  0  0  1  0  0  1  0  0  0  0  0  0  0.38099347D-15
 231 O2+         1  0  0  0  0  2  0  0  0  0  0  0  0  0  0.64906543D-14
 232 PH+         1  1  0  0  0  0  0  0  0  0  0  0  1  0  0.93135869D-16
 233 PN+         1  0  0  0  1  0  0  0  0  0  0  0  1  0  0.14320876D-17
 234 PO+         1  0  0  0  0  1  0  0  0  0  0  0  1  0  0.70379773D-16
 235 S2+         1  0  0  0  0  0  0  2  0  0  0  0  0  0  0.13581111D-19
 236 SiC+        1  0  0  1  0  0  1  0  0  0  0  0  0  0  0.25265457D-14
 237 SiN+        1  0  0  0  1  0  1  0  0  0  0  0  0  0  0.25156295D-14
 238 SiO+        1  0  0  0  0  1  1  0  0  0  0  0  0  0  0.16124860D-15
 239 SiS+        1  0  0  0  0  0  1  1  0  0  0  0  0  0  0.70184019D-18
 240 SiF+        1  0  0  0  0  0  1  0  0  0  0  0  0  1  0.98466050D-14
 241 CH2+        1  2  0  1  0  0  0  0  0  0  0  0  0  0  0.25206108D-10
 242 C2N+        1  0  0  2  1  0  0  0  0  0  0  0  0  0  0.22116437D-13
 243 CNC+        1  0  0  2  1  0  0  0  0  0  0  0  0  0  0.53180407D-11
 244 HSiO+       1  1  0  0  0  1  1  0  0  0  0  0  0  0  0.19127503D-14
 245 N2H+        1  1  0  0  2  0  0  0  0  0  0  0  0  0  0.10050466D-13
 246 C2H+        1  1  0  2  0  0  0  0  0  0  0  0  0  0  0.64528470D-11
 247 H3+         1  3  0  0  0  0  0  0  0  0  0  0  0  0  0.93837498D-10
 248 C3-        -1  0  0  3  0  0  0  0  0  0  0  0  0  0  0.77945130D-13
 249 HCO+        1  1  0  1  0  1  0  0  0  0  0  0  0  0  0.83910822D-11
 250 HSO+        1  1  0  0  0  1  0  1  0  0  0  0  0  0  0.19813738D-19
 251 H2S+        1  2  0  0  0  0  0  1  0  0  0  0  0  0  0.21616658D-13
 252 HCS+        1  1  0  1  0  0  0  1  0  0  0  0  0  0  0.16266710D-12
 253 HPO+        1  1  0  0  0  1  0  0  0  0  0  0  1  0  0.56176259D-17
 254 C2O+        1  0  0  2  0  1  0  0  0  0  0  0  0  0  0.10935946D-13
 255 C2S+        1  0  0  2  0  0  0  1  0  0  0  0  0  0  0.99275899D-13
 256 C3+         1  0  0  3  0  0  0  0  0  0  0  0  0  0  0.14471235D-10
 257 CCP+        1  0  0  2  0  0  0  0  0  0  0  0  1  0  0.63855105D-17
 258 CHSi+       1  1  0  1  0  0  1  0  0  0  0  0  0  0  0.27880252D-14
 259 CO2+        1  0  0  1  0  2  0  0  0  0  0  0  0  0  0.22962076D-21
 260 H2Cl+       1  2  0  0  0  0  0  0  0  0  0  1  0  0  0.60939671D-14
 261 H2F+        1  2  0  0  0  0  0  0  0  0  0  0  0  1  0.34879451D-15
 262 H2O+        1  2  0  0  0  1  0  0  0  0  0  0  0  0  0.11133375D-11
 263 HCN+        1  1  0  1  1  0  0  0  0  0  0  0  0  0  0.49967461D-14
 264 HCP+        1  1  0  1  0  0  0  0  0  0  0  0  1  0  0.10894540D-17
 265 HNC+        1  1  0  1  1  0  0  0  0  0  0  0  0  0  0.20360729D-14
 266 HNO+        1  1  0  0  1  1  0  0  0  0  0  0  0  0  0.55073590D-15
 267 HNS+        1  1  0  0  1  0  0  1  0  0  0  0  0  0  0.12756847D-20
 268 HNSi+       1  1  0  0  1  0  1  0  0  0  0  0  0  0  0.10081161D-17
 269 HOC+        1  1  0  1  0  1  0  0  0  0  0  0  0  0  0.78816653D-11
 270 HPN+        1  1  0  0  1  0  0  0  0  0  0  0  1  0  0.36935412D-20
 271 HSiS+       1  1  0  0  0  0  1  1  0  0  0  0  0  0  0.21831897D-16
 272 NaH2+       1  2  0  0  0  0  0  0  0  1  0  0  0  0  0.16518051D-16
 273 NCO+        1  0  0  1  1  1  0  0  0  0  0  0  0  0  0.45546876D-17
 274 NH2+        1  2  0  0  1  0  0  0  0  0  0  0  0  0  0.33770630D-13
 275 NO2+        1  0  0  0  1  2  0  0  0  0  0  0  0  0  0.94515774D-21
 276 HO2+        1  1  0  0  0  2  0  0  0  0  0  0  0  0  0.52176963D-19
 277 OCS+        1  0  0  1  0  1  0  1  0  0  0  0  0  0  0.45554045D-15
 278 PH2+        1  2  0  0  0  0  0  0  0  0  0  0  1  0  0.76524204D-16
 279 HS2+        1  1  0  0  0  0  0  2  0  0  0  0  0  0  0.17049826D-20
 280 SiC2+       1  0  0  2  0  0  1  0  0  0  0  0  0  0  0.12048322D-14
 281 SiH2+       1  2  0  0  0  0  1  0  0  0  0  0  0  0  0.87412029D-13
 282 SiNC+       1  0  0  1  1  0  1  0  0  0  0  0  0  0  0.78141804D-15
 283 SO2+        1  0  0  0  0  2  0  1  0  0  0  0  0  0  0.33847833D-26
 284 HCNH+       1  2  0  1  1  0  0  0  0  0  0  0  0  0  0.52046115D-12
 285 HC2N+       1  1  0  2  1  0  0  0  0  0  0  0  0  0  0.89955120D-15
 286 C3H+        1  1  0  3  0  0  0  0  0  0  0  0  0  0  0.62469299D-10
 287 C4+         1  0  0  4  0  0  0  0  0  0  0  0  0  0  0.16534209D-11
 288 H2CO+       1  2  0  1  0  1  0  0  0  0  0  0  0  0  0.21195933D-14
 289 CH3+        1  3  0  1  0  0  0  0  0  0  0  0  0  0  0.21545195D-09
 290 C3N-       -1  0  0  3  1  0  0  0  0  0  0  0  0  0  0.19720993D-12
 291 C4-        -1  0  0  4  0  0  0  0  0  0  0  0  0  0  0.96461969D-11
 292 H3O+        1  3  0  0  0  1  0  0  0  0  0  0  0  0  0.96983560D-11
 293 H2NO+       1  2  0  0  1  1  0  0  0  0  0  0  0  0  0.57666142D-17
 294 H3S+        1  3  0  0  0  0  0  1  0  0  0  0  0  0  0.36423272D-20
 295 HC2S+       1  1  0  2  0  0  0  1  0  0  0  0  0  0  0.13630265D-14
 296 HOCS+       1  1  0  1  0  1  0  1  0  0  0  0  0  0  0.24094248D-20
 297 PCH2+       1  2  0  1  0  0  0  0  0  0  0  0  1  0  0.22599417D-16
 298 H2S2+       1  2  0  0  0  0  0  2  0  0  0  0  0  0  0.35243279D-26
 299 C2H2+       1  2  0  2  0  0  0  0  0  0  0  0  0  0  0.76514244D-10
 300 C2HO+       1  1  0  2  0  1  0  0  0  0  0  0  0  0  0.32414843D-13
 301 C2N2+       1  0  0  2  2  0  0  0  0  0  0  0  0  0  0.14775051D-22
 302 C3N+        1  0  0  3  1  0  0  0  0  0  0  0  0  0  0.25013617D-17
 303 C3O+        1  0  0  3  0  1  0  0  0  0  0  0  0  0  0.18023384D-13
 304 C3S+        1  0  0  3  0  0  0  1  0  0  0  0  0  0  0.10490726D-13
 305 CH2Si+      1  2  0  1  0  0  1  0  0  0  0  0  0  0  0.47036506D-13
 306 H2CCl+      1  2  0  1  0  0  0  0  0  0  0  1  0  0  0.26091444D-20
 307 H2CS+       1  2  0  1  0  0  0  1  0  0  0  0  0  0  0.24060217D-18
 308 H2NC+       1  2  0  1  1  0  0  0  0  0  0  0  0  0  0.50144427D-13
 309 H2PO+       1  2  0  0  0  1  0  0  0  0  0  0  1  0  0.17373777D-23
 310 H2SiO+      1  2  0  0  0  1  1  0  0  0  0  0  0  0  0.83579632D-23
 311 HOCO+       1  1  0  1  0  2  0  0  0  0  0  0  0  0  0.15711898D-18
 312 HNCO+       1  1  0  1  1  1  0  0  0  0  0  0  0  0  0.21477774D-22
 313 HSiO2+      1  1  0  0  0  2  1  0  0  0  0  0  0  0  0.75270073D-28
 314 HSO2+       1  1  0  0  0  2  0  1  0  0  0  0  0  0  0.26940346D-26
 315 NaH2O+      1  2  0  0  0  1  0  0  0  1  0  0  0  0  0.55579636D-23
 316 NH3+        1  3  0  0  1  0  0  0  0  0  0  0  0  0  0.81051858D-13
 317 PC2H+       1  1  0  2  0  0  0  0  0  0  0  0  1  0  0.44084416D-17
 318 PH3+        1  3  0  0  0  0  0  0  0  0  0  0  1  0  0.12231874D-21
 319 PNH2+       1  2  0  0  1  0  0  0  0  0  0  0  1  0  0.30454964D-21
 320 SiC2H+      1  1  0  2  0  0  1  0  0  0  0  0  0  0  0.37498730D-13
 321 l-SiC3+     1  0  0  3  0  0  1  0  0  0  0  0  0  0  0.12196297D-14
 322 SiH3+       1  3  0  0  0  0  1  0  0  0  0  0  0  0  0.59186239D-20
 323 SiNCH+      1  1  0  1  1  0  1  0  0  0  0  0  0  0  0.57709021D-20
 324 HSiNH+      1  2  0  0  1  0  1  0  0  0  0  0  0  0  0.20921258D-16
 325 HN2O+       1  1  0  0  2  1  0  0  0  0  0  0  0  0  0.18489592D-27
 326 C2H3+       1  3  0  2  0  0  0  0  0  0  0  0  0  0  0.83322210D-14
 327 c-C3H2+     1  2  0  3  0  0  0  0  0  0  0  0  0  0  0.93488920D-12
 328 l-C3H2+     1  2  0  3  0  0  0  0  0  0  0  0  0  0  0.12946996D-13
 329 C4H+        1  1  0  4  0  0  0  0  0  0  0  0  0  0  0.17015990D-11
 330 C5+         1  0  0  5  0  0  0  0  0  0  0  0  0  0  0.15067269D-12
 331 HC3O+       1  1  0  3  0  1  0  0  0  0  0  0  0  0  0.98851210D-18
 332 C4H-       -1  1  0  4  0  0  0  0  0  0  0  0  0  0  0.33957666D-10
 333 C5-        -1  0  0  5  0  0  0  0  0  0  0  0  0  0  0.43606799D-11
 334 NH4+        1  4  0  0  1  0  0  0  0  0  0  0  0  0  0.66409702D-16
 335 H3CS+       1  3  0  1  0  0  0  1  0  0  0  0  0  0  0.23436881D-18
 336 H2COH+      1  3  0  1  0  1  0  0  0  0  0  0  0  0  0.99719210D-18
 337 H3S2+       1  3  0  0  0  0  0  2  0  0  0  0  0  0  0.70709719D-24
 338 HC3S+       1  1  0  3  0  0  0  1  0  0  0  0  0  0  0.61701399D-14
 339 PC3H+       1  1  0  3  0  0  0  0  0  0  0  0  1  0  0.26450026D-23
 340 PCH3+       1  3  0  1  0  0  0  0  0  0  0  0  1  0  0.21682904D-26
 341 PNH3+       1  3  0  0  1  0  0  0  0  0  0  0  1  0  0.94530352D-28
 342 SiC2H2+     1  2  0  2  0  0  1  0  0  0  0  0  0  0  0.27579500D-17
 343 SiC3H+      1  1  0  3  0  0  1  0  0  0  0  0  0  0  0.42883846D-15
 344 SiC4+       1  0  0  4  0  0  1  0  0  0  0  0  0  0  0.17991415D-15
 345 SiCH3+      1  3  0  1  0  0  1  0  0  0  0  0  0  0  0.40317107D-23
 346 SiH4+       1  4  0  0  0  0  1  0  0  0  0  0  0  0  0.69072196D-33
 347 CH2CN+      1  2  0  2  1  0  0  0  0  0  0  0  0  0  0.15715223D-13
 348 H2CCO+      1  2  0  2  0  1  0  0  0  0  0  0  0  0  0.20319622D-14
 349 HC3N+       1  1  0  3  1  0  0  0  0  0  0  0  0  0  0.71068396D-15
 350 C4N+        1  0  0  4  1  0  0  0  0  0  0  0  0  0  0.14248100D-14
 351 C4P+        1  0  0  4  0  0  0  0  0  0  0  0  1  0  0.16630922D-26
 352 C4S+        1  0  0  4  0  0  0  1  0  0  0  0  0  0  0.17385016D-14
 353 HCOOH+      1  2  0  1  0  2  0  0  0  0  0  0  0  0  0.65119449D-22
 354 CH4+        1  4  0  1  0  0  0  0  0  0  0  0  0  0  0.12438209D-17
 355 H3SiO+      1  3  0  0  0  1  1  0  0  0  0  0  0  0  0.23446579D-30
 356 PC2H2+      1  2  0  2  0  0  0  0  0  0  0  0  1  0  0.21330305D-18
 357 C6+         1  0  0  6  0  0  0  0  0  0  0  0  0  0  0.23360318D-13
 358 HC4N+       1  1  0  4  1  0  0  0  0  0  0  0  0  0  0.35404529D-20
 359 C5H-       -1  1  0  5  0  0  0  0  0  0  0  0  0  0  0.25160340D-11
 360 C6-        -1  0  0  6  0  0  0  0  0  0  0  0  0  0  0.15080333D-12
 361 CH3CO+      1  3  0  2  0  1  0  0  0  0  0  0  0  0  0.77022974D-15
 362 C2H4+       1  4  0  2  0  0  0  0  0  0  0  0  0  0  0.14831901D-12
 363 HC3NH+      1  2  0  3  1  0  0  0  0  0  0  0  0  0  0.83310510D-16
 364 HC4S+       1  1  0  4  0  0  0  1  0  0  0  0  0  0  0.10962562D-15
 365 CH5+        1  5  0  1  0  0  0  0  0  0  0  0  0  0  0.76971542D-14
 366 C4H2+       1  2  0  4  0  0  0  0  0  0  0  0  0  0  0.45361561D-11
 367 C5H+        1  1  0  5  0  0  0  0  0  0  0  0  0  0  0.37652427D-12
 368 CH3CN+      1  3  0  2  1  0  0  0  0  0  0  0  0  0  0.55746946D-16
 369 c-C3H3+     1  3  0  3  0  0  0  0  0  0  0  0  0  0  0.31415872D-11
 370 l-C3H3+     1  3  0  3  0  0  0  0  0  0  0  0  0  0  0.31415857D-11
 371 C5N+        1  0  0  5  1  0  0  0  0  0  0  0  0  0  0.58770006D-17
 372 CH3O2+      1  3  0  1  0  2  0  0  0  0  0  0  0  0  0.55254012D-21
 373 CH2NH2+     1  4  0  1  1  0  0  0  0  0  0  0  0  0  0.63211784D-19
 374 CH3OH+      1  4  0  1  0  1  0  0  0  0  0  0  0  0  0.42828518D-22
 375 H2C3O+      1  2  0  3  0  1  0  0  0  0  0  0  0  0  0.35154594D-17
 376 HC2NCH+     1  2  0  3  1  0  0  0  0  0  0  0  0  0  0.49081745D-17
 377 HC4O+       1  1  0  4  0  1  0  0  0  0  0  0  0  0  0.29304033D-14
 378 NH2CNH+     1  3  0  1  2  0  0  0  0  0  0  0  0  0  0.00000000D+00
 379 PC2H3+      1  3  0  2  0  0  0  0  0  0  0  0  1  0  0.13656750D-29
 380 PC4H+       1  1  0  4  0  0  0  0  0  0  0  0  1  0  0.10126728D-22
 381 PCH4+       1  4  0  1  0  0  0  0  0  0  0  0  1  0  0.10841369D-27
 382 SiC2H3+     1  3  0  2  0  0  1  0  0  0  0  0  0  0  0.46644894D-18
 383 SiC3H2+     1  2  0  3  0  0  1  0  0  0  0  0  0  0  0.54556892D-20
 384 SiC4H+      1  1  0  4  0  0  1  0  0  0  0  0  0  0  0.20188450D-20
 385 SiCH4+      1  4  0  1  0  0  1  0  0  0  0  0  0  0  0.37776335D-23
 386 SiH5+       1  5  0  0  0  0  1  0  0  0  0  0  0  0  0.17339252D-27
 387 C7+         1  0  0  7  0  0  0  0  0  0  0  0  0  0  0.12403286D-14
 388 H2C4N+      1  2  0  4  1  0  0  0  0  0  0  0  0  0  0.50325756D-20
 389 C6H-       -1  1  0  6  0  0  0  0  0  0  0  0  0  0  0.16736450D-12
 390 C7-        -1  0  0  7  0  0  0  0  0  0  0  0  0  0  0.12247198D-13
 391 C4H3+       1  3  0  4  0  0  0  0  0  0  0  0  0  0  0.88416192D-14
 392 C5H2+       1  2  0  5  0  0  0  0  0  0  0  0  0  0  0.69073722D-17
 393 CH3CNH+     1  4  0  2  1  0  0  0  0  0  0  0  0  0  0.47487237D-16
 394 C2H4O+      1  4  0  2  0  1  0  0  0  0  0  0  0  0  0.49037856D-23
 395 C2H5+       1  5  0  2  0  0  0  0  0  0  0  0  0  0  0.36565672D-20
 396 C3H3N+      1  3  0  3  1  0  0  0  0  0  0  0  0  0  0.44450492D-22
 397 C3H4+       1  4  0  3  0  0  0  0  0  0  0  0  0  0  0.45599774D-20
 398 HC5N+       1  1  0  5  1  0  0  0  0  0  0  0  0  0  0.11417507D-15
 399 C6H+        1  1  0  6  0  0  0  0  0  0  0  0  0  0  0.10834702D-13
 400 CH3NH2+     1  5  0  1  1  0  0  0  0  0  0  0  0  0  0.99808730D-22
 401 CH3OH2+     1  5  0  1  0  1  0  0  0  0  0  0  0  0  0.21534993D-20
 402 H3C3O+      1  3  0  3  0  1  0  0  0  0  0  0  0  0  0.28415955D-20
 403 NH2CH2O+    1  4  0  1  1  1  0  0  0  0  0  0  0  0  0.20042050D-28
 404 PC2H4+      1  4  0  2  0  0  0  0  0  0  0  0  1  0  0.11148682D-30
 405 PC4H2+      1  2  0  4  0  0  0  0  0  0  0  0  1  0  0.71364961D-25
 406 HC5O+       1  1  0  5  0  1  0  0  0  0  0  0  0  0  0.17512599D-19
 407 C6N+        1  0  0  6  1  0  0  0  0  0  0  0  0  0  0.47284995D-17
 408 H2C5N+      1  2  0  5  1  0  0  0  0  0  0  0  0  0  0.15460643D-17
 409 C8+         1  0  0  8  0  0  0  0  0  0  0  0  0  0  0.91730336D-16
 410 C7H-       -1  1  0  7  0  0  0  0  0  0  0  0  0  0  0.19388962D-13
 411 C8-        -1  0  0  8  0  0  0  0  0  0  0  0  0  0  0.40098115D-15
 412 C5H3+       1  3  0  5  0  0  0  0  0  0  0  0  0  0  0.25261840D-17
 413 C3H5+       1  5  0  3  0  0  0  0  0  0  0  0  0  0  0.25770766D-20
 414 C6H2+       1  2  0  6  0  0  0  0  0  0  0  0  0  0  0.55350308D-16
 415 C7H+        1  1  0  7  0  0  0  0  0  0  0  0  0  0  0.10424520D-14
 416 CH3CHOH+    1  5  0  2  0  1  0  0  0  0  0  0  0  0  0.32758992D-22
 417 C2H6+       1  6  0  2  0  0  0  0  0  0  0  0  0  0  0.60602644D-35
 418 C3H3NH+     1  4  0  3  1  0  0  0  0  0  0  0  0  0  0.17470379D-25
 419 C4H4+       1  4  0  4  0  0  0  0  0  0  0  0  0  0  0.71276701D-20
 420 C7N+        1  0  0  7  1  0  0  0  0  0  0  0  0  0  0.21689308D-19
 421 CH3NH3+     1  6  0  1  1  0  0  0  0  0  0  0  0  0  0.36658173D-21
 422 COOCH4+     1  4  0  2  0  2  0  0  0  0  0  0  0  0  0.15893417D-30
 423 H3C4N+      1  3  0  4  1  0  0  0  0  0  0  0  0  0  0.48010413D-20
 424 HC6N+       1  1  0  6  1  0  0  0  0  0  0  0  0  0  0.61991474D-23
 425 C9+         1  0  0  9  0  0  0  0  0  0  0  0  0  0  0.16618971D-16
 426 C8H-       -1  1  0  8  0  0  0  0  0  0  0  0  0  0  0.13729770D-14
 427 C9-        -1  0  0  9  0  0  0  0  0  0  0  0  0  0  0.65618200D-16
 428 C4H5+       1  5  0  4  0  0  0  0  0  0  0  0  0  0  0.35001785D-21
 429 C6H3+       1  3  0  6  0  0  0  0  0  0  0  0  0  0  0.82504897D-19
 430 C7H2+       1  2  0  7  0  0  0  0  0  0  0  0  0  0  0.46123009D-18
 431 C2H5OH+     1  6  0  2  0  1  0  0  0  0  0  0  0  0  0.15923142D-29
 432 H3C4NH+     1  4  0  4  1  0  0  0  0  0  0  0  0  0  0.17903707D-19
 433 C5H3N+      1  3  0  5  1  0  0  0  0  0  0  0  0  0  0.18953854D-22
 434 C5H4+       1  4  0  5  0  0  0  0  0  0  0  0  0  0  0.85931260D-21
 435 HC7N+       1  1  0  7  1  0  0  0  0  0  0  0  0  0  0.11506996D-18
 436 C8H+        1  1  0  8  0  0  0  0  0  0  0  0  0  0  0.76631897D-17
 437 CH3OCH3+    1  6  0  2  0  1  0  0  0  0  0  0  0  0  0.32953692D-30
 438 H5C2O2+     1  5  0  2  0  2  0  0  0  0  0  0  0  0  0.36255558D-30
 439 HC7O+       1  1  0  7  0  1  0  0  0  0  0  0  0  0  0.26776044D-22
 440 C8N+        1  0  0  8  1  0  0  0  0  0  0  0  0  0  0.32451447D-19
 441 H2C6N+      1  2  0  6  1  0  0  0  0  0  0  0  0  0  0.19153068D-21
 442 C2H7+       1  7  0  2  0  0  0  0  0  0  0  0  0  0  0.21139560D-52
 443 C10+        1  0  0 10  0  0  0  0  0  0  0  0  0  0  0.99626511D-18
 444 CH3OCH4+    1  7  0  2  0  1  0  0  0  0  0  0  0  0  0.17764040D-29
 445 C9H-       -1  1  0  9  0  0  0  0  0  0  0  0  0  0  0.14913911D-15
 446 C10-       -1  0  0 10  0  0  0  0  0  0  0  0  0  0  0.28375647D-16
 447 C7H2N+      1  2  0  7  1  0  0  0  0  0  0  0  0  0  0.89735343D-20
 448 C7H3+       1  3  0  7  0  0  0  0  0  0  0  0  0  0  0.55851071D-19
 449 C5H5+       1  5  0  5  0  0  0  0  0  0  0  0  0  0  0.54470890D-21
 450 C8H2+       1  2  0  8  0  0  0  0  0  0  0  0  0  0  0.20598403D-16
 451 C9H+        1  1  0  9  0  0  0  0  0  0  0  0  0  0  0.56544299D-17
 452 C2H5OH2+    1  7  0  2  0  1  0  0  0  0  0  0  0  0  0.24560486D-28
 453 C2H6CO+     1  6  0  3  0  1  0  0  0  0  0  0  0  0  0.45802780D-30
 454 C5H4N+      1  4  0  5  1  0  0  0  0  0  0  0  0  0  0.16302381D-23
 455 C6H4+       1  4  0  6  0  0  0  0  0  0  0  0  0  0  0.25785240D-19
 456 C9N+        1  0  0  9  1  0  0  0  0  0  0  0  0  0  0.12836972D-21
 457 HC8N+       1  1  0  8  1  0  0  0  0  0  0  0  0  0  0.39474770D-25
 458 C10H+       1  1  0 10  0  0  0  0  0  0  0  0  0  0  0.17793853D-18
 459 C10H-      -1  1  0 10  0  0  0  0  0  0  0  0  0  0  0.93977503D-17
 460 C8H3+       1  3  0  8  0  0  0  0  0  0  0  0  0  0  0.13484668D-20
 461 C9H2+       1  2  0  9  0  0  0  0  0  0  0  0  0  0  0.45572605D-20
 462 C3H6OH+     1  7  0  3  0  1  0  0  0  0  0  0  0  0  0.97636708D-30
 463 C4H7+       1  7  0  4  0  0  0  0  0  0  0  0  0  0  0.14143644D-28
 464 H3C6NH+     1  4  0  6  1  0  0  0  0  0  0  0  0  0  0.25090435D-23
 465 C6H5+       1  5  0  6  0  0  0  0  0  0  0  0  0  0  0.22637966D-22
 466 H3C7N+      1  3  0  7  1  0  0  0  0  0  0  0  0  0  0.84292424D-24
 467 C7H4+       1  4  0  7  0  0  0  0  0  0  0  0  0  0  0.87624329D-22
 468 C9HN+       1  1  0  9  1  0  0  0  0  0  0  0  0  0  0.68587459D-21
 469 C11+        1  0  0 11  0  0  0  0  0  0  0  0  0  0  0.75065712D-19
 470 HC9O+       1  1  0  9  0  1  0  0  0  0  0  0  0  0  0.21126833D-24
 471 C10N+       1  0  0 10  1  0  0  0  0  0  0  0  0  0  0.35437029D-21
 472 H2C8N+      1  2  0  8  1  0  0  0  0  0  0  0  0  0  0.12196241D-23
 473 C9H2N+      1  2  0  9  1  0  0  0  0  0  0  0  0  0  0.92342243D-23
 474 C9H3+       1  3  0  9  0  0  0  0  0  0  0  0  0  0  0.55406139D-21
 475 C10H2+      1  2  0 10  0  0  0  0  0  0  0  0  0  0  0.19282029D-21
 476 C7H5+       1  5  0  7  0  0  0  0  0  0  0  0  0  0  0.19383997D-22
 477 C8H4+       1  4  0  8  0  0  0  0  0  0  0  0  0  0  0.34699521D-21
 478 HC10N+      1  1  0 10  1  0  0  0  0  0  0  0  0  0  0.29606353D-27
 479 C6H7+       1  7  0  6  0  0  0  0  0  0  0  0  0  0  0.84540115D-23
 480 C9H4+       1  4  0  9  0  0  0  0  0  0  0  0  0  0  0.49308349D-24
 481 C8H4N+      1  4  0  8  1  0  0  0  0  0  0  0  0  0  0.15886551D-25
 482 C8H5+       1  5  0  8  0  0  0  0  0  0  0  0  0  0  0.14429808D-25
 483 C9H3N+      1  3  0  9  1  0  0  0  0  0  0  0  0  0  0.29406542D-26
 484 C10H3+      1  3  0 10  0  0  0  0  0  0  0  0  0  0  0.36553790D-23
 485 H2C10N+     1  2  0 10  1  0  0  0  0  0  0  0  0  0  0.13720899D-25
 486 C9H5+       1  5  0  9  0  0  0  0  0  0  0  0  0  0  0.41228140D-29
 487 GRAIN0      0  0  0  0  0  0  0  0  0  0  0  0  0  0  0.88788159D-14
 488 GRAIN-     -1  0  0  0  0  0  0  0  0  0  0  0  0  0  0.13126212D-11
 489 XH          0  1  0  0  0  0  0  0  0  0  0  0  0  0  0.12335228D-16
