0.11D+08                                              +-  H  He C  O  S  G    
 JSPACE =            1
   1 H           0  1  0  0  0  0  0  0  0  0  0  0  0  0  0.54336517D+00
   2 C           0  0  0  1  0  0  0  0  0  0  0  0  0  0  0.10858619D-03
   3 Fe          0  0  0  0  0  0  0  0  1  0  0  0  0  0  0.13697845D-10
   4 Mg          0  0  0  0  0  0  0  0  0  0  1  0  0  0  0.83122125D-10
   5 S           0  0  0  0  0  0  0  1  0  0  0  0  0  0  0.64546322D-09
   6 Si          0  0  0  0  0  0  1  0  0  0  0  0  0  0  0.55574305D-10
   7 O           0  0  0  0  0  1  0  0  0  0  0  0  0  0  0.23806944D-03
   8 N           0  0  0  0  1  0  0  0  0  0  0  0  0  0  0.61989955D-04
   9 He          0  0  1  0  0  0  0  0  0  0  0  0  0  0  0.90000000D-01
  10 Cl          0  0  0  0  0  0  0  0  0  0  0  1  0  0  0.99997502D-09
  11 Na          0  0  0  0  0  0  0  0  0  1  0  0  0  0  0.17069056D-10
  12 P           0  0  0  0  0  0  0  0  0  0  0  0  1  0  0.74011615D-13
  13 F           0  0  0  0  0  0  0  0  0  0  0  0  0  1  0.25350198D-08
  14 OH          0  1  0  0  0  1  0  0  0  0  0  0  0  0  0.71353634D-09
  15 CO          0  0  0  1  0  1  0  0  0  0  0  0  0  0  0.19295522D-05
  16 CS          0  0  0  1  0  0  0  1  0  0  0  0  0  0  0.13810313D-10
  17 HS          0  1  0  0  0  0  0  1  0  0  0  0  0  0  0.27207579D-14
  18 N2          0  0  0  0  2  0  0  0  0  0  0  0  0  0  0.46076926D-08
  19 NH          0  1  0  0  1  0  0  0  0  0  0  0  0  0  0.11251079D-11
  20 SiH         0  1  0  0  0  0  1  0  0  0  0  0  0  0  0.43308655D-12
  21 SiO         0  0  0  0  0  1  1  0  0  0  0  0  0  0  0.37786262D-13
  22 SO          0  0  0  0  0  1  0  1  0  0  0  0  0  0  0.21691189D-15
  23 CH          0  1  0  1  0  0  0  0  0  0  0  0  0  0  0.25790403D-09
  24 O2          0  0  0  0  0  2  0  0  0  0  0  0  0  0  0.11610600D-09
  25 H2          0  2  0  0  0  0  0  0  0  0  0  0  0  0  0.22831738D+00
  26 C2          0  0  0  2  0  0  0  0  0  0  0  0  0  0  0.10703690D-08
  27 CN          0  0  0  1  1  0  0  0  0  0  0  0  0  0  0.81060168D-09
  28 MgH         0  1  0  0  0  0  0  0  0  0  1  0  0  0  0.14233944D-19
  29 NaH         0  1  0  0  0  0  0  0  0  1  0  0  0  0  0.28023793D-16
  30 NO          0  0  0  0  1  1  0  0  0  0  0  0  0  0  0.12974177D-10
  31 NS          0  0  0  0  1  0  0  1  0  0  0  0  0  0  0.37896100D-16
  32 PH          0  1  0  0  0  0  0  0  0  0  0  0  1  0  0.10024465D-13
  33 PN          0  0  0  0  1  0  0  0  0  0  0  0  1  0  0.16156340D-13
  34 PO          0  0  0  0  0  1  0  0  0  0  0  0  1  0  0.59357904D-15
  35 S2          0  0  0  0  0  0  0  2  0  0  0  0  0  0  0.33824859D-18
  36 SiC         0  0  0  1  0  0  1  0  0  0  0  0  0  0  0.84236992D-13
  37 SiN         0  0  0  0  1  0  1  0  0  0  0  0  0  0  0.97171576D-14
  38 SiS         0  0  0  0  0  0  1  1  0  0  0  0  0  0  0.87747787D-17
  39 CCl         0  0  0  1  0  0  0  0  0  0  0  1  0  0  0.32721413D-19
  40 ClO         0  0  0  0  0  1  0  0  0  0  0  1  0  0  0.00000000D+00
  41 CP          0  0  0  1  0  0  0  0  0  0  0  0  1  0  0.10613533D-14
  42 HCl         0  1  0  0  0  0  0  0  0  0  0  1  0  0  0.23010794D-13
  43 HF          0  1  0  0  0  0  0  0  0  0  0  0  0  1  0.40891321D-08
  44 CCH         0  1  0  2  0  0  0  0  0  0  0  0  0  0  0.15177653D-09
  45 C3          0  0  0  3  0  0  0  0  0  0  0  0  0  0  0.16872622D-08
  46 CH2         0  2  0  1  0  0  0  0  0  0  0  0  0  0  0.44295748D-10
  47 SO2         0  0  0  0  0  2  0  1  0  0  0  0  0  0  0.84279318D-21
  48 H2O         0  2  0  0  0  1  0  0  0  0  0  0  0  0  0.43062553D-10
  49 HCN         0  1  0  1  1  0  0  0  0  0  0  0  0  0  0.27798216D-11
  50 HCSi        0  1  0  1  0  0  1  0  0  0  0  0  0  0  0.13584215D-12
  51 CCN         0  0  0  2  1  0  0  0  0  0  0  0  0  0  0.96177445D-14
  52 CCS         0  0  0  2  0  0  0  1  0  0  0  0  0  0  0.14288173D-14
  53 CCO         0  0  0  2  0  1  0  0  0  0  0  0  0  0  0.60817159D-14
  54 CCP         0  0  0  2  0  0  0  0  0  0  0  0  1  0  0.12200879D-17
  55 CO2         0  0  0  1  0  2  0  0  0  0  0  0  0  0  0.12245931D-14
  56 H2S         0  2  0  0  0  0  0  1  0  0  0  0  0  0  0.15853165D-15
  57 HCO         0  1  0  1  0  1  0  0  0  0  0  0  0  0  0.75126819D-15
  58 HCP         0  1  0  1  0  0  0  0  0  0  0  0  1  0  0.86037057D-15
  59 HCS         0  1  0  1  0  0  0  1  0  0  0  0  0  0  0.98479373D-19
  60 HNC         0  1  0  1  1  0  0  0  0  0  0  0  0  0  0.92211984D-12
  61 HNO         0  1  0  0  1  1  0  0  0  0  0  0  0  0  0.20520371D-13
  62 HNSi        0  1  0  0  1  0  1  0  0  0  0  0  0  0  0.50569644D-16
  63 HPO         0  1  0  0  0  1  0  0  0  0  0  0  1  0  0.35726325D-20
  64 HSS         0  1  0  0  0  0  0  2  0  0  0  0  0  0  0.79998628D-21
  65 N2O         0  0  0  0  2  1  0  0  0  0  0  0  0  0  0.78593743D-20
  66 NaOH        0  1  0  0  0  1  0  0  0  1  0  0  0  0  0.48389734D-23
  67 NH2         0  2  0  0  1  0  0  0  0  0  0  0  0  0  0.33444273D-12
  68 NO2         0  0  0  0  1  2  0  0  0  0  0  0  0  0  0.00000000D+00
  69 O2H         0  1  0  0  0  2  0  0  0  0  0  0  0  0  0.81649212D-20
  70 OCN         0  0  0  1  1  1  0  0  0  0  0  0  0  0  0.23751897D-15
  71 OCS         0  0  0  1  0  1  0  1  0  0  0  0  0  0  0.80012049D-17
  72 PH2         0  2  0  0  0  0  0  0  0  0  0  0  1  0  0.92170704D-19
  73 c-SiC2      0  0  0  2  0  0  1  0  0  0  0  0  0  0  0.26189694D-13
  74 SiH2        0  2  0  0  0  0  1  0  0  0  0  0  0  0  0.18265949D-19
  75 SiNC        0  0  0  1  1  0  1  0  0  0  0  0  0  0  0.38315827D-18
  76 SiO2        0  0  0  0  0  2  1  0  0  0  0  0  0  0  0.30831460D-21
  77 C4          0  0  0  4  0  0  0  0  0  0  0  0  0  0  0.20617229D-12
  78 c-C3H       0  1  0  3  0  0  0  0  0  0  0  0  0  0  0.10330233D-11
  79 l-C3H       0  1  0  3  0  0  0  0  0  0  0  0  0  0  0.53857172D-12
  80 CH3         0  3  0  1  0  0  0  0  0  0  0  0  0  0  0.13022012D-10
  81 C2H2        0  2  0  2  0  0  0  0  0  0  0  0  0  0  0.41066340D-11
  82 NH3         0  3  0  0  1  0  0  0  0  0  0  0  0  0  0.57542288D-15
  83 SiCH2       0  2  0  1  0  0  1  0  0  0  0  0  0  0  0.52982082D-18
  84 C3N         0  0  0  3  1  0  0  0  0  0  0  0  0  0  0.10171048D-12
  85 C3O         0  0  0  3  0  1  0  0  0  0  0  0  0  0  0.13855155D-13
  86 C3P         0  0  0  3  0  0  0  0  0  0  0  0  1  0  0.42774886D-24
  87 C3S         0  0  0  3  0  0  0  1  0  0  0  0  0  0  0.51439116D-15
  88 H2CO        0  2  0  1  0  1  0  0  0  0  0  0  0  0  0.84421001D-12
  89 H2CS        0  2  0  1  0  0  0  1  0  0  0  0  0  0  0.71838657D-17
  90 HOOH        0  2  0  0  0  2  0  0  0  0  0  0  0  0  0.11041203D-19
  91 HSSH        0  2  0  0  0  0  0  2  0  0  0  0  0  0  0.48346361D-21
  92 H2SiO       0  2  0  0  0  1  1  0  0  0  0  0  0  0  0.12031054D-28
  93 HCCP        0  1  0  2  0  0  0  0  0  0  0  0  1  0  0.58628930D-19
  94 HCCSi       0  1  0  2  0  0  1  0  0  0  0  0  0  0  0.85038215D-18
  95 l-SiC3      0  0  0  3  0  0  1  0  0  0  0  0  0  0  0.33702502D-16
  96 SiH3        0  3  0  0  0  0  1  0  0  0  0  0  0  0  0.26867755D-27
  97 H2CN        0  2  0  1  1  0  0  0  0  0  0  0  0  0  0.85161291D-15
  98 C5          0  0  0  5  0  0  0  0  0  0  0  0  0  0  0.66302599D-13
  99 c-C3H2      0  2  0  3  0  0  0  0  0  0  0  0  0  0  0.50381435D-12
 100 l-C3H2      0  2  0  3  0  0  0  0  0  0  0  0  0  0  0.41336942D-12
 101 C4H         0  1  0  4  0  0  0  0  0  0  0  0  0  0  0.41261660D-12
 102 CH4         0  4  0  1  0  0  0  0  0  0  0  0  0  0  0.27159327D-12
 103 HC3N        0  1  0  3  1  0  0  0  0  0  0  0  0  0  0.55004234D-14
 104 H2CCN       0  2  0  2  1  0  0  0  0  0  0  0  0  0  0.43425751D-17
 105 H2CCO       0  2  0  2  0  1  0  0  0  0  0  0  0  0  0.49366478D-15
 106 C2H3        0  3  0  2  0  0  0  0  0  0  0  0  0  0  0.35718995D-15
 107 C4N         0  0  0  4  1  0  0  0  0  0  0  0  0  0  0.89416165D-14
 108 C4P         0  0  0  4  0  0  0  0  0  0  0  0  1  0  0.77520519D-24
 109 C4S         0  0  0  4  0  0  0  1  0  0  0  0  0  0  0.31180162D-16
 110 HCOOH       0  2  0  1  0  2  0  0  0  0  0  0  0  0  0.11017785D-18
 111 CH2PH       0  3  0  1  0  0  0  0  0  0  0  0  1  0  0.14487821D-26
 112 CH2NH       0  3  0  1  1  0  0  0  0  0  0  0  0  0  0.14125017D-18
 113 c-HCCHSi    0  2  0  2  0  0  1  0  0  0  0  0  0  0  0.27920265D-18
 114 SiC3H       0  1  0  3  0  0  1  0  0  0  0  0  0  0  0.70403460D-21
 115 SiC4        0  0  0  4  0  0  1  0  0  0  0  0  0  0  0.18264098D-20
 116 SiCH3       0  3  0  1  0  0  1  0  0  0  0  0  0  0  0.23027861D-21
 117 SiH4        0  4  0  0  0  0  1  0  0  0  0  0  0  0  0.34978135D-27
 118 HCNCC       0  1  0  3  1  0  0  0  0  0  0  0  0  0  0.43957989D-19
 119 HCCNC       0  1  0  3  1  0  0  0  0  0  0  0  0  0  0.88230731D-18
 120 HNCCC       0  1  0  3  1  0  0  0  0  0  0  0  0  0  0.83927239D-19
 121 NH2CN       0  2  0  1  2  0  0  0  0  0  0  0  0  0  0.00000000D+00
 122 C6          0  0  0  6  0  0  0  0  0  0  0  0  0  0  0.45800483D-14
 123 CH3CN       0  3  0  2  1  0  0  0  0  0  0  0  0  0  0.49771187D-17
 124 CH2CCH      0  3  0  3  0  0  0  0  0  0  0  0  0  0  0.20774538D-21
 125 C2H4        0  4  0  2  0  0  0  0  0  0  0  0  0  0  0.20830930D-18
 126 NC4N        0  0  0  4  2  0  0  0  0  0  0  0  0  0  0.52468026D-16
 127 H2CSiCH     0  3  0  2  0  0  1  0  0  0  0  0  0  0  0.17219843D-22
 128 SiC4H       0  1  0  4  0  0  1  0  0  0  0  0  0  0  0.20499887D-15
 129 HC4N        0  1  0  4  1  0  0  0  0  0  0  0  0  0  0.21975433D-18
 130 C4H2        0  2  0  4  0  0  0  0  0  0  0  0  0  0  0.22441915D-11
 131 C5H         0  1  0  5  0  0  0  0  0  0  0  0  0  0  0.69695966D-13
 132 C5N         0  0  0  5  1  0  0  0  0  0  0  0  0  0  0.50127640D-14
 133 CH3OH       0  4  0  1  0  1  0  0  0  0  0  0  0  0  0.85444564D-21
 134 NH2CHO      0  3  0  1  1  1  0  0  0  0  0  0  0  0  0.36468421D-22
 135 C5O         0  0  0  5  0  1  0  0  0  0  0  0  0  0  0.50934882D-14
 136 C7          0  0  0  7  0  0  0  0  0  0  0  0  0  0  0.55417423D-15
 137 HC5N        0  1  0  5  1  0  0  0  0  0  0  0  0  0  0.56280691D-16
 138 SiC2CH3     0  3  0  3  0  0  1  0  0  0  0  0  0  0  0.42025514D-25
 139 CH3CHO      0  4  0  2  0  1  0  0  0  0  0  0  0  0  0.49924215D-24
 140 C2H5        0  5  0  2  0  0  0  0  0  0  0  0  0  0  0.38110602D-33
 141 CH2CHCN     0  3  0  3  1  0  0  0  0  0  0  0  0  0  0.11948202D-24
 142 CH3CCH      0  4  0  3  0  0  0  0  0  0  0  0  0  0  0.46006742D-21
 143 C5H2        0  2  0  5  0  0  0  0  0  0  0  0  0  0  0.79969770D-12
 144 C6H         0  1  0  6  0  0  0  0  0  0  0  0  0  0  0.16263218D-13
 145 CH3NH2      0  5  0  1  1  0  0  0  0  0  0  0  0  0  0.65686103D-21
 146 C4H3        0  3  0  4  0  0  0  0  0  0  0  0  0  0  0.24860636D-17
 147 C6N         0  0  0  6  1  0  0  0  0  0  0  0  0  0  0.37362504D-15
 148 C8          0  0  0  8  0  0  0  0  0  0  0  0  0  0  0.54273579D-15
 149 HC6N        0  1  0  6  1  0  0  0  0  0  0  0  0  0  0.22491043D-20
 150 NC6N        0  0  0  6  2  0  0  0  0  0  0  0  0  0  0.53208112D-18
 151 SiC6H       0  1  0  6  0  0  1  0  0  0  0  0  0  0  0.67071937D-16
 152 CH2CHC2H    0  4  0  4  0  0  0  0  0  0  0  0  0  0  0.10516731D-21
 153 C6H2        0  2  0  6  0  0  0  0  0  0  0  0  0  0  0.73425904D-12
 154 C7H         0  1  0  7  0  0  0  0  0  0  0  0  0  0  0.24732076D-14
 155 C7N         0  0  0  7  1  0  0  0  0  0  0  0  0  0  0.34005927D-15
 156 CH3C3N      0  3  0  4  1  0  0  0  0  0  0  0  0  0  0.43741214D-21
 157 HCOOCH3     0  4  0  2  0  2  0  0  0  0  0  0  0  0  0.52431326D-30
 158 C2H6        0  6  0  2  0  0  0  0  0  0  0  0  0  0  0.00000000D+00
 159 C7O         0  0  0  7  0  1  0  0  0  0  0  0  0  0  0.18074581D-15
 160 C9          0  0  0  9  0  0  0  0  0  0  0  0  0  0  0.67375852D-16
 161 HC7N        0  1  0  7  1  0  0  0  0  0  0  0  0  0  0.10932637D-16
 162 SiC3H5      0  5  0  3  0  0  1  0  0  0  0  0  0  0  0.00000000D+00
 163 CH3CH2OH    0  6  0  2  0  1  0  0  0  0  0  0  0  0  0.39806744D-30
 164 C7H2        0  2  0  7  0  0  0  0  0  0  0  0  0  0  0.13905561D-12
 165 C8H         0  1  0  8  0  0  0  0  0  0  0  0  0  0  0.26897022D-14
 166 CH3C4H      0  4  0  5  0  0  0  0  0  0  0  0  0  0  0.19753829D-23
 167 CH3OCH3     0  6  0  2  0  1  0  0  0  0  0  0  0  0  0.17417262D-29
 168 CH3CHCH2    0  6  0  3  0  0  0  0  0  0  0  0  0  0  0.00000000D+00
 169 C8N         0  0  0  8  1  0  0  0  0  0  0  0  0  0  0.37819764D-16
 170 C10         0  0  0 10  0  0  0  0  0  0  0  0  0  0  0.18772434D-16
 171 CH3COCH3    0  6  0  3  0  1  0  0  0  0  0  0  0  0  0.11364752D-31
 172 C8H2        0  2  0  8  0  0  0  0  0  0  0  0  0  0  0.12413657D-12
 173 C9H         0  1  0  9  0  0  0  0  0  0  0  0  0  0  0.29958849D-15
 174 C9N         0  0  0  9  1  0  0  0  0  0  0  0  0  0  0.44609748D-16
 175 CH3C5N      0  3  0  6  1  0  0  0  0  0  0  0  0  0  0.40207222D-23
 176 HC8N        0  1  0  8  1  0  0  0  0  0  0  0  0  0  0.43689302D-21
 177 NC8N        0  0  0  8  2  0  0  0  0  0  0  0  0  0  0.10335782D-18
 178 SiC8H       0  1  0  8  0  0  1  0  0  0  0  0  0  0  0.11339432D-16
 179 CH2CHCHCH2  0  6  0  4  0  0  0  0  0  0  0  0  0  0  0.00000000D+00
 180 C9O         0  0  0  9  0  1  0  0  0  0  0  0  0  0  0.21894387D-16
 181 HC9N        0  1  0  9  1  0  0  0  0  0  0  0  0  0  0.39783706D-18
 182 C10H        0  1  0 10  0  0  0  0  0  0  0  0  0  0  0.95272650D-16
 183 C9H2        0  2  0  9  0  0  0  0  0  0  0  0  0  0  0.15779000D-13
 184 CH3C6H      0  4  0  7  0  0  0  0  0  0  0  0  0  0  0.89247362D-24
 185 C11         0  0  0 11  0  0  0  0  0  0  0  0  0  0  0.77151195D-16
 186 C10N        0  0  0 10  1  0  0  0  0  0  0  0  0  0  0.12464099D-17
 187 CH3C7N      0  3  0  8  1  0  0  0  0  0  0  0  0  0  0.75674920D-24
 188 C10H2       0  2  0 10  0  0  0  0  0  0  0  0  0  0  0.12815041D-14
 189 C6H6        0  6  0  6  0  0  0  0  0  0  0  0  0  0  0.11881448D-19
 190 Si+         1  0  0  0  0  0  1  0  0  0  0  0  0  0  0.79436853D-08
 191 C+          1  0  0  1  0  0  0  0  0  0  0  0  0  0  0.59475331D-04
 192 C-         -1  0  0  1  0  0  0  0  0  0  0  0  0  0  0.63500539D-13
 193 H-         -1  1  0  0  0  0  0  0  0  0  0  0  0  0  0.21873252D-11
 194 O-         -1  0  0  0  0  1  0  0  0  0  0  0  0  0  0.48522113D-13
 195 S-         -1  0  0  0  0  0  0  1  0  0  0  0  0  0  0.21761540D-17
 196 He+         1  0  1  0  0  0  0  0  0  0  0  0  0  0  0.13509311D-09
 197 H+          1  1  0  0  0  0  0  0  0  0  0  0  0  0  0.72095473D-07
 198 Fe+         1  0  0  0  0  0  0  0  1  0  0  0  0  0  0.29863022D-08
 199 Mg+         1  0  0  0  0  0  0  0  0  0  1  0  0  0  0.69168779D-08
 200 N+          1  0  0  0  1  0  0  0  0  0  0  0  0  0  0.56136608D-13
 201 Na+         1  0  0  0  0  0  0  0  0  1  0  0  0  0  0.19829309D-08
 202 O+          1  0  0  0  0  1  0  0  0  0  0  0  0  0  0.15985109D-12
 203 S+          1  0  0  0  0  0  0  1  0  0  0  0  0  0  0.79340704D-07
 204 Cl+         1  0  0  0  0  0  0  0  0  0  0  1  0  0  0.28937584D-15
 205 F+          1  0  0  0  0  0  0  0  0  0  0  0  0  1  0.24435314D-16
 206 P+          1  0  0  0  0  0  0  0  0  0  0  0  1  0  0.19989706D-09
 207 e-         -1  0  0  0  0  0  0  0  0  0  0  0  0  0  0.59647163D-04
 208 CH+         1  1  0  1  0  0  0  0  0  0  0  0  0  0  0.86870329D-12
 209 H2+         1  2  0  0  0  0  0  0  0  0  0  0  0  0  0.65237046D-14
 210 OH+         1  1  0  0  0  1  0  0  0  0  0  0  0  0  0.23527142D-12
 211 SiH+        1  1  0  0  0  0  1  0  0  0  0  0  0  0  0.15608964D-14
 212 C2+         1  0  0  2  0  0  0  0  0  0  0  0  0  0  0.15891073D-12
 213 CN-        -1  0  0  1  1  0  0  0  0  0  0  0  0  0  0.33206000D-19
 214 OH-        -1  1  0  0  0  1  0  0  0  0  0  0  0  0  0.43657388D-15
 215 CF+         1  0  0  1  0  0  0  0  0  0  0  0  0  1  0.55841958D-10
 216 HS+         1  1  0  0  0  0  0  1  0  0  0  0  0  0  0.20676526D-14
 217 SO+         1  0  0  0  0  1  0  1  0  0  0  0  0  0  0.99475028D-14
 218 CCl+        1  0  0  1  0  0  0  0  0  0  0  1  0  0  0.12979377D-15
 219 ClO+        1  0  0  0  0  1  0  0  0  0  0  1  0  0  0.00000000D+00
 220 CN+         1  0  0  1  1  0  0  0  0  0  0  0  0  0  0.57801306D-15
 221 CO+         1  0  0  1  0  1  0  0  0  0  0  0  0  0  0.45698318D-12
 222 CP+         1  0  0  1  0  0  0  0  0  0  0  0  1  0  0.10368527D-17
 223 CS+         1  0  0  1  0  0  0  1  0  0  0  0  0  0  0.13996877D-14
 224 HCl+        1  1  0  0  0  0  0  0  0  0  0  1  0  0  0.19401733D-15
 225 HF+         1  1  0  0  0  0  0  0  0  0  0  0  0  1  0.17111753D-16
 226 HeH+        1  1  1  0  0  0  0  0  0  0  0  0  0  0  0.35697541D-24
 227 N2+         1  0  0  0  2  0  0  0  0  0  0  0  0  0  0.11252092D-17
 228 NH+         1  1  0  0  1  0  0  0  0  0  0  0  0  0  0.35424048D-14
 229 NO+         1  0  0  0  1  1  0  0  0  0  0  0  0  0  0.67089048D-14
 230 NS+         1  0  0  0  1  0  0  1  0  0  0  0  0  0  0.22801713D-16
 231 O2+         1  0  0  0  0  2  0  0  0  0  0  0  0  0  0.17221430D-14
 232 PH+         1  1  0  0  0  0  0  0  0  0  0  0  1  0  0.95009194D-16
 233 PN+         1  0  0  0  1  0  0  0  0  0  0  0  1  0  0.12970231D-17
 234 PO+         1  0  0  0  0  1  0  0  0  0  0  0  1  0  0.39546515D-16
 235 S2+         1  0  0  0  0  0  0  2  0  0  0  0  0  0  0.96301609D-21
 236 SiC+        1  0  0  1  0  0  1  0  0  0  0  0  0  0  0.21517654D-15
 237 SiN+        1  0  0  0  1  0  1  0  0  0  0  0  0  0  0.91751737D-16
 238 SiO+        1  0  0  0  0  1  1  0  0  0  0  0  0  0  0.29400213D-15
 239 SiS+        1  0  0  0  0  0  1  1  0  0  0  0  0  0  0.19297715D-19
 240 SiF+        1  0  0  0  0  0  1  0  0  0  0  0  0  1  0.59745318D-14
 241 CH2+        1  2  0  1  0  0  0  0  0  0  0  0  0  0  0.46290465D-10
 242 C2N+        1  0  0  2  1  0  0  0  0  0  0  0  0  0  0.20401182D-16
 243 CNC+        1  0  0  2  1  0  0  0  0  0  0  0  0  0  0.33629305D-13
 244 HSiO+       1  1  0  0  0  1  1  0  0  0  0  0  0  0  0.54384912D-15
 245 N2H+        1  1  0  0  2  0  0  0  0  0  0  0  0  0  0.74626900D-17
 246 C2H+        1  1  0  2  0  0  0  0  0  0  0  0  0  0  0.21308566D-12
 247 H3+         1  3  0  0  0  0  0  0  0  0  0  0  0  0  0.30725443D-12
 248 C3-        -1  0  0  3  0  0  0  0  0  0  0  0  0  0  0.10301736D-17
 249 HCO+        1  1  0  1  0  1  0  0  0  0  0  0  0  0  0.17933163D-11
 250 HSO+        1  1  0  0  0  1  0  1  0  0  0  0  0  0  0.27796740D-20
 251 H2S+        1  2  0  0  0  0  0  1  0  0  0  0  0  0  0.16975506D-14
 252 HCS+        1  1  0  1  0  0  0  1  0  0  0  0  0  0  0.10096057D-14
 253 HPO+        1  1  0  0  0  1  0  0  0  0  0  0  1  0  0.55997795D-18
 254 C2O+        1  0  0  2  0  1  0  0  0  0  0  0  0  0  0.79735002D-16
 255 C2S+        1  0  0  2  0  0  0  1  0  0  0  0  0  0  0.80261973D-15
 256 C3+         1  0  0  3  0  0  0  0  0  0  0  0  0  0  0.33828377D-12
 257 CCP+        1  0  0  2  0  0  0  0  0  0  0  0  1  0  0.14225486D-17
 258 CHSi+       1  1  0  1  0  0  1  0  0  0  0  0  0  0  0.19420051D-15
 259 CO2+        1  0  0  1  0  2  0  0  0  0  0  0  0  0  0.41022178D-25
 260 H2Cl+       1  2  0  0  0  0  0  0  0  0  0  1  0  0  0.13137689D-14
 261 H2F+        1  2  0  0  0  0  0  0  0  0  0  0  0  1  0.49803588D-16
 262 H2O+        1  2  0  0  0  1  0  0  0  0  0  0  0  0  0.29264226D-12
 263 HCN+        1  1  0  1  1  0  0  0  0  0  0  0  0  0  0.47914418D-14
 264 HCP+        1  1  0  1  0  0  0  0  0  0  0  0  1  0  0.10993327D-17
 265 HNC+        1  1  0  1  1  0  0  0  0  0  0  0  0  0  0.56797207D-15
 266 HNO+        1  1  0  0  1  1  0  0  0  0  0  0  0  0  0.83241948D-16
 267 HNS+        1  1  0  0  1  0  0  1  0  0  0  0  0  0  0.73612172D-22
 268 HNSi+       1  1  0  0  1  0  1  0  0  0  0  0  0  0  0.56429094D-19
 269 HOC+        1  1  0  1  0  1  0  0  0  0  0  0  0  0  0.20105818D-11
 270 HPN+        1  1  0  0  1  0  0  0  0  0  0  0  1  0  0.83728616D-23
 271 HSiS+       1  1  0  0  0  0  1  1  0  0  0  0  0  0  0.15082208D-18
 272 NaH2+       1  2  0  0  0  0  0  0  0  1  0  0  0  0  0.41316152D-17
 273 NCO+        1  0  0  1  1  1  0  0  0  0  0  0  0  0  0.45197903D-19
 274 NH2+        1  2  0  0  1  0  0  0  0  0  0  0  0  0  0.11359244D-13
 275 NO2+        1  0  0  0  1  2  0  0  0  0  0  0  0  0  0.10932307D-21
 276 HO2+        1  1  0  0  0  2  0  0  0  0  0  0  0  0  0.20773474D-21
 277 OCS+        1  0  0  1  0  1  0  1  0  0  0  0  0  0  0.19085840D-17
 278 PH2+        1  2  0  0  0  0  0  0  0  0  0  0  1  0  0.80207801D-16
 279 HS2+        1  1  0  0  0  0  0  2  0  0  0  0  0  0  0.18989341D-21
 280 SiC2+       1  0  0  2  0  0  1  0  0  0  0  0  0  0  0.78663093D-16
 281 SiH2+       1  2  0  0  0  0  1  0  0  0  0  0  0  0  0.24754356D-14
 282 SiNC+       1  0  0  1  1  0  1  0  0  0  0  0  0  0  0.57837245D-17
 283 SO2+        1  0  0  0  0  2  0  1  0  0  0  0  0  0  0.10298715D-29
 284 HCNH+       1  2  0  1  1  0  0  0  0  0  0  0  0  0  0.19967896D-13
 285 HC2N+       1  1  0  2  1  0  0  0  0  0  0  0  0  0  0.20716987D-16
 286 C3H+        1  1  0  3  0  0  0  0  0  0  0  0  0  0  0.39731554D-12
 287 C4+         1  0  0  4  0  0  0  0  0  0  0  0  0  0  0.10252020D-13
 288 H2CO+       1  2  0  1  0  1  0  0  0  0  0  0  0  0  0.12860741D-14
 289 CH3+        1  3  0  1  0  0  0  0  0  0  0  0  0  0  0.12374523D-09
 290 C3N-       -1  0  0  3  1  0  0  0  0  0  0  0  0  0  0.97582735D-17
 291 C4-        -1  0  0  4  0  0  0  0  0  0  0  0  0  0  0.95234022D-15
 292 H3O+        1  3  0  0  0  1  0  0  0  0  0  0  0  0  0.64039922D-12
 293 H2NO+       1  2  0  0  1  1  0  0  0  0  0  0  0  0  0.37290614D-18
 294 H3S+        1  3  0  0  0  0  0  1  0  0  0  0  0  0  0.21271029D-20
 295 HC2S+       1  1  0  2  0  0  0  1  0  0  0  0  0  0  0.70642795D-17
 296 HOCS+       1  1  0  1  0  1  0  1  0  0  0  0  0  0  0.23768019D-23
 297 PCH2+       1  2  0  1  0  0  0  0  0  0  0  0  1  0  0.57277950D-17
 298 H2S2+       1  2  0  0  0  0  0  2  0  0  0  0  0  0  0.11353518D-25
 299 C2H2+       1  2  0  2  0  0  0  0  0  0  0  0  0  0  0.83229278D-12
 300 C2HO+       1  1  0  2  0  1  0  0  0  0  0  0  0  0  0.27123443D-15
 301 C2N2+       1  0  0  2  2  0  0  0  0  0  0  0  0  0  0.41637769D-26
 302 C3N+        1  0  0  3  1  0  0  0  0  0  0  0  0  0  0.23622634D-20
 303 C3O+        1  0  0  3  0  1  0  0  0  0  0  0  0  0  0.54842540D-16
 304 C3S+        1  0  0  3  0  0  0  1  0  0  0  0  0  0  0.25922499D-16
 305 CH2Si+      1  2  0  1  0  0  1  0  0  0  0  0  0  0  0.82501155D-15
 306 H2CCl+      1  2  0  1  0  0  0  0  0  0  0  1  0  0  0.25044988D-21
 307 H2CS+       1  2  0  1  0  0  0  1  0  0  0  0  0  0  0.11795314D-18
 308 H2NC+       1  2  0  1  1  0  0  0  0  0  0  0  0  0  0.16257283D-13
 309 H2PO+       1  2  0  0  0  1  0  0  0  0  0  0  1  0  0.17659894D-24
 310 H2SiO+      1  2  0  0  0  1  1  0  0  0  0  0  0  0  0.16422646D-24
 311 HOCO+       1  1  0  1  0  2  0  0  0  0  0  0  0  0  0.26227373D-19
 312 HNCO+       1  1  0  1  1  1  0  0  0  0  0  0  0  0  0.74598650D-24
 313 HSiO2+      1  1  0  0  0  2  1  0  0  0  0  0  0  0  0.19568744D-31
 314 HSO2+       1  1  0  0  0  2  0  1  0  0  0  0  0  0  0.68883989D-31
 315 NaH2O+      1  2  0  0  0  1  0  0  0  1  0  0  0  0  0.30425273D-24
 316 NH3+        1  3  0  0  1  0  0  0  0  0  0  0  0  0  0.68652377D-14
 317 PC2H+       1  1  0  2  0  0  0  0  0  0  0  0  1  0  0.23226281D-19
 318 PH3+        1  3  0  0  0  0  0  0  0  0  0  0  1  0  0.14592878D-21
 319 PNH2+       1  2  0  0  1  0  0  0  0  0  0  0  1  0  0.65339398D-23
 320 SiC2H+      1  1  0  2  0  0  1  0  0  0  0  0  0  0  0.61456231D-15
 321 l-SiC3+     1  0  0  3  0  0  1  0  0  0  0  0  0  0  0.33148851D-17
 322 SiH3+       1  3  0  0  0  0  1  0  0  0  0  0  0  0  0.15118045D-21
 323 SiNCH+      1  1  0  1  1  0  1  0  0  0  0  0  0  0  0.11721199D-21
 324 HSiNH+      1  2  0  0  1  0  1  0  0  0  0  0  0  0  0.29432144D-18
 325 HN2O+       1  1  0  0  2  1  0  0  0  0  0  0  0  0  0.40833366D-31
 326 C2H3+       1  3  0  2  0  0  0  0  0  0  0  0  0  0  0.63578463D-15
 327 c-C3H2+     1  2  0  3  0  0  0  0  0  0  0  0  0  0  0.58388339D-14
 328 l-C3H2+     1  2  0  3  0  0  0  0  0  0  0  0  0  0  0.48690212D-14
 329 C4H+        1  1  0  4  0  0  0  0  0  0  0  0  0  0  0.80281066D-14
 330 C5+         1  0  0  5  0  0  0  0  0  0  0  0  0  0  0.19658625D-14
 331 HC3O+       1  1  0  3  0  1  0  0  0  0  0  0  0  0  0.55055970D-21
 332 C4H-       -1  1  0  4  0  0  0  0  0  0  0  0  0  0  0.14347714D-14
 333 C5-        -1  0  0  5  0  0  0  0  0  0  0  0  0  0  0.91835326D-15
 334 NH4+        1  4  0  0  1  0  0  0  0  0  0  0  0  0  0.14117834D-17
 335 H3CS+       1  3  0  1  0  0  0  1  0  0  0  0  0  0  0.34414362D-19
 336 H2COH+      1  3  0  1  0  1  0  0  0  0  0  0  0  0  0.27924158D-18
 337 H3S2+       1  3  0  0  0  0  0  2  0  0  0  0  0  0  0.59349120D-25
 338 HC3S+       1  1  0  3  0  0  0  1  0  0  0  0  0  0  0.15475274D-16
 339 PC3H+       1  1  0  3  0  0  0  0  0  0  0  0  1  0  0.18080719D-25
 340 PCH3+       1  3  0  1  0  0  0  0  0  0  0  0  1  0  0.32380243D-27
 341 PNH3+       1  3  0  0  1  0  0  0  0  0  0  0  1  0  0.20682757D-29
 342 SiC2H2+     1  2  0  2  0  0  1  0  0  0  0  0  0  0  0.70134377D-21
 343 SiC3H+      1  1  0  3  0  0  1  0  0  0  0  0  0  0  0.10754104D-17
 344 SiC4+       1  0  0  4  0  0  1  0  0  0  0  0  0  0  0.21518554D-18
 345 SiCH3+      1  3  0  1  0  0  1  0  0  0  0  0  0  0  0.30713599D-23
 346 SiH4+       1  4  0  0  0  0  1  0  0  0  0  0  0  0  0.99320242D-34
 347 CH2CN+      1  2  0  2  1  0  0  0  0  0  0  0  0  0  0.87371624D-16
 348 H2CCO+      1  2  0  2  0  1  0  0  0  0  0  0  0  0  0.20017247D-17
 349 HC3N+       1  1  0  3  1  0  0  0  0  0  0  0  0  0  0.20793146D-17
 350 C4N+        1  0  0  4  1  0  0  0  0  0  0  0  0  0  0.75222635D-17
 351 C4P+        1  0  0  4  0  0  0  0  0  0  0  0  1  0  0.60592008D-29
 352 C4S+        1  0  0  4  0  0  0  1  0  0  0  0  0  0  0.23831690D-17
 353 HCOOH+      1  2  0  1  0  2  0  0  0  0  0  0  0  0  0.28124569D-23
 354 CH4+        1  4  0  1  0  0  0  0  0  0  0  0  0  0  0.87230184D-18
 355 H3SiO+      1  3  0  0  0  1  1  0  0  0  0  0  0  0  0.22082566D-32
 356 PC2H2+      1  2  0  2  0  0  0  0  0  0  0  0  1  0  0.11237403D-20
 357 C6+         1  0  0  6  0  0  0  0  0  0  0  0  0  0  0.11310955D-14
 358 HC4N+       1  1  0  4  1  0  0  0  0  0  0  0  0  0  0.96695491D-25
 359 C5H-       -1  1  0  5  0  0  0  0  0  0  0  0  0  0  0.75307814D-15
 360 C6-        -1  0  0  6  0  0  0  0  0  0  0  0  0  0  0.33203456D-15
 361 CH3CO+      1  3  0  2  0  1  0  0  0  0  0  0  0  0  0.67146422D-17
 362 C2H4+       1  4  0  2  0  0  0  0  0  0  0  0  0  0  0.27949240D-15
 363 HC3NH+      1  2  0  3  1  0  0  0  0  0  0  0  0  0  0.60977844D-19
 364 HC4S+       1  1  0  4  0  0  0  1  0  0  0  0  0  0  0.19500168D-17
 365 CH5+        1  5  0  1  0  0  0  0  0  0  0  0  0  0  0.10222561D-13
 366 C4H2+       1  2  0  4  0  0  0  0  0  0  0  0  0  0  0.47774417D-14
 367 C5H+        1  1  0  5  0  0  0  0  0  0  0  0  0  0  0.23477479D-14
 368 CH3CN+      1  3  0  2  1  0  0  0  0  0  0  0  0  0  0.59454346D-19
 369 c-C3H3+     1  3  0  3  0  0  0  0  0  0  0  0  0  0  0.78472626D-14
 370 l-C3H3+     1  3  0  3  0  0  0  0  0  0  0  0  0  0  0.78470630D-14
 371 C5N+        1  0  0  5  1  0  0  0  0  0  0  0  0  0  0.75347618D-19
 372 CH3O2+      1  3  0  1  0  2  0  0  0  0  0  0  0  0  0.72391713D-23
 373 CH2NH2+     1  4  0  1  1  0  0  0  0  0  0  0  0  0  0.30224792D-20
 374 CH3OH+      1  4  0  1  0  1  0  0  0  0  0  0  0  0  0.13705509D-23
 375 H2C3O+      1  2  0  3  0  1  0  0  0  0  0  0  0  0  0.58036494D-21
 376 HC2NCH+     1  2  0  3  1  0  0  0  0  0  0  0  0  0  0.22430444D-19
 377 HC4O+       1  1  0  4  0  1  0  0  0  0  0  0  0  0  0.23399831D-17
 378 NH2CNH+     1  3  0  1  2  0  0  0  0  0  0  0  0  0  0.00000000D+00
 379 PC2H3+      1  3  0  2  0  0  0  0  0  0  0  0  1  0  0.83091963D-32
 380 PC4H+       1  1  0  4  0  0  0  0  0  0  0  0  1  0  0.64535487D-26
 381 PCH4+       1  4  0  1  0  0  0  0  0  0  0  0  1  0  0.16189396D-28
 382 SiC2H3+     1  3  0  2  0  0  1  0  0  0  0  0  0  0  0.57594882D-20
 383 SiC3H2+     1  2  0  3  0  0  1  0  0  0  0  0  0  0  0.68302688D-23
 384 SiC4H+      1  1  0  4  0  0  1  0  0  0  0  0  0  0  0.12160076D-23
 385 SiCH4+      1  4  0  1  0  0  1  0  0  0  0  0  0  0  0.28801859D-23
 386 SiH5+       1  5  0  0  0  0  1  0  0  0  0  0  0  0  0.19274769D-29
 387 C7+         1  0  0  7  0  0  0  0  0  0  0  0  0  0  0.34899166D-15
 388 H2C4N+      1  2  0  4  1  0  0  0  0  0  0  0  0  0  0.12171558D-24
 389 C6H-       -1  1  0  6  0  0  0  0  0  0  0  0  0  0  0.50397538D-15
 390 C7-        -1  0  0  7  0  0  0  0  0  0  0  0  0  0  0.10484868D-15
 391 C4H3+       1  3  0  4  0  0  0  0  0  0  0  0  0  0  0.37045414D-14
 392 C5H2+       1  2  0  5  0  0  0  0  0  0  0  0  0  0  0.32634612D-17
 393 CH3CNH+     1  4  0  2  1  0  0  0  0  0  0  0  0  0  0.20945792D-18
 394 C2H4O+      1  4  0  2  0  1  0  0  0  0  0  0  0  0  0.13454701D-25
 395 C2H5+       1  5  0  2  0  0  0  0  0  0  0  0  0  0  0.31926242D-21
 396 C3H3N+      1  3  0  3  1  0  0  0  0  0  0  0  0  0  0.25325141D-26
 397 C3H4+       1  4  0  3  0  0  0  0  0  0  0  0  0  0  0.29428851D-24
 398 HC5N+       1  1  0  5  1  0  0  0  0  0  0  0  0  0  0.39233543D-18
 399 C6H+        1  1  0  6  0  0  0  0  0  0  0  0  0  0  0.93994999D-15
 400 CH3NH2+     1  5  0  1  1  0  0  0  0  0  0  0  0  0  0.24222217D-23
 401 CH3OH2+     1  5  0  1  0  1  0  0  0  0  0  0  0  0  0.62898371D-22
 402 H3C3O+      1  3  0  3  0  1  0  0  0  0  0  0  0  0  0.32907641D-23
 403 NH2CH2O+    1  4  0  1  1  1  0  0  0  0  0  0  0  0  0.10419591D-31
 404 PC2H4+      1  4  0  2  0  0  0  0  0  0  0  0  1  0  0.41930620D-33
 405 PC4H2+      1  2  0  4  0  0  0  0  0  0  0  0  1  0  0.19802517D-29
 406 HC5O+       1  1  0  5  0  1  0  0  0  0  0  0  0  0  0.17526832D-23
 407 C6N+        1  0  0  6  1  0  0  0  0  0  0  0  0  0  0.16212903D-18
 408 H2C5N+      1  2  0  5  1  0  0  0  0  0  0  0  0  0  0.10711439D-20
 409 C8+         1  0  0  8  0  0  0  0  0  0  0  0  0  0  0.17057408D-15
 410 C7H-       -1  1  0  7  0  0  0  0  0  0  0  0  0  0  0.17490414D-15
 411 C8-        -1  0  0  8  0  0  0  0  0  0  0  0  0  0  0.33052405D-16
 412 C5H3+       1  3  0  5  0  0  0  0  0  0  0  0  0  0  0.32939750D-21
 413 C3H5+       1  5  0  3  0  0  0  0  0  0  0  0  0  0  0.41009463D-23
 414 C6H2+       1  2  0  6  0  0  0  0  0  0  0  0  0  0  0.29995246D-17
 415 C7H+        1  1  0  7  0  0  0  0  0  0  0  0  0  0  0.33117287D-15
 416 CH3CHOH+    1  5  0  2  0  1  0  0  0  0  0  0  0  0  0.11445012D-25
 417 C2H6+       1  6  0  2  0  0  0  0  0  0  0  0  0  0  0.24231350D-43
 418 C3H3NH+     1  4  0  3  1  0  0  0  0  0  0  0  0  0  0.43082070D-29
 419 C4H4+       1  4  0  4  0  0  0  0  0  0  0  0  0  0  0.23366640D-17
 420 C7N+        1  0  0  7  1  0  0  0  0  0  0  0  0  0  0.10980633D-19
 421 CH3NH3+     1  6  0  1  1  0  0  0  0  0  0  0  0  0  0.76593672D-23
 422 COOCH4+     1  4  0  2  0  2  0  0  0  0  0  0  0  0  0.37961829D-32
 423 H3C4N+      1  3  0  4  1  0  0  0  0  0  0  0  0  0  0.10211241D-24
 424 HC6N+       1  1  0  6  1  0  0  0  0  0  0  0  0  0  0.60277443D-26
 425 C9+         1  0  0  9  0  0  0  0  0  0  0  0  0  0  0.67186011D-16
 426 C8H-       -1  1  0  8  0  0  0  0  0  0  0  0  0  0  0.43270784D-16
 427 C9-        -1  0  0  9  0  0  0  0  0  0  0  0  0  0  0.12228993D-16
 428 C4H5+       1  5  0  4  0  0  0  0  0  0  0  0  0  0  0.44799622D-26
 429 C6H3+       1  3  0  6  0  0  0  0  0  0  0  0  0  0  0.25190872D-20
 430 C7H2+       1  2  0  7  0  0  0  0  0  0  0  0  0  0  0.64239026D-18
 431 C2H5OH+     1  6  0  2  0  1  0  0  0  0  0  0  0  0  0.47943325D-33
 432 H3C4NH+     1  4  0  4  1  0  0  0  0  0  0  0  0  0  0.36340778D-23
 433 C5H3N+      1  3  0  5  1  0  0  0  0  0  0  0  0  0  0.58868954D-26
 434 C5H4+       1  4  0  5  0  0  0  0  0  0  0  0  0  0  0.11183055D-25
 435 HC7N+       1  1  0  7  1  0  0  0  0  0  0  0  0  0  0.18773228D-19
 436 C8H+        1  1  0  8  0  0  0  0  0  0  0  0  0  0  0.70748580D-16
 437 CH3OCH3+    1  6  0  2  0  1  0  0  0  0  0  0  0  0  0.46582741D-32
 438 H5C2O2+     1  5  0  2  0  2  0  0  0  0  0  0  0  0  0.76584255D-32
 439 HC7O+       1  1  0  7  0  1  0  0  0  0  0  0  0  0  0.62195125D-25
 440 C8N+        1  0  0  8  1  0  0  0  0  0  0  0  0  0  0.29544182D-19
 441 H2C6N+      1  2  0  6  1  0  0  0  0  0  0  0  0  0  0.46783573D-25
 442 C2H7+       1  7  0  2  0  0  0  0  0  0  0  0  0  0  0.00000000D+00
 443 C10+        1  0  0 10  0  0  0  0  0  0  0  0  0  0  0.35304155D-16
 444 CH3OCH4+    1  7  0  2  0  1  0  0  0  0  0  0  0  0  0.16654411D-31
 445 C9H-       -1  1  0  9  0  0  0  0  0  0  0  0  0  0  0.15788459D-16
 446 C10-       -1  0  0 10  0  0  0  0  0  0  0  0  0  0  0.11134820D-17
 447 C7H2N+      1  2  0  7  1  0  0  0  0  0  0  0  0  0  0.36680808D-21
 448 C7H3+       1  3  0  7  0  0  0  0  0  0  0  0  0  0  0.41214421D-21
 449 C5H5+       1  5  0  5  0  0  0  0  0  0  0  0  0  0  0.10598039D-25
 450 C8H2+       1  2  0  8  0  0  0  0  0  0  0  0  0  0  0.59533606D-16
 451 C9H+        1  1  0  9  0  0  0  0  0  0  0  0  0  0  0.46533827D-16
 452 C2H5OH2+    1  7  0  2  0  1  0  0  0  0  0  0  0  0  0.58254576D-32
 453 C2H6CO+     1  6  0  3  0  1  0  0  0  0  0  0  0  0  0.13054322D-33
 454 C5H4N+      1  4  0  5  1  0  0  0  0  0  0  0  0  0  0.62844037D-29
 455 C6H4+       1  4  0  6  0  0  0  0  0  0  0  0  0  0  0.19242051D-24
 456 C9N+        1  0  0  9  1  0  0  0  0  0  0  0  0  0  0.15396277D-20
 457 HC8N+       1  1  0  8  1  0  0  0  0  0  0  0  0  0  0.90960206D-27
 458 C10H+       1  1  0 10  0  0  0  0  0  0  0  0  0  0  0.28555375D-17
 459 C10H-      -1  1  0 10  0  0  0  0  0  0  0  0  0  0  0.76075780D-18
 460 C8H3+       1  3  0  8  0  0  0  0  0  0  0  0  0  0  0.42200436D-21
 461 C9H2+       1  2  0  9  0  0  0  0  0  0  0  0  0  0  0.72788523D-19
 462 C3H6OH+     1  7  0  3  0  1  0  0  0  0  0  0  0  0  0.26212456D-33
 463 C4H7+       1  7  0  4  0  0  0  0  0  0  0  0  0  0  0.95636679D-34
 464 H3C6NH+     1  4  0  6  1  0  0  0  0  0  0  0  0  0  0.36018664D-25
 465 C6H5+       1  5  0  6  0  0  0  0  0  0  0  0  0  0  0.69853488D-25
 466 H3C7N+      1  3  0  7  1  0  0  0  0  0  0  0  0  0  0.85749125D-28
 467 C7H4+       1  4  0  7  0  0  0  0  0  0  0  0  0  0  0.10749584D-24
 468 C9HN+       1  1  0  9  1  0  0  0  0  0  0  0  0  0  0.25881603D-20
 469 C11+        1  0  0 11  0  0  0  0  0  0  0  0  0  0  0.12329361D-17
 470 HC9O+       1  1  0  9  0  1  0  0  0  0  0  0  0  0  0.75339181D-26
 471 C10N+       1  0  0 10  1  0  0  0  0  0  0  0  0  0  0.10410857D-20
 472 H2C8N+      1  2  0  8  1  0  0  0  0  0  0  0  0  0  0.70597610D-26
 473 C9H2N+      1  2  0  9  1  0  0  0  0  0  0  0  0  0  0.10853549D-22
 474 C9H3+       1  3  0  9  0  0  0  0  0  0  0  0  0  0  0.69323378D-22
 475 C10H2+      1  2  0 10  0  0  0  0  0  0  0  0  0  0  0.30433930D-20
 476 C7H5+       1  5  0  7  0  0  0  0  0  0  0  0  0  0  0.59977455D-26
 477 C8H4+       1  4  0  8  0  0  0  0  0  0  0  0  0  0  0.12833018D-24
 478 HC10N+      1  1  0 10  1  0  0  0  0  0  0  0  0  0  0.29977370D-28
 479 C6H7+       1  7  0  6  0  0  0  0  0  0  0  0  0  0  0.65499978D-26
 480 C9H4+       1  4  0  9  0  0  0  0  0  0  0  0  0  0  0.25234076D-25
 481 C8H4N+      1  4  0  8  1  0  0  0  0  0  0  0  0  0  0.69962860D-26
 482 C8H5+       1  5  0  8  0  0  0  0  0  0  0  0  0  0  0.16725758D-26
 483 C9H3N+      1  3  0  9  1  0  0  0  0  0  0  0  0  0  0.12577116D-28
 484 C10H3+      1  3  0 10  0  0  0  0  0  0  0  0  0  0  0.52538125D-24
 485 H2C10N+     1  2  0 10  1  0  0  0  0  0  0  0  0  0  0.34899833D-27
 486 C9H5+       1  5  0  9  0  0  0  0  0  0  0  0  0  0  0.14872078D-33
 487 GRAIN0      0  0  0  0  0  0  0  0  0  0  0  0  0  0  0.88997676D-14
 488 GRAIN-     -1  0  0  0  0  0  0  0  0  0  0  0  0  0  0.13126002D-11
 489 XH          0  1  0  0  0  0  0  0  0  0  0  0  0  0  0.76290703D-14
