   141.57040     -0.75537838E-01
   141.46721     -0.74534103E-01
   141.36403      0.23148594E-01
   141.26084     -0.26004054E-01
   141.15765     -0.97425925E-02
   141.05447     -0.11658694E-01
   140.95128     -0.85340679E-01
   140.84810     -0.27129134E-01
   140.74491      0.61070696E-01
   140.64173      0.86003847E-01
   140.53854      0.17772114E-01
   140.43535     -0.82211882E-01
   140.33217     -0.66438437E-01
   140.22898      0.26176581E-01
   140.12580      0.13906762E-01
   140.02261     -0.36443945E-01
   139.91943     -0.32318529E-01
   139.81624     -0.14166563E-01
   139.71306      0.12873099E-01
   139.60987      0.27147194E-01
   139.50668     -0.81183389E-02
   139.40350     -0.22195583E-01
   139.30031     -0.15660049E-01
   139.19713     -0.29083045E-01
   139.09394      0.25161013E-01
   138.99076      0.83079882E-01
   138.88757      0.73052138E-01
   138.78438      0.61492946E-01
   138.68120      0.57174515E-01
   138.57801      0.88013254E-01
   138.47483      0.10066458    
   138.37164      0.71158327E-01
   138.26846      0.40641017E-01
   138.16527      0.60527176E-01
   138.06208      0.66634797E-01
   137.95890      0.48576146E-02
   137.85571     -0.50267100E-01
   137.75253     -0.25010133E-01
   137.64934      0.45746654E-01
   137.54616      0.71416460E-01
   137.44297      0.80419824E-01
   137.33978     -0.72190903E-01
   137.23660     -0.12272828    
   137.13341     -0.33143099E-01
   137.03023     -0.28564498E-01
   136.92704     -0.53854991E-01
   136.82386     -0.90197980E-01
   136.72067      0.11108184E-02
   136.61749      0.23970926E-01
   136.51430      0.30231556E-01
   136.41111      0.41019469E-01
   136.30793     -0.11161496E-01
   136.20474     -0.71939765E-02
   136.10156      0.27721310E-01
   135.99837      0.51175389E-01
   135.89519      0.14334783E-01
   135.79200     -0.72674297E-01
   135.68881     -0.27767906E-01
   135.58563      0.25392288E-01
   135.48244     -0.75969569E-01
   135.37926     -0.61382502E-01
   135.27607     -0.32394525E-01
   135.17289     -0.91329984E-01
   135.06970      0.11528227E-01
   134.96651      0.20810172E-01
   134.86333     -0.44277769E-01
   134.76014      0.34669559E-01
   134.65696      0.58397945E-01
   134.55377     -0.52303981E-01
   134.45059     -0.69593184E-01
   134.34740     -0.60749077E-02
   134.24421     -0.20833954E-01
   134.14103     -0.65262519E-01
   134.03784     -0.31945329E-01
   133.93466     -0.30762384E-01
   133.83147      0.63591428E-01
   133.72829      0.97756632E-01
   133.62510      0.39853185E-01
   133.52192      0.77092193E-01
   133.41873      0.43182343E-01
   133.31554     -0.28329113E-01
   133.21236     -0.25835639E-01
   133.10917      0.28479649E-01
   133.00599      0.12881622E-01
   132.90280     -0.74761800E-01
   132.79962     -0.29857466E-01
   132.69643      0.72555922E-01
   132.59324      0.15735166E-01
   132.49006     -0.47281604E-01
   132.38687     -0.26527293E-01
   132.28369     -0.21732792E-01
   132.18050     -0.27821185E-01
   132.07732     -0.61595403E-02
   131.97413     -0.37717950E-01
   131.87094     -0.26071729E-01
   131.76776     -0.36486335E-01
   131.66457     -0.10914747E-01
   131.56139     -0.59012580E-02
   131.45820     -0.20209184E-01
   131.35502      0.11419646E-01
   131.25183     -0.28948149E-01
   131.14864     -0.22643192E-01
   131.04546      0.13371607E-02
   130.94227      0.55044007E-01
   130.83909      0.69880672E-01
   130.73590     -0.51131140E-01
   130.63272     -0.89490913E-01
   130.52953     -0.32878473E-01
   130.42635     -0.39604258E-01
   130.32316     -0.71649872E-01
   130.21997      0.59521259E-02
   130.11679      0.77342056E-02
   130.01360      0.26248393E-02
   129.91042      0.39244782E-01
   129.80723     -0.16757516E-02
   129.70405     -0.24510009E-01
   129.60086      0.74150958E-02
   129.49767      0.59223395E-01
   129.39449      0.10984763    
   129.29130      0.10510721    
   129.18812      0.19832283E-01
   129.08493     -0.23759916E-01
   128.98175      0.19332770E-01
   128.87856      0.53442150E-01
   128.77537      0.48747946E-01
   128.67219      0.88080307E-02
   128.56900     -0.32941263E-01
   128.46582     -0.30293146E-01
   128.36263      0.40498268E-01
   128.25945     -0.27806803E-02
   128.15626     -0.62793922E-02
   128.05307      0.15380777E-01
   127.94989      0.16295418E-01
   127.84670      0.23544617E-01
   127.74352     -0.13415414E-01
   127.64033      0.36416538E-01
   127.53715      0.34712281E-01
   127.43396     -0.18551245E-01
   127.33077     -0.42290181E-01
   127.22759      0.80928290E-02
   127.12440      0.44052180E-01
   127.02122     -0.20159224E-01
   126.91803      0.11921071E-01
   126.81485      0.17640023E-01
   126.71166     -0.16152607E-01
   126.60848      0.13889224E-01
   126.50529     -0.15637925E-01
   126.40210     -0.17030170E-01
   126.29892      0.23896484E-01
   126.19573      0.48911795E-01
   126.09255     -0.19721208E-01
   125.98936     -0.79470091E-01
   125.88618      0.44804085E-02
   125.78299      0.10343295E-01
   125.67980     -0.32453563E-01
   125.57662      0.83671446E-03
   125.47343      0.27222032E-01
   125.37025      0.59847791E-01
   125.26706     -0.93205282E-02
   125.16388     -0.56759417E-02
   125.06069      0.80091953E-01
   124.95750      0.98147593E-01
   124.85432      0.52974422E-01
   124.75113      0.13349774E-01
   124.64795     -0.63591570E-01
   124.54476     -0.79032861E-01
   124.44158      0.19178214E-01
   124.33839      0.34219235E-01
   124.23520     -0.22902047E-01
   124.13202     -0.20476276E-01
   124.02883      0.41073222E-01
   123.92565      0.96286774E-01
   123.82246      0.94481230E-01
   123.71928      0.68133213E-01
   123.61609      0.38027134E-01
   123.51291      0.21448398E-01
   123.40972      0.31635454E-02
   123.30653      0.23261702E-01
   123.20335     -0.70935614E-01
   123.10016     -0.82995467E-01
   122.99698      0.25122598E-01
   122.89379     -0.45412123E-01
   122.79061     -0.47653705E-01
   122.68742      0.17582810E-01
   122.58423      0.90553788E-02
   122.48105     -0.20780593E-01
   122.37786     -0.61673973E-01
   122.27468     -0.54765467E-01
   122.17149      0.66830873E-01
   122.06831      0.94051503E-01
   121.96512      0.34252670E-01
   121.86193     -0.78032009E-01
   121.75875     -0.13168444    
   121.65556     -0.70300251E-02
   121.55238      0.46707664E-01
   121.44919      0.17004967E-01
   121.34601      0.30154331E-01
   121.24282     -0.17545179E-01
   121.13963     -0.18761525E-01
   121.03645      0.22586366E-01
   120.93326     -0.49059171E-01
   120.83008     -0.57381678E-01
   120.72689     -0.21717556E-01
   120.62371     -0.34084581E-01
   120.52052     -0.55097476E-01
   120.41734     -0.79603702E-01
   120.31415     -0.90268282E-02
   120.21096     -0.26009941E-01
   120.10778     -0.31648654E-01
   120.00459      0.58155518E-01
   119.90141     -0.42756569E-01
   119.79822     -0.29510364E-01
   119.69504      0.63471980E-01
   119.59185      0.85491933E-01
   119.48866      0.81849001E-01
   119.38548     -0.73045269E-02
   119.28229      0.22246202E-01
   119.17911      0.70200670E-02
   119.07592     -0.17618524E-01
   118.97274     -0.74761659E-02
   118.86955     -0.80525100E-01
   118.76636     -0.65684319E-04
   118.66318      0.72174981E-01
   118.55999     -0.14992016E-01
   118.45681     -0.32454494E-01
   118.35362     -0.32643389E-01
   118.25044     -0.23748724E-01
   118.14725      0.48542093E-02
   118.04406     -0.97882204E-01
   117.94088     -0.68404101E-01
   117.83769      0.61192494E-01
   117.73451      0.50428640E-01
   117.63132      0.76893740E-02
   117.52814     -0.25252156E-01
   117.42495     -0.41301366E-01
   117.32177     -0.35129581E-01
   117.21858      0.31261690E-01
   117.11539      0.11216218    
   117.01221     -0.26471457E-01
   116.90902     -0.57349477E-01
   116.80584     -0.34374952E-01
   116.70265     -0.85043319E-01
   116.59947      0.13727053E-01
   116.49628      0.17306393E-01
   116.39309     -0.58369566E-01
   116.28991     -0.10192289    
   116.18672     -0.99001981E-01
   116.08354     -0.84716387E-01
   115.98035      0.28841596E-02
   115.87717      0.15440421E-02
   115.77398     -0.76241292E-01
   115.67079     -0.69761880E-01
   115.56761     -0.17637866E-01
   115.46442      0.11960743E-03
   115.36124     -0.56863245E-01
   115.25805      0.11000249E-01
   115.15487      0.30054310E-01
   115.05168      0.59035639E-02
   114.94849      0.18298602E-01
   114.84531     -0.86470628E-02
   114.74212      0.18889772E-01
   114.63894     -0.57776909E-01
   114.53575     -0.29386392E-01
   114.43257      0.52169662E-01
   114.32938     -0.47061116E-01
   114.22620     -0.87534674E-01
   114.12301     -0.10675661E-01
   114.01982      0.62309984E-01
   113.91664      0.16981477E-01
   113.81345     -0.14807083E-01
   113.71027     -0.28385231E-01
   113.60708     -0.40615838E-01
   113.50390     -0.72525941E-01
   113.40071     -0.11477620    
   113.29752     -0.14362515E-01
   113.19434      0.16368255E-02
   113.09115      0.63454330E-01
   112.98797      0.11595818    
   112.88478     -0.35158955E-01
   112.78160     -0.75347818E-01
   112.67841     -0.10417491    
   112.57522      0.21883858E-01
   112.47204      0.11379912    
   112.36885     -0.26161641E-01
   112.26567      0.10487564E-01
   112.16248      0.48289265E-01
   112.05930      0.24726190E-01
   111.95611     -0.77914782E-02
   111.85292     -0.87195121E-01
   111.74974      0.79768397E-04
   111.64655      0.12940627    
   111.54337      0.70584774E-01
   111.44018     -0.84140897E-02
   111.33700     -0.31097740E-01
   111.23381     -0.27221657E-01
   111.13062     -0.55214062E-01
   111.02744     -0.28992033E-01
   110.92425     -0.11410673E-01
   110.82107     -0.42836826E-01
   110.71788     -0.50161142E-01
   110.61470     -0.64627752E-01
   110.51151     -0.25827356E-01
   110.40833     -0.28222105E-01
   110.30514      0.69480347E-02
   110.20195      0.12100144E-01
   110.09877      0.32148808E-01
   109.99558      0.31740461E-01
   109.89240     -0.29739732E-01
   109.78921     -0.46995025E-01
   109.68603     -0.42700913E-01
   109.58284     -0.74274181E-02
   109.47965     -0.36796723E-01
   109.37647     -0.80870241E-01
   109.27328     -0.58956742E-01
   109.17010      0.19725604E-01
   109.06691      0.16666148E-01
   108.96373     -0.15894485E-02
   108.86054     -0.78057027E-02
   108.75735     -0.64135365E-01
   108.65417     -0.99825434E-01
   108.55098     -0.74128352E-01
   108.44780     -0.27259177E-01
   108.34461     -0.13032013E-01
   108.24143     -0.86398281E-01
   108.13824     -0.38855958E-02
   108.03505      0.10514238    
   107.93187     -0.39969161E-02
   107.82868     -0.49792726E-01
   107.72550      0.16058063E-01
   107.62231     -0.37842225E-01
   107.51913     -0.56275692E-01
   107.41594     -0.15547064E-01
   107.31276     -0.65165319E-01
   107.20957      0.75468845E-02
   107.10638      0.32439124E-01
   107.00320      0.89809550E-02
   106.90001     -0.12146320E-01
   106.79683     -0.28081467E-01
   106.69364     -0.67501903E-01
   106.59046     -0.39003491E-02
   106.48727      0.11283511    
   106.38408      0.33340145E-01
   106.28090     -0.54785535E-01
   106.17771     -0.62489092E-01
   106.07453     -0.38554765E-01
   105.97134      0.43308217E-01
   105.86816     -0.55604889E-02
   105.76497     -0.26484335E-01
   105.66178      0.52668553E-01
   105.55860      0.14764667E-01
   105.45541     -0.33985216E-01
   105.35223     -0.33225229E-02
   105.24904     -0.36478546E-01
   105.14586      0.17866755E-01
   105.04267      0.96138328E-01
   104.93948      0.58549155E-01
   104.83630      0.71838655E-01
   104.73311     -0.23490402E-02
   104.62993     -0.39365318E-01
   104.52674     -0.42412013E-01
   104.42356      0.20388128E-01
   104.32037     -0.48488672E-02
   104.21719     -0.68871632E-01
   104.11400      0.40950518E-01
   104.01081      0.15463331E-01
   103.90763      0.54530289E-01
   103.80444      0.11261702    
   103.70126      0.10105342    
   103.59807      0.72546490E-01
   103.49489     -0.21415472E-01
   103.39170     -0.26483396E-01
   103.28851     -0.29859647E-01
   103.18533     -0.27960602E-02
   103.08214      0.34607794E-01
   102.97896      0.50169323E-01
   102.87577     -0.19011887E-01
   102.77259     -0.21909263E-02
   102.66940      0.77114306E-01
   102.56621     -0.25773883E-01
   102.46303     -0.31748265E-01
   102.35984     -0.90496847E-02
   102.25666      0.22611042E-01
   102.15347      0.66352807E-01
   102.05029     -0.24637863E-01
   101.94710      0.15590956E-01
   101.84391      0.10367086    
   101.74073      0.42620834E-01
   101.63754     -0.32636885E-01
   101.53436      0.15930386E-01
   101.43117     -0.14727066E-01
   101.32799     -0.10635874    
   101.22480     -0.25222600E-01
   101.12162      0.20803990E-01
   101.01843     -0.53195581E-01
   100.91524     -0.59963302E-02
   100.81206      0.89312546E-01
   100.70887      0.82086958E-02
   100.60569     -0.12746450    
   100.50250     -0.12180267    
   100.39932     -0.84203131E-01
   100.29613      0.10898305E-03
   100.19294      0.83552986E-01
   100.08976      0.94389804E-02
   99.986573      0.10268186E-01
   99.883387      0.17306516E-01
   99.780201     -0.72441832E-02
   99.677016     -0.77053823E-01
   99.573830     -0.90731114E-01
   99.470644      0.37867327E-02
   99.367459     -0.16586682E-01
   99.264273     -0.37901103E-01
   99.161087     -0.43862415E-02
   99.057902      0.21175148E-01
   98.954716      0.59700865E-01
   98.851530      0.17287523E-01
   98.748345     -0.11662837E-01
   98.645159      0.21613419E-01
   98.541973      0.26910765E-01
   98.438788      0.10110321    
   98.335602      0.14797412E-01
   98.232416     -0.78899734E-01
   98.129231     -0.44784386E-01
   98.026045      0.17153120E-01
   97.922859      0.68575747E-01
   97.819674      0.34962997E-01
   97.716488      0.65928899E-01
   97.613302      0.90133227E-01
   97.510117      0.75914408E-02
   97.406931     -0.58689699E-01
   97.303745      0.15512896E-01
   97.200560      0.69435858E-02
   97.097374     -0.95896386E-01
   96.994188     -0.66016592E-01
   96.891003      0.65080132E-02
   96.787817     -0.68977125E-01
   96.684631     -0.65576538E-01
   96.581446     -0.28461291E-01
   96.478260     -0.41677635E-01
   96.375074      0.24509849E-01
   96.271889     -0.78984402E-01
   96.168703     -0.66786364E-01
   96.065517      0.19258471E-01
   95.962332     -0.67096561E-01
   95.859146     -0.80474518E-01
   95.755960     -0.42448491E-01
   95.652775     -0.79429232E-01
   95.549589     -0.56663226E-01
   95.446403     -0.66965163E-01
   95.343218     -0.10812374    
   95.240032      0.20018423E-01
   95.136846      0.10155386    
   95.033661     -0.17035086E-01
   94.930475     -0.41708961E-01
   94.827289      0.32373678E-02
   94.724104     -0.39979007E-01
   94.620918     -0.80483608E-01
   94.517732      0.17151328E-01
   94.414547      0.27331723E-01
   94.311361      0.17261870E-01
   94.208175     -0.14422436    
   94.104990     -0.12596272    
   94.001804     -0.10770120    
   93.898618     -0.65728263E-02
   93.795433     -0.37553308E-02
   93.692247     -0.41263014E-01
   93.589061      0.66770941E-01
   93.485876      0.78972496E-01
   93.382690     -0.28120777E-01
   93.279504     -0.21681728E-01
   93.176319     -0.34147341E-01
   93.073133     -0.71367510E-01
   92.969947     -0.12492639    
   92.866762     -0.89698203E-01
   92.763576      0.11181119E-01
   92.660390     -0.21486890E-02
   92.557205     -0.26380474E-01
   92.454019     -0.78668214E-01
   92.350833     -0.79067387E-01
   92.247648     -0.79462588E-01
   92.144462     -0.11192330    
   92.041276      0.50792530E-01
   91.938091      0.70263900E-01
   91.834905     -0.25149060E-01
   91.731719     -0.65851598E-02
   91.628534     -0.82018282E-02
   91.525348     -0.70153982E-02
   91.422162      0.35784673E-01
   91.318977      0.13304128E-01
   91.215791     -0.40715892E-01
   91.112605     -0.17602352E-01
   91.009420     -0.73074907E-01
   90.906234     -0.96599245E-02
   90.803048      0.79022467E-01
   90.699863      0.98063789E-01
   90.596677      0.21689245E-02
   90.493491     -0.93538992E-01
   90.390306     -0.29398695E-01
   90.287120      0.79082347E-01
   90.183934      0.12078684    
   90.080749      0.55044234E-01
   89.977563      0.30833878E-01
   89.874377     -0.92575364E-02
   89.771192     -0.15254837E-01
   89.668006     -0.59322804E-01
   89.564820     -0.63798926E-02
   89.461635      0.81195094E-01
   89.358449      0.19620188E-01
   89.255263     -0.11061649E-01
   89.152078     -0.33985798E-02
   89.048892     -0.16469011E-02
   88.945706     -0.71630511E-02
   88.842521     -0.42876620E-01
   88.739335     -0.58186282E-02
   88.636149     -0.18614501E-01
   88.532964     -0.25132971E-01
   88.429778     -0.41256016E-02
   88.326592     -0.62660761E-01
   88.223407     -0.35028104E-01
   88.120221     -0.87196054E-02
   88.017035     -0.10805148    
   87.913850     -0.11662164    
   87.810664     -0.46240073E-01
   87.707478      0.85379370E-01
   87.604293      0.36714967E-01
   87.501107     -0.12322681    
   87.397921     -0.14556195E-01
   87.294736      0.70997030E-01
   87.191550      0.13975003E-01
   87.088364      0.29112123E-01
   86.985179      0.23970114E-01
   86.881993     -0.53700864E-01
   86.778807     -0.25132447E-01
   86.675622      0.11227566E-01
   86.572436     -0.44335801E-01
   86.469250     -0.99079035E-01
   86.366065     -0.39100464E-01
   86.262879     -0.18428216E-01
   86.159693      0.27432986E-01
   86.056508      0.76491646E-01
   85.953322      0.28460698E-01
   85.850136     -0.48975382E-01
   85.746951     -0.47091931E-01
   85.643765     -0.47428209E-01
   85.540579     -0.69167563E-02
   85.437394     -0.17680043E-01
   85.334208     -0.17331119    
   85.231022     -0.80090724E-01
   85.127836      0.60318280E-01
   85.024651      0.11876930E-01
   84.921465      0.46244979E-01
   84.818279      0.46423364E-01
   84.715094      0.93438886E-01
   84.611908      0.18487813    
   84.508722      0.64852260E-01
   84.405537     -0.22539295E-01
   84.302351     -0.30149755E-02
   84.199165      0.22075547E-01
   84.095980      0.43304373E-01
   83.992794     -0.44414431E-01
   83.889608     -0.95839888E-01
   83.786423     -0.82600974E-01
   83.683237     -0.11223207    
   83.580051     -0.44539932E-01
   83.476866      0.44634316E-01
   83.373680      0.12183470E-01
   83.270494     -0.72023958E-01
   83.167309     -0.48222307E-01
   83.064123      0.16981687E-01
   82.960937     -0.62693126E-01
   82.857752     -0.64686917E-01
   82.754566     -0.88055013E-02
   82.651380     -0.72042607E-01
   82.548195      0.12107486E-02
   82.445009     -0.50810277E-01
   82.341823     -0.14335380    
   82.238638     -0.18967712E-01
   82.135452      0.33315565E-01
   82.032266      0.34691598E-01
   81.929081      0.64212494E-01
   81.825895     -0.13979681E-01
   81.722709      0.37047692E-01
   81.619524      0.54443747E-01
   81.516338     -0.79718046E-01
   81.413152     -0.40130373E-01
   81.309967      0.43720100E-01
   81.206781      0.12961964    
   81.103595      0.97569488E-01
   81.000410      0.20776412E-01
   80.897224      0.18284323E-01
   80.794038     -0.26917005E-01
   80.690853     -0.33442009E-01
   80.587667     -0.47546238E-01
   80.484481     -0.10555115    
   80.381296     -0.99443831E-01
   80.278110     -0.44639248E-01
   80.174924     -0.66196859E-01
   80.071739     -0.78820586E-02
   79.968553      0.67773215E-01
   79.865367      0.58602262E-01
   79.762182      0.14551197E-01
   79.658996      0.64159413E-02
   79.555810     -0.80452703E-01
   79.452625     -0.14160322    
   79.349439     -0.80972724E-01
   79.246253      0.19200988E-01
   79.143068      0.12400943    
   79.039882      0.10319255E-01
   78.936696     -0.10149011    
   78.833511     -0.45139715E-01
   78.730325      0.16902478E-01
   78.627139     -0.28076679E-01
   78.523954     -0.32242205E-01
   78.420768     -0.62851110E-02
   78.317582     -0.34943338E-01
   78.214397     -0.18842204E-01
   78.111211      0.37604533E-01
   78.008025     -0.63439459E-01
   77.904840     -0.74526213E-01
   77.801654     -0.98307103E-01
   77.698468     -0.53812653E-01
   77.595283      0.10152514    
   77.492097      0.29501900E-01
   77.388911     -0.59049848E-01
   77.285726     -0.30771485E-01
   77.182540      0.47239561E-01
   77.079354     -0.36980968E-01
   76.976169     -0.76149710E-01
   76.872983      0.27340749E-01
   76.769797      0.91363691E-01
   76.666612      0.69049023E-01
   76.563426      0.40133279E-01
   76.460240      0.59367184E-01
   76.357055      0.22742121E-01
   76.253869     -0.17996583E-01
   76.150683      0.61050286E-02
   76.047498      0.38367372E-01
   75.944312      0.10633323    
   75.841126      0.25710253E-01
   75.737941     -0.83295338E-01
   75.634755     -0.34650717E-01
   75.531569     -0.14088977E-01
   75.428384      0.57169016E-01
   75.325198      0.69428988E-01
   75.222012     -0.32798383E-01
   75.118827     -0.48050541E-01
   75.015641     -0.50907660E-01
   74.912455     -0.29682672E-01
   74.809270     -0.15538825E-02
   74.706084     -0.43287706E-01
   74.602898     -0.14594552E-01
   74.499713      0.71721621E-01
   74.396527      0.84784282E-02
   74.293341     -0.58169957E-01
   74.190156     -0.89576580E-02
   74.086970      0.21035252E-01
   73.983784      0.35528909E-01
   73.880599      0.23680121E-01
   73.777413      0.18659905E-01
   73.674227      0.51838975E-01
   73.571042      0.23005923E-01
   73.467856     -0.44802438E-01
   73.364670     -0.56380052E-01
   73.261485     -0.49364042E-01
   73.158299     -0.62183455E-01
   73.055113     -0.79647444E-01
   72.951928     -0.76043252E-02
   72.848742     -0.10917644E-01
   72.745556     -0.69858104E-01
   72.642371     -0.52823275E-01
   72.539185     -0.10851467    
   72.435999     -0.67769825E-01
   72.332814      0.13506033E-01
   72.229628     -0.60480838E-02
   72.126442     -0.47962785E-01
   72.023257     -0.34316819E-01
   71.920071     -0.22853239E-01
   71.816885     -0.54305125E-01
   71.713700      0.11035909E-01
   71.610514     -0.18563323E-01
   71.507328     -0.41499849E-01
   71.404143     -0.10975213E-01
   71.300957     -0.22761673E-01
   71.197771      0.23097217E-01
   71.094586     -0.11091894E-01
   70.991400     -0.50096285E-01
   70.888214     -0.50096978E-01
   70.785029     -0.26113460E-01
   70.681843     -0.42546660E-01
   70.578657     -0.91103889E-01
   70.475472     -0.11061291    
   70.372286     -0.50121874E-01
   70.269100     -0.20846615E-01
   70.165915     -0.23282731E-01
   70.062729     -0.12571291E-01
   69.959543     -0.48428066E-02
   69.856358      0.56757849E-01
   69.753172      0.64094685E-01
   69.649986     -0.42949717E-01
   69.546801     -0.75286172E-01
   69.443615     -0.84451213E-03
   69.340429     -0.23724057E-01
   69.237244     -0.86626001E-01
   69.134058     -0.61829280E-01
   69.030872      0.48823860E-01
   68.927687      0.62406082E-02
   68.824501     -0.43520886E-01
   68.721315      0.20220412E-01
   68.618130      0.76694801E-01
   68.514944      0.68788119E-01
   68.411758      0.43515190E-01
   68.308573     -0.11125066E-01
   68.205387     -0.58173686E-01
   68.102201     -0.48289593E-01
   67.999016      0.10746695E-01
   67.895830      0.44138957E-01
   67.792644     -0.39299387E-01
   67.689459     -0.71720801E-01
   67.586273     -0.37941169E-01
   67.483087     -0.64460509E-02
   67.379901     -0.40990490E-01
   67.276716     -0.14422010    
   67.173530     -0.10109457    
   67.070344      0.67334692E-02
   66.967159     -0.98842913E-02
   66.863973      0.18050509E-02
   66.760787      0.49282875E-01
   66.657602      0.70601553E-01
   66.554416      0.63216068E-01
   66.451230      0.44842865E-01
   66.348045     -0.42357489E-01
   66.244859     -0.37358630E-01
   66.141673      0.61636735E-01
   66.038488      0.36481977E-01
   65.935302     -0.64036115E-02
   65.832116     -0.43913451E-03
   65.728931     -0.54278612E-01
   65.625745     -0.23305902E-01
   65.522559     -0.18224372E-01
   65.419374     -0.55736225E-01
   65.316188     -0.46892237E-01
   65.213002     -0.37836064E-01
   65.109817      0.19046558E-01
   65.006631     -0.13278727E-01
   64.903445     -0.54290038E-01
   64.800260      0.47026645E-01
   64.697074      0.42538088E-01
   64.593888     -0.52552670E-01
   64.490703      0.81137829E-02
   64.387517      0.63135144E-02
   64.284331      0.20610319E-01
   64.181146     -0.33626679E-01
   64.077960     -0.24748022E-01
   63.974774      0.30754521E-01
   63.871589      0.25770893E-01
   63.768403      0.24040580E-01
   63.665217      0.86186612E-02
   63.562032      0.21998355E-01
   63.458846     -0.91668703E-02
   63.355660     -0.42910185E-01
   63.252475     -0.88403644E-02
   63.149289     -0.21354549E-01
   63.046103     -0.16596751E-01
   62.942918      0.50745603E-01
   62.839732      0.45101047E-01
   62.736546      0.72951764E-01
   62.633361      0.92146762E-01
   62.530175      0.99509276E-01
   62.426989      0.50421324E-01
   62.323804     -0.19537762E-02
   62.220618      0.54369316E-01
   62.117432      0.74967101E-01
   62.014247      0.96605336E-02
   61.911061     -0.84106095E-01
   61.807875     -0.95391281E-01
   61.704690     -0.14071412E-01
   61.601504      0.53320602E-01
   61.498318     -0.11228352E-01
   61.395133     -0.60723022E-01
   61.291947     -0.54810881E-02
   61.188761     -0.24204141E-01
   61.085576     -0.72887115E-01
   60.982390     -0.73223203E-01
   60.879204      0.23298042E-01
   60.776019      0.51959459E-01
   60.672833     -0.40707365E-01
   60.569647      0.55697974E-03
   60.466462     -0.22094680E-01
   60.363276     -0.82152590E-01
   60.260090      0.14670473E-01
   60.156905     -0.83218245E-02
   60.053719     -0.35926942E-01
   59.950533     -0.18540384E-01
   59.847348     -0.62503487E-01
   59.744162     -0.65407045E-01
   59.640976     -0.90969741E-01
   59.537791     -0.50207689E-01
   59.434605      0.11770055    
   59.331419      0.10339766    
   59.228234     -0.12874228E-01
   59.125048      0.20316623E-01
   59.021862     -0.55643439E-01
   58.918677     -0.11918163    
   58.815491     -0.37868481E-01
   58.712305     -0.41771703E-02
   58.609120     -0.32981753E-01
   58.505934     -0.48776392E-01
   58.402748      0.11939851E-01
   58.299563     -0.40299326E-01
   58.196377     -0.65477245E-01
   58.093191     -0.30605763E-01
   57.990006     -0.40733550E-01
   57.886820      0.28450476E-01
   57.783634      0.39750088E-01
   57.680449      0.69655895E-01
   57.577263      0.10987774    
   57.474077      0.73820598E-01
   57.370892      0.32387160E-01
   57.267706      0.99245971E-02
   57.164520     -0.25250634E-01
   57.061335      0.10381634E-01
   56.958149      0.10542926E-01
   56.854963     -0.39156623E-01
   56.751778     -0.98613584E-02
   56.648592     -0.55235621E-01
   56.545406     -0.20473904E-02
   56.442221      0.30307740E-01
   56.339035      0.54719970E-02
   56.235849      0.63726403E-01
   56.132664      0.76119892E-01
   56.029478      0.31146897E-01
   55.926292     -0.33821885E-01
   55.823107     -0.46890911E-01
   55.719921      0.83994977E-01
   55.616735      0.12422081    
   55.513550      0.38607743E-01
   55.410364      0.26051134E-01
   55.307178      0.88919990E-01
   55.203993      0.88809066E-01
   55.100807     -0.16713733E-01
   54.997621     -0.11871181    
   54.894436     -0.13341360    
   54.791250     -0.88298798E-01
   54.688064     -0.45621131E-01
   54.584879      0.24251485E-01
   54.481693      0.37490793E-01
   54.378507      0.32388795E-01
   54.275322      0.14152507E-01
   54.172136     -0.62265795E-01
   54.068950     -0.51703334E-01
   53.965765      0.24894515E-01
   53.862579     -0.48489105E-01
   53.759393      0.25372177E-02
   53.656208      0.45553818E-01
   53.553022     -0.25568092E-01
   53.449836      0.16427521E-01
   53.346651      0.10390139    
   53.243465      0.44396985E-01
   53.140279     -0.47600295E-01
   53.037094     -0.50964218E-01
   52.933908     -0.21164330E-01
   52.830722     -0.37359074E-01
   52.727537     -0.10218344    
   52.624351      0.54010440E-01
   52.521165      0.60892101E-01
   52.417980      0.35338039E-02
   52.314794      0.17148135E-01
   52.211608     -0.20193664E-01
   52.108423     -0.25063517E-01
   52.005237      0.51394463E-01
   51.902051      0.24599861E-02
   51.798866     -0.59574884E-02
   51.695680      0.10322801    
   51.592494     -0.71482174E-01
   51.489309     -0.11636484    
   51.386123     -0.11841319E-01
   51.282937      0.17504292E-01
   51.179752      0.14359480E-02
   51.076566     -0.10190772    
   50.973380     -0.11780369    
   50.870195     -0.98140776E-01
   50.767009     -0.22947127E-01
   50.663823      0.19114129E-01
   50.560638     -0.31003511E-01
   50.457452      0.13006120E-01
   50.354266      0.23861876E-01
   50.251081     -0.86449854E-01
   50.147895      0.13906462E-02
   50.044709      0.11716830    
   49.941524     -0.40131602E-01
   49.838338     -0.18159008E-01
   49.735152      0.27418450E-01
   49.631967     -0.87078623E-01
   49.528781     -0.81475429E-01
   49.425595     -0.34720942E-01
   49.322409     -0.70092179E-01
   49.219224     -0.71838856E-01
   49.116038     -0.47436967E-02
   49.012852      0.34964446E-01
   48.909667      0.83087198E-01
   48.806481      0.78502394E-01
   48.703295      0.20587141E-01
   48.600110     -0.11012255E-01
   48.496924     -0.32196585E-01
   48.393738     -0.43021444E-01
   48.290553     -0.45257758E-01
   48.187367     -0.46142399E-01
   48.084181      0.62347937E-01
   47.980996      0.12150139    
   47.877810      0.74890093E-02
   47.774624     -0.56390122E-01
   47.671439     -0.48648357E-01
   47.568253     -0.75901456E-01
   47.465067      0.95363790E-02
   47.361882      0.35203010E-01
   47.258696      0.27863225E-02
   47.155510     -0.49166676E-01
   47.052325     -0.11148297E-01
   46.949139     -0.34899141E-02
   46.845953     -0.29859217E-01
   46.742768     -0.15873769E-01
   46.639582     -0.42023599E-01
   46.536396     -0.48033360E-01
   46.433211     -0.27072117E-01
   46.330025     -0.48540141E-01
   46.226839     -0.50574441E-01
   46.123654      0.82661463E-02
   46.020468      0.61917812E-01
   45.917282      0.10921335    
   45.814097      0.43121811E-01
   45.710911     -0.40344442E-02
   45.607725      0.63280292E-01
   45.504540      0.67059219E-01
   45.401354     -0.55484861E-01
   45.298168     -0.92330715E-02
   45.194983      0.67643613E-01
   45.091797     -0.38850233E-01
   44.988611     -0.48474777E-01
   44.885426      0.58544919E-01
   44.782240     -0.77021471E-02
   44.679054     -0.15289222    
   44.575869     -0.11070150    
   44.472683     -0.84722377E-01
   44.369497     -0.48564058E-01
   44.266312      0.32354880E-01
   44.163126      0.79231657E-01
   44.059940      0.15577662    
   43.956755      0.79613477E-01
   43.853569     -0.54923046E-01
   43.750383     -0.21104844E-01
   43.647198      0.23014424E-01
   43.544012      0.40394235E-01
   43.440826      0.15192169E-01
   43.337641      0.78174852E-01
   43.234455      0.10118299    
   43.131269     -0.18226594E-02
   43.028084     -0.40364217E-01
   42.924898      0.13333015E-01
   42.821712      0.29009217E-01
   42.718527      0.61904278E-01
   42.615341      0.16400397E-01
   42.512155     -0.80213197E-01
   42.408970     -0.14818482E-01
   42.305784     -0.10293233    
   42.202598     -0.95917685E-02
   42.099413      0.13096793    
   41.996227      0.36175467E-01
   41.893041      0.26724513E-02
   41.789856     -0.28718457E-01
   41.686670      0.14626724E-01
   41.583484     -0.33126011E-01
   41.480299     -0.31402882E-01
   41.377113      0.90727150E-01
   41.273927      0.45277063E-01
   41.170742      0.35795741E-01
   41.067556     -0.46637800E-01
   40.964370     -0.84248282E-01
   40.861185      0.38973391E-01
   40.757999      0.10601082E-01
   40.654813     -0.83496459E-02
   40.551628      0.15183569E-01
   40.448442     -0.94067402E-01
   40.345256     -0.20097462E-01
   40.242071      0.60313776E-01
   40.138885      0.83147474E-01
   40.035699      0.84771000E-01
   39.932514      0.68286352E-01
   39.829328      0.50584491E-01
   39.726142      0.16587790E-01
   39.622957      0.37983943E-01
   39.519771      0.13936646E-01
   39.416585      0.19020930E-01
   39.313400      0.34492128E-01
   39.210214     -0.21777323E-01
   39.107028     -0.41237596E-01
   39.003843     -0.32446336E-01
   38.900657     -0.35070200E-01
   38.797471      0.15565097E-01
   38.694286     -0.17536703E-01
   38.591100     -0.11324455E-01
   38.487914     -0.16631806E-01
   38.384729     -0.13433632E-01
   38.281543      0.67242496E-02
   38.178357      0.25442153E-01
   38.075172     -0.61809760E-01
   37.971986     -0.10356131    
   37.868800     -0.37333656E-01
   37.765615     -0.33330243E-01
   37.662429     -0.53735182E-01
   37.559243      0.18919496E-01
   37.456058      0.40303584E-01
   37.352872     -0.10054090    
   37.249686     -0.95527649E-01
   37.146501     -0.63053280E-01
   37.043315     -0.80015056E-01
   36.940129      0.32351881E-02
   36.836944      0.13932911E-01
   36.733758     -0.11162299E-01
   36.630572     -0.90407263E-02
   36.527387     -0.62952794E-01
   36.424201     -0.67356430E-01
   36.321015     -0.34332562E-01
   36.217830     -0.25804169E-01
   36.114644      0.33817831E-01
   36.011458      0.33989448E-01
   35.908273     -0.58597729E-01
   35.805087     -0.47291622E-01
   35.701901      0.92656994E-02
   35.598716      0.96869916E-01
   35.495530      0.45273542E-01
   35.392344     -0.25173344E-01
   35.289159      0.73453584E-02
   35.185973     -0.13585706E-01
   35.082787      0.38913330E-02
   34.979602     -0.72189160E-01
   34.876416     -0.18757975    
   34.773230     -0.10170864    
   34.670045     -0.64657448E-03
   34.566859     -0.72089940E-01
   34.463673     -0.68123929E-01
   34.360488      0.79144733E-02
   34.257302     -0.38366579E-01
   34.154116     -0.91847382E-01
   34.050931      0.40730122E-01
   33.947745      0.98052688E-01
   33.844559      0.33394236E-01
   33.741374     -0.90574352E-02
   33.638188      0.29069537E-01
   33.535002      0.98571330E-01
   33.431817      0.47601789E-01
   33.328631      0.33256311E-01
   33.225445      0.36250066E-01
   33.122260     -0.45842841E-01
   33.019074     -0.47843799E-01
   32.915888      0.31513970E-01
   32.812703      0.36620490E-01
   32.709517      0.27902894E-01
   32.606331     -0.73836178E-01
   32.503146     -0.17494207E-01
   32.399960      0.66634193E-01
   32.296774      0.78146748E-01
   32.193589      0.11982580    
   32.090403     -0.57006061E-01
   31.987217     -0.96575804E-01
   31.884032      0.11247285E-01
   31.780846      0.14946724E-01
   31.677660      0.28314063E-01
   31.574474      0.30005847E-02
   31.471289      0.18526176E-01
   31.368103      0.82955815E-01
   31.264917      0.79193048E-01
   31.161732      0.62463101E-01
   31.058546      0.76781087E-01
   30.955360     -0.84691346E-02
   30.852175     -0.11950197    
   30.748989     -0.70177384E-01
   30.645803      0.96314959E-03
   30.542618      0.22085359E-01
   30.439432     -0.18509664E-02
   30.336246      0.21780580E-01
   30.233061      0.56627702E-01
   30.129875      0.39273504E-01
   30.026689      0.46504389E-01
   29.923504      0.10038312E-02
   29.820318      0.24763281E-02
   29.717132      0.68046212E-01
   29.613947     -0.65851971E-02
   29.510761     -0.17265663E-01
   29.407575      0.23931084E-01
   29.304390      0.28579215E-01
   29.201204     -0.12493524E-01
   29.098018     -0.31364795E-01
   28.994833      0.44548959E-01
   28.891647      0.42350743E-01
   28.788461     -0.14479396E-01
   28.685276      0.36949594E-01
   28.582090      0.96652985E-01
   28.478904      0.25715819E-01
   28.375719     -0.24802344E-01
   28.272533     -0.43960631E-01
   28.169347      0.28264904E-01
   28.066162      0.68091519E-01
   27.962976     -0.14978915E-01
   27.859790     -0.54802388E-01
   27.756605     -0.19932445E-02
   27.653419      0.12050948E-01
   27.550233      0.33794664E-01
   27.447048     -0.12731503E-01
   27.343862     -0.11413873    
   27.240676     -0.56309115E-01
   27.137491      0.41619960E-01
   27.034305      0.70896484E-01
   26.931119      0.12858997    
   26.827934      0.11171798    
   26.724748      0.13749947E-01
   26.621562     -0.23375461E-01
   26.518377     -0.67841574E-02
   26.415191      0.39229557E-01
   26.312005      0.43812525E-01
   26.208820      0.71798503E-01
   26.105634      0.32283168E-01
   26.002448     -0.13569449E-01
   25.899263      0.45093317E-01
   25.796077      0.43724928E-01
   25.692891     -0.84934020E-02
   25.589706     -0.33726797E-01
   25.486520     -0.46657499E-01
   25.383334     -0.10391665E-01
   25.280149      0.32427084E-01
   25.176963     -0.23920039E-01
   25.073777      0.74131057E-01
   24.970592      0.88042967E-01
   24.867406     -0.82046896E-01
   24.764220     -0.50249407E-02
   24.661035      0.62269494E-01
   24.557849      0.67383945E-01
   24.454663      0.58040839E-01
   24.351478      0.86213402E-01
   24.248292      0.97239055E-01
   24.145106     -0.23078479E-01
   24.041921     -0.38302086E-01
   23.938735     -0.80038324E-01
   23.835549     -0.71669951E-01
   23.732364      0.59750039E-01
   23.629178      0.15068230E-01
   23.525992      0.12607764E-01
   23.422807      0.83319083E-01
   23.319621      0.25051365E-01
   23.216435     -0.54145310E-01
   23.113250     -0.54726987E-02
   23.010064      0.28933875E-01
   22.906878      0.62130775E-01
   22.803693      0.12751217    
   22.700507      0.11310264    
   22.597321      0.68492226E-01
   22.494136      0.41719568E-02
   22.390950      0.12939852E-01
   22.287764     -0.30227395E-01
   22.184579     -0.38382906E-01
   22.081393      0.37829671E-01
   21.978207     -0.23072330E-01
   21.875022     -0.60020491E-01
   21.771836     -0.32163665E-01
   21.668650      0.28134219E-02
   21.565465      0.51219087E-01
   21.462279      0.18353689E-01
   21.359093      0.53601652E-01
   21.255908      0.10542757    
   21.152722      0.15663769E-01
   21.049536      0.48698977E-01
   20.946351      0.40271532E-01
   20.843165     -0.55066328E-01
   20.739979     -0.15166127E-01
   20.636794      0.40711660E-01
   20.533608      0.77625908E-01
   20.430422      0.39832097E-01
   20.327237      0.65028995E-01
   20.224051      0.47430594E-01
   20.120865      0.15735788E-02
   20.017680      0.39342929E-01
   19.914494      0.99670514E-02
   19.811308      0.49446587E-01
   19.708123      0.48322309E-01
   19.604937      0.22713945E-02
   19.501751     -0.98431425E-03
   19.398566      0.15682669E-01
   19.295380      0.40981140E-01
   19.192194      0.46516661E-01
   19.089009      0.66296600E-01
   18.985823      0.73118947E-01
   18.882637      0.85117765E-01
   18.779452      0.74535429E-01
   18.676266      0.51479977E-01
   18.573080      0.89218557E-01
   18.469895      0.88252328E-01
   18.366709      0.81510603E-01
   18.263523      0.86798787E-01
   18.160338      0.58619678E-01
   18.057152      0.21430900E-01
   17.953966      0.27870035E-01
   17.850781     -0.11689412E-01
   17.747595     -0.91937192E-01
   17.644409     -0.55331815E-01
   17.541224      0.74275911E-01
   17.438038      0.10960102    
   17.334852      0.37168738E-01
   17.231667      0.65411530E-01
   17.128481      0.10833164    
   17.025295      0.96506782E-01
   16.922110      0.95989160E-01
   16.818924      0.83284833E-01
   16.715738      0.62873043E-01
   16.612553      0.99118240E-01
   16.509367      0.17373395    
   16.406181      0.28209269    
   16.302996      0.34109816    
   16.199810      0.34601465    
   16.096624      0.43632272    
   15.993439      0.59069186    
   15.890253      0.70916027    
   15.787067      0.78660661    
   15.683882      0.88985234    
   15.580696       1.1462032    
   15.477510       1.4012308    
   15.374325       1.6158476    
   15.271139       1.7916933    
   15.167953       1.7622929    
   15.064768       1.7074814    
   14.961582       1.7029589    
   14.858396       1.5489082    
   14.755211       1.2523605    
   14.652025       1.0083762    
   14.548839      0.82910365    
   14.445654      0.74294764    
   14.342468      0.56484312    
   14.239282      0.40962043    
   14.136097      0.34392023    
   14.032911      0.22248822    
   13.929725      0.24438699    
   13.826540      0.25078121    
   13.723354      0.20476949    
   13.620168      0.92415810E-01
   13.516982      0.11129587    
   13.413797      0.13858227    
   13.310611      0.95236868E-01
   13.207425      0.18797843    
   13.104240      0.13755207    
   13.001054      0.65664299E-01
   12.897868      0.93667775E-01
   12.794683      0.10705373    
   12.691497      0.13716699    
   12.588311      0.94670795E-01
   12.485126      0.55643082E-01
   12.381940      0.57093512E-01
   12.278754      0.17794706E-01
   12.175569      0.13150774E-01
   12.072383      0.12142990    
   11.969197      0.12119194    
   11.866012      0.69015279E-01
   11.762826      0.87476395E-01
   11.659640      0.28296875E-01
   11.556455      0.87237544E-01
   11.453269      0.17212528    
   11.350083      0.79877071E-01
   11.246898      0.48637707E-01
   11.143712      0.66835679E-01
   11.040526      0.83785810E-01
   10.937341      0.10125881    
   10.834155      0.14632982    
   10.730969      0.13349931    
   10.627784      0.13320839    
   10.524598      0.16765885    
   10.421412      0.16084345    
   10.318227      0.11918014    
   10.215041      0.10883713    
   10.111855      0.17039229    
   10.008670      0.17735124    
   9.9054841      0.16821505    
   9.8022984      0.16732287    
   9.6991128      0.21546853    
   9.5959271      0.19928698    
   9.4927414      0.23246999    
   9.3895558      0.17486574    
   9.2863701      0.48668955E-01
   9.1831844      0.14651413    
   9.0799987      0.18444550    
   8.9768131      0.19756497    
   8.8736274      0.33322150    
   8.7704417      0.39936626    
   8.6672561      0.54660285    
   8.5640704      0.70292759    
   8.4608847      0.89402723    
   8.3576991       1.1406835    
   8.2545134       1.3654753    
   8.1513277       1.7352223    
   8.0481421       2.1370285    
   7.9449564       2.6019452    
   7.8417707       2.9978831    
   7.7385851       3.2339990    
   7.6353994       3.4193859    
   7.5322137       3.4124691    
   7.4290280       3.2622471    
   7.3258424       3.0592291    
   7.2226567       2.6939020    
   7.1194710       2.2521474    
   7.0162854       1.9618970    
   6.9130997       1.6802543    
   6.8099140       1.3032875    
   6.7067284       1.0693331    
   6.6035427      0.88513976    
   6.5003570      0.75003427    
   6.3971714      0.70881629    
   6.2939857      0.64128518    
   6.1908000      0.54319090    
   6.0876144      0.48189703    
   5.9844287      0.45241717    
   5.8812430      0.28589365    
   5.7780574      0.21811962    
   5.6748717      0.26791462    
   5.5716860      0.27666989    
   5.4685003      0.29853979    
   5.3653147      0.33959839    
   5.2621290      0.33250809    
   5.1589433      0.21801241    
   5.0557577      0.14584112    
   4.9525720      0.14796861    
   4.8493863      0.16388535    
   4.7462007      0.12497733    
   4.6430150      0.18822926    
   4.5398293      0.23124467    
   4.4366437      0.12169903    
   4.3334580      0.12899603    
   4.2302723      0.17246777    
   4.1270867      0.19304080    
   4.0239010      0.14042695    
   3.9207153      0.11344343    
   3.8175296      0.99542826E-01
   3.7143440      0.69554783E-01
   3.6111583      0.86371094E-01
   3.5079726      0.18163954    
   3.4047870      0.23036422    
   3.3016013      0.11468341    
   3.1984156      0.52958857E-01
   3.0952300      0.15327743E-01
   2.9920443      0.42993020E-01
   2.8888586      0.15292038    
   2.7856730      0.71674876E-01
   2.6824873     -0.28887449E-01
   2.5793016      0.76872788E-01
   2.4761160      0.12409803    
   2.3729303      0.12110455    
   2.2697446      0.71265787E-01
   2.1665590     -0.26569397E-02
   2.0633733      0.61062109E-01
   1.9601876      0.12505463    
   1.8570019     -0.52721105E-02
   1.7538163     -0.18669585E-01
   1.6506306      0.84108450E-01
   1.5474449      0.19409982E-01
   1.4442593      0.36524359E-01
   1.3410736      0.13740015    
   1.2378879      0.11826357    
   1.1347023      0.90720557E-01
   1.0315166      0.83770923E-01
  0.92833093     -0.37277512E-01
  0.82514526      0.37738953E-01
  0.72195959      0.12801263    
  0.61877392     -0.23787220E-03
  0.51558825      0.34996364E-01
  0.41240258      0.92639171E-01
  0.30921692      0.34114528E-01
  0.20603125     -0.79116113E-01
  0.10284558     -0.16694391    
 -0.34008948E-03 -0.36426071E-01
 -0.10352576      0.94091773E-01
 -0.20671143      0.43982446E-01
 -0.30989710      0.40428389E-01
 -0.41308276      0.39887246E-01
 -0.51626843      0.34130618E-01
 -0.61945410      0.13071093E-01
 -0.72263977      0.59127256E-01
 -0.82582544     -0.53773493E-01
 -0.92901111      0.22216329E-01
  -1.0321968      0.10841135    
  -1.1353824     -0.42337876E-01
  -1.2385681      0.22014134E-01
  -1.3417538      0.94320171E-01
  -1.4449394     -0.76284610E-01
  -1.5481251     -0.97004838E-01
  -1.6513108      0.56267917E-01
  -1.7544965      0.99446446E-01
  -1.8576821      0.65620482E-01
  -1.9608678      0.77778645E-01
  -2.0640535      0.63777715E-01
  -2.1672391      0.79683132E-01
  -2.2704248      0.61041456E-01
  -2.3736105     -0.55298571E-01
  -2.4767961     -0.21524483E-01
  -2.5799818      0.23713166E-01
  -2.6831675     -0.30715637E-01
  -2.7863531     -0.22813750E-02
  -2.8895388      0.60256533E-02
  -2.9927245     -0.49959317E-01
  -3.0959101     -0.42332873E-01
  -3.1990958      0.19958720E-01
  -3.3022815      0.29489836E-01
  -3.4054672     -0.62431525E-01
  -3.5086528     -0.48445072E-01
  -3.6118385      0.89531638E-01
  -3.7150242      0.96510284E-01
  -3.8182098      0.78629106E-02
  -3.9213955      0.21961531E-01
  -4.0245812      0.80864638E-01
  -4.1277668      0.11530883E-01
  -4.2309525      0.62990308E-01
  -4.3341382      0.12420634    
  -4.4373238      0.45463815E-01
  -4.5405095      0.45839295E-01
  -4.6436952      0.41717898E-01
  -4.7468808     -0.83383918E-02
  -4.8500665     -0.23564713E-01
  -4.9532522      0.94802881E-03
  -5.0564379     -0.42637531E-01
  -5.1596235     -0.11815273E-01
  -5.2628092      0.62476411E-01
  -5.3659949      0.48442956E-01
  -5.4691805      0.25384886E-01
  -5.5723662     -0.95114941E-02
  -5.6755519     -0.27956100E-01
  -5.7787375      0.91534192E-02
  -5.8819232      0.12353498E-01
  -5.9851089     -0.37869040E-02
  -6.0882945      0.14639874E-01
  -6.1914802     -0.24756433E-01
  -6.2946659     -0.11074272E-01
  -6.3978515      0.37351858E-02
  -6.5010372      0.23525005E-01
  -6.6042229      0.48454370E-01
  -6.7074085     -0.28838458E-01
  -6.8105942     -0.52675200E-02
  -6.9137799      0.54405481E-01
  -7.0169656      0.55238106E-02
  -7.1201512      0.38333485E-03
  -7.2233369      0.21207169E-01
  -7.3265226     -0.48510781E-02
  -7.4297082      0.16732557E-01
  -7.5328939      0.97425193E-01
  -7.6360796      0.97474702E-01
  -7.7392652     -0.16151756E-01
  -7.8424509     -0.10659068    
  -7.9456366     -0.89827321E-01
  -8.0488222     -0.44495050E-01
  -8.1520079     -0.66909380E-01
  -8.2551936      0.15154638E-02
  -8.3583792      0.51803668E-02
  -8.4615649     -0.89302294E-01
  -8.5647506     -0.10062774    
  -8.6679363     -0.56764033E-01
  -8.7711219     -0.37520139E-02
  -8.8743076      0.37757643E-01
  -8.9774933      0.70625149E-01
  -9.0806789     -0.17183961E-01
  -9.1838646     -0.26136508E-01
  -9.2870503      0.62160030E-01
  -9.3902359     -0.14101257E-01
  -9.4934216     -0.10108098    
  -9.5966073     -0.76268092E-01
  -9.6997929     -0.36869623E-01
  -9.8029786     -0.10732011E-01
  -9.9061643     -0.10469469    
  -10.009350     -0.98456442E-01
  -10.112536     -0.97708171E-02
  -10.215721      0.19205235E-01
  -10.318907      0.76293368E-02
  -10.422093     -0.85861064E-01
  -10.525278     -0.79141326E-01
  -10.628464     -0.36198873E-01
  -10.731650      0.57800744E-01
  -10.834835      0.72059818E-01
  -10.938021      0.37402079E-01
  -11.041207      0.47733467E-02
  -11.144392     -0.66395231E-01
  -11.247578     -0.28424175E-01
  -11.350764      0.24240008E-01
  -11.453949      0.51308475E-02
  -11.557135     -0.27927607E-01
  -11.660321     -0.73695406E-02
  -11.763506      0.29607480E-01
  -11.866692      0.30358598E-01
  -11.969878      0.12423586E-01
  -12.073063      0.16828105E-01
  -12.176249      0.39054532E-01
  -12.279435      0.44558659E-01
  -12.382620     -0.46366703E-01
  -12.485806     -0.79869693E-02
  -12.588992     -0.37895154E-01
  -12.692177     -0.95986634E-01
  -12.795363      0.75733520E-01
  -12.898549      0.10408476    
  -13.001734      0.34288537E-01
  -13.104920      0.20048022E-02
  -13.208106      0.13741867    
  -13.311291      0.16238575    
  -13.414477      0.95601104E-01
  -13.517663      0.13731736    
  -13.620848      0.12185729    
  -13.724034      0.12338913    
  -13.827220      0.16715069    
  -13.930405      0.24916305    
  -14.033591      0.19236588    
  -14.136777      0.21576105    
  -14.239962      0.32211283    
  -14.343148      0.37029752    
  -14.446334      0.48335242    
  -14.549519      0.51401287    
  -14.652705      0.66527867    
  -14.755891      0.85282093    
  -14.859076       1.0366864    
  -14.962262       1.2258966    
  -15.065448       1.2570548    
  -15.168633       1.2837280    
  -15.271819       1.3548040    
  -15.375005       1.3090500    
  -15.478190       1.2350165    
  -15.581376       1.2022362    
  -15.684562      0.96695787    
  -15.787747      0.79316884    
  -15.890933      0.62613159    
  -15.994119      0.42937601    
  -16.097304      0.42301640    
  -16.200490      0.40579519    
  -16.303676      0.29741606    
  -16.406861      0.23909856    
  -16.510047      0.22550368    
  -16.613233      0.25220278    
  -16.716418      0.13346075    
  -16.819604      0.99704213E-01
  -16.922790      0.14522968    
  -17.025975      0.22881536E-01
  -17.129161      0.78346632E-01
  -17.232347      0.43492649E-01
  -17.335532      0.71508079E-02
  -17.438718      0.76843210E-01
  -17.541904      0.37307810E-01
  -17.645089     -0.49333773E-02
  -17.748275     -0.18341690E-02
  -17.851461      0.35942040E-01
  -17.954646      0.77541560E-01
  -18.057832      0.48552617E-01
  -18.161018     -0.41564282E-01
  -18.264203     -0.53001095E-01
  -18.367389     -0.44336189E-01
  -18.470575      0.22371167E-01
  -18.573760      0.48395749E-01
  -18.676946      0.49125027E-01
  -18.780132      0.13767816E-01
  -18.883317      0.26888646E-01
  -18.986503      0.50113369E-01
  -19.089689     -0.16775526E-01
  -19.192874      0.37340637E-01
  -19.296060      0.19399883E-01
  -19.399246     -0.13449264E-01
  -19.502431      0.31334955E-01
  -19.605617     -0.33481374E-01
  -19.708803     -0.51052216E-02
  -19.811988      0.63002765E-01
  -19.915174      0.49808715E-01
  -20.018360      0.79656385E-01
  -20.121545      0.16427360E-01
  -20.224731     -0.64269371E-01
  -20.327917     -0.14550447E-01
  -20.431102      0.40329289E-01
  -20.534288      0.55809464E-01
  -20.637474      0.74584991E-01
  -20.740659      0.78375883E-01
  -20.843845      0.48155088E-01
  -20.947031      0.48137780E-01
  -21.050216      0.29783221E-01
  -21.153402      0.18822068E-01
  -21.256588      0.33625968E-01
  -21.359773     -0.51296102E-02
  -21.462959      0.19738533E-01
  -21.566145      0.49270261E-01
  -21.669330      0.13885169    
  -21.772516      0.60443845E-01
  -21.875702     -0.33834051E-01
  -21.978887     -0.45844349E-02
  -22.082073     -0.42856913E-01
  -22.185259      0.52234907E-01
  -22.288445      0.11477115    
  -22.391630     -0.45855348E-02
  -22.494816     -0.75369589E-01
  -22.598002      0.12836192E-01
  -22.701187      0.47946122E-01
  -22.804373      0.10870355    
  -22.907559      0.97817153E-01
  -23.010744      0.24512803E-01
  -23.113930      0.79879723E-02
  -23.217116     -0.68966299E-01
  -23.320301     -0.10556600E-01
  -23.423487      0.54618653E-01
  -23.526673      0.36878094E-01
  -23.629858      0.63031234E-01
  -23.733044      0.35307437E-01
  -23.836230     -0.23428731E-01
  -23.939415      0.22083774E-01
  -24.042601      0.12775888E-01
  -24.145787     -0.96652783E-01
  -24.248972     -0.69138132E-01
  -24.352158     -0.24817785E-01
  -24.455344      0.21060931E-01
  -24.558529      0.31004542E-01
  -24.661715     -0.18697308E-01
  -24.764901     -0.16975434E-01
  -24.868086      0.61884262E-02
  -24.971272      0.52618515E-01
  -25.074458      0.96057057E-02
  -25.177643     -0.11831895E-01
  -25.280829      0.52194621E-01
  -25.384015      0.79395764E-01
  -25.487200      0.27381957E-01
  -25.590386      0.39986830E-01
  -25.693572      0.53356592E-01
  -25.796757      0.20183561E-01
  -25.899943      0.14721033E-01
  -26.003129     -0.40831108E-01
  -26.106314     -0.91073811E-01
  -26.209500      0.17949481E-01
  -26.312686      0.46972930E-01
  -26.415871     -0.15754290E-01
  -26.519057      0.40757531E-03
  -26.622243     -0.54478545E-01
  -26.725428     -0.10188152E-01
  -26.828614      0.35991471E-01
  -26.931800      0.54532532E-01
  -27.034985      0.72886795E-01
  -27.138171      0.47281519E-01
  -27.241357      0.76177619E-01
  -27.344542      0.58669958E-01
  -27.447728      0.66246554E-01
  -27.550914      0.39630741E-01
  -27.654099     -0.43440115E-01
  -27.757285     -0.16079506E-01
  -27.860471      0.72019629E-01
  -27.963656      0.32478940E-01
  -28.066842     -0.56415971E-01
  -28.170028     -0.22536216E-01
  -28.273213      0.26109681E-01
  -28.376399      0.10795970E-01
  -28.479585      0.58862150E-01
  -28.582770      0.43833409E-01
  -28.685956     -0.86459361E-01
  -28.789142     -0.33689067E-01
  -28.892327      0.26802884E-01
  -28.995513     -0.92031896E-01
  -29.098699     -0.76495737E-01
  -29.201884     -0.43207826E-03
  -29.305070      0.18931683E-02
  -29.408256      0.23994632E-02
  -29.511441     -0.11098340E-01
  -29.614627      0.36048938E-01
  -29.717813      0.83992116E-01
  -29.820998     -0.21939866E-01
  -29.924184     -0.33975113E-01
  -30.027370     -0.48221316E-01
  -30.130555     -0.59308823E-01
  -30.233741      0.84780395E-01
  -30.336927      0.69037668E-01
  -30.440112     -0.13240762E-01
  -30.543298      0.34846958E-01
  -30.646484     -0.16685819E-01
  -30.749669     -0.16796282E-01
  -30.852855      0.43207645E-01
  -30.956041     -0.12583784E-01
  -31.059226     -0.50917652E-01
  -31.162412     -0.66492595E-01
  -31.265598      0.88111861E-02
  -31.368783     -0.37572931E-01
  -31.471969      0.47022369E-01
  -31.575155      0.18711202    
  -31.678340      0.10072842    
  -31.781526      0.78450836E-01
  -31.884712      0.44317756E-01
  -31.987897     -0.14743738E-01
  -32.091083      0.56781549E-01
  -32.194269      0.53204585E-01
  -32.297454      0.43247599E-01
  -32.400640      0.90548612E-01
  -32.503826      0.46832576E-01
  -32.607011      0.36707550E-01
  -32.710197     -0.61530075E-02
  -32.813383     -0.38864229E-01
  -32.916568      0.11201714E-01
  -33.019754     -0.25848918E-01
  -33.122940      0.41584913E-02
  -33.226125      0.27292013E-01
  -33.329311     -0.45926899E-01
  -33.432497      0.46946570E-01
  -33.535682      0.13798074    
  -33.638868      0.64491346E-01
  -33.742054      0.44893023E-01
  -33.845239      0.36815498E-02
  -33.948425     -0.25096491E-01
  -34.051611      0.17091235E-01
  -34.154796      0.46339747E-01
  -34.257982      0.63255049E-01
  -34.361168      0.10507315    
  -34.464353      0.78627594E-01
  -34.567539     -0.46220537E-01
  -34.670725     -0.49449075E-01
  -34.773910      0.63218415E-01
  -34.877096      0.33949584E-01
  -34.980282     -0.21102143E-01
  -35.083467      0.69189198E-01
  -35.186653      0.87910473E-01
  -35.289839      0.11239143    
  -35.393024      0.35765179E-01
  -35.496210     -0.79753719E-01
  -35.599396      0.15546707E-01
  -35.702581      0.98163076E-01
  -35.805767      0.49528133E-01
  -35.908953     -0.19362936E-02
  -36.012138      0.81556477E-01
  -36.115324      0.73470511E-01
  -36.218510      0.42161592E-02
  -36.321695      0.19120289E-02
  -36.424881      0.32605685E-01
  -36.528067      0.13894342    
  -36.631252      0.15869413    
  -36.734438      0.93355507E-01
  -36.837624      0.53120110E-01
  -36.940809      0.16671034E-01
  -37.043995      0.21353507E-01
  -37.147181     -0.13409461E-01
  -37.250366      0.16885649E-01
  -37.353552      0.80302335E-01
  -37.456738      0.48149392E-01
  -37.559923      0.45376632E-01
  -37.663109      0.43986604E-01
  -37.766295      0.12144440    
  -37.869480      0.23566549    
  -37.972666      0.25355360    
  -38.075852      0.17866220    
  -38.179037      0.12813877    
  -38.282223      0.11108819    
  -38.385409      0.16957773    
  -38.488594      0.23585778    
  -38.591780      0.25677705    
  -38.694966      0.35646129    
  -38.798151      0.51802295    
  -38.901337      0.55640650    
  -39.004523      0.58096796    
  -39.107708      0.76796293    
  -39.210894      0.99575710    
  -39.314080       1.1653401    
  -39.417265       1.2522527    
  -39.520451       1.3740406    
  -39.623637       1.5015942    
  -39.726822       1.5816660    
  -39.830008       1.5729250    
  -39.933194       1.5046793    
  -40.036380       1.4199277    
  -40.139565       1.2331110    
  -40.242751      0.99564701    
  -40.345937      0.77779466    
  -40.449122      0.63096112    
  -40.552308      0.44520342    
  -40.655494      0.32101211    
  -40.758679      0.37775597    
  -40.861865      0.32047889    
  -40.965051      0.22178750    
  -41.068236      0.29579461    
  -41.171422      0.25418147    
  -41.274608      0.15704860    
  -41.377793      0.15201592    
  -41.480979      0.10789170    
  -41.584165      0.66268988E-01
  -41.687350      0.14654334    
  -41.790536      0.17423557    
  -41.893722      0.62123287E-01
  -41.996907      0.45821473E-01
  -42.100093      0.14349386    
  -42.203279      0.96191257E-01
  -42.306464      0.37099946E-01
  -42.409650      0.16873986E-01
  -42.512836      0.26913205E-01
  -42.616021      0.65193765E-01
  -42.719207      0.67538865E-01
  -42.822393      0.12284195    
  -42.925578      0.11205728    
  -43.028764      0.10216572    
  -43.131950      0.80125026E-01
  -43.235135      0.46268169E-01
  -43.338321      0.66006832E-01
  -43.441507      0.51926240E-01
  -43.544692      0.83853779E-02
  -43.647878     -0.88681886E-02
  -43.751064      0.27292626E-01
  -43.854249      0.28623855E-01
  -43.957435      0.10345015    
  -44.060621      0.10551978    
  -44.163806     -0.13982189E-01
  -44.266992      0.69184542E-01
  -44.370178      0.60406569E-01
  -44.473363      0.41574139E-01
  -44.576549      0.50548922E-01
  -44.679735     -0.18836865E-01
  -44.782920      0.68552181E-01
  -44.886106      0.11044729    
  -44.989292      0.25675336E-01
  -45.092477     -0.32310691E-02
  -45.195663      0.60590971E-02
  -45.298849      0.10137331    
  -45.402034      0.13593951    
  -45.505220      0.74656688E-01
  -45.608406      0.12918235E-01
  -45.711591     -0.19750116E-01
  -45.814777     -0.46925209E-02
  -45.917963      0.25456963E-01
  -46.021148      0.11560456E-01
  -46.124334     -0.32305025E-01
  -46.227520     -0.90156766E-02
  -46.330705      0.70741720E-01
  -46.433891      0.53752840E-01
  -46.537077     -0.37481681E-01
  -46.640262      0.49120665E-01
  -46.743448      0.94938956E-01
  -46.846634      0.66610925E-01
  -46.949819      0.38810384E-01
  -47.053005      0.29819040E-01
  -47.156191      0.67260526E-01
  -47.259376     -0.29780706E-02
  -47.362562     -0.52737236E-01
  -47.465748      0.46242457E-01
  -47.568933      0.12903602    
  -47.672119     -0.42027276E-01
  -47.775305     -0.10866453    
  -47.878490     -0.24560923E-01
  -47.981676      0.34351539E-01
  -48.084862      0.46354663E-01
  -48.188047      0.47302257E-01
  -48.291233      0.30238027E-01
  -48.394419     -0.16478823E-01
  -48.497604      0.18198930E-01
  -48.600790      0.55091292E-01
  -48.703976      0.95147453E-01
  -48.807161      0.22954151E-01
  -48.910347     -0.67211799E-01
  -49.013533     -0.19696005E-01
  -49.116718     -0.15291378E-01
  -49.219904     -0.42099420E-01
  -49.323090     -0.12213655E-01
  -49.426275      0.13056259E-01
  -49.529461      0.33166755E-01
  -49.632647      0.10324574    
  -49.735832     -0.27202763E-01
  -49.839018     -0.11931805    
  -49.942204     -0.60812008E-01
  -50.045389     -0.18632205E-01
  -50.148575     -0.79060897E-01
  -50.251761     -0.61111122E-01
  -50.354946      0.61003149E-01
  -50.458132      0.26274456E-02
  -50.561318     -0.16009616E-01
  -50.664503     -0.33558238E-01
  -50.767689     -0.60959015E-01
  -50.870875     -0.11252659    
  -50.974060     -0.52999143E-01
  -51.077246      0.42800236E-01
  -51.180432      0.42119499E-01
  -51.283617     -0.23321817E-01
  -51.386803     -0.30398874E-01
  -51.489989      0.13399564    
  -51.593174      0.77340715E-01
  -51.696360     -0.66428252E-01
  -51.799546     -0.70702545E-01
  -51.902731     -0.59621450E-01
  -52.005917     -0.82639791E-02
  -52.109103     -0.39986771E-01
  -52.212288     -0.50991859E-01
  -52.315474      0.60778871E-01
  -52.418660      0.18350525E-01
  -52.521845     -0.35102796E-01
  -52.625031      0.87968707E-01
  -52.728217      0.25659924E-01
  -52.831402     -0.87665819E-01
  -52.934588     -0.91361545E-01
  -53.037774     -0.33948734E-01
  -53.140959      0.65528311E-01
  -53.244145      0.31788837E-01
  -53.347331     -0.85997701E-01
  -53.450516      0.14127080E-01
  -53.553702      0.10725700    
  -53.656888     -0.10079755E-02
  -53.760073     -0.15586774E-01
  -53.863259      0.31894874E-01
  -53.966445     -0.15955549E-02
  -54.069630     -0.46747148E-01
  -54.172816     -0.10247848E-01
  -54.276002      0.34131870E-01
  -54.379187      0.61177332E-01
  -54.482373      0.89056440E-01
  -54.585559      0.14480625E-01
  -54.688744     -0.69258414E-01
  -54.791930      0.85919999E-01
  -54.895116      0.17687595    
  -54.998301      0.15171286    
  -55.101487      0.92212908E-01
  -55.204673      0.55596799E-01
  -55.307858      0.51459983E-01
  -55.411044      0.28666073E-01
  -55.514230      0.25209339E-01
  -55.617415     -0.52942391E-01
  -55.720601     -0.31919330E-01
  -55.823787      0.69196336E-02
  -55.926972      0.26532246E-01
  -56.030158      0.13388684    
  -56.133344      0.14305644    
  -56.236529      0.57257731E-01
  -56.339715     -0.21100856E-01
  -56.442901     -0.10796938    
  -56.546086     -0.11888886    
  -56.649272     -0.18576590E-01
  -56.752458     -0.23823535E-01
  -56.855643     -0.42990137E-01
  -56.958829      0.12854134E-01
  -57.062015     -0.38632225E-01
  -57.165200     -0.79461716E-01
  -57.268386      0.33212516E-02
  -57.371572     -0.26358977E-01
  -57.474757     -0.61100569E-01
  -57.577943      0.21781599E-01
  -57.681129      0.87112105E-02
  -57.784314     -0.28071553E-01
  -57.887500     -0.14899935E-01
  -57.990686      0.24334243E-01
  -58.093872      0.51813170E-01
  -58.197057      0.80070116E-01
  -58.300243      0.10617497    
  -58.403429      0.49112167E-01
  -58.506614      0.19519633E-01
  -58.609800      0.21380858E-01
  -58.712986     -0.16812503E-01
  -58.816171      0.66993020E-01
  -58.919357      0.13710870    
  -59.022543      0.37855644E-01
  -59.125728      0.18593082E-01
  -59.228914      0.60553569E-01
  -59.332100      0.38185544E-01
  -59.435285      0.59848886E-01
  -59.538471      0.27039176E-01
  -59.641657      0.18694060E-02
  -59.744842      0.49515788E-01
  -59.848028      0.79968281E-01
  -59.951214      0.37563883E-02
  -60.054399     -0.33323228E-01
  -60.157585     -0.12699486E-01
  -60.260771     -0.49519051E-01
  -60.363956     -0.53479422E-01
  -60.467142      0.21892095E-01
  -60.570328      0.96768193E-01
  -60.673513      0.13688512    
  -60.776699      0.13765456    
  -60.879885      0.50422456E-01
  -60.983070     -0.25652504E-01
  -61.086256     -0.30620188E-01
  -61.189442      0.34807187E-01
  -61.292627     -0.13182856E-01
  -61.395813      0.11127851E-01
  -61.498999      0.62896796E-01
  -61.602184      0.11280543    
  -61.705370      0.12047417    
  -61.808556      0.14355605E-02
  -61.911741     -0.25731921E-01
  -62.014927     -0.14599319E-01
  -62.118113      0.22240607E-02
  -62.221298      0.62944897E-01
  -62.324484      0.42314861E-01
  -62.427670      0.36749393E-01
  -62.530855      0.10301749    
  -62.634041      0.59348058E-01
  -62.737227     -0.27367318E-01
  -62.840412      0.49932469E-01
  -62.943598      0.10688846E-01
  -63.046784     -0.51269874E-01
  -63.149969      0.43294892E-01
  -63.253155      0.41640621E-01
  -63.356341      0.39786850E-02
  -63.459526      0.11576094E-01
  -63.562712      0.74791700E-01
  -63.665898      0.68699211E-01
  -63.769083      0.41269209E-01
  -63.872269      0.67357286E-02
  -63.975455      0.94178069E-03
  -64.078640     -0.60553033E-01
  -64.181826     -0.65584607E-01
  -64.285012      0.24946729E-01
  -64.388197      0.20180250E-01
  -64.491383      0.40175680E-01
  -64.594569      0.42421695E-01
  -64.697754     -0.39926473E-01
  -64.800940     -0.48291098E-01
  -64.904126      0.10883014E-01
  -65.007311      0.77350654E-01
  -65.110497      0.15525262    
  -65.213683      0.11863443    
  -65.316868      0.34967840E-01
  -65.420054     -0.32649826E-01
  -65.523240     -0.38212311E-01
  -65.626425      0.40794805E-01
  -65.729611      0.42772857E-02
  -65.832797      0.19138001E-01
  -65.935982      0.67133814E-01
  -66.039168     -0.12969888E-01
  -66.142354     -0.66935666E-01
  -66.245539     -0.48838794E-01
  -66.348725     -0.13608825E-01
  -66.451911     -0.89941965E-02
  -66.555096     -0.35529956E-01
  -66.658282     -0.12433977    
  -66.761468     -0.45545716E-01
  -66.864653      0.38880553E-01
  -66.967839      0.25073240E-01
  -67.071025      0.72855920E-01
  -67.174210      0.32725845E-01
  -67.277396      0.69603041E-01
  -67.380582     -0.34421023E-02
  -67.483767     -0.38190916E-01
  -67.586953      0.48914749E-01
  -67.690139      0.75424232E-01
  -67.793324      0.54791585E-01
  -67.896510     -0.68812899E-01
  -67.999696     -0.94755352E-01
  -68.102881     -0.17013159E-01
  -68.206067      0.33156484E-01
  -68.309253      0.25837539E-01
  -68.412438     -0.15513457E-01
  -68.515624     -0.45014191E-01
  -68.618810      0.25354370E-01
  -68.721995      0.14993273    
  -68.825181      0.12919246    
  -68.928367      0.46532232E-01
  -69.031552      0.14428514    
  -69.134738      0.22224210    
  -69.237924      0.20207639    
  -69.341109      0.11734084    
  -69.444295      0.13754880    
  -69.547481      0.26875141    
  -69.650666      0.24395883    
  -69.753852      0.27975544    
  -69.857038      0.31348100    
  -69.960223      0.38207045    
  -70.063409      0.43872985    
  -70.166595      0.40312174    
  -70.269780      0.37502003    
  -70.372966      0.28848919    
  -70.476152      0.29416850    
  -70.579337      0.25881025    
  -70.682523      0.16749988    
  -70.785709      0.15135120    
  -70.888894      0.14846335    
  -70.992080      0.50215703E-01
  -71.095266     -0.22255188E-01
  -71.198451     -0.10737720E-01
  -71.301637     -0.10028988E-01
  -71.404823     -0.47954670E-03
  -71.508008      0.20760449E-01
  -71.611194      0.53328138E-01
  -71.714380      0.12184163    
  -71.817565      0.57875868E-01
  -71.920751      0.49947958E-01
  -72.023937      0.83365344E-01
  -72.127122      0.45395676E-01
  -72.230308      0.89431457E-01
  -72.333494     -0.51923394E-01
  -72.436679     -0.60512241E-01
  -72.539865      0.13353764    
  -72.643051      0.10059949    
  -72.746236      0.11098992E-01
  -72.849422      0.67834787E-01
  -72.952608      0.33053536E-01
  -73.055793     -0.20097554E-01
  -73.158979     -0.14277671E-01
  -73.262165     -0.54316398E-01
  -73.365350     -0.62023759E-01
  -73.468536     -0.24772456E-01
  -73.571722      0.45685362E-01
  -73.674907     -0.12909782E-01
  -73.778093     -0.32693077E-01
  -73.881279      0.98199785E-01
  -73.984464      0.14283448    
  -74.087650      0.98468579E-01
  -74.190836      0.55858362E-01
  -74.294021     -0.30901670E-01
  -74.397207     -0.45291949E-01
  -74.500393     -0.37312083E-01
  -74.603578     -0.44834379E-01
  -74.706764      0.37247222E-01
  -74.809950      0.14832763    
  -74.913135      0.11740476    
  -75.016321     -0.67401968E-01
  -75.119507     -0.89427203E-01
  -75.222692      0.22781745E-01
  -75.325878      0.17261578E-01
  -75.429064      0.45931716E-01
  -75.532249      0.49098197E-01
  -75.635435     -0.17210539E-01
  -75.738621      0.65466918E-01
  -75.841807      0.59907511E-01
  -75.944992      0.16349467E-01
  -76.048178      0.40937733E-01
  -76.151364     -0.34632858E-01
  -76.254549     -0.55792388E-01
  -76.357735      0.58414489E-02
  -76.460921     -0.12751116E-01
  -76.564106     -0.33317860E-01
  -76.667292      0.77565238E-01
  -76.770478      0.12493747    
  -76.873663      0.35130765E-01
  -76.976849      0.11488096E-01
  -77.080035      0.11031542    
  -77.183220      0.13821028    
  -77.286406      0.93206145E-01
  -77.389592      0.12047300    
  -77.492777      0.15071091    
  -77.595963      0.11122929    
  -77.699149      0.55593592E-02
  -77.802334      0.16492533E-01
  -77.905520      0.80629505E-01
  -78.008706      0.12879275    
  -78.111891      0.31255674E-01
  -78.215077     -0.48823074E-01
  -78.318263      0.32408122E-01
  -78.421448      0.42401966E-01
  -78.524634     -0.73582679E-03
  -78.627820      0.11244095    
  -78.731005      0.14130415    
  -78.834191     -0.69272611E-02
  -78.937377     -0.65190449E-01
  -79.040562     -0.59447031E-01
  -79.143748      0.57309456E-02
  -79.246934      0.21378227E-01
  -79.350119      0.68880389E-02
  -79.453305      0.53670600E-01
  -79.556491     -0.15069895E-01
  -79.659676     -0.63410789E-01
  -79.762862      0.66503175E-01
  -79.866048      0.35974767E-01
  -79.969233      0.45968551E-01
  -80.072419      0.11063635    
  -80.175605      0.52478101E-01
  -80.278790     -0.33489462E-01
  -80.381976     -0.35865640E-02
  -80.485162      0.10052493    
  -80.588347      0.82871385E-01
  -80.691533      0.29473841E-01
  -80.794719      0.45474481E-01
  -80.897904      0.32961827E-01
  -81.001090     -0.38497809E-01
  -81.104276     -0.72692372E-02
  -81.207461      0.80614410E-01
  -81.310647      0.11388654    
  -81.413833      0.15530433    
  -81.517018      0.12124262    
  -81.620204      0.38556766E-01
  -81.723390     -0.54835636E-01
  -81.826575     -0.69891371E-01
  -81.929761     -0.16516805E-01
  -82.032947      0.41066010E-01
  -82.136132      0.97655719E-02
  -82.239318     -0.29217118E-01
  -82.342504     -0.29825320E-01
  -82.445689     -0.44423718E-01
  -82.548875      0.66385642E-02
  -82.652061      0.45022279E-01
  -82.755246      0.19861821E-02
  -82.858432     -0.54530278E-02
  -82.961618      0.65073274E-01
  -83.064803     -0.21359533E-01
  -83.167989     -0.17737236E-01
  -83.271175      0.66722810E-01
  -83.374360      0.68862557E-01
  -83.477546      0.11785752    
  -83.580732      0.45120139E-01
  -83.683917     -0.32554582E-01
  -83.787103     -0.36913724E-03
  -83.890289      0.50441951E-01
  -83.993474      0.52791342E-01
  -84.096660     -0.37229981E-01
  -84.199846     -0.62472474E-01
  -84.303031     -0.28756682E-02
  -84.406217      0.58069091E-01
  -84.509403      0.99722398E-02
  -84.612588     -0.25403872E-03
  -84.715774      0.43132957E-01
  -84.818960      0.98304547E-01
  -84.922145      0.13268284    
  -85.025331      0.90611406E-01
  -85.128517     -0.66958778E-01
  -85.231702     -0.21344988    
  -85.334888     -0.56597579E-01
  -85.438074      0.17637610E-02
  -85.541259     -0.74672095E-01
  -85.644445      0.15979832E-02
  -85.747631     -0.20662980E-01
  -85.850816      0.19222597E-01
  -85.954002      0.52051749E-01
  -86.057188     -0.56666423E-01
  -86.160373     -0.48255932E-01
  -86.263559      0.14505208E-01
  -86.366745     -0.88046864E-03
  -86.469930      0.50849166E-01
  -86.573116      0.26661964E-01
  -86.676302     -0.33699658E-01
  -86.779487     -0.90016779E-02
  -86.882673      0.16395317E-01
  -86.985859     -0.35886113E-01
  -87.089044     -0.34445923E-01
  -87.192230     -0.16981864E-01
  -87.295416     -0.10128076E-01
  -87.398601      0.62085461E-01
  -87.501787      0.88776328E-01
  -87.604973      0.10954773    
  -87.708158      0.28034078E-01
  -87.811344     -0.18325428E-01
  -87.914530      0.55045772E-01
  -88.017715      0.14748299E-01
  -88.120901     -0.66113323E-01
  -88.224087     -0.28412242E-02
  -88.327272      0.19101078E-02
  -88.430458      0.45084000E-01
  -88.533644      0.53493846E-01
  -88.636829      0.15621625E-01
  -88.740015      0.78294665E-01
  -88.843201      0.46175387E-01
  -88.946386      0.44054403E-02
  -89.049572     -0.32191332E-01
  -89.152758     -0.76123215E-01
  -89.255943     -0.17309533E-01
  -89.359129      0.32187957E-01
  -89.462315      0.55276241E-01
  -89.565500      0.40329862E-01
  -89.668686      0.10816458E-01
  -89.771872      0.78360982E-01
  -89.875057      0.77805810E-01
  -89.978243      0.59891272E-01
  -90.081429      0.48652600E-01
  -90.184614     -0.17370979E-02
  -90.287800     -0.66872776E-01
  -90.390986     -0.58013130E-01
  -90.494171      0.21511832E-01
  -90.597357      0.21224782E-01
  -90.700543     -0.86874194E-01
  -90.803728     -0.12495133    
  -90.906914     -0.14169644    
  -91.010100     -0.14882798    
  -91.113285     -0.50037015E-01
  -91.216471      0.25508171E-02
  -91.319657      0.21313185E-01
  -91.422842      0.78041263E-01
  -91.526028      0.13703269    
  -91.629214      0.26377836E-01
  -91.732399     -0.33341717E-01
  -91.835585      0.78758873E-01
  -91.938771      0.73283203E-01
  -92.041956      0.10786894E-01
  -92.145142     -0.17750783E-01
  -92.248328      0.52271947E-01
  -92.351513      0.53198218E-01
  -92.454699      0.15330444E-01
  -92.557885      0.57003323E-01
  -92.661070      0.28415980E-01
  -92.764256      0.63887294E-02
  -92.867442     -0.57770584E-01
  -92.970627     -0.44810575E-01
  -93.073813     -0.35900846E-01
  -93.176999     -0.88500388E-01
  -93.280184     -0.36314026E-01
  -93.383370     -0.46567619E-01
  -93.486556     -0.15556739    
  -93.589741      0.43521319E-01
  -93.692927      0.99650800E-01
  -93.796113     -0.21349442    
  -93.899299     -0.89864276E-01
  -94.002484      0.12712419    
  -94.105670      0.98013647E-01
  -94.208856      0.68903305E-01
  -94.312041      0.39792880E-01
  -94.415227      0.10682502E-01
  -94.518413     -0.18427921E-01
  -94.621598     -0.47538355E-01
  -94.724784     -0.23924952E-01
  -94.827970      0.62934421E-01
  -94.931155     -0.41046888E-01
  -95.034341     -0.98158769E-01
  -95.137527      0.14355508E-01
  -95.240712      0.68095013E-01
  -95.343898     -0.29406277E-01
  -95.447084     -0.83951145E-01
  -95.550269     -0.58086187E-01
  -95.653455     -0.17040210E-01
  -95.756641      0.36231738E-01
  -95.859826     -0.29679054E-01
  -95.963012     -0.59710193E-01
  -96.066198     -0.41760098E-01
  -96.169383     -0.43373033E-01
  -96.272569     -0.10744214E-01
  -96.375755     -0.67577533E-01
  -96.478940     -0.54200877E-01
  -96.582126      0.30267611E-01
  -96.685312     -0.57712819E-01
  -96.788497     -0.70769563E-01
  -96.891683      0.60210213E-01
  -96.994869     -0.17741613E-01
  -97.098054     -0.23131149E-01
  -97.201240      0.25391029E-01
  -97.304426     -0.34705032E-01
  -97.407611      0.23241727E-01
  -97.510797     -0.39916832E-01
  -97.613983     -0.53964674E-01
  -97.717168      0.36416736E-01
  -97.820354     -0.10396003E-01
  -97.923540     -0.39665833E-01
  -98.026725      0.15473518E-01
  -98.129911      0.29400347E-01
  -98.233097     -0.12727109E-01
  -98.336282     -0.72068177E-01
  -98.439468     -0.30192176E-01
  -98.542654      0.62242667E-02
  -98.645839     -0.54320782E-01
  -98.749025     -0.31610038E-01
  -98.852211     -0.35646688E-02
  -98.955396     -0.17762430E-01
  -99.058582     -0.98050714E-01
  -99.161768     -0.60516208E-01
  -99.264953     -0.62230561E-01
  -99.368139     -0.30745717E-01
  -99.471325      0.60275421E-01
  -99.574510     -0.23640385E-01
  -99.677696     -0.15999526E-01
  -99.780882      0.44369768E-01
  -99.884067      0.30800262E-01
  -99.987253     -0.36816355E-01
  -100.09044      0.14795051E-01
  -100.19362      0.30772028E-01
  -100.29681     -0.49809784E-01
  -100.40000     -0.60650785E-02
  -100.50318      0.38560111E-01
  -100.60637      0.12011756E-01
  -100.70955     -0.61390266E-01
  -100.81274     -0.84553301E-01
  -100.91592      0.27211837E-01
  -101.01911      0.79544812E-01
  -101.12230     -0.12701188E-01
  -101.22548     -0.11592829    
  -101.32867     -0.65021552E-01
  -101.43185      0.55799413E-01
  -101.53504      0.61552998E-01
  -101.63822      0.45694664E-01
  -101.74141      0.49238760E-01
  -101.84459      0.22568813E-01
  -101.94778     -0.56847483E-01
  -102.05097     -0.39823864E-01
  -102.15415      0.15602712E-01
  -102.25734      0.98886956E-02
  -102.36052      0.74654691E-01
  -102.46371      0.82583360E-01
  -102.56689      0.33686485E-01
  -102.67008     -0.53101320E-01
  -102.77327      0.15210700E-01
  -102.87645      0.90655230E-01
  -102.97964     -0.28990068E-01
  -103.08282      0.12340458E-02
  -103.18601      0.70726641E-01
  -103.28919      0.42277504E-01
  -103.39238      0.23635484E-01
  -103.49557      0.71006902E-01
  -103.59875      0.87477826E-01
  -103.70194      0.11695671E-01
  -103.80512     -0.85244574E-01
  -103.90831      0.71071438E-01
  -104.01149      0.82590073E-01
  -104.11468     -0.37685513E-01
  -104.21787      0.23750069E-01
  -104.32105      0.11445380E-01
  -104.42424      0.26876012E-01
  -104.52742      0.33738170E-01
  -104.63061      0.71369208E-01
  -104.73379      0.10937955    
  -104.83698      0.30852875E-01
  -104.94017     -0.34478802E-01
  -105.04335     -0.54658979E-01
  -105.14654     -0.29205186E-01
  -105.24972     -0.20638062E-01
  -105.35291      0.11768195E-01
  -105.45609      0.12817237    
  -105.55928      0.14972241    
  -105.66246      0.67567244E-01
  -105.76565      0.12992679E-01
  -105.86884      0.20191418E-01
  -105.97202     -0.20655447E-02
  -106.07521      0.25856197E-01
  -106.17839      0.66676952E-01
  -106.28158      0.11627904    
  -106.38476      0.87929092E-01
  -106.48795      0.84054053E-01
  -106.59114      0.34880754E-01
  -106.69432     -0.32622296E-01
  -106.79751      0.20658702E-01
  -106.90069      0.25371704E-02
  -107.00388     -0.37338540E-02
  -107.10706     -0.33012670E-01
  -107.21025     -0.13571609E-01
  -107.31344      0.21710381E-01
  -107.41662     -0.25066635E-01
  -107.51981      0.42673912E-01
  -107.62299      0.11408001    
  -107.72618      0.56080069E-01
  -107.82936      0.56766514E-01
  -107.93255      0.21389032E-01
  -108.03574      0.36845651E-01
  -108.13892      0.13552825    
  -108.24211      0.94594002E-01
  -108.34529     -0.13286140E-01
  -108.44848     -0.95099658E-02
  -108.55166      0.43675620E-01
  -108.65485      0.29818475E-01
  -108.75803     -0.45025349E-01
  -108.86122      0.85761184E-02
  -108.96441      0.82969166E-01
  -109.06759      0.46286132E-01
  -109.17078      0.16580572E-01
  -109.27396      0.42631954E-01
  -109.37715      0.14795765E-01
  -109.48033     -0.58107357E-01
  -109.58352      0.40893897E-01
  -109.68671      0.73638864E-01
  -109.78989      0.35426080E-01
  -109.89308      0.14387765E-01
  -109.99626     -0.10955815E-01
  -110.09945      0.39171580E-01
  -110.20263      0.64542629E-01
  -110.30582      0.61539426E-02
  -110.40901     -0.54870456E-01
  -110.51219     -0.42483989E-01
  -110.61538      0.41850954E-01
  -110.71856      0.12754027E-01
  -110.82175     -0.82428433E-01
  -110.92493      0.71338611E-03
  -111.02812     -0.28551156E-01
  -111.13131      0.67949477E-02
  -111.23449      0.64509488E-02
  -111.33768     -0.10039829    
  -111.44086     -0.70095979E-01
  -111.54405      0.52138660E-01
  -111.64723      0.53197980E-01
  -111.75042      0.53542610E-01
  -111.85360      0.68113379E-01
  -111.95679      0.55003926E-01
  -112.05998      0.65609828E-01
  -112.16316      0.46268985E-01
  -112.26635      0.62122468E-01
  -112.36953      0.56314509E-01
  -112.47272      0.13308205    
  -112.57590      0.69952667E-01
  -112.67909      0.53777050E-01
  -112.78228      0.84084459E-01
  -112.88546     -0.15557210E-01
  -112.98865     -0.57433606E-02
  -113.09183      0.40818587E-01
  -113.19502     -0.21496576E-02
  -113.29820      0.87519856E-02
  -113.40139     -0.12982060E-01
  -113.50458      0.37232272E-01
  -113.60776      0.15436362    
  -113.71095      0.94991088E-01
  -113.81413      0.11997490E-01
  -113.91732     -0.69310643E-01
  -114.02050     -0.53411487E-01
  -114.12369     -0.28339231E-01
  -114.22688      0.44009689E-01
  -114.33006      0.62307980E-01
  -114.43325      0.59603393E-01
  -114.53643      0.10770014    
  -114.63962     -0.49758881E-01
  -114.74280     -0.35403129E-01
  -114.84599     -0.10534036E-01
  -114.94917     -0.10053973E-01
  -115.05236      0.10879526    
  -115.15555      0.30993989E-01
  -115.25873     -0.61664835E-01
  -115.36192     -0.30520881E-01
  -115.46510     -0.14420063E-01
  -115.56829     -0.57211507E-01
  -115.67147     -0.80225490E-01
  -115.77466     -0.20425575E-01
  -115.87785      0.50650537E-01
  -115.98103     -0.69814168E-01
  -116.08422     -0.54258075E-01
  -116.18740      0.63474514E-01
  -116.29059      0.24911597E-01
  -116.39377      0.65036140E-01
  -116.49696      0.10048988    
  -116.60015      0.19628292E-01
  -116.70333     -0.16330456E-01
  -116.80652     -0.64291372E-02
  -116.90970     -0.57434160E-02
  -117.01289      0.73551554E-02
  -117.11607     -0.95102908E-02
  -117.21926     -0.90808505E-02
  -117.32245     -0.26740788E-01
  -117.42563      0.15674001E-01
  -117.52882      0.49743030E-01
  -117.63200      0.51668983E-01
  -117.73519      0.95197648E-01
  -117.83837      0.50842080E-01
  -117.94156     -0.12748112E-01
  -118.04474     -0.49839541E-01
  -118.14793     -0.73598854E-01
  -118.25112     -0.17316122E-01
  -118.35430     -0.41854039E-01
  -118.45749     -0.69112182E-01
  -118.56067     -0.32047700E-01
  -118.66386      0.17900227E-01
  -118.76704     -0.52658706E-02
  -118.87023     -0.62104184E-01
  -118.97342      0.11846628E-01
  -119.07660      0.66401348E-02
  -119.17979      0.42861581E-01
  -119.28297      0.13420488    
  -119.38616      0.63682832E-01
  -119.48934      0.27470464E-01
  -119.59253      0.75784877E-01
  -119.69572      0.80582231E-01
  -119.79890      0.22287836E-01
  -119.90209      0.10112342    
  -120.00527      0.73319368E-01
  -120.10846      0.36703616E-01
  -120.21164      0.46838548E-01
  -120.31483     -0.56546360E-01
  -120.41802     -0.48854068E-01
  -120.52120     -0.62132231E-02
  -120.62439      0.28101223E-01
  -120.72757      0.26758822E-01
  -120.83076      0.65919250E-01
  -120.93394     -0.53554494E-02
  -121.03713      0.51834029E-02
  -121.14032      0.87246321E-01
  -121.24350      0.19920090E-01
  -121.34669      0.26304500E-01
  -121.44987      0.42011249E-02
  -121.55306     -0.65354437E-01
  -121.65624     -0.10884244    
  -121.75943     -0.12652582    
  -121.86261     -0.43111723E-01
  -121.96580      0.12570634E-01
  -122.06899      0.13897048    
  -122.17217      0.67463979E-01
  -122.27536     -0.83769493E-01
  -122.37854     -0.63621807E-02
  -122.48173     -0.29419428E-01
  -122.58491     -0.25771558E-01
  -122.68810      0.18302452E-01
  -122.79129      0.33259138E-01
  -122.89447     -0.13274990E-01
  -122.99766     -0.98967804E-02
  -123.10084      0.20504078E-01
  -123.20403      0.57831868E-02
  -123.30721      0.56637884E-02
  -123.41040     -0.36975458E-01
  -123.51359     -0.69130898E-01
  -123.61677      0.42895753E-01
  -123.71996      0.64916648E-01
  -123.82314      0.58354315E-03
  -123.92633     -0.22739343E-01
  -124.02951     -0.31025367E-01
  -124.13270      0.53115666E-01
  -124.23589      0.23365663E-01
  -124.33907     -0.40320352E-01
  -124.44226     -0.31201432E-01
  -124.54544     -0.61749261E-01
  -124.64863     -0.27967008E-01
  -124.75181      0.24481082E-01
  -124.85500     -0.62442064E-01
  -124.95818     -0.88882148E-01
  -125.06137      0.12070226E-01
  -125.16456      0.11106657    
  -125.26774      0.61935797E-01
  -125.37093     -0.54668821E-02
  -125.47411     -0.60402755E-01
  -125.57730     -0.73641427E-01
  -125.68048     -0.60309585E-01
  -125.78367     -0.10641194    
  -125.88686     -0.31042348E-02
  -125.99004      0.58503613E-01
  -126.09323      0.31932872E-01
  -126.19641     -0.79436740E-02
  -126.29960     -0.72575606E-01
  -126.40278      0.93267430E-02
  -126.50597      0.84466755E-01
  -126.60916      0.99411212E-01
  -126.71234      0.84108353E-01
  -126.81553      0.70602365E-01
  -126.91871      0.31884845E-01
  -127.02190      0.60075632E-03
  -127.12508      0.78388890E-02
  -127.22827      0.74937317E-03
  -127.33146      0.58977116E-01
  -127.43464      0.60379583E-01
  -127.53783      0.54776516E-01
  -127.64101      0.76818816E-01
  -127.74420      0.49771924E-01
  -127.84738     -0.45571015E-02
  -127.95057     -0.15669076E-01
  -128.05375      0.43067884E-01
  -128.15694      0.53484548E-01
  -128.26013      0.20807782E-01
  -128.36331     -0.14966448E-01
  -128.46650     -0.74047692E-01
  -128.56968      0.91242790E-02
  -128.67287      0.51095996E-01
  -128.77605     -0.15679203E-01
  -128.87924      0.39455812E-01
  -128.98243      0.83776593E-01
  -129.08561      0.16083483    
  -129.18880      0.12101809    
  -129.29198      0.36602613E-01
  -129.39517      0.35125207E-01
  -129.49835      0.36412057E-01
  -129.60154      0.69892004E-01
  -129.70473      0.15816219E-02
  -129.80791     -0.49748670E-01
  -129.91110      0.42435344E-01
  -130.01428      0.12652603    
  -130.11747      0.11012354    
  -130.22065      0.92384867E-01
  -130.32384     -0.10752586E-01
  -130.42703     -0.12976579E-01
  -130.53021      0.28796950E-01
  -130.63340     -0.26457898E-01
  -130.73658      0.47079653E-01
  -130.83977      0.54586161E-01
  -130.94295     -0.17625837E-01
  -131.04614      0.13383646E-01
  -131.14932     -0.38128771E-01
  -131.25251      0.35796914E-01
  -131.35570      0.74243076E-01
  -131.45888      0.16728789E-02
  -131.56207      0.41378822E-01
  -131.66525      0.59968274E-01
  -131.76844      0.27819296E-01
  -131.87162      0.41765511E-01
  -131.97481      0.85410774E-01
  -132.07800      0.80303950E-02
  -132.18118     -0.78308441E-01
  -132.28437      0.17994521E-01
  -132.38755     -0.27902132E-01
  -132.49074     -0.50589770E-01
  -132.59392      0.32370854E-01
  -132.69711     -0.19146983E-01
  -132.80030      0.14527905E-01
  -132.90348      0.14976821E-01
  -133.00667      0.46362523E-01
  -133.10985      0.39458372E-01
  -133.21304     -0.47815368E-01
  -133.31622     -0.16224928E-01
  -133.41941     -0.23016447E-01
  -133.52260     -0.10960726    
  -133.62578     -0.11134555E-01
  -133.72897     -0.39076731E-01
  -133.83215     -0.11663888    
  -133.93534      0.31311136E-01
  -134.03852      0.34435108E-01
  -134.14171     -0.53069565E-01
  -134.24489     -0.10158274    
  -134.34808     -0.34867685E-01
  -134.45127      0.94555244E-02
  -134.55445     -0.51766932E-01
  -134.65764     -0.28888008E-01
  -134.76082      0.32832939E-01
  -134.86401      0.17465994E-01
  -134.96719     -0.85995859E-02
  -135.07038      0.25529636E-01
  -135.17357     -0.25344655E-01
  -135.27675     -0.64427517E-01
  -135.37994      0.29789895E-01
  -135.48312      0.42165313E-01
  -135.58631     -0.24924800E-01
  -135.68949      0.28792918E-02
  -135.79268      0.47650463E-02
  -135.89587     -0.11084040E-01
  -135.99905     -0.77669300E-01
  -136.10224     -0.63112095E-01
  -136.20542     -0.37418332E-01
  -136.30861     -0.70201822E-01
  -136.41179     -0.17614996E-01
  -136.51498      0.46067789E-01
  -136.61817      0.95852911E-02
  -136.72135     -0.22377715E-01
  -136.82454     -0.29852539E-01
  -136.92772     -0.36279853E-01
  -137.03091     -0.14542056E-02
  -137.13409     -0.34277152E-01
  -137.23728      0.19443655E-01
  -137.34046     -0.38635343E-01
  -137.44365     -0.40818647E-01
  -137.54684     -0.22275323E-01
  -137.65002     -0.37060451E-01
  -137.75321      0.10773575    
  -137.85639      0.96898787E-01
  -137.95958      0.42867746E-01
  -138.06276      0.34073312E-01
  -138.16595     -0.29996237E-01
  -138.26914     -0.54041747E-01
  -138.37232      0.16237000E-01
  -138.47551      0.76721467E-01
  -138.57869      0.10644349    
  -138.68188      0.99500410E-01
  -138.78506      0.14985290E-01
  -138.88825     -0.66475667E-01
  -138.99144      0.15618470E-01
  -139.09462      0.30119484E-01
  -139.19781     -0.30702062E-01
  -139.30099      0.36709954E-02
  -139.40418      0.78988627E-01
  -139.50736      0.15390681    
  -139.61055      0.12955256    
  -139.71374      0.89922220E-01
  -139.81692      0.52202102E-01
  -139.92011      0.51933635E-01
  -140.02329      0.39942261E-01
  -140.12648     -0.12210168E-01
  -140.22966     -0.23597086E-01
  -140.33285     -0.24158038E-01
  -140.43604      0.35636529E-01
  -140.53922      0.68216197E-01
  -140.64241      0.85720204E-01
  -140.74559      0.78592621E-01
  -140.84878      0.57927221E-01
  -140.95196      0.49144279E-01
  -141.05515     -0.21309450E-01
  -141.15833     -0.91624439E-01
  -141.26152     -0.70079260E-01
  -141.36471      0.55752867E-02
  -141.46789     -0.24285162E-01
  -141.57108     -0.86036742E-01
