   141.46721      0.48511393E-01
   141.26084     -0.10979369    
   141.05447     -0.30411139E-01
   140.84810     -0.58267776E-01
   140.64173      0.23940995E-01
   140.43535     -0.30559829E-01
   140.22898     -0.43629207E-01
   140.02261      0.98979371E-02
   139.81624      0.17724145E-01
   139.60987     -0.42576883E-02
   139.40350     -0.22954885E-01
   139.19713     -0.71334735E-01
   138.99076     -0.14283998E-01
   138.78438      0.39344598E-02
   138.57801      0.74114539E-02
   138.37164      0.46457142E-01
   138.16527     -0.30962776E-01
   137.95890      0.65024674E-01
   137.75253      0.45908928E-01
   137.54616      0.11173296    
   137.33978      0.36223449E-01
   137.13341     -0.54058656E-01
   136.92704     -0.54787531E-01
   136.72067      0.16378637E-01
   136.51430      0.45441393E-01
   136.30793      0.80298828E-02
   136.10156      0.15864044E-01
   135.89519      0.26262235E-01
   135.68881      0.74638519E-03
   135.48244     -0.44487417E-01
   135.27607     -0.56950148E-01
   135.06970     -0.55854302E-03
   134.86333      0.34420934E-01
   134.65696     -0.12130396E-01
   134.45059     -0.43250937E-02
   134.24421      0.73285639E-01
   134.03784      0.55702887E-02
   133.83147      0.74394859E-01
   133.62510      0.31614393E-01
   133.41873      0.42512160E-01
   133.21236      0.28258730E-02
   133.00599      0.26189238E-01
   132.79962     -0.39985649E-01
   132.59324      0.14390424E-03
   132.38687      0.65234996E-01
   132.18050      0.11389975E-01
   131.97413      0.68271030E-02
   131.76776      0.12711012E-02
   131.56139      0.19421838E-01
   131.35502     -0.67164652E-01
   131.14864      0.10187030E-01
   130.94227      0.93155717E-02
   130.73590      0.36380203E-02
   130.52953      0.88325944E-02
   130.32316     -0.85003823E-02
   130.11679      0.95733702E-01
   129.91042     -0.27784128E-02
   129.70405     -0.12676924E-01
   129.49767      0.25059599E-01
   129.29130     -0.36147591E-02
   129.08493      0.43317251E-01
   128.87856      0.32354951E-01
   128.67219     -0.27131002E-01
   128.46582      0.30548945E-01
   128.25945      0.74761637E-01
   128.05307      0.69154814E-01
   127.84670      0.31635232E-01
   127.64033     -0.24196658E-01
   127.43396      0.10167468E-01
   127.22759     -0.18498952E-01
   127.02122     -0.40264614E-01
   126.81485      0.22956889E-01
   126.60848     -0.70334844E-01
   126.40210      0.19398836E-01
   126.19573      0.16192961E-01
   125.98936      0.65925550E-02
   125.78299      0.45191791E-01
   125.57662      0.87596029E-02
   125.37025      0.92728008E-02
   125.16388     -0.15607830E-01
   124.95750     -0.68966262E-01
   124.75113     -0.64373620E-01
   124.54476     -0.56807347E-01
   124.33839      0.46489131E-01
   124.13202     -0.26891541E-01
   123.92565      0.23775706E-01
   123.71928     -0.28561298E-01
   123.51291     -0.38211510E-01
   123.30653     -0.38339667E-01
   123.10016      0.90554409E-01
   122.89379      0.88528506E-02
   122.68742      0.18752757E-02
   122.48105     -0.10587913    
   122.27468     -0.80206409E-01
   122.06831     -0.17393425E-01
   121.86193      0.76250874E-01
   121.65556      0.16839206E-01
   121.44919      0.15229139E-01
   121.24282      0.11317544E-02
   121.03645     -0.40276147E-01
   120.83008     -0.95636666E-01
   120.62371      0.43693934E-01
   120.41734      0.24286492E-01
   120.21096      0.50867934E-01
   120.00459      0.64914331E-01
   119.79822      0.11552397E-01
   119.59185     -0.89479744E-01
   119.38548     -0.39654974E-01
   119.17911      0.33384759E-01
   118.97274      0.48142575E-01
   118.76636      0.32998148E-01
   118.55999     -0.27760133E-01
   118.35362     -0.24805238E-01
   118.14725     -0.26398322E-01
   117.94088     -0.67169755E-02
   117.73451      0.16382620E-01
   117.52814     -0.21190183E-01
   117.32177      0.99626584E-02
   117.11539      0.56470010E-01
   116.90902      0.10355127    
   116.70265      0.42575378E-01
   116.49628      0.46038970E-01
   116.28991     -0.66823594E-01
   116.08354     -0.36565170E-01
   115.87717     -0.47224090E-01
   115.67079     -0.24103787E-01
   115.46442      0.61999828E-01
   115.25805      0.48946850E-01
   115.05168      0.62830210E-01
   114.84531     -0.23843087E-01
   114.63894      0.24144670E-01
   114.43257      0.44160858E-02
   114.22620      0.28004583E-02
   114.01982      0.20278372E-01
   113.81345      0.46889493E-02
   113.60708      0.23411602E-01
   113.40071     -0.36421649E-01
   113.19434     -0.39212290E-01
   112.98797     -0.85557196E-02
   112.78160      0.49756672E-01
   112.57522      0.79585992E-01
   112.36885      0.41646980E-01
   112.16248     -0.23340993E-03
   111.95611      0.37724189E-02
   111.74974     -0.46795674E-01
   111.54337      0.34876108E-01
   111.33700      0.43542065E-01
   111.13062      0.40300772E-01
   110.92425      0.69737352E-01
   110.71788      0.35422321E-01
   110.51151     -0.15884185E-01
   110.30514      0.15045403E-01
   110.09877     -0.20243865E-01
   109.89240     -0.52103899E-01
   109.68603      0.78705803E-01
   109.47965      0.35723191E-01
   109.27328      0.11154932    
   109.06691      0.77716999E-01
   108.86054     -0.13780446E-01
   108.65417      0.10647649E-01
   108.44780     -0.51665612E-01
   108.24143     -0.11255119    
   108.03505     -0.44962525E-01
   107.82868     -0.42980358E-01
   107.62231      0.50114142E-03
   107.41594      0.13735625E-01
   107.20957     -0.24512760E-01
   107.00320     -0.37962552E-02
   106.79683      0.28210467E-01
   106.59046      0.58898568E-01
   106.38408      0.29256947E-01
   106.17771     -0.10049425    
   105.97134      0.16082589E-01
   105.76497     -0.49790073E-01
   105.55860      0.42348623E-01
   105.35223      0.34712926E-01
   105.14586     -0.18074773E-01
   104.93948      0.13621487E-02
   104.73311     -0.53260013E-01
   104.52674      0.31255487E-01
   104.32037      0.28962582E-01
   104.11400     -0.48754502E-01
   103.90763     -0.30296296E-01
   103.70126      0.84743276E-02
   103.49489      0.27575430E-01
   103.28851      0.16030818E-02
   103.08214     -0.72853968E-01
   102.87577      0.59144180E-02
   102.66940     -0.18595520E-01
   102.46303      0.28127059E-01
   102.25666     -0.35711108E-02
   102.05029     -0.35257779E-01
   101.84391     -0.19033508E-01
   101.63754      0.19734828E-01
   101.43117      0.54191370E-01
   101.22480      0.70543654E-01
   101.01843      0.26487697E-01
   100.81206      0.54689974E-01
   100.60569      0.39549369E-01
   100.39932      0.40621534E-01
   100.19294      0.66466995E-01
   99.986573     -0.52852854E-01
   99.780201     -0.87994725E-01
   99.573830     -0.43233305E-01
   99.367459     -0.33526212E-01
   99.161087     -0.75811788E-01
   98.954716      0.37235014E-01
   98.748345     -0.21084288E-01
   98.541973     -0.78396775E-01
   98.335602      0.15621874E-01
   98.129231      0.58653066E-02
   97.922859      0.47967434E-02
   97.716488     -0.86795725E-01
   97.510117      0.14641229E-01
   97.303745      0.43066029E-01
   97.097374      0.17112341E-01
   96.891003     -0.73727600E-01
   96.684631     -0.91221966E-01
   96.478260      0.38556769E-01
   96.271889      0.59259839E-01
   96.065517     -0.24527613E-01
   95.859146     -0.85139006E-01
   95.652775     -0.28233688E-01
   95.446403     -0.47995448E-01
   95.240032     -0.29750645E-01
   95.033661      0.65458254E-02
   94.827289     -0.24815552E-01
   94.620918      0.40418148E-01
   94.414547      0.47648415E-01
   94.208175     -0.25984067E-01
   94.001804      0.29696915E-02
   93.795433      0.79787485E-01
   93.589061      0.48824664E-01
   93.382690      0.39605661E-02
   93.176319      0.96642233E-01
   92.969947      0.74475110E-01
   92.763576      0.53493399E-02
   92.557205      0.69713406E-01
   92.350833      0.24628323E-01
   92.144462      0.82051292E-01
   91.938091      0.23804318E-01
   91.731719     -0.87218605E-01
   91.525348      0.17672025E-01
   91.318977      0.57762526E-01
   91.112605      0.67148902E-01
   90.906234     -0.24292765E-01
   90.699863     -0.47556438E-01
   90.493491     -0.34580931E-01
   90.287120      0.53228118E-01
   90.080749     -0.68471031E-02
   89.874377     -0.99912785E-01
   89.668006     -0.22925070E-01
   89.461635     -0.10987911    
   89.255263     -0.30978292E-01
   89.048892     -0.85205197E-01
   88.842521     -0.80548376E-01
   88.636149      0.55860594E-01
   88.429778      0.61997540E-01
   88.223407     -0.24117175E-01
   88.017035      0.26872808E-01
   87.810664      0.11729646E-01
   87.604293      0.13351381E-01
   87.397921     -0.45988560E-01
   87.191550     -0.33379950E-01
   86.985179     -0.31301767E-01
   86.778807     -0.74886391E-02
   86.572436     -0.11844005E-01
   86.366065      0.12196808E-01
   86.159693     -0.72351368E-02
   85.953322     -0.37804060E-01
   85.746951     -0.71145512E-01
   85.540579     -0.89056849E-01
   85.334208     -0.96964147E-02
   85.127836     -0.65237544E-02
   84.921465     -0.12061650    
   84.715094     -0.79159774E-01
   84.508722     -0.16027870E-01
   84.302351     -0.14996389E-04
   84.095980      0.26847828E-01
   83.889608      0.86289920E-01
   83.683237     -0.25204938E-01
   83.476866     -0.56177948E-01
   83.270494      0.17628305E-01
   83.064123     -0.69852136E-01
   82.857752     -0.87815732E-01
   82.651380     -0.13330604    
   82.445009     -0.84616430E-03
   82.238638     -0.42091615E-01
   82.032266     -0.52236687E-01
   81.825895     -0.16980186E-01
   81.619524     -0.24746453E-01
   81.413152     -0.10900386E-01
   81.206781      0.62338032E-01
   81.000410     -0.20753775E-01
   80.794038     -0.82864933E-01
   80.587667     -0.20194013E-01
   80.381296      0.16148705E-01
   80.174924     -0.30812379E-01
   79.968553     -0.35473630E-01
   79.762182      0.52333258E-01
   79.555810     -0.63249722E-01
   79.349439      0.10284367E-01
   79.143068     -0.15192278E-01
   78.936696     -0.13840991E-01
   78.730325      0.65472373E-02
   78.523954     -0.17075151E-01
   78.317582     -0.85090622E-01
   78.111211     -0.34336142E-01
   77.904840     -0.11209723    
   77.698468     -0.69136970E-01
   77.492097      0.11751510    
   77.285726      0.44575699E-01
   77.079354      0.36488883E-01
   76.872983     -0.10696773E-01
   76.666612      0.73146978E-02
   76.460240     -0.14012091E-01
   76.253869     -0.44774283E-01
   76.047498      0.36469262E-01
   75.841126      0.10710804E-01
   75.634755      0.43176923E-01
   75.428384      0.60799625E-01
   75.222012      0.66572726E-02
   75.015641     -0.22389846E-01
   74.809270      0.54562699E-01
   74.602898     -0.71488120E-01
   74.396527     -0.42697199E-01
   74.190156     -0.85973248E-01
   73.983784     -0.32588776E-01
   73.777413      0.32620735E-01
   73.571042      0.27308268E-02
   73.364670      0.24272144E-01
   73.158299      0.50975330E-01
   72.951928      0.69797218E-01
   72.745556     -0.47466168E-02
   72.539185      0.55580132E-01
   72.332814      0.79829171E-01
   72.126442      0.27862947E-01
   71.920071      0.20544568E-01
   71.713700      0.31556722E-01
   71.507328      0.42668353E-02
   71.300957      0.47593586E-01
   71.094586      0.18897876E-01
   70.888214      0.76763749E-01
   70.681843     -0.26951954E-01
   70.475472      0.45560606E-01
   70.269100      0.33632085E-01
   70.062729      0.34638464E-01
   69.856358      0.44916142E-01
   69.649986      0.45525774E-01
   69.443615     -0.41420478E-02
   69.237244      0.20181332E-01
   69.030872     -0.40164549E-01
   68.824501     -0.18868396E-01
   68.618130      0.45481618E-01
   68.411758      0.22930209E-01
   68.205387      0.64682536E-01
   67.999016      0.30126251E-01
   67.792644     -0.17224904E-01
   67.586273     -0.13401035E-01
   67.379901      0.50381064E-01
   67.173530     -0.25313703E-01
   66.967159      0.53001635E-01
   66.760787      0.12564568E-01
   66.554416      0.36804818E-01
   66.348045     -0.11163868E-01
   66.141673      0.49220026E-03
   65.935302     -0.48799731E-01
   65.728931     -0.58245949E-01
   65.522559     -0.45764554E-01
   65.316188     -0.25599206E-01
   65.109817      0.12471562E-01
   64.903445      0.74683815E-01
   64.697074     -0.30070785E-02
   64.490703     -0.51041804E-01
   64.284331      0.38870662E-01
   64.077960      0.11087867E-01
   63.871589     -0.42500712E-01
   63.665217      0.24465684E-01
   63.458846     -0.74714601E-01
   63.252475     -0.10693029    
   63.046103     -0.39916277E-01
   62.839732      0.13396939E-01
   62.633361     -0.33069570E-01
   62.426989     -0.43171659E-01
   62.220618     -0.48041239E-01
   62.014247      0.46882939E-01
   61.807875      0.47873434E-01
   61.601504     -0.29287003E-01
   61.395133      0.32979682E-01
   61.188761     -0.14116670E-01
   60.982390      0.11923641E-01
   60.776019     -0.30236864E-01
   60.569647     -0.99787816E-01
   60.363276     -0.10927003    
   60.156905     -0.64698607E-01
   59.950533      0.47219074E-02
   59.744162      0.30830141E-01
   59.537791      0.37226588E-01
   59.331419      0.88687703E-01
   59.125048      0.99634919E-02
   58.918677     -0.35326932E-01
   58.712305     -0.12467209E-01
   58.505934     -0.47361914E-01
   58.299563      0.50629888E-01
   58.093191     -0.39124079E-01
   57.886820      0.58267049E-01
   57.680449      0.44861399E-01
   57.474077      0.12226325    
   57.267706      0.45523729E-01
   57.061335     -0.71688250E-01
   56.854963      0.23729123E-01
   56.648592      0.44368945E-01
   56.442221     -0.17058551E-01
   56.235849     -0.61253734E-01
   56.029478      0.25473479E-01
   55.823107      0.36795482E-01
   55.616735      0.28149411E-03
   55.410364      0.72941937E-01
   55.203993     -0.39638493E-01
   54.997621     -0.97107157E-01
   54.791250     -0.44237599E-01
   54.584879     -0.31975899E-01
   54.378507      0.16534161E-01
   54.172136      0.18756394E-02
   53.965765      0.82608253E-01
   53.759393      0.69955125E-01
   53.553022     -0.39128270E-01
   53.346651     -0.15484829E-01
   53.140279      0.20274566E-02
   52.933908     -0.15416828E-01
   52.727537     -0.30009449E-02
   52.521165      0.99402040E-01
   52.314794     -0.34916408E-01
   52.108423     -0.78656338E-02
   51.902051      0.66016521E-02
   51.695680     -0.22450073E-01
   51.489309     -0.14116988E-01
   51.282937     -0.12051236    
   51.076566     -0.76906748E-01
   50.870195     -0.30541752E-01
   50.663823      0.50201446E-01
   50.457452     -0.64755157E-02
   50.251081     -0.52075632E-01
   50.044709     -0.66064131E-02
   49.838338      0.53331450E-01
   49.631967     -0.14686760E-01
   49.425595      0.91722105E-02
   49.219224     -0.10235809    
   49.012852      0.39666802E-01
   48.806481      0.86233020E-03
   48.600110      0.48241779E-01
   48.393738      0.23002254E-01
   48.187367     -0.68191379E-01
   47.980996      0.22585101E-01
   47.774624      0.26532330E-01
   47.568253      0.50916195E-01
   47.361882      0.33104036E-01
   47.155510     -0.29675309E-01
   46.949139     -0.69660735E-02
   46.742768      0.41119061E-01
   46.536396      0.70314929E-01
   46.330025      0.89838356E-02
   46.123654     -0.34765281E-01
   45.917282      0.54654013E-01
   45.710911      0.43694265E-01
   45.504540     -0.85132226E-01
   45.298168      0.45157420E-02
   45.091797      0.51659267E-01
   44.885426      0.26160408E-01
   44.679054     -0.12317304E-01
   44.472683      0.50404090E-01
   44.266312     -0.45257200E-01
   44.059940      0.75270571E-01
   43.853569     -0.26415665E-01
   43.647198      0.15539336E-01
   43.440826     -0.18292142E-01
   43.234455     -0.27752936E-01
   43.028084     -0.34329608E-01
   42.821712      0.40911976E-01
   42.615341     -0.84745698E-01
   42.408970     -0.21919119E-02
   42.202598     -0.15889786E-01
   41.996227     -0.84328875E-01
   41.789856      0.19535327E-02
   41.583484     -0.15793448E-01
   41.377113      0.85714809E-03
   41.170742      0.11445103E-01
   40.964370     -0.61532676E-01
   40.757999     -0.85914537E-01
   40.551628     -0.22532588E-01
   40.345256      0.51450219E-01
   40.138885     -0.68914178E-02
   39.932514     -0.39007634E-01
   39.726142     -0.42671230E-01
   39.519771     -0.94438978E-02
   39.313400      0.53270411E-01
   39.107028     -0.41394103E-01
   38.900657     -0.11912843E-01
   38.694286      0.71248248E-01
   38.487914      0.40197887E-01
   38.281543     -0.14523902E-01
   38.075172     -0.16768761E-01
   37.868800      0.76707616E-02
   37.662429      0.96789032E-01
   37.456058      0.34597754E-01
   37.249686      0.86523198E-01
   37.043315     -0.10054177    
   36.836944     -0.16818834E-01
   36.630572     -0.24814555E-01
   36.424201      0.23274872E-01
   36.217830      0.20924939E-01
   36.011458     -0.19186318E-01
   35.805087     -0.70337549E-01
   35.598716     -0.69041178E-01
   35.392344     -0.40068310E-01
   35.185973      0.72217494E-01
   34.979602      0.36655188E-01
   34.773230     -0.71283542E-01
   34.566859     -0.62062507E-02
   34.360488      0.64967484E-02
   34.154116      0.59153691E-01
   33.947745      0.35136349E-01
   33.741374     -0.18012764E-01
   33.535002     -0.24109978E-01
   33.328631     -0.20358607E-01
   33.122260     -0.74497581E-01
   32.915888     -0.97842097E-01
   32.709517     -0.83535597E-01
   32.503146     -0.45694914E-01
   32.296774      0.12496602E-01
   32.090403      0.54566160E-01
   31.884032     -0.52567326E-01
   31.677660      0.56576908E-01
   31.471289     -0.51645558E-01
   31.264917     -0.57506591E-01
   31.058546      0.23925412E-01
   30.852175     -0.15876070E-03
   30.645803      0.55697281E-01
   30.439432      0.18928289E-01
   30.233061     -0.29722434E-01
   30.026689     -0.63497111E-01
   29.820318     -0.10259126    
   29.613947      0.29466305E-01
   29.407575     -0.16889833E-02
   29.201204     -0.64831711E-01
   28.994833      0.20670146E-01
   28.788461      0.46580169E-01
   28.582090      0.55564530E-02
   28.375719      0.18722862E-02
   28.169347     -0.55664308E-01
   27.962976     -0.27931284E-01
   27.756605     -0.12731913E-02
   27.550233     -0.26549469E-03
   27.343862     -0.28502844E-01
   27.137491      0.84005490E-01
   26.931119      0.17943317E-01
   26.724748     -0.77780664E-01
   26.518377     -0.97048515E-02
   26.312005      0.84779158E-01
   26.105634      0.13755952    
   25.899263      0.10047800    
   25.692891      0.34856636E-01
   25.486520     -0.90771861E-01
   25.280149     -0.31393848E-01
   25.073777     -0.24930537E-02
   24.867406     -0.14503019E-01
   24.661035      0.28440736E-01
   24.454663     -0.13627837E-01
   24.248292      0.30080767E-01
   24.041921      0.25335651E-01
   23.835549     -0.88759825E-01
   23.629178     -0.66049159E-01
   23.422807     -0.22691807E-01
   23.216435      0.12065589E-02
   23.010064     -0.58079891E-01
   22.803693      0.98269079E-02
   22.597321      0.12313962    
   22.390950     -0.33944312E-01
   22.184579     -0.14789480E-01
   21.978207      0.37663426E-01
   21.771836     -0.57466771E-01
   21.565465      0.44307448E-01
   21.359093      0.56112885E-01
   21.152722     -0.11639558E-01
   20.946351     -0.70083834E-01
   20.739979      0.44805080E-01
   20.533608      0.81884935E-01
   20.327237      0.50009210E-02
   20.120865      0.25053477E-01
   19.914494      0.64925969E-01
   19.708123      0.43857593E-01
   19.501751     -0.77570742E-02
   19.295380     -0.19830190E-01
   19.089009     -0.70464374E-02
   18.882637     -0.70811319E-02
   18.676266     -0.18632212E-02
   18.469895      0.23487002E-01
   18.263523     -0.71947780E-02
   18.057152      0.33410363E-01
   17.850781     -0.45271162E-01
   17.644409     -0.42178966E-01
   17.438038      0.21937730E-01
   17.231667      0.14535257    
   17.025295      0.61678685E-01
   16.818924      0.49428008E-01
   16.612553      0.17639127E-01
   16.406181      0.43692552E-01
   16.199810      0.91002584E-01
   15.993439      0.26380515    
   15.787067      0.34001103    
   15.580696      0.47633266    
   15.374325      0.28559428    
   15.167953      0.26923719    
   14.961582      0.18244682    
   14.755211      0.18184604    
   14.548839      0.20369206    
   14.342468      0.77138565E-01
   14.136097      0.12347223    
   13.929725      0.86469151E-01
   13.723354      0.52706912E-01
   13.516982      0.14277236    
   13.310611      0.15310484    
   13.104240      0.11958468    
   12.897868      0.55565365E-01
   12.691497      0.11661982    
   12.485126      0.11922549    
   12.278754      0.16101249    
   12.072383      0.19867873    
   11.866012      0.12405027    
   11.659640      0.24074847E-01
   11.453269      0.18325999E-01
   11.246898      0.11770490    
   11.040526      0.95034242E-01
   10.834155      0.77764988E-01
   10.627784      0.14621645    
   10.421412      0.77582039E-01
   10.215041      0.58629051E-01
   10.008670      0.92347234E-01
   9.8022984      0.60253739E-01
   9.5959271      0.94928131E-01
   9.3895558      0.60328845E-01
   9.1831844      0.19233026E-01
   8.9768131      0.11164936    
   8.7704417      0.20335853    
   8.5640704      0.42481554    
   8.3576991      0.72634947    
   8.1513277       1.0065323    
   7.9449564      0.85117865    
   7.7385851      0.82449889    
   7.5322137      0.75305253    
   7.3258424      0.53846079    
   7.1194710      0.41157782    
   6.9130997      0.35945645    
   6.7067284      0.31193176    
   6.5003570      0.36660323    
   6.2939857      0.27881247    
   6.0876144      0.28581133    
   5.8812430      0.30764639    
   5.6748717      0.16041806    
   5.4685003      0.92762962E-01
   5.2621290      0.16789466    
   5.0557577      0.17504072    
   4.8493863      0.22505245    
   4.6430150      0.25408360    
   4.4366437      0.14147833    
   4.2302723      0.97881407E-01
   4.0239010      0.16063139    
   3.8175296      0.11266375    
   3.6111583      0.16870719    
   3.4047870      0.18111020    
   3.1984156      0.11082362    
   2.9920443      0.66982247E-01
   2.7856730      0.18390436    
   2.5793016      0.13318239    
   2.3729303      0.56158014E-01
   2.1665590      0.25407981E-01
   1.9601876      0.86462125E-01
   1.7538163     -0.97702473E-01
   1.5474449     -0.33497818E-01
   1.3410736     -0.35192858E-01
   1.1347023     -0.22004146E-01
  0.92833093      0.50191261E-01
  0.72195959     -0.43954365E-02
  0.51558825      0.35252854E-01
  0.30921692     -0.63220106E-01
  0.10284558      0.32249972E-01
 -0.10352576      0.79947479E-01
 -0.30989710      0.12316479    
 -0.51626843      0.30902378E-01
 -0.72263977     -0.27147077E-01
 -0.92901111     -0.53162687E-01
  -1.1353824      0.32134790E-01
  -1.3417538      0.30345814E-02
  -1.5481251     -0.49428828E-01
  -1.7544965     -0.11269796    
  -1.9608678      0.31449061E-01
  -2.1672391     -0.50196452E-02
  -2.3736105      0.19655421E-01
  -2.5799818      0.30865580E-01
  -2.7863531      0.33118702E-02
  -2.9927245      0.16113287E-01
  -3.1990958     -0.22543594E-01
  -3.4054672      0.49499393E-01
  -3.6118385      0.41685790E-01
  -3.8182098      0.35363231E-02
  -4.0245812      0.23683148E-01
  -4.2309525      0.16209856E-02
  -4.4373238     -0.10572251    
  -4.6436952     -0.68978451E-01
  -4.8500665     -0.37512675E-01
  -5.0564379     -0.54721046E-01
  -5.2628092     -0.71924366E-01
  -5.4691805      0.29086318E-01
  -5.6755519     -0.37335210E-01
  -5.8819232     -0.31847797E-01
  -6.0882945     -0.26621660E-01
  -6.2946659      0.38643271E-01
  -6.5010372      0.52764654E-01
  -6.7074085     -0.36270067E-01
  -6.9137799     -0.29156145E-01
  -7.1201512      0.58165722E-01
  -7.3265226      0.60365774E-01
  -7.5328939     -0.13895091    
  -7.7392652     -0.34528822E-01
  -7.9456366     -0.50715305E-01
  -8.1520079     -0.58661804E-01
  -8.3583792     -0.41895499E-02
  -8.5647506      0.46006795E-01
  -8.7711219      0.25896389E-01
  -8.9774933      0.85529670E-01
  -9.1838646      0.49177002E-01
  -9.3902359     -0.33206802E-01
  -9.5966073     -0.41349482E-01
  -9.8029786      0.24183802E-01
  -10.009350     -0.49144495E-01
  -10.215721     -0.24226021E-01
  -10.422093     -0.12906440E-01
  -10.628464      0.15447430E-01
  -10.834835     -0.59311632E-02
  -11.041207     -0.65979898E-01
  -11.247578     -0.62322974E-01
  -11.453949     -0.28458267E-01
  -11.660321     -0.13795763E-01
  -11.866692     -0.43068703E-01
  -12.073063     -0.10732511E-01
  -12.279435     -0.85271060E-01
  -12.485806      0.86739853E-01
  -12.692177      0.65389670E-01
  -12.898549      0.35314802E-01
  -13.104920      0.28129002E-01
  -13.311291      0.27427018E-01
  -13.517663      0.47397215E-01
  -13.724034      0.86074792E-01
  -13.930405      0.56067929E-01
  -14.136777      0.39076220E-01
  -14.343148      0.75627141E-01
  -14.549519      0.24083082    
  -14.755891      0.30858776    
  -14.962262      0.29459152    
  -15.168633      0.25687289    
  -15.375005      0.15096216    
  -15.581376      0.10143097    
  -15.787747      0.10563861    
  -15.994119      0.11109231    
  -16.200490      0.61683379E-01
  -16.406861      0.42377673E-01
  -16.613233      0.84202431E-01
  -16.819604      0.13070281    
  -17.025975      0.77835947E-01
  -17.232347      0.11146565E-01
  -17.438718      0.80241956E-01
  -17.645089      0.11807019E-01
  -17.851461      0.53793706E-01
  -18.057832      0.43508351E-01
  -18.264203      0.49808450E-01
  -18.470575     -0.10616914E-01
  -18.676946      0.76263398E-01
  -18.883317      0.62223114E-01
  -19.089689      0.57988238E-01
  -19.296060      0.26194630E-01
  -19.502431      0.35170987E-01
  -19.708803      0.25039161E-01
  -19.915174      0.23922637E-01
  -20.121545      0.92451446E-01
  -20.327917     -0.26547825E-02
  -20.534288     -0.82066596E-01
  -20.740659     -0.31968273E-01
  -20.947031      0.23960579E-01
  -21.153402      0.21676458E-01
  -21.359773     -0.35047103E-01
  -21.566145     -0.12713188    
  -21.772516     -0.90141058E-01
  -21.978887      0.10337722E-01
  -22.185259     -0.58011077E-01
  -22.391630      0.31422049E-01
  -22.598002     -0.60290847E-01
  -22.804373     -0.20756612E-01
  -23.010744      0.23161989E-01
  -23.217116      0.75164407E-01
  -23.423487      0.40606812E-01
  -23.629858      0.33983685E-01
  -23.836230     -0.22882216E-01
  -24.042601      0.56006674E-01
  -24.248972      0.77998124E-01
  -24.455344      0.57367377E-01
  -24.661715      0.26561942E-01
  -24.868086     -0.50752725E-01
  -25.074458      0.22000354E-01
  -25.280829      0.63120574E-01
  -25.487200      0.32691702E-01
  -25.693572      0.10161554E-01
  -25.899943      0.36651507E-01
  -26.106314      0.46515763E-02
  -26.312686      0.46232149E-01
  -26.519057      0.11369796E-01
  -26.725428      0.16394520E-01
  -26.931800     -0.43402307E-01
  -27.138171      0.35027646E-01
  -27.344542      0.11769353    
  -27.550914      0.67017153E-01
  -27.757285     -0.10329176E-01
  -27.963656      0.37164345E-01
  -28.170028      0.10626100E-01
  -28.376399     -0.10257670    
  -28.582770     -0.70731543E-01
  -28.789142     -0.36230512E-01
  -28.995513     -0.32523889E-01
  -29.201884      0.10269994E-01
  -29.408256     -0.55621080E-01
  -29.614627     -0.11196595    
  -29.820998     -0.59556089E-01
  -30.027370     -0.21377960E-02
  -30.233741      0.66207759E-02
  -30.440112      0.86160801E-01
  -30.646484      0.16707489E-01
  -30.852855      0.21255270E-01
  -31.059226      0.56009125E-01
  -31.265598      0.61048187E-01
  -31.471969      0.96511189E-03
  -31.678340      0.10027383E-02
  -31.884712     -0.12289847E-01
  -32.091083     -0.76213591E-02
  -32.297454      0.21286378E-01
  -32.503826      0.23815911E-01
  -32.710197     -0.12749971E-01
  -32.916568      0.17887242E-02
  -33.122940     -0.18336579E-01
  -33.329311     -0.81539191E-01
  -33.535682     -0.32836922E-01
  -33.742054      0.14898256E-01
  -33.948425      0.35474245E-01
  -34.154796     -0.60027516E-02
  -34.361168     -0.60817029E-01
  -34.567539     -0.78397125E-01
  -34.773910      0.31155258E-01
  -34.980282      0.10004316    
  -35.186653      0.18599208E-01
  -35.393024     -0.50720014E-01
  -35.599396      0.25044065E-01
  -35.805767      0.32642648E-01
  -36.012138      0.34580633E-01
  -36.218510      0.66689014E-01
  -36.424881      0.72075985E-01
  -36.631252      0.11231437E-01
  -36.837624     -0.69014975E-02
  -37.043995     -0.16942523E-01
  -37.250366     -0.91663256E-01
  -37.456738      0.29410798E-01
  -37.663109      0.42535208E-01
  -37.869480      0.33272617E-01
  -38.075852     -0.34044385E-01
  -38.282223      0.42161509E-01
  -38.488594      0.18136790    
  -38.694966      0.17231160    
  -38.901337      0.24611913    
  -39.107708      0.24489410    
  -39.314080      0.35940310    
  -39.520451      0.27221650    
  -39.726822      0.24926928    
  -39.933194      0.26649427    
  -40.139565      0.12218127    
  -40.345937      0.11317102    
  -40.552308     -0.75878911E-02
  -40.758679      0.50845295E-01
  -40.965051      0.13351825    
  -41.171422     -0.55630561E-02
  -41.377793      0.17193815E-01
  -41.584165      0.43765336E-01
  -41.790536     -0.41485377E-01
  -41.996907     -0.48937470E-01
  -42.203279      0.81239738E-01
  -42.409650     -0.32486852E-01
  -42.616021      0.60346209E-01
  -42.822393      0.99462733E-01
  -43.028764      0.94299115E-01
  -43.235135      0.12755233    
  -43.441507      0.98920427E-01
  -43.647878      0.19531019E-01
  -43.854249      0.11354247    
  -44.060621      0.12074749E-01
  -44.266992      0.40796317E-01
  -44.473363      0.46745740E-01
  -44.679735      0.16791412    
  -44.886106      0.89852810E-01
  -45.092477     -0.31580281E-01
  -45.298849      0.38990337E-01
  -45.505220      0.11025618E-01
  -45.711591      0.42463757E-01
  -45.917963      0.41965045E-01
  -46.124334      0.11858667E-01
  -46.330705      0.94358034E-01
  -46.537077      0.21541260E-01
  -46.743448     -0.21898756E-01
  -46.949819     -0.39636791E-01
  -47.156191     -0.25541961E-01
  -47.362562     -0.13261640E-01
  -47.568933      0.53035021E-01
  -47.775305      0.51408913E-03
  -47.981676     -0.58693726E-01
  -48.188047      0.34812540E-01
  -48.394419     -0.74239358E-01
  -48.600790     -0.18706843E-01
  -48.807161     -0.56939825E-01
  -49.013533      0.36531989E-02
  -49.219904     -0.60245745E-01
  -49.426275     -0.11246267E-01
  -49.632647      0.26150256E-01
  -49.839018      0.57157945E-01
  -50.045389     -0.89618430E-01
  -50.251761     -0.12706299    
  -50.458132     -0.95606640E-01
  -50.664503     -0.99338606E-01
  -50.870875     -0.32227624E-01
  -51.077246      0.60320748E-02
  -51.283617      0.34447972E-01
  -51.489989     -0.67188747E-01
  -51.696360      0.39635710E-01
  -51.902731      0.79257060E-02
  -52.109103      0.58131628E-01
  -52.315474      0.83637595E-01
  -52.521845      0.38721830E-01
  -52.728217     -0.38020086E-01
  -52.934588     -0.49310643E-03
  -53.140959      0.28976131E-01
  -53.347331      0.12917372E-01
  -53.553702     -0.57501577E-01
  -53.760073     -0.60424171E-02
  -53.966445      0.53288877E-01
  -54.172816     -0.18134173E-01
  -54.379187     -0.35315074E-01
  -54.585559      0.11960641E-01
  -54.791930     -0.53036135E-01
  -54.998301      0.51114783E-01
  -55.204673      0.51677838E-01
  -55.411044     -0.54470329E-02
  -55.617415      0.39860532E-01
  -55.823787     -0.25904803E-01
  -56.030158     -0.41644402E-01
  -56.236529      0.59201345E-02
  -56.442901     -0.66219615E-02
  -56.649272      0.20190950E-02
  -56.855643     -0.41404039E-01
  -57.062015     -0.61012954E-01
  -57.268386      0.92533477E-01
  -57.474757      0.83370216E-01
  -57.681129      0.16020909E-01
  -57.887500     -0.67640401E-01
  -58.093872      0.22738911E-02
  -58.300243     -0.11176344E-01
  -58.506614      0.17458202E-01
  -58.712986     -0.12921104    
  -58.919357     -0.10015821    
  -59.125728      0.29983778E-01
  -59.332100      0.67499474E-01
  -59.538471     -0.35515226E-01
  -59.744842      0.37514564E-01
  -59.951214     -0.24332581E-01
  -60.157585     -0.67780189E-01
  -60.363956      0.70289616E-02
  -60.570328      0.15987270E-01
  -60.776699     -0.38240448E-01
  -60.983070     -0.47006823E-01
  -61.189442     -0.17024461E-01
  -61.395813      0.20079629E-01
  -61.602184      0.26563311E-01
  -61.808556     -0.75901836E-01
  -62.014927     -0.37946284E-01
  -62.221298     -0.58545135E-02
  -62.427670      0.38478989E-01
  -62.634041     -0.34689587E-01
  -62.840412      0.33081137E-01
  -63.046784      0.60761068E-02
  -63.253155      0.45571335E-01
  -63.459526      0.50387815E-01
  -63.665898      0.27859794E-01
  -63.872269      0.83430871E-01
  -64.078640      0.38803741E-02
  -64.285012     -0.55903737E-01
  -64.491383     -0.11500627E-01
  -64.697754     -0.46598017E-01
  -64.904126     -0.97630292E-01
  -65.110497     -0.68300113E-01
  -65.316868      0.32131597E-01
  -65.523240      0.98430969E-01
  -65.729611     -0.18091429E-01
  -65.935982     -0.70784405E-01
  -66.142354      0.26569042E-01
  -66.348725      0.41278332E-01
  -66.555096     -0.22880411E-01
  -66.761468     -0.50637886E-01
  -66.967839      0.21948610E-02
  -67.174210      0.18575527E-01
  -67.380582      0.56076534E-01
  -67.586953     -0.24795936E-01
  -67.793324     -0.94523281E-01
  -67.999696     -0.67502171E-01
  -68.206067      0.34757756E-01
  -68.412438     -0.87033801E-01
  -68.618810     -0.44033997E-01
  -68.825181      0.58394894E-02
  -69.031552      0.10348075    
  -69.237924      0.31519245E-01
  -69.444295      0.97253904E-01
  -69.650666      0.19354427    
  -69.857038      0.86458743E-01
  -70.063409      0.76875404E-01
  -70.269780      0.10197222    
  -70.476152      0.13245726E-01
  -70.682523     -0.23656536E-01
  -70.888894     -0.78990301E-02
  -71.095266      0.12008602E-01
  -71.301637      0.23473520E-01
  -71.508008      0.41133489E-01
  -71.714380     -0.49536992E-01
  -71.920751      0.51312134E-01
  -72.127122     -0.10425765E-02
  -72.333494     -0.49285188E-01
  -72.539865     -0.11288952E-01
  -72.746236     -0.67612454E-02
  -72.952608     -0.64432994E-01
  -73.158979      0.38117677E-01
  -73.365350     -0.26248656E-01
  -73.571722      0.56506690E-01
  -73.778093      0.36651742E-01
  -73.984464      0.47661345E-01
  -74.190836      0.40195305E-01
  -74.397207     -0.52731797E-01
  -74.603578      0.62290415E-01
  -74.809950      0.12241834    
  -75.016321      0.38687591E-01
  -75.222692     -0.39215181E-02
  -75.429064     -0.10355897    
  -75.635435     -0.90018615E-01
  -75.841807     -0.54784793E-01
  -76.048178     -0.50898336E-01
  -76.254549     -0.22910161E-01
  -76.460921     -0.16994281E-02
  -76.667292      0.88110581E-01
  -76.873663     -0.75058588E-02
  -77.080035     -0.86858660E-01
  -77.286406     -0.13041782    
  -77.492777      0.92633918E-01
  -77.699149      0.59403747E-01
  -77.905520     -0.18126843E-01
  -78.111891     -0.10881480E-02
  -78.318263      0.20447282E-01
  -78.524634      0.21855237E-01
  -78.731005     -0.65170899E-01
  -78.937377      0.13683721E-01
  -79.143748     -0.37003309E-02
  -79.350119      0.29991046E-01
  -79.556491      0.60298875E-01
  -79.762862      0.35881225E-01
  -79.969233      0.76412559E-01
  -80.175605     -0.20105638E-01
  -80.381976     -0.28550528E-01
  -80.588347      0.18493209E-01
  -80.794719     -0.69644779E-01
  -81.001090      0.21434221E-01
  -81.207461      0.28885290E-01
  -81.413833     -0.38636723E-02
  -81.620204     -0.49555331E-01
  -81.826575     -0.27479753E-02
  -82.032947      0.42667124E-01
  -82.239318     -0.25904950E-01
  -82.445689     -0.33814363E-01
  -82.652061     -0.41075770E-01
  -82.858432     -0.51378962E-01
  -83.064803      0.99921107E-01
  -83.271175     -0.16799904E-02
  -83.477546     -0.94187528E-01
  -83.683917     -0.26346674E-01
  -83.890289     -0.36513444E-01
  -84.096660     -0.70727453E-01
  -84.303031      0.19427177E-01
  -84.509403     -0.27166467E-01
  -84.715774      0.41414831E-01
  -84.922145      0.27333938E-01
  -85.128517     -0.36304761E-01
  -85.334888     -0.90724722E-01
  -85.541259     -0.12334912    
  -85.747631      0.35547920E-01
  -85.954002     -0.47472160E-01
  -86.160373      0.52805212E-02
  -86.366745      0.18694783E-01
  -86.573116      0.72067603E-03
  -86.779487     -0.84404774E-01
  -86.985859      0.37666000E-02
  -87.192230      0.70688643E-01
  -87.398601      0.24856683E-01
  -87.604973     -0.54829098E-01
  -87.811344     -0.60263086E-01
  -88.017715     -0.80997601E-01
  -88.224087     -0.56808293E-01
  -88.430458     -0.90018660E-02
  -88.636829     -0.81401221E-01
  -88.843201     -0.17945093    
  -89.049572     -0.25407786E-01
  -89.255943     -0.23364937E-01
  -89.462315     -0.61637107E-01
  -89.668686     -0.41079964E-01
  -89.875057      0.58495551E-01
  -90.081429      0.11361970E-01
  -90.287800     -0.26186602E-02
  -90.494171      0.49589776E-01
  -90.700543      0.20534830E-01
  -90.906914     -0.69865718E-01
  -91.113285     -0.51572371E-01
  -91.319657     -0.11505355    
  -91.526028     -0.16314624E-01
  -91.732399     -0.93424775E-01
  -91.938771     -0.28836776E-01
  -92.145142     -0.50733123E-01
  -92.351513     -0.68562016E-01
  -92.557885     -0.88178664E-01
  -92.764256     -0.86325966E-01
  -92.970627     -0.86855419E-01
  -93.176999     -0.71308896E-01
  -93.383370     -0.11738754    
  -93.589741     -0.43107770E-01
  -93.796113      0.22611720E-02
  -94.002484      0.80788024E-01
  -94.208856      -69.138985    
  -94.415227     -0.11411002    
  -94.621598     -0.12945792    
  -94.827970     -0.85765541E-01
  -95.034341      0.26606008E-01
  -95.240712     -0.10236385    
  -95.447084     -0.38769703E-01
  -95.653455      0.23762150E-01
  -95.859826     -0.27122702E-01
  -96.066198     -0.78194380E-01
  -96.272569     -0.36951512E-01
  -96.478940     -0.99067323E-01
  -96.685312     -0.41438587E-01
  -96.891683     -0.98775603E-01
  -97.098054     -0.16036299    
  -97.304426     -0.14908265E-01
  -97.510797     -0.25140980E-01
  -97.717168     -0.17691456E-01
  -97.923540     -0.45073517E-01
  -98.129911     -0.55562809E-01
  -98.336282      0.48631366E-01
  -98.542654      0.50189737E-01
  -98.749025     -0.31439778E-02
  -98.955396      0.76366896E-02
  -99.161768      0.35500545E-01
  -99.368139     -0.36064379E-01
  -99.574510      0.60181070E-01
  -99.780882     -0.87455213E-02
  -99.987253      0.10069549    
  -100.19362     -0.12147748E-02
  -100.40000     -0.67044504E-01
  -100.60637     -0.81902429E-01
  -100.81274     -0.23506725E-01
  -101.01911     -0.78265704E-01
  -101.22548     -0.69445685E-01
  -101.43185     -0.31835016E-01
  -101.63822     -0.36810905E-01
  -101.84459     -0.11860665E-01
  -102.05097      0.29626697E-01
  -102.25734      0.89909948E-01
  -102.46371     -0.24615912E-01
  -102.67008      0.10539925E-01
  -102.87645      0.11610844E-01
  -103.08282      0.27316276E-01
  -103.28919      0.30236999E-01
  -103.49557      0.34122996E-01
  -103.70194     -0.34947909E-01
  -103.90831      0.39373733E-01
  -104.11468      0.22930425E-01
  -104.32105     -0.87236268E-02
  -104.52742     -0.64798445E-01
  -104.73379     -0.46801127E-01
  -104.94017     -0.82635969E-01
  -105.14654     -0.92990689E-01
  -105.35291     -0.72992789E-02
  -105.55928     -0.17003220E-01
  -105.76565     -0.99156033E-02
  -105.97202     -0.11754514    
  -106.17839     -0.18252237E-02
  -106.38476     -0.33089206E-01
  -106.59114     -0.54477714E-05
  -106.79751     -0.30666217E-03
  -107.00388     -0.55158343E-01
  -107.21025     -0.26366454E-01
  -107.41662     -0.13933545    
  -107.62299     -0.45728333E-01
  -107.82936      0.66438213E-01
  -108.03574     -0.36480658E-01
  -108.24211     -0.20841813E-01
  -108.44848      0.99749397E-02
  -108.65485      0.27713813E-01
  -108.86122     -0.96074872E-01
  -109.06759     -0.26949845E-01
  -109.27396     -0.36189865E-01
  -109.48033      0.38121864E-01
  -109.68671     -0.87639481E-01
  -109.89308     -0.28619936E-01
  -110.09945     -0.64591885E-01
  -110.30582     -0.61577547E-01
  -110.51219      0.57620589E-01
  -110.71856      0.61667442E-01
  -110.92493      0.14394000E-02
  -111.13131     -0.89003652E-01
  -111.33768     -0.67353852E-01
  -111.54405     -0.61367199E-01
  -111.75042     -0.60432710E-01
  -111.95679     -0.72295837E-01
  -112.16316      0.44452414E-01
  -112.36953     -0.19179413E-01
  -112.57590     -0.92629686E-01
  -112.78228     -0.28672840E-01
  -112.98865      0.13039773E-02
  -113.19502      0.29782662E-01
  -113.40139     -0.63356817E-01
  -113.60776     -0.17493406    
  -113.81413      0.36733262E-01
  -114.02050     -0.94573833E-01
  -114.22688     -0.97170755E-01
  -114.43325     -0.12244524    
  -114.63962     -0.84051818E-01
  -114.84599     -0.82803279E-01
  -115.05236      0.26668468E-03
  -115.25873     -0.50547935E-01
  -115.46510     -0.44194236E-01
  -115.67147     -0.10797480    
  -115.87785      0.35446357E-01
  -116.08422     -0.29620519E-01
  -116.29059     -0.30517403E-01
  -116.49696     -0.79831064E-01
  -116.70333     -0.15350501    
  -116.90970     -0.16500857    
  -117.11607     -0.15298784    
  -117.32245     -0.49124550E-01
  -117.52882     -0.11749703E-01
  -117.73519     -0.51502239E-01
  -117.94156     -0.58268968E-01
  -118.14793      0.49778204E-01
  -118.35430     -0.59808578E-01
  -118.56067     -0.56105889E-02
  -118.76704     -0.23895048E-01
  -118.97342     -0.10582667E-01
  -119.17979      0.28917853E-01
  -119.38616     -0.64454094E-01
  -119.59253     -0.19386303E-01
  -119.79890     -0.19955723E-01
  -120.00527     -0.20921029E-01
  -120.21164     -0.27932528E-01
  -120.41802     -0.64250208E-01
  -120.62439     -0.88808179E-01
  -120.83076      0.55990508E-03
  -121.03713     -0.17817052E-01
  -121.24350     -0.47285818E-01
  -121.44987     -0.10287090    
  -121.65624     -0.62139489E-01
  -121.86261     -0.36291838E-01
  -122.06899      0.44910990E-01
  -122.27536     -0.93427282E-02
  -122.48173      0.10272897E-01
  -122.68810     -0.29503353E-01
  -122.89447      0.20412132E-01
  -123.10084     -0.69443293E-01
  -123.30721     -0.40954728E-01
  -123.51359     -0.37067644E-01
  -123.71996     -0.10424102E-01
  -123.92633     -0.23798319E-02
  -124.13270     -0.92397802E-01
  -124.33907     -0.10872845    
  -124.54544     -0.12618716    
  -124.75181     -0.79039745E-01
  -124.95818     -0.10426274    
  -125.16456     -0.24002401E-01
  -125.37093     -0.13298735E-01
  -125.57730      0.12751337E-01
  -125.78367      0.33644229E-01
  -125.99004     -0.35429399E-01
  -126.19641     -0.26441686E-01
  -126.40278     -0.50444163E-01
  -126.60916     -0.13613120E-01
  -126.81553      0.67669638E-01
  -127.02190     -0.26983307E-02
  -127.22827     -0.65754138E-01
  -127.43464      0.20290397E-01
  -127.64101      0.27928550E-01
  -127.84738      0.27369635E-01
  -128.05375     -0.36358435E-01
  -128.26013     -0.70283726E-01
  -128.46650     -0.66173263E-02
  -128.67287      0.65557072E-02
  -128.87924      0.19204836E-01
  -129.08561      0.49248382E-01
  -129.29198     -0.92486903E-01
  -129.49835     -0.59504308E-01
  -129.70473      0.28184211E-01
  -129.91110     -0.14041308E-02
  -130.11747     -0.74608125E-01
  -130.32384     -0.34899369E-01
  -130.53021     -0.50985273E-02
  -130.73658      0.26335867E-01
  -130.94295     -0.16667688E-01
  -131.14932      0.66015730E-02
  -131.35570     -0.45449916E-01
  -131.56207     -0.28084105E-01
  -131.76844     -0.46107706E-01
  -131.97481     -0.15774250    
  -132.18118     -0.98307386E-01
  -132.38755     -0.17102387E-01
  -132.59392     -0.38951479E-01
  -132.80030      0.26724825E-01
  -133.00667      0.46423856E-01
  -133.21304     -0.66141412E-01
  -133.41941     -0.31116478E-01
  -133.62578     -0.32930695E-01
  -133.83215      0.19766876E-01
  -134.03852      0.39790068E-01
  -134.24489      0.98020487E-01
  -134.45127     -0.13200494E-01
  -134.65764      0.47470637E-01
  -134.86401     -0.66986315E-01
  -135.07038     -0.25925728E-01
  -135.27675     -0.58401067E-01
  -135.48312     -0.32293167E-01
  -135.68949     -0.30805428E-01
  -135.89587     -0.82903337E-02
  -136.10224     -0.73638773E-02
  -136.30861      0.88798609E-02
  -136.51498      0.28462887E-01
  -136.72135      0.22022441E-01
  -136.92772      0.50221831E-01
  -137.13409      0.11968447E-01
  -137.34046     -0.48853230E-01
  -137.54684     -0.42284697E-01
  -137.75321     -0.22215031E-01
  -137.95958     -0.70779887E-02
  -138.16595     -0.73352270E-02
  -138.37232     -0.17314805E-01
  -138.57869     -0.35911970E-01
  -138.78506      0.51671345E-01
  -138.99144      0.69845304E-01
  -139.19781      0.17645035E-01
  -139.40418      0.30144377E-01
  -139.61055      0.43958034E-01
  -139.81692      0.54701559E-01
  -140.02329      0.51012961E-02
  -140.22966      0.72496258E-01
  -140.43604     -0.14192028E-01
  -140.64241      0.22312496E-02
  -140.84878     -0.79129189E-01
  -141.05515     -0.62087096E-01
  -141.26152     -0.14133913E-01
  -141.46789     -0.93051873E-01
