133.7613 0.15436327
133.12621000000001 0.84355682E-01
132.49111 0.12911960
131.85602 -0.10669198
131.22093 0.65045655E-01
130.58584000000002 -0.72383106E-01
129.95075 -0.10535207
129.31565 0.73686987E-01
128.68056 -0.82514554E-01
128.04547 0.40092636E-02
127.41038 0.69725268E-01
126.77529 0.26796630E-01
126.14019 0.11381248
125.5051 -0.71785077E-01
124.87001 0.71803443E-01
124.23492 0.66358268E-01
123.59983 -0.49320601E-01
122.96473 0.10474236
122.32964 -0.68826593E-01
121.69455 0.12532534E-01
121.05946 -0.16039093
120.42436 -0.15480019
119.78927 -0.24280652E-01
119.15418 -0.45970734E-01
118.51909 0.24646772
117.884 0.11269289
117.2489 -0.18268615E-01
116.61381 0.82015254E-01
115.97872 0.52155238E-01
115.34363 -0.11496284
114.70854 0.15632616E-01
114.07344 -0.63767806E-01
113.43835 -0.10004915
112.80326 -0.11990812
112.16817 -0.50326876E-01
111.53307 0.83867118E-01
110.89798 -0.79401642E-01
110.26289 -0.91604762E-01
109.6278 0.81258841E-01
108.99271 -0.27848020E-01
108.357614 0.18446320E-02
107.722522 0.59144117E-01
107.08743 -0.44478968E-01
106.452338 -0.13205585
105.817246 -0.13630274
105.182153 -0.19345242
104.547061 -0.12705457
103.911969 -0.38577762E-01
103.276877 0.16190149E-02
102.641785 0.68626359E-01
102.006693 0.17930979
101.371601 0.49880713E-01
100.736509 -0.57078879E-02
100.101416 -0.47263242E-01
99.466324 0.13711028E-01
98.831232 0.17553274
98.19614 -0.39293386E-01
97.561048 -0.63251726E-01
96.925956 0.70740640E-01
96.290864 -0.74034818E-02
95.655771 0.86267684E-02
95.020679 0.11760239E-01
94.385587 0.14053276
93.750495 0.65847322E-01
93.115403 0.17877677E-02
92.480311 0.10872978
91.845219 0.41587289E-01
91.210127 0.77090770E-01
90.575034 -0.12274089
89.939942 -0.12091910
89.30485 -0.26668376
88.669758 -0.54720037E-01
88.034666 -0.13940227
87.399574 -0.12516508
86.764482 0.21175173
86.12939 0.53636696E-01
85.494297 0.73311895E-01
84.859205 0.17245206
84.224113 0.14499925
83.589021 0.18917066
82.953929 0.14358589
82.318837 -0.15211901
81.683745 0.74270681E-01
81.048653 -0.95092639E-01
80.41356 -0.17450306
79.778468 -0.97778328E-02
79.143376 -0.38860977E-01
78.508284 0.16995610
77.873192 0.11077581
77.2381 -0.46457954E-01
76.603008 -0.11559700
75.967915 0.73666312E-02
75.332823 0.11072235
74.697731 -0.16703535E-01
74.062639 -0.45500278E-01
73.427547 0.31039998E-01
72.792455 -0.62217172E-01
72.157363 -0.10504241
71.522271 0.58842968E-01
70.887178 0.19285780
70.25208599999999 0.10978174
69.616994 -0.49441803E-01
68.98190199999999 -0.33681951E-01
68.34681 0.60164005E-01
67.71171799999999 -0.36727726E-01
67.076626 0.20126007E-01
66.44153399999999 0.85977569E-01
65.806441 0.81787311E-01
65.17134899999999 -0.58275204E-01
64.536257 -0.20315628
63.901165 -0.54099850E-01
63.266073 -0.10587804
62.630981 -0.16658688
61.995889 0.37232105E-01
61.360797 -0.10475335
60.725704 -0.12172889E-01
60.090612 0.13451692
59.45552 0.25417960
58.820428 0.42495571E-01
58.185336 0.89012951E-01
57.550244 -0.78118980E-01
56.915152 0.16841975
56.280059 -0.51232524E-01
55.644967 0.41511830E-01
55.009875 -0.13203758
54.374783 -0.73601209E-01
53.739691 0.60888194E-01
53.104599 0.16329166
52.469507 0.23683194E-01
51.834415 0.34932606E-02
51.199322 0.21416068E-01
50.56423 0.91591455E-01
49.929138 0.18765126
49.294046 -0.95128909E-01
48.658954 -0.85215040E-01
48.023862 -0.19794843
47.38877 -0.20218931
46.753678 -0.18794601
46.118585 0.10386538E-02
45.483493 -0.74188858E-01
44.848401 -0.23108503
44.213309 -0.36021609E-01
43.578217 -0.17173626E-02
42.943125 -0.12007654E-02
42.308033 0.11797288
41.67294 -0.54472033E-02
41.037848 -0.16016939
40.402756 -0.59300885E-01
39.767663999999996 -0.14058827
39.132571999999996 -0.53780589E-01
38.497479999999996 -0.29469728E-01
37.862387999999996 0.11146985
37.227295999999996 0.12396125
36.592203 0.65303363E-01
35.957111 -0.40259778E-01
35.322019 0.11748402
34.686927 0.98124454E-02
34.051835 -0.42704165E-01
33.416743 -0.68940938E-01
32.781651 -0.12715286
32.146558999999996 0.42964146E-01
31.511466 0.18598029E-01
30.876374 -0.93769290E-01
30.241282 -0.14962132
29.60619 -0.12437059
28.971098 -0.13653255
28.336006 0.62294904E-01
27.700914 0.15226284
27.065822 0.12027553
26.430729 0.39049171E-01
25.795637 -0.25883186
25.160545 -0.42463794E-01
24.525453 -0.77489063E-01
23.890361 -0.11930250
23.255269 -0.98328024E-01
22.620176999999998 -0.85864604E-01
21.985084 -0.92043728E-03
21.349992 -0.21407655
20.7149 -0.81115231E-01
20.079808 0.14613211
19.444716 0.33286449
18.809624 1.3624542
18.1745317 2.2228231
17.5394396 0.88382274
16.9043474 1.0492508
16.2692553 3.4350688
15.6341632 4.1920166
14.9990711 3.0914431
14.3639789 1.9271245
13.7288868 1.2837552
13.0937947 0.73856592
12.4587025 0.48733220
11.8236104 0.23301132
11.1885183 0.21693686
10.5534262 0.17481026
9.918334 0.15127383
9.2832419 0.27330756
8.64814977 0.15354669
8.01305764 -0.42837698E-01
7.3779655 -0.21457665
6.7428734 -0.90609360E-02
6.1077812 -0.36719143E-01
5.4726891 -0.36851913E-01
4.837597000000001 0.63836083E-01
4.2025049 -0.21214698E-01
3.5674127 -0.71211606E-02
2.9323205999999997 0.92376396E-01
2.2972285 0.17854349
1.6621363000000002 0.10187544
1.0270441999999997 -0.15322204
0.39195209999999925 0.22574451E-01
-0.24314000000000036 -0.89651421E-01
-0.8782321999999994 0.84661223E-01
-1.5133240000000008 -0.41745532E-01
-2.148415999999999 -0.63194580E-01
-2.7835090000000005 0.25047889E-01
-3.4186010000000007 -0.10735578
-4.053693000000001 -0.61600149E-01
-4.688784999999999 0.61050422E-01
-5.3238769999999995 0.12623501
-5.958969 0.58521159E-01
-6.594061 0.95709138E-01
-7.229153 0.71034029E-01
-7.864246000000001 -0.87526597E-01
-8.499338000000002 -0.35730869E-01
-9.134429999999998 0.13081406
-9.769521999999998 0.17134489
-10.404613999999999 0.53358302E-02
-11.039705999999999 0.71287781E-01
-11.674798 -0.12311006
-12.309891 0.10393640
-12.944983 0.12795398E-01
-13.580075 0.26267946E-01
-14.215167000000001 -0.29405294E-01
-14.850259000000001 0.67894563E-01
-15.485351000000001 0.72370723E-01
-16.120443 0.10477027
-16.755535 0.32151863E-01
-17.390628 -0.57455782E-01
-18.02572 0.78527339E-01
-18.660812 0.26721227
-19.295904 0.64023957E-01
-19.930996 -0.10076411
-20.566088 -0.43649971E-01
-21.20118 -0.18629703
-21.836272 -0.12641378
-22.471365 -0.14051062
-23.106457 0.71141385E-01
-23.741549 0.10746174E-01
-24.376641 0.12059864
-25.011733 0.11496428
-25.646825 -0.13332391
-26.281917 -0.10078259
-26.917009 -0.44182274E-01
-27.552101999999998 0.10710317
-28.187193999999998 0.26197129
-28.822286 -0.15021399
-29.457378 0.18401138
-30.09247 0.10796198
-30.727562 0.39185073E-01
-31.362654 0.53363431E-01
-31.997746999999997 0.48813798E-01
-32.632839 0.12230138
-33.267931 0.21697271
-33.903023 -0.10866143E-01
-34.538115 0.26080858E-01
-35.173207 0.10946266E-01
-35.808299 -0.22514129
-36.443391 -0.30933872E-01
-37.078484 0.22414909
-37.713576 -0.96125975E-01
-38.348668 0.13423118
-38.98376 0.12600477
-39.618852 0.76580562E-01
-40.253944 -0.17705382
-40.889036 0.11030653
-41.524128 -0.24081096E-02
-42.159221 -0.54734170E-01
-42.794313 0.60780346E-03
-43.429405 -0.24229288E-04
-44.064497 -0.76310046E-01
-44.699589 -0.84966972E-01
-45.334681 0.89930646E-01
-45.969773 -0.29757811E-01
-46.604865 0.51317915E-01
-47.239958 -0.39388817E-02
-47.87505 0.86039089E-01
-48.510142 -0.20238674
-49.145234 0.51168956E-01
-49.780326 0.18044163E-01
-50.415418 -0.24962130
-51.05051 -0.18957999
-51.685603 -0.24088292
-52.320695 0.49206350E-01
-52.955787 0.26141170E-01
-53.590879 0.62319782E-01
-54.225971 0.38348980E-01
-54.861063 -0.16311881
-55.496155 0.23293389E-01
-56.131247 0.21476385
-56.76634 0.22243558
-57.401432 0.61748013E-01
-58.036524 0.10595626
-58.671616 0.73168010E-01
-59.306708 0.97082928E-01
-59.9418 0.11814071
-60.576892 -0.51311046E-01
-61.211984 -0.93816429E-01
-61.847077 -0.58910316E-02
-62.482169 0.10731831
-63.117261 0.18015315
-63.752353 0.16022226
-64.387445 0.22589953
-65.022537 0.16461769
-65.657629 0.21796007E-01
-66.292721 -0.37313208E-01
-66.927814 -0.23813567
-67.562906 -0.25279358
-68.197998 -0.11771872
-68.83309 -0.74536048E-01
-69.468182 0.18145801
-70.103274 0.27892372E-01
-70.738366 0.24754252E-01
-71.373459 0.77387750E-01
-72.008551 -0.15254259E-01
-72.643643 -0.15836520E-01
-73.278735 0.13508001
-73.913827 -0.99620670E-02
-74.548919 0.40285956E-01
-75.184011 0.47169253E-03
-75.819103 -0.39622076E-01
-76.454196 0.41825488E-01
-77.089288 -0.96972466E-01
-77.72438 -0.42323135E-01
-78.359472 0.12793487
-78.994564 0.90000384E-01
-79.629656 0.10682699
-80.264748 -0.14974404E-01
-80.89984 -0.78655548E-01
-81.534933 0.15194930E-01
-82.170025 0.69395408E-01
-82.805117 0.11425608
-83.440209 -0.19466664
-84.075301 -0.18120757
-84.710393 -0.19244322
-85.345485 -0.89443848E-01
-85.980578 -0.31079229E-01
-86.61567 0.60262278E-01
-87.250762 -0.57171751E-02
-87.885854 -0.52124053E-01
-88.520946 0.14502519
-89.156038 0.11318294E-01
-89.79113 -0.11184722E-01
-90.426222 -0.11243267
-91.061315 0.30691214E-02
-91.69641 0.58193654E-02
-92.3315 -0.45645207E-01
-92.96659 -0.16254520
-93.60168 -0.13092816
-94.23678 0.43180633E-01
-94.87187 -0.15383564E-01
-95.50696 0.73873736E-01
-96.14205 0.75401247E-01
-96.77714 0.96215382E-02
-97.41224 0.30751679E-01
-98.04733 -0.13628766E-01
-98.68242 -0.84532820E-01
-99.31751 -0.19820727E-01
-99.9526 0.79548471E-01
-100.5877 0.87616704E-01
-101.22279 -0.64524643E-01
-101.85788 -0.48468873E-01
-102.49297 -0.23088738
-103.12806 -0.96071750E-01
-103.76316 0.98019794E-01
-104.39825 -0.53257011E-01
-105.03334 0.12025236
-105.66843 0.93758471E-01
-106.30353 0.37813574E-01
-106.93862 -0.26355000E-01
-107.57371 0.31998016E-01
-108.2088 -0.15795823E-01
-108.84389 0.12643304
-109.47899 -0.88069886E-02
-110.11408 -0.51000118E-01
-110.74917 0.39667450E-01
-111.38426 0.12000779
-112.01935 -0.52809566E-02
-112.65445 -0.21552825
-113.28954 0.30332923E-01
-113.92463 0.12141650
-114.55972 0.36648095E-01
-115.19482 -0.76645814E-01
-115.82991 0.59161000E-01
-116.465 -0.64015776E-01
