   181.97501     -0.11124653E-01
   181.71076      0.20541601E-01
   181.44651      0.60303077E-01
   181.18225      0.42444684E-01
   180.91800     -0.35604117E-02
   180.65375      0.10142282E-01
   180.38949      0.18799895E-01
   180.12524     -0.27967455E-01
   179.86098      0.39331652E-01
   179.59673     -0.14794127E-01
   179.33248     -0.29321425E-01
   179.06822     -0.68412989E-01
   178.80397     -0.10304679    
   178.53972     -0.22395175E-01
   178.27546      0.90907961E-02
   178.01121     -0.46220776E-01
   177.74696     -0.38212065E-01
   177.48270      0.63918396E-02
   177.21845      0.87844161E-02
   176.95420      0.37222855E-01
   176.68994      0.40822070E-01
   176.42569      0.51940240E-01
   176.16143      0.29400373E-01
   175.89718      0.58208294E-01
   175.63293     -0.14263183E-01
   175.36867     -0.64246343E-02
   175.10442      0.36072738E-01
   174.84017      0.15150162E-01
   174.57591      0.21872476E-01
   174.31166      0.96246228E-01
   174.04741      0.23737373E-02
   173.78315     -0.23532089E-01
   173.51890     -0.30738099E-02
   173.25464      0.29478960E-01
   172.99039      0.79558663E-01
   172.72614      0.24135448E-01
   172.46188     -0.35261437E-01
   172.19763     -0.48879473E-02
   171.93338      0.62559266E-02
   171.66912     -0.28692678E-01
   171.40487      0.61647452E-01
   171.14062      0.66573232E-01
   170.87636      0.33634499E-01
   170.61211      0.32636173E-01
   170.34785     -0.14199317E-03
   170.08360     -0.64293273E-01
   169.81935     -0.24892412E-01
   169.55509      0.92264106E-02
   169.29084      0.80780722E-01
   169.02659      0.78862056E-01
   168.76233      0.27730495E-01
   168.49808      0.41835193E-01
   168.23383     -0.75657088E-02
   167.96957      0.17617432E-01
   167.70532     -0.34077130E-02
   167.44107      0.41558001E-01
   167.17681      0.71918644E-01
   166.91256     -0.69741914E-02
   166.64830     -0.12825159E-02
   166.38405      0.37072793E-01
   166.11980      0.22739016E-01
   165.85554     -0.55969208E-02
   165.59129      0.15912503E-01
   165.32704     -0.29830571E-01
   165.06278      0.32456737E-01
   164.79853      0.14054799E-01
   164.53428      0.11735442    
   164.27002      0.56246575E-02
   164.00577     -0.60464669E-01
   163.74151      0.43355580E-01
   163.47726      0.10396453E-01
   163.21301      0.95048115E-01
   162.94875      0.14135826E-01
   162.68450     -0.37353132E-01
   162.42025      0.17417217E-01
   162.15599      0.37341811E-01
   161.89174      0.27319776E-01
   161.62749     -0.22450676E-01
   161.36323     -0.59194461E-01
   161.09898     -0.47739606E-01
   160.83472     -0.31746484E-01
   160.57047     -0.12913104E-01
   160.30622      0.27236799E-01
   160.04196     -0.43643009E-01
   159.77771     -0.63579440E-01
   159.51346     -0.52217264E-01
   159.24920      0.26684201E-02
   158.98495     -0.54394431E-01
   158.72070     -0.38873859E-01
   158.45644      0.18661346E-01
   158.19219     -0.30691465E-02
   157.92793     -0.16360614E-01
   157.66368      0.53393137E-01
   157.39943      0.93353223E-02
   157.13517      0.48482466E-01
   156.87092      0.38439766E-01
   156.60667      0.26934728E-01
   156.34241      0.25185756E-02
   156.07816      0.30136410E-01
   155.81391      0.47863360E-01
   155.54965     -0.13992745E-01
   155.28540      0.89164674E-01
   155.02115      0.61771154E-01
   154.75689     -0.58458857E-01
   154.49264     -0.62303282E-02
   154.22838      0.68383113E-01
   153.96413     -0.11290420E-01
   153.69988      0.23733430E-01
   153.43562      0.54715127E-01
   153.17137      0.57535701E-01
   152.90712      0.34346413E-01
   152.64286      0.27442370E-01
   152.37861     -0.21393957E-01
   152.11436      0.25131833E-01
   151.85010     -0.47755294E-01
   151.58585     -0.13589337E-01
   151.32159      0.25256984E-01
   151.05734      0.38458943E-01
   150.79309      0.25108777E-01
   150.52883     -0.53245481E-01
   150.26458     -0.18308127E-01
   150.00033      0.11962063E-01
   149.73607      0.41663595E-01
   149.47182      0.67916244E-01
   149.20757      0.61086670E-01
   148.94331     -0.55834983E-01
   148.67906     -0.48978113E-01
   148.41480     -0.62543966E-01
   148.15055      0.28987173E-01
   147.88630     -0.25907818E-01
   147.62204      0.11714753E-01
   147.35779      0.15012666E-01
   147.09354      0.61283194E-01
   146.82928     -0.10279448E-01
   146.56503     -0.12775788E-02
   146.30078     -0.19263342E-01
   146.03652     -0.79547018E-02
   145.77227      0.53882606E-01
   145.50802     -0.48327934E-01
   145.24376     -0.23945444E-02
   144.97951     -0.53439412E-01
   144.71525     -0.16550515E-02
   144.45100      0.65266423E-01
   144.18675     -0.83934702E-02
   143.92249      0.29665329E-01
   143.65824     -0.44536516E-01
   143.39399      0.26183765E-01
   143.12973      0.73206469E-01
   142.86548     -0.42999558E-01
   142.60123     -0.42631812E-01
   142.33697      0.41991577E-01
   142.07272      0.35586741E-01
   141.80846      0.59968326E-03
   141.54421      0.21526571E-02
   141.27996      0.53966396E-01
   141.01570      0.24914686E-01
   140.75145      0.47969960E-01
   140.48720     -0.53023458E-01
   140.22294      0.28178677E-01
   139.95869      0.99405169E-01
   139.69444      0.95240250E-01
   139.43018     -0.26452618E-01
   139.16593      0.37270982E-01
   138.90167     -0.75756192E-01
   138.63742      0.12512715E-01
   138.37317     -0.59750527E-02
   138.10891     -0.44064246E-01
   137.84466      0.34625046E-01
   137.58041     -0.30983038E-01
   137.31615      0.16948912E-01
   137.05190      0.46674993E-01
   136.78765     -0.14316342E-01
   136.52339     -0.63405156E-01
   136.25914     -0.25606748E-01
   135.99489     -0.73473062E-02
   135.73063      0.39110910E-01
   135.46638      0.61063822E-01
   135.20212     -0.10273159E-01
   134.93787      0.24204580E-01
   134.67362     -0.26411198E-01
   134.40936     -0.28528066E-01
   134.14511      0.27374376E-01
   133.88086     -0.22608163E-02
   133.61660     -0.25465410E-01
   133.35235      0.14018118E-01
   133.08810      0.28937742E-01
   132.82384      0.94479784E-01
   132.55959      0.86029191E-02
   132.29533      0.50923221E-01
   132.03108     -0.24756525E-01
   131.76683      0.53195294E-01
   131.50257      0.13015491E-01
   131.23832      0.38231228E-01
   130.97407     -0.21879556E-01
   130.70981      0.14380710E-02
   130.44556     -0.12483678E-01
   130.18131      0.26288731E-01
   129.91705      0.14848313E-01
   129.65280      0.35256572E-01
   129.38854     -0.78465343E-02
   129.12429      0.74342489E-01
   128.86004      0.30885693E-02
   128.59578      0.10406336E-01
   128.33153     -0.41840784E-03
   128.06728      0.29479647E-01
   127.80302     -0.20536657E-01
   127.53877      0.73015424E-02
   127.27452     -0.86169457E-03
   127.01026      0.32072261E-01
   126.74601      0.20451918E-01
   126.48176      0.49567036E-01
   126.21750     -0.33119231E-01
   125.95325     -0.24098265E-02
   125.68899      0.22908976E-01
   125.42474     -0.57148796E-01
   125.16049     -0.92851393E-01
   124.89623     -0.13964859E-01
   124.63198     -0.21970512E-01
   124.36773      0.13965619E-01
   124.10347      0.35424765E-01
   123.83922      0.13132969E-01
   123.57497     -0.87530620E-01
   123.31071      0.48651844E-01
   123.04646      0.10830410    
   122.78220      0.27461553E-01
   122.51795      0.43433037E-01
   122.25370      0.14301525    
   121.98944     -0.30513133E-02
   121.72519      -1000.0000    
   121.46094      0.86432062E-01
   121.19668      0.88380419E-01
   120.93243      0.16326513E-01
   120.66818      0.12130342    
   120.40392      0.50270714E-01
   120.13967      0.36766462E-01
   119.87541      0.43198779E-01
   119.61116      0.52367849E-03
   119.34691      0.11279779E-01
   119.08265     -0.29357269E-01
   118.81840     -0.16261954E-01
   118.55415      0.11851965E-01
   118.28989     -0.62902376E-01
   118.02564     -0.20226883E-01
   117.76139     -0.24881987E-01
   117.49713     -0.37294375E-02
   117.23288     -0.10776825E-01
   116.96862     -0.56223860E-02
   116.70437     -0.12258152E-01
   116.44012     -0.30772883E-01
   116.17586      0.38330607E-01
   115.91161      0.12832606E-01
   115.64736      0.26337676E-01
   115.38310      0.21339502E-01
   115.11885      0.14874698E-01
   114.85460     -0.11961510E-01
   114.59034     -0.50385758E-01
   114.32609     -0.18150853E-01
   114.06184     -0.27789213E-01
   113.79758     -0.59294708E-01
   113.53333     -0.76659374E-01
   113.26907     -0.35881586E-01
   113.00482     -0.10990448E-01
   112.74057     -0.11221582E-01
   112.47631      0.25774365E-01
   112.21206     -0.12294490E-01
   111.94781      0.13976127E-01
   111.68355      0.47240280E-01
   111.41930      0.17874347E-01
   111.15505      0.96632481E-01
   110.89079      0.51202893E-01
   110.62654     -0.32390814E-01
   110.36228     -0.18167280E-01
   110.09803     -0.61840929E-01
   109.83378     -0.50225928E-01
   109.56952      0.12464860E-01
   109.30527     -0.59248600E-02
   109.04102     -0.24542201E-01
   108.77676      0.29555899E-02
   108.51251     -0.10344900E-01
   108.24826     -0.92481591E-01
   107.98400      0.37336652E-02
   107.71975      0.49313540E-02
   107.45549     -0.60253404E-01
   107.19124     -0.71904629E-01
   106.92699      0.30188605E-01
   106.66273      0.50029617E-01
   106.39848      0.28339259E-01
   106.13423      0.13991619E-01
   105.86997      0.71244463E-01
   105.60572      0.66548679E-03
   105.34147      0.62855288E-01
   105.07721      0.13050952E-01
   104.81296     -0.52619841E-01
   104.54871      0.25299659E-01
   104.28445     -0.87050609E-02
   104.02020     -0.32617141E-01
   103.75594      0.62372703E-02
   103.49169     -0.28465228E-01
   103.22744     -0.16637780E-01
   102.96318     -0.39406978E-01
   102.69893      0.44731461E-01
   102.43468     -0.36397528E-01
   102.17042     -0.33396676E-01
   101.90617     -0.81984773E-02
   101.64192     -0.22320639E-01
   101.37766     -0.38730379E-01
   101.11341     -0.25133565E-01
   100.84915     -0.67770243E-01
   100.58490     -0.15892083E-01
   100.32065     -0.16220164E-01
   100.05639     -0.44609278E-01
   99.792140      0.23246404E-01
   99.527887      0.26387829E-01
   99.263633     -0.52078538E-01
   98.999379     -0.28500374E-01
   98.735126     -0.70232704E-01
   98.470872     -0.15301125E-01
   98.206618      0.84538879E-02
   97.942365     -0.17674481E-01
   97.678111     -0.76205343E-01
   97.413858     -0.42361364E-01
   97.149604     -0.14193540E-01
   96.885350     -0.47587708E-01
   96.621097     -0.18613795E-01
   96.356843      0.13195468E-01
   96.092590     -0.28537318E-01
   95.828336      0.63005246E-01
   95.564082      0.51458783E-01
   95.299829      0.66880770E-01
   95.035575     -0.12579765E-01
   94.771322     -0.50456751E-01
   94.507068      0.90191271E-02
   94.242814     -0.23683961E-01
   93.978561     -0.53444754E-01
   93.714307     -0.51957611E-02
   93.450053     -0.60683712E-01
   93.185800     -0.11357371E-01
   92.921546     -0.15536107E-01
   92.657293      0.72048465E-02
   92.393039     -0.25137670E-01
   92.128785      0.12434755E-01
   91.864532      0.12878327E-01
   91.600278     -0.80438375E-01
   91.336025     -0.51887408E-01
   91.071771     -0.33704612E-01
   90.807517     -0.22220705E-01
   90.543264      0.50374120E-01
   90.279010      0.45182355E-01
   90.014756     -0.21563686E-01
   89.750503     -0.57898089E-01
   89.486249     -0.11639157    
   89.221996     -0.56851946E-01
   88.957742     -0.35106428E-01
   88.693488     -0.38270921E-01
   88.429235     -0.15861612E-01
   88.164981     -0.17256618E-01
   87.900728     -0.48166908E-01
   87.636474      0.28365729E-02
   87.372220      0.15635556E-02
   87.107967      0.42263329E-01
   86.843713      0.26110558E-01
   86.579460     -0.28567053E-01
   86.315206     -0.38749084E-01
   86.050952     -0.43719370E-01
   85.786699     -0.45241594E-01
   85.522445     -0.13092712E-01
   85.258191     -0.52128159E-01
   84.993938      0.16770186E-01
   84.729684     -0.28050216E-02
   84.465431     -0.35534002E-01
   84.201177     -0.19380456E-01
   83.936923      0.82730958E-02
   83.672670     -0.17973077E-01
   83.408416     -0.31267304E-01
   83.144163     -0.29762104E-01
   82.879909     -0.30903582E-01
   82.615655     -0.65319808E-02
   82.351402     -0.12811085E-01
   82.087148     -0.48229985E-01
   81.822894     -0.62870733E-01
   81.558641     -0.31316947E-01
   81.294387      0.11237716E-01
   81.030134     -0.18404823E-01
   80.765880     -0.20877747E-02
   80.501626     -0.74659660E-02
   80.237373      0.47769666E-01
   79.973119      0.55756468E-01
   79.708866     -0.66444024E-01
   79.444612     -0.56871932E-01
   79.180358     -0.34194067E-01
   78.916105      0.30125950E-01
   78.651851     -0.34930110E-01
   78.387598     -0.36300100E-01
   78.123344      0.35786230E-01
   77.859090      0.35506800E-01
   77.594837      0.15527369E-02
   77.330583     -0.28396891E-01
   77.066329     -0.23053542E-01
   76.802076      0.13183684E-01
   76.537822      0.37208155E-01
   76.273569     -0.56455210E-01
   76.009315     -0.49861602E-01
   75.745061     -0.66803411E-01
   75.480808      0.29917309E-01
   75.216554      0.10919800E-01
   74.952301     -0.24385247E-01
   74.688047      0.25751442E-01
   74.423793     -0.20438703E-01
   74.159540      0.11094669E-02
   73.895286     -0.25301643E-02
   73.631032     -0.49367934E-01
   73.366779     -0.56420965E-02
   73.102525     -0.18367771E-01
   72.838272     -0.64828537E-01
   72.574018      0.11502659E-01
   72.309764      0.20900074E-01
   72.045511      0.43693952E-01
   71.781257      0.32550950E-01
   71.517004      0.11810631E-01
   71.252750     -0.25089936E-01
   70.988496     -0.74832954E-01
   70.724243     -0.22437058E-01
   70.459989      0.19054955E-01
   70.195736      0.16088475E-01
   69.931482     -0.85079344E-02
   69.667228      0.53099710E-01
   69.402975      0.12230692E-01
   69.138721     -0.89976462E-02
   68.874467      0.10202372E-01
   68.610214      0.69197305E-01
   68.345960     -0.75355977E-01
   68.081707     -0.63346205E-02
   67.817453      0.15457929E-01
   67.553199     -0.12986274E-01
   67.288946      0.19083615E-01
   67.024692     -0.20178545E-01
   66.760439      0.10384715    
   66.496185      0.31473298E-01
   66.231931      0.66826478E-01
   65.967678     -0.15901804E-01
   65.703424      0.19015182E-01
   65.439170      0.17232671E-01
   65.174917     -0.28567323E-01
   64.910663      0.58696605E-05
   64.646410     -0.24503581E-01
   64.382156      0.86492049E-02
   64.117902      0.75749587E-02
   63.853649     -0.44775914E-01
   63.589395     -0.11818365E-01
   63.325142      0.47916133E-01
   63.060888      0.42949628E-01
   62.796634      0.27662028E-01
   62.532381     -0.51158611E-01
   62.268127     -0.27852828E-01
   62.003874     -0.28123114E-01
   61.739620      0.32696068E-01
   61.475366     -0.35902947E-01
   61.211113      0.29413516E-01
   60.946859     -0.65569784E-02
   60.682605     -0.65773048E-01
   60.418352     -0.90128584E-02
   60.154098      0.26616391E-01
   59.889845     -0.93596295E-01
   59.625591      0.79117902E-02
   59.361337      0.10328069E-01
   59.097084     -0.18678244E-01
   58.832830     -0.23526065E-01
   58.568577     -0.63841627E-02
   58.304323     -0.70636701E-02
   58.040069     -0.39271604E-01
   57.775816     -0.12020457E-01
   57.511562      0.42413875E-01
   57.247308      0.25684405E-01
   56.983055     -0.24219718E-01
   56.718801      0.58727786E-02
   56.454548     -0.49709558E-01
   56.190294     -0.35680629E-01
   55.926040     -0.37257120E-01
   55.661787     -0.19884123E-01
   55.397533     -0.40176615E-01
   55.133280      0.38989633E-03
   54.869026     -0.27486842E-01
   54.604772     -0.41830651E-01
   54.340519      0.46745539E-02
   54.076265     -0.20564949E-01
   53.812012     -0.68792594E-02
   53.547758      0.26407653E-01
   53.283504      0.44689484E-01
   53.019251      0.32076344E-01
   52.754997      0.38132396E-01
   52.490743      0.25505617E-01
   52.226490     -0.43117512E-01
   51.962236     -0.55042267E-01
   51.697983     -0.16709929E-01
   51.433729     -0.58487661E-01
   51.169475     -0.19520145E-01
   50.905222      0.41960284E-01
   50.640968      0.31877164E-01
   50.376715      0.44321559E-01
   50.112461     -0.47265861E-01
   49.848207      0.68195816E-03
   49.583954      0.20204125E-01
   49.319700     -0.46749059E-01
   49.055446      0.85388273E-01
   48.791193      0.15983922E-01
   48.526939      0.36924575E-01
   48.262686      0.17698947E-01
   47.998432     -0.58888968E-01
   47.734178     -0.35263691E-01
   47.469925      0.30649727E-01
   47.205671     -0.79408195E-02
   46.941418      0.57077847E-01
   46.677164     -0.51755659E-01
   46.412910      0.32892800E-03
   46.148657      0.14135397E-01
   45.884403      0.10396029E-01
   45.620150     -0.55730436E-01
   45.355896     -0.40306188E-01
   45.091642     -0.74286843E-02
   44.827389      0.17586729E-01
   44.563135     -0.49094968E-01
   44.298881     -0.21543013E-01
   44.034628     -0.31899784E-01
   43.770374     -0.20376062E-01
   43.506121     -0.13247354E-01
   43.241867      0.41255534E-01
   42.977613     -0.94384672E-02
   42.713360     -0.56940213E-01
   42.449106      0.47759307E-02
   42.184853     -0.51465794E-01
   41.920599     -0.47501687E-01
   41.656345     -0.17887428E-01
   41.392092     -0.65882839E-02
   41.127838     -0.62020026E-01
   40.863584     -0.15229206E-02
   40.599331     -0.10544530E-01
   40.335077     -0.43866772E-01
   40.070824     -0.47803354E-02
   39.806570      0.27874751E-01
   39.542316      0.77768331E-02
   39.278063      0.36900165E-03
   39.013809     -0.49402746E-02
   38.749556     -0.81908582E-02
   38.485302     -0.25788035E-01
   38.221048     -0.56782231E-01
   37.956795     -0.25694788E-01
   37.692541      0.40842250E-01
   37.428288      0.70429400E-01
   37.164034      0.48421223E-01
   36.899780      0.51779564E-01
   36.635527      0.55859950E-02
   36.371273     -0.39652050E-01
   36.107019     -0.27932692E-05
   35.842766      0.15979411E-01
   35.578512      0.39091997E-01
   35.314259     -0.13672644E-02
   35.050005     -0.19575290E-01
   34.785751     -0.35568658E-01
   34.521498      0.48272703E-02
   34.257244     -0.34929007E-01
   33.992991      0.11888373E-01
   33.728737      0.10795164E-01
   33.464483     -0.26839606E-01
   33.200230      0.36059474E-02
   32.935976      0.22523073E-01
   32.671722      0.38251452E-01
   32.407469     -0.23852479E-01
   32.143215     -0.19460756E-01
   31.878962     -0.10701692E-01
   31.614708     -0.12790237E-01
   31.350454      0.10631486E-01
   31.086201      0.27548894E-01
   30.821947      0.30890465E-01
   30.557694     -0.49504125E-02
   30.293440     -0.25473012E-01
   30.029186     -0.61128391E-02
   29.764933      0.33695444E-01
   29.500679     -0.45361519E-01
   29.236426     -0.68141058E-01
   28.972172     -0.20359222E-01
   28.707918     -0.23975899E-03
   28.443665      0.29409759E-01
   28.179411      0.64152159E-01
   27.915157      0.21916142E-01
   27.650904      0.26718959E-01
   27.386650      0.47233887E-04
   27.122397     -0.21662991E-01
   26.858143      0.96916929E-02
   26.593889      0.68095759E-01
   26.329636      0.86087883E-01
   26.065382      0.60204845E-01
   25.801129     -0.92945490E-02
   25.536875     -0.28698016E-01
   25.272621     -0.89663379E-02
   25.008368      0.15779182E-01
   24.744114     -0.25452040E-01
   24.479860     -0.21943368E-02
   24.215607     -0.34570189E-02
   23.951353     -0.32802027E-01
   23.687100      0.60468163E-01
   23.422846      0.29918725E-01
   23.158592      0.39806593E-01
   22.894339      0.83402703E-02
   22.630085     -0.37081830E-01
   22.365832     -0.12788873E-01
   22.101578      0.32497555E-01
   21.837324      0.47885254E-01
   21.573071      0.86878255E-01
   21.308817      0.43927655E-01
   21.044564      0.53539686E-01
   20.780310      0.34601511E-02
   20.516056     -0.95822550E-02
   20.251803     -0.29817447E-01
   19.987549     -0.34508385E-01
   19.723295     -0.31407267E-01
   19.459042     -0.22617443E-01
   19.194788     -0.23348998E-01
   18.930535     -0.27374013E-02
   18.666281      0.61235037E-02
   18.402027      0.10000768    
   18.137774      0.16286865E-01
   17.873520      0.11472421    
   17.609267      0.19018131    
   17.345013      0.99819422E-01
   17.080759      0.12141471    
   16.816506      0.12254925    
   16.552252      0.11895552    
   16.287998      0.11730628    
   16.023745      0.28321987    
   15.759491      0.30783287    
   15.495238      0.33884400    
   15.230984      0.37325671    
   14.966730      0.50907850    
   14.702477      0.60083711    
   14.438223      0.51442283    
   14.173970      0.27195287    
   13.909716      0.21699354    
   13.645462      0.29031926    
   13.381209      0.24842796    
   13.116955      0.31303841    
   12.852702      0.72796285    
   12.588448      0.94107962    
   12.324194      0.74575949    
   12.059941      0.51848006    
   11.795687      0.52440262    
   11.531433      0.50940257    
   11.267180      0.47822744    
   11.002926      0.54747063    
   10.738673      0.61301935    
   10.474419      0.67972004    
   10.210165      0.75595844    
   9.9459118      0.84734255    
   9.6816582      0.84290564    
   9.4174046      0.48474190    
   9.1531510      0.30604973    
   8.8888973      0.25980133    
   8.6246437      0.21980190    
   8.3603901      0.32495159    
   8.0961365      0.98707771    
   7.8318829       1.6417577    
   7.5676293       1.5939192    
   7.3033757       1.2177715    
   7.0391220      0.90208149    
   6.7748684      0.64371073    
   6.5106148      0.42213309    
   6.2463612      0.31241149    
   5.9821076      0.28754860    
   5.7178540      0.26202148    
   5.4536004      0.15626431    
   5.1893468      0.15831530    
   4.9250931      0.21370296    
   4.6608395      0.96035480E-01
   4.3965859      0.11273257    
   4.1323323      0.16379099    
   3.8680787      0.18436897    
   3.6038251      0.59777483E-01
   3.3395715      0.14066845    
   3.0753179      0.18866226    
   2.8110642      0.20264590    
   2.5468106      0.23972791    
   2.2825570      0.25663948    
   2.0183034      0.19706811    
   1.7540498      0.23536524    
   1.4897962      0.15107773    
   1.2255426      0.23153871    
  0.96128895      0.25641185    
  0.69703534      0.24641185    
  0.43278173      0.23380375    
  0.16852811      0.97239986E-01
 -0.95725498E-01  0.87922186E-01
 -0.35997911      0.96493907E-01
 -0.62423272     -0.48282240E-02
 -0.88848634     -0.51024012E-01
  -1.1527399      0.47517139E-02
  -1.4169936      0.33137903E-01
  -1.6812472     -0.54230904E-02
  -1.9455008      0.63113883E-01
  -2.2097544      0.39754823E-01
  -2.4740080     -0.58142720E-02
  -2.7382616      0.28828005E-02
  -3.0025152      0.33869073E-01
  -3.2667689     -0.82547814E-02
  -3.5310225     -0.48350785E-02
  -3.7952761     -0.48596568E-01
  -4.0595297     -0.16369011E-01
  -4.3237833      0.11531739E-01
  -4.5880369     -0.25163636E-01
  -4.8522905     -0.27788460E-01
  -5.1165441      0.23785369E-01
  -5.3807978      0.69138864E-02
  -5.6450514     -0.19871522E-01
  -5.9093050     -0.63894399E-01
  -6.1735586     -0.62799216E-02
  -6.4378122      0.35072822E-01
  -6.7020658     -0.10764491E-01
  -6.9663194     -0.29058289E-01
  -7.2305730      0.47971714E-01
  -7.4948267      0.32303691E-01
  -7.7590803      0.48072468E-01
  -8.0233339      0.18089123E-02
  -8.2875875      0.39571013E-01
  -8.5518411      0.57668993E-02
  -8.8160947      0.26010226E-01
  -9.0803483      0.69771364E-01
  -9.3446019     -0.22085005E-01
  -9.6088556     -0.23554228E-01
  -9.8731092     -0.23718659E-01
  -10.137363     -0.69724405E-02
  -10.401616     -0.95012002E-02
  -10.665870     -0.39899752E-01
  -10.930124     -0.51831886E-01
  -11.194377     -0.43861531E-01
  -11.458631     -0.42611670E-01
  -11.722884      0.28002150E-01
  -11.987138      0.29132603E-01
  -12.251392      0.65897860E-01
  -12.515645      0.32259852E-01
  -12.779899      0.30633949E-01
  -13.044153     -0.44948228E-01
  -13.308406     -0.72089620E-02
  -13.572660      0.57733439E-01
  -13.836913      0.21710970E-01
  -14.101167      0.21963602E-01
  -14.365421      0.46681338E-02
  -14.629674     -0.12175557E-01
  -14.893928      0.42176612E-01
  -15.158181     -0.12315826E-01
  -15.422435     -0.41524164E-01
  -15.686689      0.74022426E-03
  -15.950942     -0.47211569E-01
  -16.215196      0.67326240E-02
  -16.479449     -0.41838281E-01
  -16.743703     -0.53126230E-02
  -17.007957      0.17521672E-01
  -17.272210     -0.27712246E-01
  -17.536464     -0.58761802E-01
  -17.800718     -0.69242865E-01
  -18.064971      0.39060183E-01
  -18.329225      0.19184778E-01
  -18.593478     -0.12573314E-01
  -18.857732      0.40860049E-01
  -19.121986      0.13494305E-01
  -19.386239      0.75057469E-01
  -19.650493     -0.21745212E-01
  -19.914746      0.59445642E-01
  -20.179000     -0.30465922E-02
  -20.443254      0.19717833E-01
  -20.707507      0.58661692E-01
  -20.971761      0.69389448E-01
  -21.236015      0.56932613E-01
  -21.500268      0.51183105E-01
  -21.764522      0.31858623E-01
  -22.028775     -0.13236808E-01
  -22.293029     -0.31706613E-01
  -22.557283     -0.13169516E-01
  -22.821536     -0.20191632E-01
  -23.085790      0.48514653E-01
  -23.350043     -0.57340946E-01
  -23.614297     -0.53339023E-01
  -23.878551     -0.29655173E-01
  -24.142804     -0.46131108E-01
  -24.407058     -0.65516075E-02
  -24.671311      0.20060088E-01
  -24.935565     -0.27405326E-02
  -25.199819     -0.13048515E-01
  -25.464072     -0.66344701E-01
  -25.728326     -0.36125384E-01
  -25.992580     -0.55985883E-01
  -26.256833     -0.17653942E-01
  -26.521087     -0.47831826E-01
  -26.785340      0.10060472E-01
  -27.049594      0.84301539E-01
  -27.313848     -0.18859174E-01
  -27.578101      0.32848381E-02
  -27.842355      0.24829781E-01
  -28.106608     -0.22972561E-02
  -28.370862     -0.38290124E-01
  -28.635116      0.46931483E-01
  -28.899369      0.70230559E-01
  -29.163623      0.65324165E-01
  -29.427877     -0.55241697E-01
  -29.692130     -0.64455129E-01
  -29.956384      0.24567867E-01
  -30.220637      0.23940118E-01
  -30.484891     -0.19037873E-01
  -30.749145     -0.66715121E-01
  -31.013398     -0.35114915E-02
  -31.277652      0.16723676E-02
  -31.541905     -0.52102571E-02
  -31.806159      0.61380938E-01
  -32.070413      0.21754049E-02
  -32.334666     -0.39716654E-01
  -32.598920     -0.10998102    
  -32.863173      0.72095722E-01
  -33.127427     -0.29092688E-01
  -33.391681      0.36071550E-01
  -33.655934      0.54945927E-01
  -33.920188     -0.29715435E-02
  -34.184442      0.40305005E-02
  -34.448695      0.67539275E-01
  -34.712949      0.81669521E-02
  -34.977202     -0.36763608E-01
  -35.241456     -0.15595193E-01
  -35.505710      0.53624526E-01
  -35.769963      0.80779336E-01
  -36.034217      0.76536745E-01
  -36.298470      0.37784614E-01
  -36.562724      0.16395502E-01
  -36.826978     -0.40366031E-01
  -37.091231      0.15042461E-01
  -37.355485      0.42289775E-01
  -37.619739     -0.26355874E-01
  -37.883992     -0.27045779E-01
  -38.148246      0.59934188E-01
  -38.412499      0.54428000E-02
  -38.676753      0.27214080E-01
  -38.941007      0.50164284E-02
  -39.205260     -0.24421869E-01
  -39.469514     -0.28839035E-01
  -39.733767     -0.34664430E-01
  -39.998021     -0.80282707E-02
  -40.262275     -0.78918234E-01
  -40.526528     -0.17264437E-01
  -40.790782      0.25112862E-02
  -41.055035     -0.25234600E-02
  -41.319289     -0.30105464E-01
  -41.583543     -0.20378876E-01
  -41.847796     -0.73067844E-01
  -42.112050      0.19391574E-01
  -42.376304     -0.50800689E-02
  -42.640557      0.69662323E-03
  -42.904811     -0.33388268E-01
  -43.169064     -0.45573961E-01
  -43.433318     -0.20844921E-01
  -43.697572     -0.78510810E-02
  -43.961825     -0.26823627E-01
  -44.226079      0.84569454E-02
  -44.490332      0.46491746E-01
  -44.754586     -0.61045192E-01
  -45.018840      0.12885761E-01
  -45.283093      0.40240575E-01
  -45.547347     -0.59227929E-01
  -45.811601     -0.46110895E-01
  -46.075854     -0.28191533E-01
  -46.340108     -0.20517595E-02
  -46.604361     -0.74794143E-01
  -46.868615     -0.19454200E-01
  -47.132869     -0.55535063E-02
  -47.397122      0.26314652E-01
  -47.661376      0.10007339E-01
  -47.925629     -0.36264304E-02
  -48.189883      0.30975923E-01
  -48.454137      0.56501344E-01
  -48.718390      0.37198104E-01
  -48.982644      0.27389731E-02
  -49.246897     -0.30010898E-01
  -49.511151      0.17490219E-02
  -49.775405     -0.10867186    
  -50.039658     -0.34751035E-01
  -50.303912     -0.25034660E-01
  -50.568166     -0.79947606E-01
  -50.832419     -0.46643611E-01
  -51.096673      0.69192618E-01
  -51.360926      0.19971911E-01
  -51.625180      0.44082981E-01
  -51.889434     -0.11544317E-01
  -52.153687     -0.72561659E-01
  -52.417941     -0.30898191E-01
  -52.682194     -0.32565389E-01
  -52.946448      0.26928604E-01
  -53.210702      0.21255629E-01
  -53.474955      0.25069644E-02
  -53.739209     -0.37571128E-01
  -54.003463     -0.38674213E-01
  -54.267716      0.15065091E-01
  -54.531970      0.23224009E-02
  -54.796223     -0.22942692E-01
  -55.060477      0.10399354E-01
  -55.324731     -0.95155820E-01
  -55.588984      0.14021763E-01
  -55.853238      0.39307296E-01
  -56.117491      0.11980659E-02
  -56.381745      0.55249766E-01
  -56.645999      0.69473520E-01
  -56.910252      0.43726552E-01
  -57.174506      0.57489775E-01
  -57.438759     -0.75097047E-02
  -57.703013     -0.13342697E-01
  -57.967267      0.96209116E-01
  -58.231520      0.34752578E-01
  -58.495774      0.34480318E-01
  -58.760028      0.22474900E-01
  -59.024281     -0.15450764E-01
  -59.288535      0.35629399E-01
  -59.552788     -0.61985541E-01
  -59.817042      0.34378678E-01
  -60.081296      0.74273795E-02
  -60.345549     -0.42304527E-01
  -60.609803     -0.57042293E-01
  -60.874056     -0.64662308E-01
  -61.138310     -0.35150098E-02
  -61.402564      0.30375281E-02
  -61.666817     -0.44310167E-01
  -61.931071     -0.31409785E-01
  -62.195325     -0.94422251E-01
  -62.459578     -0.59535086E-01
  -62.723832      0.37437290E-01
  -62.988085      0.44765089E-01
  -63.252339     -0.38528148E-01
  -63.516593      0.38101370E-02
  -63.780846      0.21749627E-01
  -64.045100     -0.24982309E-03
  -64.309353     -0.13005777E-01
  -64.573607      0.77971004E-01
  -64.837861     -0.56837220E-03
  -65.102114     -0.17355125E-01
  -65.366368     -0.51914535E-01
  -65.630621     -0.44233754E-01
  -65.894875      0.50528944E-02
  -66.159129      0.56519952E-01
  -66.423382     -0.42257678E-01
  -66.687636      0.28652141E-01
  -66.951890     -0.94531784E-02
  -67.216143     -0.39909361E-02
  -67.480397     -0.39512828E-01
  -67.744650     -0.94957487E-03
  -68.008904      0.35467774E-01
  -68.273158      0.58843065E-01
  -68.537411     -0.14587682E-01
  -68.801665      0.87171383E-02
  -69.065918      0.11539529    
  -69.330172     -0.65159313E-02
  -69.594426     -0.87285720E-01
  -69.858679      0.46438400E-01
  -70.122933      0.27199928E-01
  -70.387187      0.70076644E-01
  -70.651440      0.25252115E-01
  -70.915694     -0.16587285E-01
  -71.179947     -0.76118581E-01
  -71.444201     -0.40100783E-01
  -71.708455     -0.10473652    
  -71.972708      0.48314128E-02
  -72.236962     -0.30425077E-01
  -72.501215     -0.48878156E-01
  -72.765469      0.20322930E-01
  -73.029723      0.11871429E-01
  -73.293976      0.91919573E-02
  -73.558230     -0.13940587E-01
  -73.822483      0.42319093E-01
  -74.086737      0.60307808E-01
  -74.350991      0.66878431E-01
  -74.615244     -0.45810379E-01
  -74.879498      0.20002024E-01
  -75.143752      0.52912503E-01
  -75.408005      0.77854004E-02
  -75.672259     -0.16891904E-01
  -75.936512     -0.15824817E-01
  -76.200766     -0.54347301E-02
  -76.465020      0.40862724E-01
  -76.729273      0.46045370E-01
  -76.993527      0.20351036E-01
  -77.257780     -0.13427381E-01
  -77.522034      0.41665912E-01
  -77.786288      0.30740270E-01
  -78.050541     -0.57382118E-01
  -78.314795      0.40207845E-02
  -78.579049     -0.87472294E-02
  -78.843302     -0.79968378E-01
  -79.107556     -0.41115649E-01
  -79.371809      0.46648853E-01
  -79.636063      0.16736146E-01
  -79.900317      0.24347931E-01
  -80.164570      0.97686760E-02
  -80.428824     -0.45739394E-01
  -80.693077     -0.37110209E-01
  -80.957331      0.60126274E-02
  -81.221585     -0.60814023E-01
  -81.485838      0.33383880E-01
  -81.750092      0.56217309E-01
  -82.014345      0.59138805E-01
  -82.278599      0.70045158E-01
  -82.542853      0.14280648E-01
  -82.807106     -0.44834730E-02
  -83.071360     -0.29200297E-02
  -83.335614     -0.43008067E-01
  -83.599867     -0.66649526E-01
  -83.864121     -0.39403278E-01
  -84.128374     -0.17885910E-01
  -84.392628      0.27750324E-01
  -84.656882      0.41555248E-01
  -84.921135      0.35752498E-01
  -85.185389      0.65690577E-01
  -85.449642     -0.32937666E-02
  -85.713896     -0.59150685E-01
  -85.978150     -0.32835812E-02
  -86.242403     -0.52835941E-01
  -86.506657     -0.45178700E-02
  -86.770911      0.33621959E-01
  -87.035164     -0.36553327E-01
  -87.299418      0.33580441E-01
  -87.563671      0.90667848E-02
  -87.827925      0.30168967E-01
  -88.092179     -0.70223119E-03
  -88.356432      0.17827014E-02
  -88.620686     -0.42618494E-02
  -88.884939      0.60700953E-01
  -89.149193      0.53686406E-01
  -89.413447     -0.25868442E-01
  -89.677700      0.27000753E-01
  -89.941954      0.48278689E-01
  -90.206207     -0.25036797E-01
  -90.470461     -0.51115848E-01
  -90.734715      0.31339202E-01
  -90.998968     -0.23199070E-01
  -91.263222     -0.47497787E-01
  -91.527476     -0.16657799E-01
  -91.791729     -0.34286849E-01
  -92.055983     -0.56229583E-02
  -92.320236      0.48829824E-01
  -92.584490      0.10522187E-01
  -92.848744     -0.69684140E-01
  -93.112997     -0.93204536E-01
  -93.377251     -0.82020145E-02
  -93.641504      0.37170026E-01
  -93.905758     -0.51117234E-01
  -94.170012     -0.55998236E-01
  -94.434265     -0.13571922E-01
  -94.698519      0.31175736E-01
  -94.962773      0.38195711E-01
  -95.227026      0.41720070E-01
  -95.491280      0.48461646E-01
  -95.755533     -0.54984730E-01
  -96.019787     -0.24969950E-02
  -96.284041     -0.37862100E-01
  -96.548294     -0.27051689E-01
  -96.812548      0.50214492E-01
  -97.076801      0.12358044E-01
  -97.341055      0.12536831E-01
  -97.605309      0.82124304E-02
  -97.869562     -0.69993921E-02
  -98.133816     -0.11499340E-01
  -98.398069     -0.48629746E-01
  -98.662323     -0.36317986E-01
  -98.926577      0.12374472E-01
  -99.190830      0.26177458E-01
  -99.455084      0.51816180E-01
  -99.719338     -0.14308569E-01
  -99.983591     -0.13161421E-01
  -100.24784     -0.54041330E-01
  -100.51210      0.13230454E-01
  -100.77635      0.14728151E-01
  -101.04061      0.94039580E-02
  -101.30486      0.85542183E-02
  -101.56911      0.34833819E-01
  -101.83337      0.37877448E-03
  -102.09762      0.32931656E-01
  -102.36187      0.24889827E-01
  -102.62613     -0.46899352E-01
  -102.89038      0.95116617E-02
  -103.15463     -0.26475769E-01
  -103.41889     -0.81798539E-01
  -103.68314      0.68659991E-01
  -103.94740     -0.29421050E-01
  -104.21165     -0.10147905    
  -104.47590     -0.47725491E-01
  -104.74016     -0.31010613E-01
  -105.00441     -0.42791441E-01
  -105.26866      0.46074983E-01
  -105.53292     -0.38484493E-02
  -105.79717     -0.22187885E-02
  -106.06142      0.45033153E-01
  -106.32568      0.22253003E-01
  -106.58993     -0.45534801E-02
  -106.85419      0.72327331E-01
  -107.11844      0.62413771E-01
  -107.38269      0.87648090E-02
  -107.64695      0.20748224E-01
  -107.91120      0.15024396E-01
  -108.17545      0.34881588E-01
  -108.43971      0.10421448    
  -108.70396      0.10449073    
  -108.96821      0.50352421E-02
  -109.23247     -0.87334998E-02
  -109.49672     -0.56707501E-01
  -109.76097      0.55566221E-02
  -110.02523     -0.17264817E-01
  -110.28948     -0.24859481E-01
  -110.55374     -0.79981983E-03
  -110.81799      0.24621782E-02
  -111.08224     -0.23639772E-01
  -111.34650      0.42011868E-02
  -111.61075     -0.40429085E-01
  -111.87500     -0.68152033E-01
  -112.13926      0.45870397E-01
  -112.40351     -0.87173320E-02
  -112.66776     -0.18154064E-01
  -112.93202     -0.29028852E-01
  -113.19627      0.13332602E-01
  -113.46053      0.95097944E-02
  -113.72478      0.28050683E-01
  -113.98903      0.20413175E-01
  -114.25329      0.39616760E-01
  -114.51754     -0.65012919E-02
  -114.78179     -0.25042095E-02
  -115.04605     -0.47390219E-01
  -115.31030     -0.19374304E-04
  -115.57455      0.31950921E-01
  -115.83881      0.59396131E-02
  -116.10306      0.14486484E-01
  -116.36732      0.43808136E-01
  -116.63157     -0.61731068E-02
  -116.89582     -0.39966557E-01
  -117.16008      0.13934373E-01
  -117.42433     -0.22246744E-02
  -117.68858      0.43432854E-01
  -117.95284      0.11345077E-01
  -118.21709     -0.22317676E-01
  -118.48134     -0.44862885E-01
  -118.74560      0.79405710E-01
  -119.00985      0.62263031E-01
  -119.27410     -0.25287718E-01
  -119.53836      0.26199520E-01
  -119.80261     -0.10135313E-02
  -120.06687     -0.56841120E-01
  -120.33112      0.46072673E-01
  -120.59537      0.76327771E-01
  -120.85963      0.61029427E-01
  -121.12388      0.59289370E-01
  -121.38813     -0.36660228E-01
  -121.65239     -0.46285256E-02
  -121.91664      0.22295777E-01
  -122.18089      0.19828510E-01
  -122.44515      0.48117474E-01
  -122.70940     -0.20376178E-01
  -122.97366      0.59591639E-02
  -123.23791      0.48617832E-03
  -123.50216     -0.58483076E-02
  -123.76642      0.49719140E-02
  -124.03067     -0.21314688E-01
  -124.29492      0.50907195E-01
  -124.55918      0.11765712E-01
  -124.82343      0.68892494E-01
  -125.08768      0.63858487E-01
  -125.35194     -0.80950439E-01
  -125.61619     -0.11532642E-02
  -125.88045     -0.92798006E-02
  -126.14470      0.95695267E-02
  -126.40895     -0.16805733E-01
  -126.67321      0.21417283E-01
  -126.93746      0.41169025E-01
  -127.20171     -0.28870283E-02
  -127.46597     -0.29854933E-01
  -127.73022     -0.38089920E-01
  -127.99447     -0.20419242E-01
  -128.25873     -0.22113049E-01
  -128.52298     -0.42976093E-01
  -128.78723     -0.10639389E-01
  -129.05149     -0.62271506E-02
  -129.31574     -0.68230882E-01
  -129.58000      0.37097502E-02
  -129.84425      0.94475271E-02
  -130.10850     -0.24556171E-01
  -130.37276     -0.83570508E-03
  -130.63701     -0.27843678E-01
  -130.90126      0.20730952E-01
  -131.16552      0.34138098E-01
  -131.42977     -0.21320853E-01
  -131.69402      0.42752285E-01
  -131.95828     -0.86966436E-03
  -132.22253      0.15288070E-02
  -132.48679     -0.28947050E-01
  -132.75104     -0.51538408E-01
  -133.01529      0.47742605E-01
  -133.27955      0.45854398E-02
  -133.54380      0.82709789E-02
  -133.80805      0.40232893E-02
  -134.07231     -0.18518079E-01
  -134.33656     -0.14463835E-02
  -134.60081     -0.31013712E-01
  -134.86507     -0.15404390E-01
  -135.12932     -0.18064789E-01
  -135.39358      0.60853073E-02
  -135.65783      0.20819439E-01
  -135.92208     -0.15870962E-01
  -136.18634      0.32698533E-02
  -136.45059     -0.16916525E-01
  -136.71484     -0.17370863E-01
  -136.97910      0.83790906E-02
  -137.24335     -0.40031340E-01
  -137.50760     -0.45762781E-01
  -137.77186     -0.20745816E-03
  -138.03611      0.94120670E-02
  -138.30037      0.43083254E-01
  -138.56462     -0.46633934E-02
  -138.82887     -0.43858014E-01
  -139.09313      0.25379445E-01
  -139.35738      0.28374607E-01
  -139.62163     -0.32330140E-01
  -139.88589     -0.50010458E-01
  -140.15014     -0.62387068E-01
  -140.41439     -0.44103313E-01
  -140.67865     -0.41519385E-03
  -140.94290      0.15759312E-01
  -141.20715      0.15183119E-01
  -141.47141     -0.47252990E-01
  -141.73566     -0.63687474E-01
  -141.99992     -0.65839719E-02
  -142.26417     -0.46471134E-03
  -142.52842     -0.12943191E-01
  -142.79268     -0.23410421E-01
  -143.05693     -0.18169355E-01
  -143.32118     -0.12196475E-02
  -143.58544      0.38789146E-01
  -143.84969     -0.44422112E-01
  -144.11394      0.30348374E-01
  -144.37820     -0.36721893E-01
  -144.64245     -0.18176846E-02
  -144.90671      0.37842423E-01
  -145.17096     -0.21553806E-02
  -145.43521      0.23833416E-01
  -145.69947      0.33413555E-01
  -145.96372      0.16515730E-01
  -146.22797     -0.11252911E-01
  -146.49223     -0.26422922E-01
  -146.75648      0.50509162E-03
  -147.02073      0.69729008E-01
  -147.28499     -0.70584891E-02
  -147.54924     -0.10892035E-01
  -147.81350     -0.19520888E-01
  -148.07775      0.14151683E-01
  -148.34200     -0.38787816E-03
  -148.60626     -0.12269356E-01
  -148.87051      0.12877440E-01
  -149.13476     -0.11552036E-02
  -149.39902     -0.10983249E-01
  -149.66327      0.20698160E-02
  -149.92752      0.59410322E-01
  -150.19178      0.64693727E-01
  -150.45603      0.26718851E-01
  -150.72028     -0.13642188E-01
  -150.98454      0.92760837E-02
  -151.24879      0.26137099E-01
  -151.51305      0.11834584E-01
  -151.77730      0.26898999E-02
  -152.04155     -0.29397801E-01
  -152.30581     -0.33537216E-01
  -152.57006     -0.62784694E-01
  -152.83431     -0.14396952E-01
  -153.09857     -0.16073072E-01
  -153.36282     -0.28863408E-01
  -153.62707     -0.40152255E-01
  -153.89133     -0.67070000E-01
  -154.15558     -0.16817302E-02
  -154.41984      0.65475293E-02
  -154.68409     -0.23494609E-01
  -154.94834     -0.17805919E-01
  -155.21260      0.16057184E-01
  -155.47685      0.61411384E-01
  -155.74110     -0.38147047E-01
  -156.00536      0.27922736E-02
  -156.26961      0.25930295E-01
  -156.53386     -0.39125301E-01
  -156.79812     -0.46933245E-01
  -157.06237      0.79851355E-02
  -157.32663     -0.17649405E-01
  -157.59088     -0.31204903E-01
  -157.85513      0.43923128E-01
  -158.11939     -0.19756185E-01
  -158.38364     -0.46883859E-01
  -158.64789      0.71363393E-02
  -158.91215      0.29100848E-01
  -159.17640      0.18163320E-01
  -159.44065     -0.32053120E-01
  -159.70491      0.90120109E-02
  -159.96916     -0.24463844E-01
  -160.23341     -0.25624216E-01
  -160.49767      0.86209504E-02
  -160.76192      0.77901632E-01
  -161.02618      0.22204718E-01
  -161.29043     -0.24465445E-01
  -161.55468      0.10298751E-01
  -161.81894      0.25151558E-01
  -162.08319      0.87278662E-02
  -162.34744      0.66443458E-01
  -162.61170     -0.35037091E-02
  -162.87595     -0.43074545E-02
  -163.14020     -0.16667066E-01
  -163.40446      0.35955865E-01
  -163.66871      0.67360089E-02
  -163.93297      0.16981352E-01
  -164.19722     -0.12999845E-01
  -164.46147     -0.45478572E-02
  -164.72573      0.36520708E-01
  -164.98998     -0.33516744E-02
  -165.25423      0.21921586E-01
  -165.51849      0.60448762E-01
  -165.78274      0.17543983E-01
  -166.04699     -0.50204556E-01
  -166.31125     -0.16426858E-01
  -166.57550      0.38503949E-02
  -166.83976      0.29905159E-02
  -167.10401     -0.16320270E-01
  -167.36826      0.49909387E-01
  -167.63252     -0.38316019E-01
  -167.89677     -0.93086157E-02
  -168.16102      0.22029916E-01
  -168.42528     -0.14772729E-01
  -168.68953     -0.18953070E-01
  -168.95378     -0.55337131E-01
  -169.21804     -0.66059731E-01
  -169.48229     -0.24336994E-01
  -169.74654     -0.19185970E-01
  -170.01080     -0.30509148E-01
  -170.27505     -0.79903767E-01
  -170.53931      0.15812425E-01
  -170.80356     -0.12284832E-01
  -171.06781      0.13979987E-01
  -171.33207      0.24421839E-02
  -171.59632      0.15925016E-01
  -171.86057      0.26369957E-01
  -172.12483      0.99060975E-03
  -172.38908     -0.41909553E-02
  -172.65333      0.84793214E-02
  -172.91759     -0.50511744E-01
  -173.18184     -0.15105681E-01
  -173.44610     -0.23408903E-01
  -173.71035     -0.22068876E-03
  -173.97460      0.82982413E-01
  -174.23886      0.56315854E-01
  -174.50311      0.15464151E-01
  -174.76736      0.47492936E-01
  -175.03162     -0.99629536E-03
  -175.29587     -0.78543141E-01
  -175.56012     -0.12026179E-01
  -175.82438     -0.46039622E-01
  -176.08863     -0.21973182E-01
  -176.35289     -0.11725518E-01
  -176.61714      0.36918245E-01
  -176.88139     -0.22545945E-01
  -177.14565     -0.20541530E-01
  -177.40990     -0.45739077E-01
  -177.67415     -0.25846617E-01
  -177.93841     -0.15032058E-01
  -178.20266      0.88134976E-02
  -178.46691      0.63245185E-02
  -178.73117      0.72298571E-01
  -178.99542     -0.49440153E-02
  -179.25967      0.70687477E-02
  -179.52393     -0.39278425E-01
  -179.78818     -0.26353206E-01
  -180.05244     -0.22971774E-01
  -180.31669      0.76973708E-02
