   109.32262     -0.81577137E-01
   109.24294     -0.98032594E-01
   109.16326     -0.52815489E-01
   109.08357     -0.48859715E-01
   109.00389     -0.18538857E-01
   108.92421      0.11062194E-01
   108.84453      0.18523386E-01
   108.76485      0.71680985E-01
   108.68517      0.26344553E-01
   108.60549     -0.59486747E-01
   108.52581     -0.19842206E-01
   108.44613     -0.19079816E-01
   108.36645     -0.18699471E-01
   108.28676      0.26516834E-01
   108.20708     -0.36285967E-01
   108.12740     -0.11570131    
   108.04772     -0.12438372    
   107.96804     -0.50612975E-01
   107.88836     -0.29460805E-01
   107.80868     -0.81195578E-01
   107.72900     -0.54851804E-01
   107.64932      0.86298818E-02
   107.56963      0.16897470E-01
   107.48995      0.35278033E-01
   107.41027      0.68518169E-01
   107.33059     -0.20102775E-01
   107.25091     -0.41146912E-01
   107.17123      0.31843781E-01
   107.09155      0.61760623E-01
   107.01187     -0.11408826E-01
   106.93219     -0.20860722E-01
   106.85251      0.11303252E-01
   106.77282     -0.73227674E-01
   106.69314     -0.84943101E-01
   106.61346     -0.11918667E-02
   106.53378     -0.30101882E-02
   106.45410     -0.37253056E-01
   106.37442     -0.45202293E-01
   106.29474     -0.19007435E-01
   106.21506      0.35714563E-01
   106.13538      0.33642501E-01
   106.05570      0.33378880E-02
   105.97601     -0.82008768E-03
   105.89633      0.54071848E-02
   105.81665      0.25014468E-01
   105.73697      0.95794305E-01
   105.65729      0.57175055E-01
   105.57761      0.31402960E-01
   105.49793      0.23184234E-01
   105.41825      0.54239597E-01
   105.33857      0.72731107E-01
   105.25889      0.22129213E-01
   105.17920     -0.25180524E-01
   105.09952     -0.26016271E-01
   105.01984     -0.11429970E-01
   104.94016      0.60948126E-01
   104.86048      0.49730852E-01
   104.78080     -0.34205500E-01
   104.70112      0.37554712E-02
   104.62144      0.36354378E-01
   104.54176      0.38834807E-01
   104.46208     -0.18623261E-01
   104.38239     -0.24397194E-02
   104.30271      0.35453956E-02
   104.22303     -0.79829775E-01
   104.14335      0.25456907E-01
   104.06367      0.90099744E-01
   103.98399     -0.66847071E-01
   103.90431     -0.29146157E-01
   103.82463     -0.93202017E-01
   103.74495     -0.10420011    
   103.66527      0.10603716E-02
   103.58558     -0.27056322E-01
   103.50590      0.35664879E-02
   103.42622     -0.13820989E-01
   103.34654      0.39153700E-02
   103.26686     -0.22907527E-01
   103.18718     -0.69361463E-01
   103.10750      0.13504723E-01
   103.02782     -0.30902319E-01
   102.94814     -0.80267377E-01
   102.86845     -0.98182686E-01
   102.78877     -0.14668413    
   102.70909     -0.11093821    
   102.62941     -0.46783898E-01
   102.54973     -0.84721185E-02
   102.47005      0.14100182E-01
   102.39037      0.10087124E-01
   102.31069      0.56540538E-01
   102.23101      0.93940064E-01
   102.15133      0.39330623E-02
   102.07164     -0.10771420    
   101.99196     -0.35050824E-01
   101.91228      0.36511309E-01
   101.83260     -0.86083990E-02
   101.75292      0.11496377E-01
   101.67324     -0.14714962E-01
   101.59356     -0.16552657E-01
   101.51388     -0.57516275E-02
   101.43420     -0.35599478E-01
   101.35452      0.32233033E-01
   101.27483      0.64502276E-01
   101.19515      0.42509018E-02
   101.11547     -0.73642209E-01
   101.03579     -0.93049549E-01
   100.95611     -0.39297391E-01
   100.87643      0.11149100E-01
   100.79675     -0.98570347E-01
   100.71707     -0.14057116    
   100.63739     -0.45701604E-01
   100.55771     -0.10151915    
   100.47802      0.28307033E-02
   100.39834      0.44444773E-01
   100.31866     -0.48725400E-01
   100.23898      0.70414431E-01
   100.15930      0.12537082    
   100.07962     -0.36901478E-01
   99.999938     -0.67229509E-01
   99.920257      0.47737941E-01
   99.840576      0.52456800E-01
   99.760895      0.13771107E-01
   99.681214      0.45186952E-01
   99.601533      0.45879845E-01
   99.521852      0.11899841E-01
   99.442171     -0.16627592E-02
   99.362490     -0.15455751E-01
   99.282809      0.14826641E-01
   99.203128      0.69462091E-01
   99.123447      0.34060322E-01
   99.043766      0.28131846E-01
   98.964085      0.10224928E-01
   98.884404     -0.47349692E-02
   98.804723      0.31537671E-01
   98.725042     -0.24527712E-01
   98.645361     -0.59341393E-01
   98.565680     -0.25103023E-01
   98.485999     -0.17556489E-01
   98.406318     -0.75592652E-01
   98.326637     -0.95173724E-01
   98.246956      0.31518716E-01
   98.167275      0.13593867    
   98.087594      0.60853433E-01
   98.007913     -0.66901028E-01
   97.928232      0.24137568E-01
   97.848551      0.34045745E-01
   97.768870     -0.29665953E-01
   97.689189      0.94791368E-01
   97.609508      0.33937592E-01
   97.529827     -0.61732400E-01
   97.450146      0.48625465E-01
   97.370465      0.47898196E-01
   97.290784     -0.22640441E-01
   97.211103     -0.41960254E-02
   97.131422     -0.21545907E-01
   97.051741     -0.47111273E-01
   96.972060     -0.35268694E-01
   96.892379      0.48668548E-01
   96.812698      0.97995222E-01
   96.733017      0.74936226E-01
   96.653336      0.63659914E-01
   96.573655      0.67658864E-01
   96.493974      0.31000331E-01
   96.414293      0.85853245E-02
   96.334612     -0.27213831E-01
   96.254931     -0.35173330E-01
   96.175250      0.20658426E-01
   96.095569     -0.59101339E-01
   96.015888     -0.85809223E-01
   95.936206     -0.31398863E-01
   95.856525      0.32685600E-01
   95.776844      0.38688742E-01
   95.697163      0.19490359E-01
   95.617482     -0.23594603E-01
   95.537801     -0.16856131E-02
   95.458120      0.89278638E-01
   95.378439      0.14621912E-01
   95.298758      0.15003557E-01
   95.219077      0.55550779E-02
   95.139396     -0.76198359E-02
   95.059715      0.11249443E-01
   94.980034      0.41678164E-01
   94.900353      0.52335333E-01
   94.820672      0.19576531E-01
   94.740991     -0.89389132E-02
   94.661310     -0.60544044E-01
   94.581629     -0.60877975E-01
   94.501948     -0.94542697E-01
   94.422267     -0.57931300E-01
   94.342586     -0.24043804E-01
   94.262905      0.15440262E-01
   94.183224      0.62858008E-01
   94.103543      0.24888748E-01
   94.023862      0.11614243E-01
   93.944181      0.15692791E-01
   93.864500      0.37536841E-01
   93.784819      0.27708640E-01
   93.705138      0.70044786E-01
   93.625457      0.84352098E-01
   93.545776     -0.44855066E-01
   93.466095     -0.94577797E-01
   93.386414      0.15177143E-01
   93.306733      0.89957707E-01
   93.227052     -0.26172908E-01
   93.147371     -0.66406839E-01
   93.067690      0.14342076E-01
   92.988009     -0.22974754E-01
   92.908328     -0.89059092E-01
   92.828647     -0.19897876E-01
   92.748966      0.66065475E-01
   92.669285      0.26377080E-01
   92.589604     -0.54849614E-02
   92.509923     -0.11622874E-01
   92.430242     -0.28575286E-01
   92.350561     -0.11477421    
   92.270880     -0.10097660    
   92.191199     -0.19444278E-01
   92.111518     -0.49124546E-01
   92.031837     -0.10105441E-01
   91.952156      0.57952367E-01
   91.872475     -0.39173905E-02
   91.792794     -0.23948353E-01
   91.713113     -0.32532908E-01
   91.633432     -0.10360154    
   91.553751     -0.13552944E-01
   91.474070      0.36105327E-01
   91.394389      0.14966345E-01
   91.314708      0.80766208E-01
   91.235027      0.13918974E-01
   91.155346     -0.77907063E-01
   91.075664     -0.33075113E-01
   90.995983     -0.88287748E-01
   90.916302     -0.11721072    
   90.836621     -0.21050163E-01
   90.756940      0.48262749E-01
   90.677259      0.53131688E-01
   90.597578     -0.28401757E-01
   90.517897      0.42339571E-01
   90.438216      0.11442468    
   90.358535     -0.14990003E-01
   90.278854     -0.33336151E-01
   90.199173      0.74261621E-01
   90.119492      0.10430642    
   90.039811      0.17887436E-01
   89.960130     -0.19302370E-01
   89.880449     -0.82019985E-01
   89.800768     -0.44340596E-01
   89.721087      0.47727138E-01
   89.641406     -0.15959146E-01
   89.561725      0.80443034E-02
   89.482044     -0.10827638E-01
   89.402363     -0.13326738E-01
   89.322682      0.81287045E-02
   89.243001     -0.36229279E-01
   89.163320     -0.37190683E-01
   89.083639     -0.71388846E-02
   89.003958     -0.26983192E-01
   88.924277     -0.62029637E-01
   88.844596     -0.84402347E-02
   88.764915      0.33895019E-02
   88.685234     -0.92039416E-02
   88.605553      0.62201619E-01
   88.525872      0.48779842E-01
   88.446191      0.32972611E-01
   88.366510      0.35964832E-01
   88.286829     -0.60329143E-01
   88.207148     -0.74612983E-01
   88.127467     -0.25959101E-01
   88.047786     -0.36226515E-01
   87.968105     -0.23771370E-01
   87.888424     -0.86160051E-02
   87.808743      0.24983760E-01
   87.729062      0.36799733E-01
   87.649381     -0.35200614E-01
   87.569700     -0.78649431E-01
   87.490019     -0.12378984    
   87.410338     -0.10975638    
   87.330657     -0.15387542E-01
   87.250976      0.27356097E-01
   87.171295      0.21128533E-01
   87.091614      0.84025018E-01
   87.011933      0.51869933E-01
   86.932252      0.11082537E-01
   86.852571      0.27775167E-01
   86.772890     -0.34702521E-01
   86.693209     -0.22873720E-01
   86.613528     -0.78444062E-02
   86.533847      0.27872780E-01
   86.454166     -0.12362628E-01
   86.374485     -0.13134727    
   86.294803     -0.74936427E-01
   86.215122     -0.24200739E-01
   86.135441     -0.53653523E-01
   86.055760     -0.17156977E-01
   85.976079      0.34096316E-01
   85.896398      0.74335858E-01
   85.816717     -0.99980216E-02
   85.737036     -0.12786004    
   85.657355     -0.47519054E-01
   85.577674      0.87206485E-02
   85.497993     -0.79340875E-01
   85.418312     -0.47573481E-01
   85.338631      0.60013697E-01
   85.258950      0.27320253E-01
   85.179269     -0.58200601E-01
   85.099588     -0.44643182E-01
   85.019907     -0.67452058E-01
   84.940226     -0.12012511    
   84.860545     -0.61370734E-01
   84.780864     -0.56679775E-02
   84.701183     -0.62326346E-01
   84.621502     -0.18337390    
   84.541821     -0.66484921E-01
   84.462140      0.29973228E-01
   84.382459     -0.38413502E-01
   84.302778     -0.36424093E-01
   84.223097      0.33224728E-02
   84.143416     -0.53823642E-02
   84.063735     -0.41419126E-01
   83.984054     -0.11077548    
   83.904373     -0.14989375    
   83.824692     -0.80292754E-01
   83.745011     -0.78368723E-01
   83.665330     -0.30921102E-02
   83.585649     -0.71627148E-02
   83.505968     -0.42142488E-01
   83.426287     -0.42844746E-01
   83.346606      0.25939429E-02
   83.266925     -0.67687873E-02
   83.187244     -0.93090251E-01
   83.107563     -0.83661020E-01
   83.027882     -0.47560439E-01
   82.948201      0.45248892E-01
   82.868520     -0.65859944E-01
   82.788839     -0.77550411E-01
   82.709158     -0.31435923E-02
   82.629477     -0.23497357E-02
   82.549796     -0.16122738E-01
   82.470115     -0.55399593E-01
   82.390434      0.41303681E-02
   82.310753     -0.39833698E-01
   82.231072     -0.81350356E-01
   82.151391     -0.48009776E-01
   82.071710      0.48963133E-01
   81.992029      0.10467706    
   81.912348      0.30037355E-01
   81.832667     -0.39827682E-01
   81.752986      0.27893107E-01
   81.673305      0.54124646E-01
   81.593624      0.15861090E-01
   81.513943     -0.64218007E-01
   81.434261     -0.11150809    
   81.354580     -0.37832338E-01
   81.274899     -0.13810221E-01
   81.195218      0.45476067E-02
   81.115537     -0.83909735E-01
   81.035856     -0.39666567E-01
   80.956175      0.72258011E-01
   80.876494      0.30613245E-01
   80.796813      0.95170371E-01
   80.717132      0.11037669    
   80.637451      0.30078510E-01
   80.557770      0.55891193E-01
   80.478089      0.24725096E-01
   80.398408     -0.17052196E-01
   80.318727      0.18574901E-01
   80.239046      0.88486839E-02
   80.159365      0.60321046E-02
   80.079684     -0.26031956E-01
   80.000003      0.42988351E-02
   79.920322      0.10550094    
   79.840641      0.10320760    
   79.760960      0.59545324E-02
   79.681279     -0.14599177E-01
   79.601598      0.86969836E-02
   79.521917      0.58121763E-01
   79.442236      0.24339681E-01
   79.362555     -0.39105713E-01
   79.282874      0.77779435E-01
   79.203193      0.56257904E-01
   79.123512     -0.27421795E-01
   79.043831     -0.78347579E-01
   78.964150     -0.61150625E-01
   78.884469      0.67657619E-02
   78.804788      0.21760831E-01
   78.725107      0.54823242E-01
   78.645426      0.44278897E-01
   78.565745     -0.63626230E-01
   78.486064     -0.39909888E-01
   78.406383     -0.79209683E-03
   78.326702      0.45531490E-02
   78.247021      0.14584312E-01
   78.167340     -0.75130060E-01
   78.087659     -0.35404943E-01
   78.007978      0.46954889E-01
   77.928297     -0.11598549E-02
   77.848616     -0.10753928    
   77.768935     -0.26618185E-01
   77.689254      0.60949626E-03
   77.609573     -0.59125710E-01
   77.529892      0.51176228E-01
   77.450211      0.11683127    
   77.370530     -0.72898562E-02
   77.290849     -0.26454895E-02
   77.211168      0.91185801E-01
   77.131487      0.30365914E-01
   77.051806      0.13634623E-01
   76.972125     -0.73823757E-01
   76.892444     -0.16546899E-02
   76.812763      0.71567647E-01
   76.733082      0.13996719E-01
   76.653400      0.62737949E-01
   76.573719      0.10107385    
   76.494038      0.62417444E-01
   76.414357      0.72611772E-01
   76.334676      0.79134800E-01
   76.254995     -0.60405891E-01
   76.175314     -0.13417579    
   76.095633     -0.47399738E-03
   76.015952      0.10591194E-01
   75.936271     -0.49732260E-01
   75.856590      0.15616666E-01
   75.776909      0.24181675E-01
   75.697228      0.18303797E-01
   75.617547     -0.17884305E-01
   75.537866     -0.10532333E-01
   75.458185     -0.12594606E-01
   75.378504     -0.54307107E-01
   75.298823      0.34599014E-01
   75.219142      0.22909235E-01
   75.139461     -0.80585800E-01
   75.059780     -0.64021139E-02
   74.980099      0.14738339E-01
   74.900418      0.18672727E-01
   74.820737      0.28263589E-01
   74.741056      0.56560762E-01
   74.661375      0.91479667E-01
   74.581694      0.80674849E-02
   74.502013     -0.64789742E-01
   74.422332     -0.10382223    
   74.342651     -0.10833636    
   74.262970     -0.11051143    
   74.183289     -0.93614355E-01
   74.103608      0.23849666E-01
   74.023927     -0.31414744E-01
   73.944246     -0.76543689E-01
   73.864565      0.55300098E-01
   73.784884     -0.85822269E-01
   73.705203     -0.10601895    
   73.625522      0.66976778E-01
   73.545841      0.96267775E-01
   73.466160      0.41596673E-01
   73.386479     -0.10764030E-01
   73.306798     -0.96628323E-01
   73.227117     -0.10785120    
   73.147436     -0.43225963E-01
   73.067755     -0.68303488E-01
   72.988074     -0.47456611E-01
   72.908393     -0.26609669E-01
   72.828712     -0.57627587E-02
   72.749031      -514.82635    
   72.669350      0.57947258E-02
   72.589669     -0.34946608E-02
   72.509988     -0.34185448E-02
   72.430307     -0.20619716E-01
   72.350626     -0.37820898E-01
   72.270945     -0.55022031E-01
   72.191264     -0.58203273E-01
   72.111583     -0.30408589E-01
   72.031902      0.46990495E-03
   71.952221     -0.16571907E-01
   71.872540      0.37221737E-01
   71.792858      0.13614835    
   71.713177      0.65242336E-02
   71.633496     -0.39380256E-01
   71.553815     -0.42854413E-01
   71.474134      0.71223672E-02
   71.394453     -0.11230326E-01
   71.314772     -0.71560070E-01
   71.235091     -0.36646519E-01
   71.155410     -0.76022863E-01
   71.075729     -0.57335302E-01
   70.996048      0.36097307E-01
   70.916367     -0.48791081E-01
   70.836686     -0.61615456E-01
   70.757005      0.10156853    
   70.677324      0.10078669    
   70.597643      0.43252531E-01
   70.517962     -0.13950412E-03
   70.438281      0.30399701E-01
   70.358600      0.57735131E-02
   70.278919     -0.39255437E-01
   70.199238      0.20252708E-02
   70.119557      0.43298963E-01
   70.039876      0.75105011E-01
   69.960195      0.70039213E-01
   69.880514      0.97999945E-01
   69.800833      0.10609120    
   69.721152      0.12930266E-01
   69.641471     -0.30988920E-01
   69.561790      0.79745119E-02
   69.482109      0.25672359E-01
   69.402428      0.45489073E-02
   69.322747      0.17395016E-01
   69.243066      0.17221669E-01
   69.163385      0.24005704E-01
   69.083704      0.67595735E-01
   69.004023      0.52535180E-01
   68.924342      0.61163895E-01
   68.844661      0.69722012E-01
   68.764980      0.87072775E-01
   68.685299      0.72238356E-01
   68.605618      0.37578914E-01
   68.525937      0.28239304E-01
   68.446256     -0.96604742E-01
   68.366575     -0.15026991    
   68.286894     -0.11516586    
   68.207213     -0.82751341E-01
   68.127532     -0.36499597E-01
   68.047851      0.15899688E-01
   67.968170      0.19314673E-01
   67.888489      0.13577540E-01
   67.808808     -0.38167104E-01
   67.729127     -0.62947012E-01
   67.649446      0.17373061E-01
   67.569765      0.49667105E-01
   67.490084      0.65706200E-02
   67.410403      0.23465410E-01
   67.330722      0.11165281    
   67.251041      0.43615747E-01
   67.171360      0.76849364E-01
   67.091679      0.46712529E-01
   67.011998     -0.49616516E-01
   66.932316      0.97169615E-02
   66.852635      0.23438040E-01
   66.772954      0.18743871E-01
   66.693273     -0.27113771E-02
   66.613592     -0.81352433E-02
   66.533911     -0.16591343E-02
   66.454230      0.25390835E-01
   66.374549      0.56994233E-01
   66.294868     -0.13068242E-01
   66.215187      0.18287182E-02
   66.135506      0.70981709E-02
   66.055825     -0.10548067E-01
   65.976144     -0.11641786E-01
   65.896463     -0.64157166E-01
   65.816782     -0.81317641E-01
   65.737101     -0.23661297E-01
   65.657420      0.71403526E-01
   65.577739      0.36650784E-01
   65.498058      0.49804665E-01
   65.418377      0.30588083E-01
   65.338696     -0.66254832E-01
   65.259015     -0.25313891E-01
   65.179334     -0.11074965E-01
   65.099653     -0.82157411E-01
   65.019972     -0.96872509E-01
   64.940291     -0.62936805E-01
   64.860610      0.51788393E-01
   64.780929      0.97482517E-01
   64.701248      0.63454725E-01
   64.621567     -0.36353856E-01
   64.541886     -0.93834557E-01
   64.462205      0.16882923E-01
   64.382524      0.95570602E-01
   64.302843      0.10301792    
   64.223162      0.13094801E-01
   64.143481     -0.60559154E-01
   64.063800      0.76503893E-02
   63.984119     -0.48835870E-01
   63.904438     -0.76979876E-01
   63.824757      0.38230926E-01
   63.745076      0.10267876E-01
   63.665395     -0.84067173E-02
   63.585714      0.96259363E-01
   63.506033      0.19075800    
   63.426352      0.53931035E-01
   63.346671     -0.83821744E-01
   63.266990     -0.83600126E-01
   63.187309      0.25985442E-01
   63.107628      0.76404460E-01
   63.027947     -0.20111647E-01
   62.948266     -0.36281543E-02
   62.868585     -0.27293094E-01
   62.788904     -0.17408228E-01
   62.709223      0.19348936E-01
   62.629542     -0.26933169E-01
   62.549861     -0.43638419E-01
   62.470180      0.32966856E-01
   62.390499      0.17207348    
   62.310818      0.49824670E-01
   62.231137     -0.11315641    
   62.151455     -0.29212063E-01
   62.071774      0.26224259E-01
   61.992093     -0.48448492E-01
   61.912412      0.20562539E-01
   61.832731      0.47997240E-01
   61.753050     -0.89043245E-01
   61.673369     -0.10568261    
   61.593688      0.64513281E-01
   61.514007      0.63163921E-01
   61.434326     -0.46779204E-01
   61.354645      0.47264532E-02
   61.274964      0.57805337E-01
   61.195283      0.64201288E-01
   61.115602      0.38343750E-01
   61.035921     -0.37298363E-02
   60.956240      0.80724442E-02
   60.876559      0.88005312E-01
   60.796878      0.88506699E-01
   60.717197     -0.69524250E-02
   60.637516     -0.16929118E-02
   60.557835      0.80158114E-01
   60.478154      0.84265448E-01
   60.398473      0.66580929E-01
   60.318792      0.13547006E-01
   60.239111     -0.61690379E-02
   60.159430     -0.22207087E-01
   60.079749      0.41011509E-01
   60.000068      0.85284583E-01
   59.920387     -0.18246109E-01
   59.840706     -0.22072854E-01
   59.761025     -0.25311664E-01
   59.681344     -0.58687523E-01
   59.601663      0.88237459E-02
   59.521982      0.61923090E-01
   59.442301      0.65017365E-01
   59.362620      0.26033665E-02
   59.282939     -0.20334890E-01
   59.203258     -0.92601776E-01
   59.123577     -0.14818227    
   59.043896     -0.50950002E-01
   58.964215     -0.20123584E-01
   58.884534     -0.78109324E-01
   58.804853     -0.43072104E-01
   58.725172      0.11313323E-01
   58.645491     -0.95561044E-02
   58.565810      0.35002374E-02
   58.486129      0.25240588E-02
   58.406448     -0.12132874E-01
   58.326767     -0.13542816E-02
   58.247086     -0.72674504E-02
   58.167405     -0.65525551E-02
   58.087724     -0.28323285E-01
   58.008043     -0.20872444E-01
   57.928362      0.58150265E-01
   57.848681      0.12178714    
   57.769000      0.69648892E-01
   57.689319     -0.72528001E-05
   57.609638     -0.24881164E-01
   57.529957     -0.64642198E-01
   57.450276     -0.64567275E-01
   57.370595     -0.32525591E-02
   57.290913      0.85833646E-01
   57.211232      0.77938691E-01
   57.131551      0.16858576E-01
   57.051870     -0.10251454E-01
   56.972189      0.11282496E-01
   56.892508     -0.30049622E-01
   56.812827      0.45293368E-01
   56.733146      0.64746507E-01
   56.653465      0.31992357E-01
   56.573784      0.25330154E-01
   56.494103     -0.18646017E-01
   56.414422     -0.44785053E-01
   56.334741     -0.29101254E-01
   56.255060      0.14576267E-02
   56.175379     -0.33117723E-01
   56.095698     -0.12728368E-01
   56.016017      0.23788331E-01
   55.936336      0.61592896E-01
   55.856655      0.21238277E-01
   55.776974     -0.48666872E-01
   55.697293     -0.50616059E-01
   55.617612      0.35582032E-01
   55.537931      0.13812927E-01
   55.458250     -0.23011737E-01
   55.378569      0.77773947E-02
   55.298888      0.32266181E-01
   55.219207      0.24523115E-01
   55.139526     -0.63481405E-01
   55.059845     -0.65384656E-01
   54.980164     -0.57329826E-01
   54.900483     -0.70718512E-01
   54.820802     -0.53744130E-02
   54.741121     -0.13646251E-01
   54.661440      0.23008930E-01
   54.581759      0.47942407E-01
   54.502078     -0.27302352E-02
   54.422397      0.51277161E-01
   54.342716     -0.35137858E-01
   54.263035     -0.14394112    
   54.183354     -0.47727782E-01
   54.103673      0.49314150E-02
   54.023992     -0.16282694E-03
   53.944311     -0.57811689E-01
   53.864630     -0.11093937    
   53.784949     -0.81615031E-01
   53.705268     -0.30061442E-01
   53.625587     -0.43893508E-02
   53.545906     -0.34593631E-01
   53.466225     -0.18871229E-01
   53.386544      0.11974166E-01
   53.306863      0.71192691E-02
   53.227182      0.71683683E-01
   53.147501      0.94181404E-01
   53.067820     -0.49492884E-01
   52.988139     -0.10191526    
   52.908458     -0.21698045E-01
   52.828777     -0.18720491E-01
   52.749096     -0.15401997E-01
   52.669415     -0.30895367E-02
   52.589734     -0.25489794E-02
   52.510052      0.84279105E-01
   52.430371      0.79033852E-01
   52.350690     -0.24877734E-01
   52.271009      0.14326259E-01
   52.191328      0.28564895E-01
   52.111647      0.87154675E-02
   52.031966      0.48916984E-01
   51.952285     -0.78534167E-02
   51.872604     -0.59319366E-01
   51.792923     -0.75010531E-01
   51.713242     -0.57694275E-01
   51.633561     -0.14554963E-01
   51.553880     -0.21334279E-01
   51.474199      0.16475523E-01
   51.394518      0.53541255E-02
   51.314837      0.20963877E-01
   51.235156      0.61093610E-01
   51.155475     -0.99906058E-03
   51.075794     -0.50622474E-01
   50.996113      0.18507870E-01
   50.916432      0.12638166E-01
   50.836751     -0.49245331E-01
   50.757070     -0.56035310E-01
   50.677389     -0.46454839E-01
   50.597708      0.98670647E-02
   50.518027     -0.23749366E-01
   50.438346      0.81869690E-02
   50.358665      0.72553628E-02
   50.278984     -0.31787612E-01
   50.199303     -0.39971013E-01
   50.119622     -0.41474618E-01
   50.039941     -0.27138861E-01
   49.960260     -0.36015827E-01
   49.880579     -0.16614929E-01
   49.800898      0.37663024E-01
   49.721217      0.35618942E-01
   49.641536     -0.88873729E-01
   49.561855     -0.12551168    
   49.482174     -0.69672577E-01
   49.402493     -0.14985744E-01
   49.322812      0.33897734E-02
   49.243131     -0.45939766E-01
   49.163450      0.15026401E-01
   49.083769      0.43353606E-01
   49.004088     -0.22649448E-01
   48.924407     -0.86781912E-03
   48.844726      0.11468586E-01
   48.765045      0.10856804    
   48.685364      0.13173623    
   48.605683      0.44321373E-01
   48.526002      0.18683609E-01
   48.446321      0.30059347E-01
   48.366640      0.10539895    
   48.286959      0.20642298    
   48.207278      0.10888672    
   48.127597     -0.90721108E-01
   48.047916     -0.50184458E-01
   47.968235      0.21142017E-01
   47.888554     -0.14532151E-01
   47.808873      0.11151666E-01
   47.729192      0.28644256E-01
   47.649510     -0.33104658E-01
   47.569829     -0.50983368E-02
   47.490148      0.10074171    
   47.410467      0.35790425E-01
   47.330786      0.16353944E-01
   47.251105      0.37533469E-01
   47.171424      0.51746420E-02
   47.091743      0.46248224E-01
   47.012062      0.96428610E-01
   46.932381      0.16203880    
   46.852700      0.73488146E-01
   46.773019      0.16998675E-01
   46.693338      0.24068492E-01
   46.613657      0.30348497E-01
   46.533976     -0.63065231E-01
   46.454295     -0.40585462E-01
   46.374614     -0.13595213E-03
   46.294933     -0.15371227E-01
   46.215252      0.76864585E-01
   46.135571      0.93011975E-01
   46.055890      0.75434573E-01
   45.976209     -0.11152377E-02
   45.896528     -0.38973533E-01
   45.816847     -0.29355953E-02
   45.737166      0.11942479    
   45.657485      0.48257638E-01
   45.577804     -0.53227775E-01
   45.498123     -0.34496240E-01
   45.418442     -0.27757559E-01
   45.338761      0.39664675E-02
   45.259080     -0.29679980E-01
   45.179399      0.78595658E-04
   45.099718      0.24965033E-01
   45.020037     -0.19516030E-01
   44.940356      0.20296432E-02
   44.860675      0.43705858E-01
   44.780994      0.26596332E-01
   44.701313     -0.28486925E-03
   44.621632      0.18206872E-01
   44.541951      0.81963547E-01
   44.462270      0.35721600E-01
   44.382589     -0.11954618    
   44.302908     -0.39483387E-01
   44.223227      0.22268653E-01
   44.143546     -0.47426511E-01
   44.063865     -0.41316316E-01
   43.984184     -0.37832346E-01
   43.904503      0.16214260E-02
   43.824822      0.23612661E-01
   43.745141      0.27949875E-03
   43.665460      0.63348196E-01
   43.585779      0.45599662E-01
   43.506098     -0.87136850E-01
   43.426417     -0.30912522E-01
   43.346736     -0.51178172E-01
   43.267055     -0.76847322E-01
   43.187374     -0.59992289E-02
   43.107693      0.86750761E-02
   43.028012      0.25378609E-01
   42.948331      0.25253417E-01
   42.868650     -0.12579567E-04
   42.788968      0.54897147E-03
   42.709287      0.34393601E-02
   42.629606      0.41264426E-01
   42.549925      0.26710747E-01
   42.470244      0.12760778E-01
   42.390563      0.74956648E-01
   42.310882      0.57822887E-01
   42.231201     -0.59020966E-01
   42.151520     -0.70685357E-01
   42.071839      0.35915907E-01
   41.992158     -0.57283584E-02
   41.912477     -0.95536774E-02
   41.832796      0.85437037E-01
   41.753115      0.95348619E-01
   41.673434     -0.15513515E-01
   41.593753     -0.71744382E-01
   41.514072     -0.16107151E-01
   41.434391      0.26537592E-01
   41.354710      0.61687399E-02
   41.275029      0.41632630E-01
   41.195348      0.91531407E-02
   41.115667     -0.58293704E-01
   41.035986     -0.36849324E-01
   40.956305      0.22104017E-01
   40.876624      0.20701656E-01
   40.796943      0.38769063E-01
   40.717262      0.25155365E-01
   40.637581     -0.41873209E-01
   40.557900     -0.60698804E-02
   40.478219      0.15229548E-01
   40.398538      0.27985442E-01
   40.318857      0.15218162E-01
   40.239176      0.34639232E-02
   40.159495      0.98175351E-02
   40.079814     -0.29868772E-02
   40.000133     -0.67429334E-01
   39.920452      0.56831199E-02
   39.840771      0.38320694E-01
   39.761090      0.55595990E-01
   39.681409      0.36774904E-01
   39.601728     -0.17486259E-01
   39.522047      0.64352326E-01
   39.442366      0.23906210E-01
   39.362685      0.13331379E-01
   39.283004      0.24767138E-01
   39.203323     -0.21906674E-01
   39.123642      0.92772283E-01
   39.043961      0.19648668    
   38.964280      0.10040708    
   38.884599      0.93923278E-01
   38.804918      0.70917383E-01
   38.725237     -0.21261932E-01
   38.645556     -0.30965282E-01
   38.565875     -0.23091422E-01
   38.486194      0.16730133E-01
   38.406513     -0.70288582E-02
   38.326832     -0.46810746E-01
   38.247151      0.24511036E-01
   38.167470      0.26501680E-01
   38.087789     -0.38968053E-03
   38.008107     -0.32010652E-01
   37.928426     -0.49001183E-01
   37.848745      0.33145323E-01
   37.769064      0.57578925E-01
   37.689383      0.57400245E-01
   37.609702     -0.27152494E-01
   37.530021     -0.83481126E-01
   37.450340      0.71969844E-03
   37.370659      0.14468945E-01
   37.290978      0.16168797E-01
   37.211297      0.22406463E-01
   37.131616     -0.19742262E-01
   37.051935     -0.72295651E-01
   36.972254     -0.20797426E-01
   36.892573     -0.38441904E-02
   36.812892     -0.11777990E-01
   36.733211      0.26656920E-01
   36.653530      0.12783377E-01
   36.573849      0.35432208E-01
   36.494168      0.56939922E-01
   36.414487      0.24282027E-01
   36.334806     -0.30718919E-01
   36.255125     -0.37453759E-01
   36.175444     -0.65742783E-01
   36.095763     -0.41575048E-01
   36.016082     -0.14408373E-01
   35.936401      0.77177912E-01
   35.856720      0.60965903E-01
   35.777039     -0.42731673E-01
   35.697358     -0.23843465E-01
   35.617677      0.33311453E-01
   35.537996      0.24066949E-01
   35.458315      0.14400049E-01
   35.378634      0.56146383E-01
   35.298953      0.72335884E-01
   35.219272      0.36013480E-01
   35.139591     -0.60809989E-01
   35.059910     -0.60785871E-01
   34.980229      0.19220563E-01
   34.900548     -0.73743336E-01
   34.820867     -0.84849827E-01
   34.741186      0.63762836E-01
   34.661505      0.23237048E-01
   34.581824     -0.39517600E-01
   34.502143      0.19423004E-01
   34.422462      0.93600683E-01
   34.342781      0.78179821E-01
   34.263100      0.10149011E-01
   34.183419     -0.20504795E-03
   34.103738      0.59016809E-01
   34.024057      0.10221312    
   33.944376      0.80847234E-01
   33.864695     -0.19544652E-01
   33.785014     -0.27414339E-01
   33.705333     -0.22790008E-02
   33.625652     -0.67360401E-01
   33.545971     -0.30628027E-01
   33.466290     -0.23527365E-01
   33.386609     -0.38578231E-01
   33.306928     -0.49796499E-01
   33.227247     -0.58471549E-01
   33.147565      0.54861851E-01
   33.067884      0.13148555    
   32.988203      0.38596969E-02
   32.908522     -0.10379266    
   32.828841     -0.48955344E-01
   32.749160     -0.23662094E-01
   32.669479     -0.55142228E-01
   32.589798     -0.22473630E-01
   32.510117      0.66926837E-01
   32.430436      0.65156475E-01
   32.350755      0.25949959E-01
   32.271074      0.71987703E-01
   32.191393      0.54978181E-01
   32.111712     -0.37614241E-01
   32.032031      0.16677247E-01
   31.952350     -0.39201617E-03
   31.872669      0.23167271E-01
   31.792988      0.69421314E-01
   31.713307      0.27332984E-01
   31.633626      0.19258054E-02
   31.553945     -0.50511129E-01
   31.474264     -0.19986286E-03
   31.394583     -0.40566726E-02
   31.314902     -0.51658958E-01
   31.235221      0.29219542E-01
   31.155540      0.39640587E-01
   31.075859     -0.18230958E-01
   30.996178      0.21318028E-01
   30.916497      0.19638507E-01
   30.836816     -0.46144608E-01
   30.757135     -0.92422694E-01
   30.677454      0.42628046E-01
   30.597773      0.45254655E-01
   30.518092     -0.92783254E-02
   30.438411     -0.12357831E-01
   30.358730     -0.19912818E-01
   30.279049      0.90393066E-01
   30.199368      0.10496423    
   30.119687      0.41346304E-01
   30.040006     -0.12494734E-04
   29.960325      0.34159660E-01
   29.880644      0.45328479E-01
   29.800963     -0.77061556E-01
   29.721282     -0.12988846    
   29.641601     -0.31984903E-01
   29.561920      0.13178914E-02
   29.482239     -0.14863592E-01
   29.402558      0.67964345E-01
   29.322877      0.53745940E-01
   29.243196     -0.47751214E-01
   29.163515     -0.33461127E-01
   29.083834     -0.20537551E-01
   29.004153     -0.51521055E-01
   28.924472     -0.12181222    
   28.844791     -0.59487917E-01
   28.765110     -0.79695685E-02
   28.685429     -0.67820493E-02
   28.605748      0.32966923E-01
   28.526067      0.86382619E-03
   28.446386      0.19299930E-01
   28.366704      0.91233678E-01
   28.287023      0.10602568    
   28.207342      0.45941669E-01
   28.127661      0.53428527E-01
   28.047980      0.12400368    
   27.968299      0.71491204E-01
   27.888618     -0.13082430E-01
   27.808937      0.92709787E-01
   27.729256      0.12989904    
   27.649575      0.22148162E-01
   27.569894      0.49248382E-01
   27.490213      0.39965022E-01
   27.410532     -0.21820720E-01
   27.330851      0.21377444E-01
   27.251170      0.76516166E-01
   27.171489      0.89747295E-01
   27.091808      0.69749579E-01
   27.012127      0.55939164E-01
   26.932446      0.46224821E-01
   26.852765      0.25083207E-01
   26.773084      0.10029835    
   26.693403      0.10096759    
   26.613722     -0.55553295E-01
   26.534041     -0.51482234E-01
   26.454360     -0.20464184E-01
   26.374679      0.43786159E-02
   26.294998      0.50307643E-01
   26.215317      0.80270454E-01
   26.135636      0.10712096    
   26.055955     -0.50966474E-02
   25.976274      0.15411918E-02
   25.896593      0.11362489    
   25.816912      0.26927484E-01
   25.737231     -0.80928216E-02
   25.657550      0.58910120E-02
   25.577869     -0.27754402E-01
   25.498188      0.96615218E-01
   25.418507      0.83189607E-01
   25.338826      0.52771423E-01
   25.259145      0.10530742    
   25.179464      0.88725448E-01
   25.099783      0.11154550    
   25.020102      0.13592465    
   24.940421      0.95297977E-01
   24.860740      0.14923388    
   24.781059      0.90406023E-01
   24.701378     -0.28432284E-01
   24.621697      0.94604827E-01
   24.542016      0.93439043E-01
   24.462335      0.59179038E-01
   24.382654      0.11256990    
   24.302973      0.47788166E-01
   24.223292      0.60760058E-01
   24.143611      0.31808555E-01
   24.063930     -0.66671923E-01
   23.984249      0.49628778E-02
   23.904568      0.73013186E-01
   23.824887      0.72053142E-01
   23.745206      0.90595717E-02
   23.665525     -0.38140733E-01
   23.585844     -0.24169814E-02
   23.506162      0.83595492E-01
   23.426481      0.52360095E-01
   23.346800      0.32315305E-02
   23.267119      0.41430280E-01
   23.187438      0.31802069E-01
   23.107757      0.39403815E-01
   23.028076      0.27797803E-01
   22.948395      0.30217964E-01
   22.868714      0.82053192E-01
   22.789033      0.10327636    
   22.709352      0.62531017E-01
   22.629671     -0.22626169E-01
   22.549990      0.31122793E-01
   22.470309      0.57543974E-01
   22.390628      0.12981934E-01
   22.310947     -0.11722011E-01
   22.231266      0.16337906E-02
   22.151585     -0.34433473E-01
   22.071904     -0.11880733E-02
   21.992223      0.93356512E-01
   21.912542      0.92332616E-01
   21.832861      0.93525156E-01
   21.753180     -0.14451193E-02
   21.673499      0.97630679E-03
   21.593818      0.59392478E-01
   21.514137      0.49039189E-01
   21.434456      0.91091439E-01
   21.354775      0.10174653    
   21.275094      0.37665009E-01
   21.195413     -0.11698979E-01
   21.115732      0.70999139E-02
   21.036051      0.44828098E-01
   20.956370      0.17212979E-01
   20.876689      0.16846769E-01
   20.797008      0.10199317    
   20.717327      0.18117099    
   20.637646      0.14795555    
   20.557965      0.50107896E-01
   20.478284      0.32405294E-01
   20.398603     -0.56171780E-02
   20.318922     -0.27689973E-01
   20.239241      0.35479337E-01
   20.159560      0.15428156E-01
   20.079879      0.33834215E-01
   20.000198      0.91095552E-01
   19.920517      0.93880631E-01
   19.840836      0.80359004E-01
   19.761155      0.15098284E-01
   19.681474      0.61645888E-01
   19.601793      0.12178817    
   19.522112      0.40272504E-01
   19.442431     -0.12234984E-01
   19.362750      0.54431655E-01
   19.283069      0.32491922E-01
   19.203388      0.14295438E-03
   19.123707      0.91088906E-01
   19.044026      0.14901470    
   18.964345      0.12450922    
   18.884664      0.11968075    
   18.804983      0.12274495    
   18.725301      0.61459631E-01
   18.645620      0.77065252E-01
   18.565939      0.61393145E-01
   18.486258      0.40770154E-02
   18.406577      0.80515873E-02
   18.326896      0.10684685    
   18.247215      0.10829699    
   18.167534     -0.97260196E-02
   18.087853      0.16134555E-01
   18.008172      0.31171257E-01
   17.928491     -0.90920720E-02
   17.848810     -0.28894238E-01
   17.769129      0.14631364E-01
   17.689448      0.91701806E-01
   17.609767      0.92303723E-01
   17.530086      0.37945252E-01
   17.450405     -0.61999124E-01
   17.370724     -0.94810305E-02
   17.291043      0.80655597E-01
   17.211362      0.78395531E-01
   17.131681      0.62776372E-01
   17.052000      0.14444475    
   16.972319      0.10082272    
   16.892638     -0.48881374E-01
   16.812957     -0.24018237E-01
   16.733276      0.25550155E-01
   16.653595      0.53681929E-01
   16.573914      0.86753756E-01
   16.494233      0.89642487E-01
   16.414552      0.93692176E-01
   16.334871      0.16207528    
   16.255190      0.75173810E-01
   16.175509      0.10061056    
   16.095828      0.11236703    
   16.016147      0.45957252E-01
   15.936466      0.47612507E-01
   15.856785      0.30309686E-01
   15.777104      0.18178705E-01
   15.697423      0.25732355E-01
   15.617742      0.11962681    
   15.538061      0.10329928    
   15.458380      0.42206675E-01
   15.378699     -0.97454423E-02
   15.299018      0.86592682E-01
   15.219337      0.17803903    
   15.139656      0.12994649    
   15.059975      0.15420882    
   14.980294      0.11594220    
   14.900613      0.66697575E-01
   14.820932      0.92842162E-01
   14.741251      0.28017852E-01
   14.661570     -0.17391201E-01
   14.581889      0.17330712E-01
   14.502208      0.58360755E-01
   14.422527      0.68508558E-01
   14.342846      0.88508494E-01
   14.263165      0.86234145E-01
   14.183484      0.44891585E-01
   14.103803      0.53933542E-01
   14.024122      0.35995312E-01
   13.944441      0.66957106E-02
   13.864759     -0.49556661E-01
   13.785078     -0.92045944E-02
   13.705397      0.79979695E-01
   13.625716      0.15316628    
   13.546035      0.15198219    
   13.466354      0.12310522    
   13.386673      0.15653490    
   13.306992      0.13551155    
   13.227311      0.10573235    
   13.147630      0.83616085E-01
   13.067949      0.93040600E-01
   12.988268      0.95988281E-01
   12.908587      0.70235260E-01
   12.828906      0.43024037E-01
   12.749225      0.10819746    
   12.669544      0.94168022E-01
   12.589863      0.10883754    
   12.510182      0.17423958    
   12.430501      0.14840060    
   12.350820      0.14668334    
   12.271139      0.16113999    
   12.191458      0.24404345    
   12.111777      0.28332454    
   12.032096      0.24852379    
   11.952415      0.27287656    
   11.872734      0.28150332    
   11.793053      0.31562075    
   11.713372      0.36704212    
   11.633691      0.32853952    
   11.554010      0.33568710    
   11.474329      0.37833652    
   11.394648      0.38095194    
   11.314967      0.35824466    
   11.235286      0.43663096    
   11.155605      0.57978421    
   11.075924      0.60408896    
   10.996243      0.63960558    
   10.916562      0.64811009    
   10.836881      0.65103114    
   10.757200      0.73618025    
   10.677519      0.76040280    
   10.597838      0.83025938    
   10.518157      0.97556800    
   10.438476      0.95574182    
   10.358795      0.85797197    
   10.279114      0.92305475    
   10.199433       1.1066675    
   10.119752       1.1272674    
   10.040071       1.1384853    
   9.9603897       1.2487987    
   9.8807087       1.2505027    
   9.8010277       1.3437029    
   9.7213466       1.4713601    
   9.6416656       1.5900732    
   9.5619846       1.8307984    
   9.4823036       1.9034674    
   9.4026226       1.9060910    
   9.3229416       2.0469944    
   9.2432605       2.1057425    
   9.1635795       2.1659386    
   9.0838985       2.3120461    
   9.0042175       2.2457361    
   8.9245365       2.2466152    
   8.8448555       2.2972438    
   8.7651744       2.2660146    
   8.6854934       2.4075170    
   8.6058124       2.4927928    
   8.5261314       2.5655186    
   8.4464504       2.5637887    
   8.3667694       2.5724089    
   8.2870883       2.8064082    
   8.2074073       3.1899350    
   8.1277263       3.5914690    
   8.0480453       4.0217600    
   7.9683643       4.2120614    
   7.8886833       4.2543941    
   7.8090022       4.4502172    
   7.7293212       4.7106700    
   7.6496402       4.8763661    
   7.5699592       4.8955865    
   7.4902782       4.9819250    
   7.4105972       5.0056601    
   7.3309161       4.9218373    
   7.2512351       4.8789401    
   7.1715541       4.7897882    
   7.0918731       4.5384226    
   7.0121921       4.3526549    
   6.9325111       4.2240167    
   6.8528300       3.9593532    
   6.7731490       3.7236407    
   6.6934680       3.5548320    
   6.6137870       3.3205140    
   6.5341060       3.0507882    
   6.4544250       2.8092368    
   6.3747439       2.5109019    
   6.2950629       2.3697271    
   6.2153819       2.1106796    
   6.1357009       1.8802011    
   6.0560199       1.8153832    
   5.9763389       1.6797112    
   5.8966578       1.6401378    
   5.8169768       1.4262615    
   5.7372958       1.2498991    
   5.6576148       1.2250692    
   5.5779338       1.1390843    
   5.4982528       1.0946325    
   5.4185717       1.0410627    
   5.3388907      0.98275328    
   5.2592097      0.97660428    
   5.1795287      0.94952279    
   5.0998477      0.80426085    
   5.0201667      0.69198847    
   4.9404856      0.76716810    
   4.8608046      0.76607573    
   4.7811236      0.66226614    
   4.7014426      0.58409363    
   4.6217616      0.51118994    
   4.5420806      0.52433580    
   4.4623995      0.50027144    
   4.3827185      0.43686807    
   4.3030375      0.43845534    
   4.2233565      0.34118038    
   4.1436755      0.29437405    
   4.0639945      0.27971146    
   3.9843134      0.27791187    
   3.9046324      0.28637850    
   3.8249514      0.20123665    
   3.7452704      0.18540461    
   3.6655894      0.19537970    
   3.5859084      0.20059583    
   3.5062273      0.18573241    
   3.4265463      0.16672844    
   3.3468653      0.15619835    
   3.2671843      0.13753955    
   3.1875033      0.13741966    
   3.1078223      0.11360580    
   3.0281412      0.19385745    
   2.9484602      0.25601575    
   2.8687792      0.10085656    
   2.7890982     -0.24590760E-01
   2.7094172      0.46792857E-01
   2.6297362      0.11559162    
   2.5500551      0.12790644    
   2.4703741      0.12449825    
   2.3906931      0.95733650E-01
   2.3110121      0.20891028E-01
   2.2313311      0.41408096E-01
   2.1516501      0.11729822    
   2.0719690      0.87604813E-01
   1.9922880      0.10682140    
   1.9126070      0.10938892    
   1.8329260      0.10441969    
   1.7532450      0.79054855E-01
   1.6735640      0.40237576E-01
   1.5938830      0.76145351E-01
   1.5142019      0.96126817E-01
   1.4345209      0.12059766    
   1.3548399      0.11270201    
   1.2751589      0.31692833E-01
   1.1954779     -0.34687564E-01
   1.1157969      0.45701354E-02
   1.0361158      0.11308292    
  0.95643482      0.12044415    
  0.87675380      0.85065842E-01
  0.79707279      0.10321934    
  0.71739177      0.32650128E-01
  0.63771075     -0.18337638E-02
  0.55802974      0.22180459E-01
  0.47834872      0.25242323E-01
  0.39866770      0.15595284    
  0.31898669      0.10666218    
  0.23930567      0.24393510E-01
  0.15962465      0.24313297E-01
  0.79943637E-01  0.60441867E-01
  0.26262054E-03  0.99203978E-02
 -0.79418396E-01 -0.40601034E-01
 -0.15909941      0.14538973E-01
 -0.23878043      0.31293504E-01
 -0.31846145      0.11673958    
 -0.39814246      0.91233000E-01
 -0.47782348      0.38123570E-01
 -0.55750449      0.17674150E-02
 -0.63718551      0.46287037E-01
 -0.71686653      0.94483830E-01
 -0.79654754      0.48605237E-01
 -0.87622856      0.25832418E-01
 -0.95590958      0.24762040E-01
  -1.0355906      0.31038182E-01
  -1.1152716      0.17858010E-01
  -1.1949526     -0.34073184E-02
  -1.2746336      0.74743323E-01
  -1.3543147      0.16976838    
  -1.4339957      0.12266988    
  -1.5136767      0.45819435E-01
  -1.5933577      0.63052304E-01
  -1.6730387      0.10805559    
  -1.7527197      0.59320983E-01
  -1.8324008      0.86959988E-01
  -1.9120818      0.11970720    
  -1.9917628      0.12597743    
  -2.0714438      0.80641359E-01
  -2.1511248      0.59478279E-01
  -2.2308058      0.57832122E-01
  -2.3104869      0.96619792E-01
  -2.3901679      0.18655609    
  -2.4698489      0.93297139E-01
  -2.5495299      0.14826339    
  -2.6292109      0.13678382    
  -2.7088919      0.21003459E-01
  -2.7885730      0.89475095E-01
  -2.8682540      0.10680444    
  -2.9479350      0.39174475E-01
  -3.0276160      0.55950388E-01
  -3.1072970      0.87065712E-01
  -3.1869780      0.83771698E-01
  -3.2666591      0.35363737E-01
  -3.3463401     -0.72780527E-01
  -3.4260211      0.23798378E-01
  -3.5057021      0.68425067E-01
  -3.5853831      0.16202968E-01
  -3.6650641      0.49159501E-01
  -3.7447452     -0.63273564E-01
  -3.8244262     -0.84238887E-01
  -3.9041072      0.61218865E-01
  -3.9837882      0.11473183    
  -4.0634692     -0.66207065E-02
  -4.1431502     -0.77500157E-01
  -4.2228313      0.21572128E-01
  -4.3025123      0.10284157    
  -4.3821933      0.12250364    
  -4.4618743      0.49912319E-01
  -4.5415553     -0.87491840E-01
  -4.6212363     -0.13155878    
  -4.7009174     -0.34913901E-01
  -4.7805984      0.16227007E-01
  -4.8602794      0.28991023E-01
  -4.9399604      0.79780547E-02
  -5.0196414      0.10847467E-01
  -5.0993224      0.93649089E-01
  -5.1790035      0.36993593E-01
  -5.2586845     -0.29877439E-01
  -5.3383655      0.28356135E-01
  -5.4180465      0.23541171E-01
  -5.4977275      0.25808189E-01
  -5.5774085      0.64476363E-01
  -5.6570896      0.50685000E-01
  -5.7367706      0.42726222E-01
  -5.8164516     -0.87864706E-02
  -5.8961326      0.23003422E-01
  -5.9758136      0.42596493E-01
  -6.0554946     -0.35122517E-01
  -6.1351757     -0.86415783E-01
  -6.2148567      0.69186953E-03
  -6.2945377      0.40974538E-02
  -6.3742187      0.60234789E-01
  -6.4538997      0.12488489    
  -6.5335807      0.24129897E-02
  -6.6132617      0.54971214E-01
  -6.6929428      0.11087430    
  -6.7726238      0.10440733    
  -6.8523048      0.12026435    
  -6.9319858     -0.25872380E-01
  -7.0116668     -0.87561291E-02
  -7.0913478      0.22574965E-01
  -7.1710289     -0.10615438E-02
  -7.2507099      0.26712209E-01
  -7.3303909     -0.66795230E-01
  -7.4100719     -0.63405581E-01
  -7.4897529      0.26234144E-01
  -7.5694339      0.35314001E-01
  -7.6491150      0.57520762E-01
  -7.7287960      0.72832853E-01
  -7.8084770      0.31891208E-01
  -7.8881580      0.20898892E-01
  -7.9678390     -0.15550940E-01
  -8.0475200     -0.36219932E-01
  -8.1272011     -0.15797893E-01
  -8.2068821      0.86750552E-01
  -8.2865631      0.44789672E-01
  -8.3662441      0.53340875E-01
  -8.4459251     -0.31073971E-02
  -8.5256061      0.31889331E-01
  -8.6052872      0.66797875E-01
  -8.6849682     -0.46371322E-01
  -8.7646492      0.35581563E-01
  -8.8443302      0.17875608E-01
  -8.9240112     -0.34479916E-01
  -9.0036922      0.15856773E-01
  -9.0833733      0.75961971E-02
  -9.1630543      0.48629023E-01
  -9.2427353      0.94384968E-01
  -9.3224163      0.17740205E-01
  -9.4020973      0.49401823E-01
  -9.4817783      0.85453838E-01
  -9.5614594      0.48075438E-01
  -9.6411404     -0.43337211E-01
  -9.7208214     -0.35089869E-01
  -9.8005024     -0.20408623E-01
  -9.8801834     -0.58187876E-01
  -9.9598644     -0.69895305E-01
  -10.039545     -0.99316537E-01
  -10.119226     -0.88107228E-01
  -10.198907     -0.12688888E-01
  -10.278589      0.61551113E-01
  -10.358270      0.48866645E-01
  -10.437951      0.44913758E-01
  -10.517632     -0.35609520E-03
  -10.597313     -0.60126666E-01
  -10.676994     -0.47497705E-01
  -10.756675      0.91512222E-02
  -10.836356      0.22233952E-01
  -10.916037     -0.16405398E-01
  -10.995718      0.11835578E-01
  -11.075399      0.20121394E-01
  -11.155080      0.29863276E-01
  -11.234761     -0.56160227E-02
  -11.314442     -0.79067620E-02
  -11.394123      0.73521413E-01
  -11.473804     -0.52010491E-01
  -11.553485     -0.70011511E-01
  -11.633166      0.12390392    
  -11.712847      0.10992026    
  -11.792528      0.65324116E-02
  -11.872209      0.57792366E-01
  -11.951890      0.12110384    
  -12.031571      0.13969932    
  -12.111252      0.13277382    
  -12.190933      0.11942283    
  -12.270614      0.11935077    
  -12.350295      0.96950553E-01
  -12.429976      0.22124493E-01
  -12.509657      0.12810530E-01
  -12.589338      0.59558209E-01
  -12.669019      0.76120138E-01
  -12.748700      0.13840482    
  -12.828381      0.14300768    
  -12.908062      0.13113034    
  -12.987743      0.97118385E-01
  -13.067424      0.69812434E-02
  -13.147105      0.40419200E-02
  -13.226786     -0.47433864E-01
  -13.306467     -0.53529490E-01
  -13.386148     -0.20010695E-01
  -13.465829     -0.25196467E-01
  -13.545510     -0.10484368E-01
  -13.625191      0.13090603E-01
  -13.704872      0.36768366E-01
  -13.784553      0.37156478E-01
  -13.864234      0.61496262E-01
  -13.943915      0.77323444E-01
  -14.023596      0.26081540E-01
  -14.103277      0.87533742E-01
  -14.182958      0.10655580    
  -14.262639      0.45704946E-01
  -14.342320      0.36926419E-01
  -14.422001      0.56842707E-01
  -14.501682      0.15902326    
  -14.581363      0.92101589E-01
  -14.661044      0.35631690E-01
  -14.740725      0.12951182    
  -14.820406      0.79433396E-01
  -14.900087      0.14090701E-01
  -14.979768     -0.17236756E-01
  -15.059449     -0.30450614E-01
  -15.139131      0.82870293E-02
  -15.218812      0.61041698E-01
  -15.298493      0.91024905E-01
  -15.378174      0.44630453E-01
  -15.457855      0.56838300E-01
  -15.537536      0.59717171E-01
  -15.617217      0.61457224E-01
  -15.696898      0.23152310E-01
  -15.776579     -0.54326527E-01
  -15.856260     -0.54800168E-01
  -15.935941      0.96874116E-02
  -16.015622      0.45587651E-01
  -16.095303     -0.26157098E-01
  -16.174984      0.11608589E-01
  -16.254665      0.70654154E-01
  -16.334346      0.41114572E-01
  -16.414027      0.22641590E-01
  -16.493708      0.65311499E-01
  -16.573389      0.84505387E-01
  -16.653070      0.23098586E-01
  -16.732751     -0.23425091E-02
  -16.812432      0.55348303E-01
  -16.892113      0.13348567    
  -16.971794      0.73432341E-01
  -17.051475      0.52416172E-01
  -17.131156      0.92627369E-01
  -17.210837      0.34617823E-01
  -17.290518      0.63102067E-01
  -17.370199      0.85343115E-01
  -17.449880      0.26082449E-01
  -17.529561      0.51331658E-01
  -17.609242      0.44763226E-01
  -17.688923      0.59668156E-02
  -17.768604     -0.14691686E-01
  -17.848285     -0.76913066E-01
  -17.927966     -0.26823917E-01
  -18.007647      0.50990961E-01
  -18.087328      0.72180837E-01
  -18.167009      0.32836802E-01
  -18.246690      0.90264030E-01
  -18.326371      0.66992268E-01
  -18.406052     -0.17245168E-01
  -18.485733      0.74633963E-01
  -18.565414      0.10986876    
  -18.645095      0.73978506E-01
  -18.724776      0.14228175E-02
  -18.804457      0.47365806E-03
  -18.884138     -0.33807684E-01
  -18.963819     -0.36197621E-01
  -19.043500      0.65198869E-01
  -19.123181      0.10269459    
  -19.202862     -0.14459310E-01
  -19.282543     -0.57888653E-01
  -19.362224     -0.16633082E-01
  -19.441905      0.39083123E-01
  -19.521586      0.73583730E-01
  -19.601267      0.56543563E-01
  -19.680948      0.51375955E-01
  -19.760629      0.31618372E-01
  -19.840310     -0.11182398E-01
  -19.919992      0.52280482E-02
  -19.999673      0.70820518E-01
  -20.079354      0.80940492E-01
  -20.159035      0.31002324E-01
  -20.238716      0.32310084E-01
  -20.318397      0.67120895E-01
  -20.398078      0.10740601    
  -20.477759      0.11797559    
  -20.557440      0.98547153E-01
  -20.637121      0.50653107E-01
  -20.716802     -0.17847301E-01
  -20.796483     -0.35011612E-01
  -20.876164      0.91795502E-02
  -20.955845     -0.36351170E-01
  -21.035526     -0.80556855E-01
  -21.115207      0.70294194E-01
  -21.194888      0.90842076E-01
  -21.274569     -0.11242349E-01
  -21.354250     -0.78705335E-02
  -21.433931      0.32517776E-01
  -21.513612      0.19840682E-01
  -21.593293      0.55390596E-01
  -21.672974      0.28626310E-01
  -21.752655      0.48585918E-01
  -21.832336      0.21094551E-01
  -21.912017     -0.55056401E-01
  -21.991698     -0.18991724E-02
  -22.071379      0.53928774E-02
  -22.151060     -0.30703375E-01
  -22.230741     -0.51152959E-01
  -22.310422     -0.97175591E-01
  -22.390103     -0.60215935E-01
  -22.469784      0.34303684E-01
  -22.549465     -0.41886084E-02
  -22.629146     -0.63468494E-01
  -22.708827     -0.98680146E-01
  -22.788508     -0.38858217E-02
  -22.868189      0.56657802E-01
  -22.947870     -0.10251241E-01
  -23.027551     -0.21304255E-01
  -23.107232      0.42780172E-01
  -23.186913      0.29900432E-01
  -23.266594     -0.39292526E-01
  -23.346275     -0.22194145E-01
  -23.425956     -0.14799132E-01
  -23.505637      0.19092149E-02
  -23.585318     -0.17203026E-01
  -23.664999     -0.28800912E-01
  -23.744680      0.18386051E-01
  -23.824361     -0.15269984E-01
  -23.904042     -0.32439888E-01
  -23.983723     -0.24130497E-01
  -24.063404      0.34783240E-01
  -24.143085     -0.46146378E-01
  -24.222766     -0.13314186    
  -24.302447     -0.80833033E-01
  -24.382128      0.13552236E-01
  -24.461809      0.15905055    
  -24.541490      0.78491211E-01
  -24.621171     -0.13211360E-01
  -24.700852      0.25791598E-01
  -24.780534      0.68591513E-01
  -24.860215      0.61873846E-01
  -24.939896      0.54823492E-01
  -25.019577     -0.24212552E-01
  -25.099258     -0.10185660    
  -25.178939     -0.19535031E-01
  -25.258620      0.52189115E-01
  -25.338301      0.50632283E-01
  -25.417982      0.22627046E-01
  -25.497663      0.26065676E-01
  -25.577344      0.39666217E-01
  -25.657025     -0.33478418E-02
  -25.736706      0.18929483E-01
  -25.816387      0.17828492E-01
  -25.896068     -0.58973119E-01
  -25.975749     -0.31184368E-02
  -26.055430      0.50078213E-01
  -26.135111      0.66094831E-01
  -26.214792      0.94472088E-01
  -26.294473      0.93871750E-01
  -26.374154      0.10363492    
  -26.453835      0.40779911E-01
  -26.533516      0.12675350E-02
  -26.613197      0.43858837E-01
  -26.692878      0.42066265E-01
  -26.772559      0.86101880E-02
  -26.852240     -0.67829895E-02
  -26.931921      0.20871647E-01
  -27.011602      0.36896456E-01
  -27.091283      0.25572706E-01
  -27.170964      0.37498958E-01
  -27.250645     -0.14830509E-01
  -27.330326     -0.74186496E-01
  -27.410007     -0.44218130E-01
  -27.489688      0.38513404E-02
  -27.569369      0.18070271E-01
  -27.649050      0.34917537E-01
  -27.728731      0.78428453E-02
  -27.808412     -0.64686850E-01
  -27.888093     -0.17250579E-01
  -27.967774      0.45920447E-01
  -28.047455      0.49925712E-02
  -28.127136      0.12922705E-02
  -28.206817      0.84761707E-02
  -28.286498      0.41491970E-01
  -28.366179      0.38550764E-01
  -28.445860     -0.33607040E-01
  -28.525541     -0.41636065E-01
  -28.605222     -0.39362151E-01
  -28.684903     -0.78107059E-01
  -28.764584     -0.73195711E-01
  -28.844265      0.39520161E-02
  -28.923946      0.71656294E-01
  -29.003627      0.80351070E-01
  -29.083308      0.61187163E-01
  -29.162989      0.10430033    
  -29.242670      0.72880656E-01
  -29.322351     -0.22717329E-01
  -29.402032      0.35669249E-01
  -29.481713      0.68951271E-01
  -29.561395      0.27983846E-01
  -29.641076     -0.77028549E-02
  -29.720757      0.25711047E-01
  -29.800438      0.62245499E-01
  -29.880119      0.89217874E-03
  -29.959800      0.33511578E-02
  -30.039481      0.41770279E-01
  -30.119162      0.42207252E-01
  -30.198843     -0.20568820E-01
  -30.278524     -0.25083156E-01
  -30.358205     -0.63028224E-01
  -30.437886     -0.94205327E-01
  -30.517567      0.17939458E-01
  -30.597248      0.64292900E-01
  -30.676929      0.70614992E-02
  -30.756610     -0.34362599E-01
  -30.836291     -0.24974955E-01
  -30.915972     -0.10503448E-01
  -30.995653      0.52545529E-01
  -31.075334      0.98090596E-01
  -31.155015      0.58279190E-01
  -31.234696      0.77114165E-01
  -31.314377      0.42691205E-01
  -31.394058     -0.31266857E-01
  -31.473739      0.49315140E-01
  -31.553420      0.78370750E-01
  -31.633101      0.17056262E-01
  -31.712782     -0.35364617E-01
  -31.792463      0.96021948E-04
  -31.872144      0.68448976E-01
  -31.951825      0.18938489E-01
  -32.031506      0.14695530E-01
  -32.111187     -0.22803186E-01
  -32.190868     -0.62008228E-01
  -32.270549      0.14853905E-01
  -32.350230     -0.27433617E-01
  -32.429911     -0.22566235E-01
  -32.509592      0.86749243E-02
  -32.589273     -0.89052618E-02
  -32.668954      0.61302930E-01
  -32.748635     -0.79794685E-04
  -32.828316     -0.99297259E-02
  -32.907997      0.67071937E-01
  -32.987678      0.53351372E-01
  -33.067359      0.53496566E-01
  -33.147040      0.67275865E-02
  -33.226721     -0.38277980E-01
  -33.306402     -0.43639526E-01
  -33.386083     -0.51286019E-01
  -33.465764      0.31671632E-01
  -33.545445      0.44022076E-01
  -33.625126      0.14574109E-01
  -33.704807      0.15127365    
  -33.784488      0.78081295E-01
  -33.864169     -0.33678319E-01
  -33.943850      0.82524315E-01
  -34.023531      0.60328543E-01
  -34.103212      0.29442804E-01
  -34.182893      0.89916222E-01
  -34.262574      0.10133038    
  -34.342255      0.12330655    
  -34.421937      0.12238222    
  -34.501618      0.10269804    
  -34.581299      0.99006919E-02
  -34.660980     -0.60478328E-02
  -34.740661      0.35747666E-01
  -34.820342     -0.30660641E-02
  -34.900023      0.35218567E-01
  -34.979704     -0.30810535E-02
  -35.059385     -0.11033935E-01
  -35.139066      0.13615105E-01
  -35.218747      0.50599489E-01
  -35.298428      0.89739159E-01
  -35.378109     -0.89704813E-02
  -35.457790     -0.25154438E-01
  -35.537471     -0.30150607E-01
  -35.617152     -0.93146376E-01
  -35.696833     -0.19896647E-01
  -35.776514      0.73073283E-01
  -35.856195      0.38642742E-01
  -35.935876      0.65826632E-01
  -36.015557      0.91317192E-01
  -36.095238      0.30570067E-02
  -36.174919     -0.47919303E-01
  -36.254600      0.33862911E-01
  -36.334281      0.48392959E-01
  -36.413962     -0.36249567E-01
  -36.493643      0.16435260E-01
  -36.573324      0.16178091E-02
  -36.653005     -0.26727201E-01
  -36.732686      0.21904025E-01
  -36.812367      0.16170550E-01
  -36.892048     -0.66344365E-01
  -36.971729      0.12811788E-02
  -37.051410      0.13549839    
  -37.131091      0.61250344E-01
  -37.210772      0.82993157E-01
  -37.290453      0.11161996    
  -37.370134      0.56393363E-01
  -37.449815      0.34758519E-01
  -37.529496      0.25423955E-01
  -37.609177     -0.29316640E-02
  -37.688858      0.76025084E-01
  -37.768539      0.84080376E-01
  -37.848220      0.36042150E-01
  -37.927901      0.43604061E-01
  -38.007582      0.49443420E-01
  -38.087263      0.21850765E-01
  -38.166944      0.21633504E-01
  -38.246625      0.86512215E-01
  -38.326306      0.32373335E-01
  -38.405987     -0.34448046E-02
  -38.485668      0.82402844E-02
  -38.565349     -0.12360051E-01
  -38.645030     -0.28599909E-01
  -38.724711     -0.74581853E-02
  -38.804392      0.21915723E-01
  -38.884073     -0.16104799E-01
  -38.963754     -0.44770710E-01
  -39.043435      0.43962438E-01
  -39.123116      0.55135924E-01
  -39.202797      0.25445269E-01
  -39.282479     -0.26613126E-01
  -39.362160     -0.54784317E-01
  -39.441841     -0.32047391E-01
  -39.521522     -0.35834730E-01
  -39.601203      0.32168802E-01
  -39.680884      0.13577478    
  -39.760565      0.49682301E-01
  -39.840246     -0.62670693E-01
  -39.919927      0.30791285E-01
  -39.999608      0.92540957E-01
  -40.079289     -0.99699702E-02
  -40.158970     -0.11784689E-01
  -40.238651      0.50136406E-01
  -40.318332      0.19486073E-01
  -40.398013      0.13615806E-01
  -40.477694      0.25790716E-01
  -40.557375      0.73867619E-01
  -40.637056      0.12123854    
  -40.716737      0.81747569E-01
  -40.796418      0.29994729E-02
  -40.876099     -0.12284837E-01
  -40.955780      0.11044101E-01
  -41.035461      0.74841209E-01
  -41.115142      0.55374410E-01
  -41.194823     -0.37362024E-02
  -41.274504      0.22452701E-01
  -41.354185      0.17732341E-01
  -41.433866      0.16239926E-01
  -41.513547     -0.19586157E-01
  -41.593228     -0.16581519E-01
  -41.672909      0.89681476E-01
  -41.752590      0.86913921E-01
  -41.832271      0.56509018E-01
  -41.911952      0.45911741E-01
  -41.991633     -0.16623497E-01
  -42.071314     -0.73838137E-01
  -42.150995     -0.51079549E-01
  -42.230676      0.64143412E-01
  -42.310357      0.37235249E-01
  -42.390038      0.47868006E-01
  -42.469719      0.31094702E-01
  -42.549400      0.19860532E-01
  -42.629081      0.55550024E-01
  -42.708762     -0.14488092E-01
  -42.788443     -0.25529772E-01
  -42.868124     -0.75938846E-02
  -42.947805      0.61355736E-01
  -43.027486      0.87382637E-01
  -43.107167      0.28693510E-01
  -43.186848      0.35961764E-02
  -43.266529      0.55450991E-01
  -43.346210      0.38084503E-01
  -43.425891     -0.38894728E-01
  -43.505572     -0.20908704E-01
  -43.585253     -0.64496949E-01
  -43.664934     -0.34599163E-01
  -43.744615      0.69561331E-02
  -43.824296     -0.24646668E-01
  -43.903977     -0.25565146E-01
  -43.983658     -0.64297989E-01
  -44.063340      0.40707316E-01
  -44.143021      0.28643794E-01
  -44.222702     -0.94224244E-01
  -44.302383      0.49449313E-01
  -44.382064      0.24321003E-01
  -44.461745     -0.45192167E-01
  -44.541426      0.67482211E-01
  -44.621107      0.35048116E-01
  -44.700788      0.38644601E-01
  -44.780469      0.25695497E-01
  -44.860150     -0.43550786E-01
  -44.939831     -0.50142547E-02
  -45.019512      0.10447198    
  -45.099193      0.41075751E-01
  -45.178874     -0.98978922E-01
  -45.258555     -0.99526674E-01
  -45.338236     -0.10885961    
  -45.417917     -0.83590515E-01
  -45.497598     -0.30891154E-01
  -45.577279     -0.21347173E-02
  -45.656960      0.98532541E-02
  -45.736641     -0.34323342E-01
  -45.816322     -0.86804435E-01
  -45.896003     -0.78827664E-01
  -45.975684      0.96082110E-02
  -46.055365      0.56803551E-01
  -46.135046      0.33440400E-01
  -46.214727     -0.28677096E-02
  -46.294408     -0.18990197E-03
  -46.374089     -0.53831980E-01
  -46.453770     -0.93731992E-01
  -46.533451     -0.25314389E-01
  -46.613132     -0.18383099E-01
  -46.692813      0.11095981E-01
  -46.772494      0.58242645E-01
  -46.852175      0.46010739E-02
  -46.931856     -0.27484924E-02
  -47.011537     -0.27156936E-01
  -47.091218     -0.76512478E-01
  -47.170899     -0.31182982E-01
  -47.250580      0.22682326E-01
  -47.330261      0.48705794E-01
  -47.409942      0.68277329E-01
  -47.489623      0.63878037E-01
  -47.569304      0.71434140E-01
  -47.648985      0.16058983E-01
  -47.728666     -0.65274514E-01
  -47.808347     -0.64274687E-02
  -47.888028      0.76365903E-01
  -47.967709      0.58846967E-02
  -48.047390      0.45708165E-01
  -48.127071      0.94730601E-01
  -48.206752      0.17742805E-01
  -48.286433      0.82066515E-02
  -48.366114     -0.20837516E-01
  -48.445795     -0.35190873E-01
  -48.525476      0.13748910E-02
  -48.605157      0.37754162E-02
  -48.684838     -0.44782519E-01
  -48.764519     -0.38932238E-01
  -48.844200      0.59470560E-01
  -48.923882      0.11816029    
  -49.003563      0.14147573E-01
  -49.083244     -0.24140345E-01
  -49.162925      0.61897811E-01
  -49.242606      0.15854017    
  -49.322287      0.12134457    
  -49.401968     -0.16232472E-01
  -49.481649     -0.66456892E-01
  -49.561330      0.63216716E-01
  -49.641011      0.14713407    
  -49.720692      0.55812269E-01
  -49.800373      0.39526243E-01
  -49.880054     -0.30437028E-01
  -49.959735     -0.32305900E-01
  -50.039416      0.88160165E-01
  -50.119097      0.19688465E-01
  -50.198778      0.16306439E-01
  -50.278459      0.88035360E-01
  -50.358140      0.43178860E-01
  -50.437821      0.11006602    
  -50.517502      0.11691392    
  -50.597183     -0.18616578E-02
  -50.676864      0.33528998E-03
  -50.756545      0.76855928E-01
  -50.836226      0.38628604E-01
  -50.915907     -0.55476751E-01
  -50.995588     -0.43100934E-01
  -51.075269      0.94141683E-03
  -51.154950     -0.94370116E-02
  -51.234631      0.12324945E-01
  -51.314312      0.38696591E-01
  -51.393993      0.39860897E-01
  -51.473674      0.59848488E-02
  -51.553355     -0.29609894E-01
  -51.633036     -0.28003933E-01
  -51.712717     -0.19558216E-01
  -51.792398     -0.61682541E-01
  -51.872079     -0.64088792E-01
  -51.951760      0.21797756E-02
  -52.031441     -0.15321863E-01
  -52.111122     -0.45959946E-01
  -52.190803     -0.33791333E-01
  -52.270484      0.92732549E-01
  -52.350165      0.68004258E-01
  -52.429846      0.35037939E-01
  -52.509527      0.15908586E-01
  -52.589208     -0.61497923E-01
  -52.668889      0.33854824E-01
  -52.748570     -0.16392272E-02
  -52.828251      0.12648594E-01
  -52.907932      0.44353954E-01
  -52.987613      0.44762064E-02
  -53.067294      0.12664651E-01
  -53.146975     -0.57190258E-01
  -53.226656      0.64405432E-03
  -53.306337      0.46167299E-01
  -53.386018     -0.26380621E-01
  -53.465699      0.27112733E-02
  -53.545380      0.20407686E-01
  -53.625061     -0.19639691E-02
  -53.704743      0.40275667E-01
  -53.784424      0.13698622E-01
  -53.864105     -0.25372006E-01
  -53.943786      0.27058122E-02
  -54.023467     -0.36040492E-01
  -54.103148      0.31289697E-01
  -54.182829      0.61285406E-01
  -54.262510      0.49521569E-01
  -54.342191      0.90907060E-01
  -54.421872     -0.10581664E-01
  -54.501553     -0.19142030E-01
  -54.581234      0.17194590E-01
  -54.660915     -0.77075034E-01
  -54.740596     -0.36953770E-01
  -54.820277      0.76790802E-01
  -54.899958      0.74603066E-01
  -54.979639      0.11546674    
  -55.059320      0.66189542E-01
  -55.139001     -0.25822766E-01
  -55.218682     -0.20901623E-03
  -55.298363     -0.42643402E-01
  -55.378044     -0.29719828E-01
  -55.457725      0.61914071E-01
  -55.537406      0.44570811E-01
  -55.617087      0.19014660E-01
  -55.696768      0.57433493E-01
  -55.776449      0.21915233E-01
  -55.856130     -0.32080311E-01
  -55.935811      0.18536126E-01
  -56.015492     -0.34896007E-02
  -56.095173     -0.10537211    
  -56.174854     -0.17460024E-01
  -56.254535      0.39167218E-01
  -56.334216      0.44637464E-01
  -56.413897      0.29572969E-01
  -56.493578     -0.15963394E-01
  -56.573259     -0.12733296E-01
  -56.652940      0.29355206E-01
  -56.732621     -0.29394448E-01
  -56.812302     -0.74491091E-01
  -56.891983     -0.28079741E-01
  -56.971664     -0.60835481E-01
  -57.051345      0.34586679E-01
  -57.131026     -0.30167306E-01
  -57.210707     -0.26142816E-02
  -57.290388      0.79135932E-01
  -57.370069     -0.29166542E-01
  -57.449750     -0.51537681E-01
  -57.529431      0.12735975E-01
  -57.609112      0.17063361E-01
  -57.688793     -0.74583538E-01
  -57.768474     -0.81035212E-01
  -57.848155     -0.76242950E-03
  -57.927836     -0.18519220E-02
  -58.007517      0.39437670E-01
  -58.087198      0.12668934    
  -58.166879      0.74328691E-01
  -58.246560      0.42576659E-01
  -58.326241      0.26369346E-01
  -58.405922     -0.24502732E-01
  -58.485603     -0.15653331E-01
  -58.565285      0.51752619E-01
  -58.644966      0.38594630E-01
  -58.724647     -0.89959940E-03
  -58.804328     -0.26980424E-02
  -58.884009      0.10922285    
  -58.963690      0.46341196E-01
  -59.043371     -0.63996434E-01
  -59.123052      0.48108108E-01
  -59.202733      0.27254740E-01
  -59.282414     -0.27453817E-01
  -59.362095      0.22289505E-01
  -59.441776      0.30242292E-01
  -59.521457      0.69847754E-02
  -59.601138     -0.29039072E-01
  -59.680819      0.57188966E-02
  -59.760500      0.57869617E-01
  -59.840181     -0.57675403E-01
  -59.919862     -0.22695195E-01
  -59.999543      0.46997774E-01
  -60.079224      0.11616078E-01
  -60.158905      0.21258814E-01
  -60.238586     -0.56667641E-01
  -60.318267     -0.49827918E-01
  -60.397948      0.19644551E-01
  -60.477629      0.14724908E-01
  -60.557310      0.30368576E-01
  -60.636991      0.72990738E-01
  -60.716672      0.54911710E-01
  -60.796353     -0.83638228E-01
  -60.876034     -0.77723682E-01
  -60.955715      0.76945163E-01
  -61.035396      0.61312370E-01
  -61.115077     -0.31699393E-01
  -61.194758     -0.10614668E-01
  -61.274439      0.22664975E-01
  -61.354120      0.71749397E-01
  -61.433801      0.58549298E-02
  -61.513482     -0.77378713E-01
  -61.593163      0.18114016E-02
  -61.672844      0.12974434E-01
  -61.752525     -0.49388118E-01
  -61.832206     -0.24435278E-01
  -61.911887      0.34445390E-01
  -61.991568      0.29684728E-01
  -62.071249      0.31796381E-01
  -62.150930      0.48987959E-01
  -62.230611     -0.43666806E-01
  -62.310292     -0.30860389E-01
  -62.389973      0.13550283    
  -62.469654      0.69363646E-01
  -62.549335     -0.52581120E-01
  -62.629016     -0.18745373E-03
  -62.708697     -0.30235237E-01
  -62.788378     -0.41259948E-01
  -62.868059      0.81767045E-01
  -62.947740      0.67926355E-01
  -63.027421      0.32951370E-01
  -63.107102      0.11471661    
  -63.186783      0.11759568    
  -63.266464      0.13350703    
  -63.346146      0.10925538    
  -63.425827      0.39001617E-02
  -63.505508      0.76584235E-01
  -63.585189      0.10668650    
  -63.664870      0.76728836E-01
  -63.744551      0.51104434E-01
  -63.824232      0.18252472E-02
  -63.903913      0.32829589E-02
  -63.983594     -0.59574891E-01
  -64.063275     -0.83238311E-01
  -64.142956      0.74643150E-01
  -64.222637      0.14373305    
  -64.302318      0.32513347E-01
  -64.381999     -0.56312237E-01
  -64.461680     -0.33835080E-01
  -64.541361      0.13281262E-01
  -64.621042      0.22073880E-01
  -64.700723      0.53429913E-01
  -64.780404      0.59668208E-02
  -64.860085      0.10433511E-01
  -64.939766     -0.26454275E-01
  -65.019447     -0.57053397E-03
  -65.099128      0.10817923    
  -65.178809     -0.16184485E-01
  -65.258490      0.30103488E-01
  -65.338171      0.89457117E-01
  -65.417852      0.97175770E-01
  -65.497533      0.65879956E-01
  -65.577214      0.41187175E-01
  -65.656895      0.83465144E-01
  -65.736576      0.55796385E-01
  -65.816257      0.44393748E-01
  -65.895938      0.45153059E-01
  -65.975619     -0.19056221E-01
  -66.055300     -0.93707114E-01
  -66.134981      0.16454628E-02
  -66.214662      0.37531354E-01
  -66.294343      0.19306445E-01
  -66.374024      0.78448214E-01
  -66.453705      0.53816006E-01
  -66.533386     -0.12043174E-01
  -66.613067     -0.12842851E-01
  -66.692748      0.63034043E-01
  -66.772429      0.64453617E-01
  -66.852110      0.14899491E-01
  -66.931791      0.20500258E-01
  -67.011472      0.95567876E-03
  -67.091153     -0.17486470E-01
  -67.170834     -0.34903910E-01
  -67.250515      0.31143855E-01
  -67.330196      0.52031152E-01
  -67.409877     -0.12388041E-01
  -67.489558      0.19671868E-02
  -67.569239      0.18707519E-01
  -67.648920     -0.26151486E-01
  -67.728601     -0.87290779E-01
  -67.808282      0.42439085E-02
  -67.887963      0.48383020E-01
  -67.967644     -0.22268241E-01
  -68.047325      0.17608045E-01
  -68.127006      0.42355996E-01
  -68.206688      0.51339958E-01
  -68.286369      0.59027463E-01
  -68.366050     -0.38723674E-01
  -68.445731     -0.47096938E-01
  -68.525412      0.65820403E-01
  -68.605093      0.41556548E-01
  -68.684774      0.53998441E-02
  -68.764455      0.30489169E-01
  -68.844136      0.10003592    
  -68.923817      0.52373715E-01
  -69.003498     -0.23155343E-01
  -69.083179     -0.32808956E-01
  -69.162860     -0.53850744E-01
  -69.242541      0.63539855E-01
  -69.322222      0.80463432E-01
  -69.401903     -0.13047124E-02
  -69.481584     -0.35850916E-01
  -69.561265      0.28925382E-01
  -69.640946      0.94675034E-01
  -69.720627      0.66028401E-01
  -69.800308      0.12601278E-01
  -69.879989     -0.26141959E-02
  -69.959670     -0.28791355E-01
  -70.039351     -0.13059111    
  -70.119032     -0.68832874E-01
  -70.198713      0.78342497E-01
  -70.278394      0.24175694E-01
  -70.358075     -0.16384196E-01
  -70.437756      0.71803834E-02
  -70.517437     -0.54789804E-01
  -70.597118     -0.25857205E-01
  -70.676799     -0.60525093E-01
  -70.756480     -0.10180113    
  -70.836161      0.52330282E-01
  -70.915842      0.77622406E-01
  -70.995523      0.22456843E-01
  -71.075204      0.33833910E-01
  -71.154885     -0.19256361E-01
  -71.234566     -0.10268050E-01
  -71.314247      0.51531341E-01
  -71.393928      0.20825697E-01
  -71.473609     -0.50861407E-01
  -71.553290     -0.73033907E-01
  -71.632971      0.45126984E-02
  -71.712652      0.28898306E-01
  -71.792333     -0.23847831E-01
  -71.872014     -0.23504224E-01
  -71.951695      0.42261757E-01
  -72.031376      0.91706842E-01
  -72.111057      0.76282717E-01
  -72.190738      0.75808823E-01
  -72.270419     -0.91694687E-02
  -72.350100     -0.30949181E-01
  -72.429781      0.40460661E-01
  -72.509462      0.21829871E-01
  -72.589143     -0.10601331    
  -72.668824     -0.17398618E-01
  -72.748505      0.71216114E-01
  -72.828186     -0.30154807E-01
  -72.907867     -0.68011984E-01
  -72.987548     -0.12096620    
  -73.067230     -0.10401232    
  -73.146911      0.85202930E-02
  -73.226592     -0.43425009E-01
  -73.306273     -0.10956084    
  -73.385954     -0.97231738E-01
  -73.465635      0.31875893E-01
  -73.545316      0.66516794E-01
  -73.624997      0.71245931E-01
  -73.704678      0.10781036    
  -73.784359     -0.30997546E-01
  -73.864040     -0.10050185    
  -73.943721     -0.10571177    
  -74.023402     -0.13359194    
  -74.103083     -0.17328521E-01
  -74.182764      0.97682402E-01
  -74.262445      0.16408460E-01
  -74.342126     -0.80692887E-01
  -74.421807     -0.22706766E-01
  -74.501488     -0.52807055E-01
  -74.581169     -0.10870256    
  -74.660850     -0.15602277    
  -74.740531     -0.16693912    
  -74.820212     -0.10290026    
  -74.899893     -0.46702757E-01
  -74.979574      0.75752236E-01
  -75.059255      0.10841241    
  -75.138936      0.76676905E-01
  -75.218617      0.46827648E-01
  -75.298298      0.14385767E-01
  -75.377979      0.22826608E-01
  -75.457660     -0.39761603E-01
  -75.537341     -0.62005416E-01
  -75.617022      0.66363318E-02
  -75.696703      0.12119991E-01
  -75.776384      0.12111509E-01
  -75.856065     -0.17040523E-01
  -75.935746     -0.43733206E-01
  -76.015427     -0.37365057E-01
  -76.095108     -0.28478116E-01
  -76.174789      0.48582098E-02
  -76.254470      0.61732277E-01
  -76.334151      0.32887582E-01
  -76.413832      0.36585666E-02
  -76.493513      0.57966247E-01
  -76.573194      0.36030252E-01
  -76.652875     -0.36343686E-01
  -76.732556     -0.57762742E-01
  -76.812237     -0.65573886E-01
  -76.891918     -0.37530024E-01
  -76.971599      0.43134533E-01
  -77.051280      0.26028680E-02
  -77.130961     -0.21915982E-01
  -77.210642      0.30756298E-01
  -77.290323      0.21544633E-01
  -77.370004      0.69206640E-01
  -77.449685      0.29606536E-01
  -77.529366      0.19602386E-01
  -77.609047      0.35378136E-01
  -77.688728     -0.35169877E-01
  -77.768409     -0.54245979E-01
  -77.848091     -0.39112560E-01
  -77.927772      0.60582712E-01
  -78.007453      0.97168453E-01
  -78.087134      0.28821835E-01
  -78.166815      0.72897971E-01
  -78.246496     -0.31724654E-01
  -78.326177     -0.54707453E-01
  -78.405858      0.13573527    
  -78.485539      0.82029067E-01
  -78.565220     -0.68937452E-02
  -78.644901     -0.79138115E-01
  -78.724582     -0.27763003E-01
  -78.804263      0.31732447E-01
  -78.883944     -0.14191037E-01
  -78.963625     -0.65290093E-01
  -79.043306     -0.60290974E-01
  -79.122987     -0.16927227E-01
  -79.202668     -0.24488509E-01
  -79.282349     -0.24595875E-01
  -79.362030      0.33096038E-01
  -79.441711      0.75995728E-01
  -79.521392      0.27062893E-01
  -79.601073     -0.10271711E-01
  -79.680754     -0.32804492E-02
  -79.760435      0.28868955E-01
  -79.840116     -0.16841201E-01
  -79.919797     -0.68754624E-02
  -79.999478     -0.38071323E-01
  -80.079159      0.60200255E-01
  -80.158840      0.86291529E-01
  -80.238521     -0.19362992E-01
  -80.318202      0.17132591E-01
  -80.397883     -0.30555423E-01
  -80.477564     -0.78636080E-01
  -80.557245     -0.64466365E-01
  -80.636926      0.58507625E-01
  -80.716607      0.13166097    
  -80.796288      0.13465512    
  -80.875969      0.78502662E-01
  -80.955650      0.29304642E-01
  -81.035331      0.98003671E-02
  -81.115012      0.24401715E-01
  -81.194693      0.10649704    
  -81.274374      0.76553077E-01
  -81.354055      0.46375647E-01
  -81.433736      0.51593281E-01
  -81.513417      0.25105642E-01
  -81.593098      0.19874029E-01
  -81.672779      0.41552428E-01
  -81.752460     -0.78334650E-02
  -81.832141     -0.52996848E-01
  -81.911822     -0.65703891E-01
  -81.991503     -0.61244532E-01
  -82.071184     -0.38399938E-01
  -82.150865     -0.45052025E-01
  -82.230546     -0.55244550E-01
  -82.310227      0.10077887E-01
  -82.389908      0.18732745E-01
  -82.469589     -0.77228103E-03
  -82.549270      0.23259975E-02
  -82.628951      0.36375485E-02
  -82.708633     -0.54819090E-02
  -82.788314      0.10641448E-01
  -82.867995      0.30224718E-01
  -82.947676      0.21409828E-01
  -83.027357      0.76336255E-02
  -83.107038      0.31330291E-01
  -83.186719      0.10263730    
  -83.266400      0.27877798E-01
  -83.346081     -0.30572310E-01
  -83.425762      0.81576845E-02
  -83.505443      0.12664595E-01
  -83.585124     -0.37677310E-01
  -83.664805     -0.48802778E-01
  -83.744486     -0.28820638E-01
  -83.824167      0.21367339E-01
  -83.903848     -0.11359467E-01
  -83.983529     -0.52294705E-01
  -84.063210     -0.41477822E-01
  -84.142891     -0.68699770E-01
  -84.222572     -0.30750822E-01
  -84.302253     -0.93129780E-02
  -84.381934      0.40500864E-01
  -84.461615      0.76420568E-01
  -84.541296      0.53375203E-01
  -84.620977     -0.24797747E-01
  -84.700658     -0.38356695E-01
  -84.780339      0.31552684E-01
  -84.860020      0.44367798E-01
  -84.939701      0.17361587E-01
  -85.019382     -0.23467559E-01
  -85.099063     -0.68599726E-02
  -85.178744     -0.26059026E-01
  -85.258425     -0.63723288E-01
  -85.338106     -0.74005283E-01
  -85.417787     -0.10025184    
  -85.497468     -0.11828245    
  -85.577149     -0.13380550    
  -85.656830     -0.17520685    
  -85.736511     -0.10072006    
  -85.816192      0.27842339E-01
  -85.895873      0.48791803E-01
  -85.975554     -0.34751609E-01
  -86.055235     -0.28262790E-01
  -86.134916     -0.43937985E-01
  -86.214597     -0.84962338E-01
  -86.294278     -0.12075198E-01
  -86.373959     -0.54341852E-03
  -86.453640     -0.27045254E-01
  -86.533321     -0.61982371E-01
  -86.613002     -0.71081094E-01
  -86.692683     -0.67149781E-01
  -86.772364     -0.65088771E-01
  -86.852045     -0.61989188E-01
  -86.931726     -0.49204551E-01
  -87.011407      0.72194361E-02
  -87.091088     -0.22596685E-01
  -87.170769     -0.99575266E-01
  -87.250450     -0.37715659E-01
  -87.330131      0.11296158    
  -87.409812      0.10517871    
  -87.489494      0.27605671E-01
  -87.569175     -0.43716796E-01
  -87.648856     -0.64670913E-01
  -87.728537     -0.14921117E-01
  -87.808218     -0.22088367E-01
  -87.887899     -0.15066006E-01
  -87.967580     -0.29457282E-01
  -88.047261     -0.14039846E-01
  -88.126942      0.36386833E-01
  -88.206623      0.27214549E-01
  -88.286304      0.29159442E-01
  -88.365985      0.50527908E-01
  -88.445666      0.28832426E-01
  -88.525347      0.22269187E-01
  -88.605028      0.39749537E-02
  -88.684709     -0.45197442E-01
  -88.764390     -0.35839587E-01
  -88.844071     -0.31349815E-01
  -88.923752     -0.82240015E-01
  -89.003433     -0.43811049E-01
  -89.083114     -0.13705975E-01
  -89.162795      0.10895939    
  -89.242476      0.13472556    
  -89.322157     -0.23904627E-01
  -89.401838     -0.60835544E-01
  -89.481519     -0.40695574E-01
  -89.561200     -0.83896620E-02
  -89.640881     -0.51049538E-01
  -89.720562     -0.54482996E-01
  -89.800243      0.26645130E-02
  -89.879924      0.72733946E-02
  -89.959605     -0.18209735E-01
  -90.039286     -0.13755271E-02
  -90.118967      0.37425939E-01
  -90.198648      0.38342990E-01
  -90.278329      0.21315817E-01
  -90.358010      0.12157844E-01
  -90.437691      0.16798312E-01
  -90.517372     -0.26558798E-01
  -90.597053      0.53372018E-01
  -90.676734      0.87462701E-01
  -90.756415      0.29756000E-01
  -90.836096      0.66643208E-01
  -90.915777      0.89266963E-01
  -90.995458      0.22499628E-01
  -91.075139     -0.14569693E-01
  -91.154820     -0.21970704E-01
  -91.234501      0.20888578E-01
  -91.314182      0.12216390E-01
  -91.393863     -0.59065917E-02
  -91.473544      0.12740836E-01
  -91.553225      0.29645240E-01
  -91.632906      0.12679849E-01
  -91.712587     -0.31293470E-01
  -91.792268     -0.43100384E-02
  -91.871949     -0.54200750E-01
  -91.951630     -0.20022130E-01
  -92.031311     -0.21713326E-01
  -92.110992     -0.29504985E-01
  -92.190673      0.35291851E-01
  -92.270354     -0.30407781E-01
  -92.350036     -0.56062784E-01
  -92.429717     -0.34557439E-01
  -92.509398     -0.46527643E-01
  -92.589079     -0.45896466E-02
  -92.668760      0.11058345    
  -92.748441      0.64016111E-01
  -92.828122     -0.34392923E-01
  -92.907803      0.42945813E-01
  -92.987484      0.10068353    
  -93.067165      0.60375620E-01
  -93.146846     -0.24615027E-01
  -93.226527     -0.15493152E-01
  -93.306208     -0.31184956E-01
  -93.385889      0.31607956E-01
  -93.465570      0.16404282E-01
  -93.545251      0.31750118E-02
  -93.624932      0.71947619E-01
  -93.704613      0.30611400E-01
  -93.784294      0.12261388    
  -93.863975      0.77912986E-01
  -93.943656     -0.12860119E-01
  -94.023337      0.17843068E-01
  -94.103018      0.43526843E-01
  -94.182699      0.81907079E-03
  -94.262380      0.51196534E-01
  -94.342061      0.10664628    
  -94.421742      0.43066360E-01
  -94.501423     -0.77686042E-01
  -94.581104     -0.14571124    
  -94.660785     -0.37594773E-01
  -94.740466      0.28832000E-01
  -94.820147      0.17457297E-01
  -94.899828      0.15751259E-01
  -94.979509      0.48577759E-01
  -95.059190      0.25961040E-01
  -95.138871      0.13892032E-01
  -95.218552     -0.31448572E-02
  -95.298233      0.35437472E-01
  -95.377914      0.64296760E-01
  -95.457595     -0.30432098E-01
  -95.537276     -0.52524056E-01
  -95.616957     -0.25270710E-01
  -95.696638     -0.82214950E-02
  -95.776319      0.19388778E-01
  -95.856000      0.22870287E-01
  -95.935681      0.56471623E-01
  -96.015362      0.51731095E-01
  -96.095043      0.95054545E-02
  -96.174724     -0.37311289E-01
  -96.254405      0.24307618E-01
  -96.334086      0.50648253E-01
  -96.413767      0.57878491E-01
  -96.493448      0.68511233E-01
  -96.573129      0.61662664E-03
  -96.652810     -0.84577501E-02
  -96.732491      0.45855939E-01
  -96.812172      0.10769010    
  -96.891853      0.33923678E-01
  -96.971534     -0.38534172E-01
  -97.051215     -0.10306234E-01
  -97.130896      0.35462402E-01
  -97.210578      0.52123815E-01
  -97.290259      0.74734628E-01
  -97.369940      0.92192665E-01
  -97.449621      0.99977374E-01
  -97.529302      0.66558637E-01
  -97.608983      0.67780666E-01
  -97.688664      0.54131195E-01
  -97.768345      0.67439098E-02
  -97.848026      0.95398241E-03
  -97.927707     -0.36237966E-01
  -98.007388      0.96089573E-03
  -98.087069      0.21274388E-01
  -98.166750     -0.29039918E-01
  -98.246431     -0.47354236E-01
  -98.326112      0.47069669E-01
  -98.405793      0.12383879    
  -98.485474      0.22910545E-01
  -98.565155     -0.16735200E-01
  -98.644836      0.59317932E-02
  -98.724517     -0.44817615E-01
  -98.804198     -0.49717840E-01
  -98.883879      0.14622804E-01
  -98.963560     -0.16428320E-01
  -99.043241      0.20376109E-02
  -99.122922      0.27724866E-01
  -99.202603      0.10828153E-01
  -99.282284     -0.22700083E-03
  -99.361965     -0.20503389E-01
  -99.441646      0.72723888E-01
  -99.521327      0.10084672    
  -99.601008      0.32857746E-01
  -99.680689     -0.65089002E-01
  -99.760370     -0.47870852E-01
  -99.840051      0.91380682E-02
  -99.919732     -0.64043000E-01
  -99.999413     -0.35396311E-01
  -100.07909     -0.16870061E-01
  -100.15878     -0.88551924E-01
  -100.23846     -0.88817544E-01
  -100.31814     -0.35304997E-01
  -100.39782     -0.50742319E-02
  -100.47750      0.10457654E-02
  -100.55718      0.67291006E-01
  -100.63686      0.24348335E-01
  -100.71654      0.13862387E-01
  -100.79622      0.37003778E-01
  -100.87590      0.11702105    
  -100.95559      0.13823341    
  -101.03527      0.53146258E-01
  -101.11495      0.12672761E-01
  -101.19463      0.41441649E-01
  -101.27431      0.10630453    
  -101.35399      0.37569676E-01
  -101.43367      0.24723172E-01
  -101.51335      0.82868345E-01
  -101.59303      0.44780720E-01
  -101.67271     -0.63345820E-01
  -101.75240     -0.30211980E-01
  -101.83208      0.11182155    
  -101.91176      0.83736509E-01
  -101.99144      0.30129245E-01
  -102.07112     -0.99799968E-02
  -102.15080     -0.55788245E-01
  -102.23048     -0.16847286E-01
  -102.31016     -0.82104625E-02
  -102.38984      0.10714953E-01
  -102.46952     -0.28980864E-01
  -102.54921      0.28675675E-01
  -102.62889      0.10057104    
  -102.70857      0.91429882E-01
  -102.78825      0.49646873E-01
  -102.86793      0.18183427E-01
  -102.94761      0.97723650E-02
  -103.02729      0.67109345E-02
  -103.10697      0.19003097E-01
  -103.18665     -0.11743034E-01
  -103.26633      0.26187152E-01
  -103.34602      0.15850015E-01
  -103.42570     -0.35432447E-02
  -103.50538     -0.30870824E-02
  -103.58506     -0.10392326E-01
  -103.66474      0.10298590    
  -103.74442      0.11130439    
  -103.82410      0.76011824E-02
  -103.90378      0.57478555E-01
  -103.98346      0.45454513E-01
  -104.06314      0.32275818E-01
  -104.14283      0.11196382    
  -104.22251      0.48890699E-01
  -104.30219      0.13602985E-01
  -104.38187     -0.28443221E-01
  -104.46155     -0.41217655E-01
  -104.54123      0.16204162E-01
  -104.62091     -0.41007776E-01
  -104.70059     -0.13263479    
  -104.78027     -0.36627509E-01
  -104.85996      0.65367058E-01
  -104.93964     -0.50568659E-01
  -105.01932     -0.14001042E-01
  -105.09900      0.64942159E-01
  -105.17868      0.66790134E-01
  -105.25836      0.53791825E-01
  -105.33804      0.25545666E-01
  -105.41772      0.20765267E-01
  -105.49740      0.39607640E-01
  -105.57708      0.37451505E-02
  -105.65677      0.67431391E-02
  -105.73645      0.46591464E-01
  -105.81613      0.51192675E-01
  -105.89581      0.10555088    
  -105.97549      0.39626975E-01
  -106.05517     -0.17228561E-01
  -106.13485      0.42982836E-03
  -106.21453     -0.14475855E-01
  -106.29421      0.14914572E-01
  -106.37389      0.53588960E-01
  -106.45358     -0.56299609E-02
  -106.53326     -0.22526570E-01
  -106.61294      0.15757609E-01
  -106.69262      0.31388607E-01
  -106.77230      0.32432344E-01
  -106.85198      0.66506937E-01
  -106.93166      0.43263305E-01
  -107.01134     -0.18469911E-01
  -107.09102     -0.52459307E-01
  -107.17070     -0.55701431E-01
  -107.25039     -0.57038628E-01
  -107.33007      0.84712496E-02
  -107.40975      0.58213979E-01
  -107.48943      0.51604465E-01
  -107.56911      0.83307400E-01
  -107.64879      0.55537093E-01
  -107.72847      0.32451946E-01
  -107.80815      0.10740426E-01
  -107.88783      0.10764074E-01
  -107.96751      0.65444112E-01
  -108.04720      0.98407641E-01
  -108.12688      0.39709467E-01
  -108.20656     -0.65689780E-01
  -108.28624     -0.10682908E-02
  -108.36592      0.49194816E-01
  -108.44560     -0.12786347    
  -108.52528     -0.10954800    
  -108.60496      0.29464995E-01
  -108.68464      0.57937810E-02
  -108.76432     -0.87374644E-02
  -108.84401     -0.21771725E-01
  -108.92369     -0.57515662E-01
  -109.00337     -0.80207989E-01
  -109.08305     -0.64170897E-01
  -109.16273      0.32353722E-01
  -109.24241      0.39347194E-01
  -109.32209     -0.63988608E-02
