   185.94983     -0.27890315E-01
   185.67857     -0.35210375E-01
   185.40730      0.73643471E-03
   185.13604      0.48799748E-02
   184.86478     -0.55640433E-02
   184.59352     -0.35171881E-01
   184.32226     -0.23293871E-01
   184.05100      0.44457454E-01
   183.77974      0.71360081E-01
   183.50848     -0.46531423E-02
   183.23722     -0.16134644E-01
   182.96596      0.14439532E-01
   182.69469      0.13211486E-01
   182.42343     -0.10021099E-01
   182.15217      0.11100497E-01
   181.88091      0.31929426E-01
   181.60965      0.56917023E-01
   181.33839      0.68314548E-03
   181.06713      0.33158404E-02
   180.79587      0.20468781E-01
   180.52461      0.10230944E-02
   180.25335      0.57358295E-03
   179.98209     -0.40207379E-02
   179.71082     -0.18091137E-01
   179.43956      0.36771302E-02
   179.16830      0.63554691E-02
   178.89704      0.41402462E-02
   178.62578      0.80234313E-03
   178.35452     -0.32877035E-01
   178.08326     -0.27151156E-01
   177.81200      0.26585937E-01
   177.54074     -0.29728558E-01
   177.26948     -0.29588479E-03
   176.99821      0.28619952E-02
   176.72695     -0.13031503E-02
   176.45569      0.51733283E-02
   176.18443      0.32636605E-01
   175.91317     -0.13345200E-01
   175.64191      0.10622580E-01
   175.37065      0.35095967E-01
   175.09939      0.50478879E-01
   174.82813     -0.18069647E-01
   174.55687      0.11901205E-01
   174.28561     -0.20086151E-02
   174.01434      0.84369276E-02
   173.74308     -0.18803550E-01
   173.47182     -0.62624022E-01
   173.20056     -0.39660402E-01
   172.92930     -0.39752211E-01
   172.65804     -0.19510897E-01
   172.38678     -0.41028026E-01
   172.11552     -0.28229323E-02
   171.84426     -0.19172957E-01
   171.57300     -0.47221117E-01
   171.30174     -0.32592423E-01
   171.03047      0.19272446E-02
   170.75921     -0.40247940E-01
   170.48795      0.18957928E-01
   170.21669      0.21993857E-01
   169.94543      0.20923059E-01
   169.67417      0.51625934E-02
   169.40291      0.85252766E-02
   169.13165      0.39803363E-01
   168.86039      0.25863331E-01
   168.58913     -0.22034377E-01
   168.31786      0.34935471E-01
   168.04660      0.35175074E-01
   167.77534      0.27686048E-01
   167.50408     -0.38005528E-02
   167.23282      0.33503834E-01
   166.96156      0.14566546E-02
   166.69030     -0.71658748E-02
   166.41904      0.18623305E-01
   166.14778     -0.73356181E-02
   165.87652     -0.15655871E-01
   165.60526      0.21348417E-01
   165.33399     -0.13506050E-01
   165.06273      0.13796639E-01
   164.79147      0.11201069E-01
   164.52021     -0.20146607E-02
   164.24895      0.11573039E-01
   163.97769     -0.51639732E-01
   163.70643      0.12644161E-01
   163.43517      0.13775541E-02
   163.16391      0.20777052E-01
   162.89265      0.18230969E-01
   162.62138      0.36675697E-02
   162.35012      0.18515889E-01
   162.07886     -0.39912496E-01
   161.80760     -0.24044313E-01
   161.53634     -0.51049620E-01
   161.26508      0.17516339E-02
   160.99382     -0.17785391E-01
   160.72256     -0.28995572E-01
   160.45130     -0.44514462E-01
   160.18004      0.30541569E-02
   159.90878      0.13816763E-01
   159.63751     -0.28733736E-01
   159.36625      0.78933444E-02
   159.09499     -0.12371388E-01
   158.82373     -0.74549075E-02
   158.55247     -0.39910313E-01
   158.28121      0.57981787E-02
   158.00995      0.16062310E-01
   157.73869      0.20969488E-01
   157.46743      0.25897501E-01
   157.19617     -0.15193874E-02
   156.92490      0.24080906E-01
   156.65364      0.40349610E-01
   156.38238      0.13863171E-01
   156.11112      0.16705526E-01
   155.83986     -0.47478095E-01
   155.56860     -0.78320161E-01
   155.29734      0.68378882E-02
   155.02608      0.45469686E-01
   154.75482     -0.25141075E-01
   154.48356     -0.35058342E-01
   154.21230     -0.12463433E-01
   153.94103     -0.51249922E-02
   153.66977      0.16536815E-01
   153.39851     -0.33342259E-02
   153.12725     -0.83832685E-02
   152.85599     -0.20519078E-01
   152.58473     -0.55664379E-01
   152.31347     -0.80125732E-02
   152.04221      0.10367019E-01
   151.77095      0.13164723E-01
   151.49969     -0.57824957E-02
   151.22842     -0.13146490E-01
   150.95716     -0.27681094E-01
   150.68590     -0.43976460E-01
   150.41464     -0.11292966E-02
   150.14338      0.23373414E-01
   149.87212     -0.18466119E-01
   149.60086      0.44394862E-01
   149.32960      0.17279988E-01
   149.05834      0.21337487E-01
   148.78708      0.10084000E-01
   148.51582      0.34177527E-01
   148.24455      0.29177610E-01
   147.97329     -0.21086192E-01
   147.70203      0.35923108E-01
   147.43077     -0.14856147E-01
   147.15951     -0.78589201E-01
   146.88825     -0.21681363E-01
   146.61699     -0.19675873E-01
   146.34573      0.38997349E-02
   146.07447     -0.50434573E-02
   145.80321     -0.10872782E-01
   145.53195      0.19646078E-01
   145.26068     -0.22127150E-01
   144.98942     -0.31912424E-01
   144.71816     -0.21564463E-01
   144.44690     -0.24094116E-01
   144.17564      0.47945851E-02
   143.90438      0.40547758E-01
   143.63312      0.29476173E-01
   143.36186      0.26264844E-01
   143.09060     -0.32943524E-01
   142.81934     -0.22460703E-01
   142.54807      0.34269467E-01
   142.27681      0.34779679E-01
   142.00555      0.34351621E-01
   141.73429     -0.35368945E-01
   141.46303      0.12066743E-01
   141.19177     -0.19542338E-01
   140.92051     -0.33966482E-02
   140.64925      0.15029009E-02
   140.37799      0.24764635E-01
   140.10673      0.43898273E-01
   139.83547     -0.53011803E-02
   139.56420     -0.20788239E-01
   139.29294     -0.23207594E-01
   139.02168     -0.15484723E-01
   138.75042     -0.52994238E-02
   138.47916     -0.19128390E-01
   138.20790      0.34530610E-01
   137.93664      0.26744958E-01
   137.66538     -0.48512466E-01
   137.39412     -0.30458544E-02
   137.12286      0.92442306E-02
   136.85159      0.25214046E-01
   136.58033     -0.49332562E-02
   136.30907      0.18011874E-01
   136.03781     -0.45814021E-02
   135.76655      0.44168875E-01
   135.49529      0.25940214E-02
   135.22403     -0.22814071E-01
   134.95277     -0.33498172E-01
   134.68151      0.91494061E-02
   134.41025      0.98919524E-02
   134.13899     -0.26112877E-01
   133.86772     -0.38730331E-01
   133.59646      0.25621036E-01
   133.32520      0.28977587E-02
   133.05394      0.40141542E-01
   132.78268      0.23379166E-01
   132.51142     -0.22696499E-02
   132.24016     -0.10683511E-01
   131.96890      0.17853715E-01
   131.69764     -0.49375784E-01
   131.42638     -0.21623405E-01
   131.15511      0.25569275E-01
   130.88385     -0.86456947E-02
   130.61259     -0.56078628E-01
   130.34133     -0.27312934E-01
   130.07007     -0.38172696E-01
   129.79881     -0.16414747E-01
   129.52755      0.23319826E-01
   129.25629     -0.44418085E-01
   128.98503     -0.53616369E-03
   128.71377      0.22797566E-03
   128.44251     -0.13626138E-01
   128.17124      0.14888495E-01
   127.89998     -0.28914113E-01
   127.62872     -0.54492266E-02
   127.35746     -0.66538993E-03
   127.08620      0.28651778E-01
   126.81494     -0.38002405E-01
   126.54368     -0.22464661E-01
   126.27242      0.31917743E-01
   126.00116      0.65453626E-01
   125.72990      0.16400903E-01
   125.45864      0.14080135E-01
   125.18737     -0.35546135E-01
   124.91611     -0.87883975E-02
   124.64485      0.20730589E-01
   124.37359      -125.17685    
   124.10233      -500.80322    
   123.83107      -250.42625    
   123.55981     -0.26768997E-01
   123.28855     -0.18253496E-01
   123.01729     -0.13781531E-01
   122.74603      0.40265080E-01
   122.47476     -0.23038153E-01
   122.20350      0.53443350E-01
   121.93224      0.38589844E-02
   121.66098      0.37629581E-02
   121.38972      0.18992146E-01
   121.11846      0.11801372E-01
   120.84720     -0.29115671E-01
   120.57594      0.30770011E-01
   120.30468      0.80639407E-01
   120.03342      0.32371547E-01
   119.76216      0.28531674E-01
   119.49089      0.69533423E-01
   119.21963      0.21072103E-01
   118.94837      0.25424720E-02
   118.67711     -0.45635123E-02
   118.40585      0.45315433E-01
   118.13459      0.46281684E-01
   117.86333     -0.65310001E-02
   117.59207      0.31962536E-01
   117.32081     -0.25552463E-01
   117.04955      0.59296846E-01
   116.77828      0.58995210E-01
   116.50702      0.14466140E-03
   116.23576      0.23005906E-01
   115.96450     -0.80127548E-02
   115.69324      0.27329510E-01
   115.42198      0.34825739E-01
   115.15072      0.28160382E-01
   114.87946      0.86070001E-02
   114.60820      0.36695249E-01
   114.33694      0.18144069E-01
   114.06568      0.23959942E-01
   113.79441      0.17575432E-01
   113.52315      0.28656151E-01
   113.25189      0.42079318E-01
   112.98063     -0.14631849E-01
   112.70937      0.33773605E-01
   112.43811     -0.44778222E-03
   112.16685      0.93842037E-02
   111.89559      0.41761540E-01
   111.62433      0.45116156E-01
   111.35307      0.31866133E-01
   111.08180     -0.27931262E-01
   110.81054     -0.59601571E-02
   110.53928     -0.47418540E-02
   110.26802      0.63367747E-01
   109.99676      0.56855969E-01
   109.72550      0.25445610E-01
   109.45424      0.18685102E-01
   109.18298      0.56599576E-01
   108.91172      0.70766665E-01
   108.64046      0.58083612E-01
   108.36920      0.48055753E-01
   108.09793      0.12076362E-01
   107.82667      0.32938141E-01
   107.55541     -0.49466500E-04
   107.28415      0.13908245E-01
   107.01289      0.70560962E-01
   106.74163      0.16701870E-01
   106.47037     -0.17510187E-01
   106.19911     -0.64648967E-03
   105.92785      0.17446246E-01
   105.65659     -0.51827483E-01
   105.38532      0.11259326E-01
   105.11406      0.43405546E-02
   104.84280     -0.33922695E-01
   104.57154     -0.37915958E-02
   104.30028     -0.30633990E-01
   104.02902      0.32352153E-01
   103.75776      0.28296199E-01
   103.48650      0.40996823E-01
   103.21524      0.59777454E-01
   102.94398      0.73464751E-01
   102.67272      0.54354083E-01
   102.40145      0.24126187E-01
   102.13019      0.51518906E-01
   101.85893      0.35664253E-01
   101.58767      0.77519156E-01
   101.31641      0.19333903E-01
   101.04515     -0.41813282E-02
   100.77389      0.21849984E-01
   100.50263      0.73833233E-02
   100.23137      0.43649554E-01
   99.960106     -0.38642385E-02
   99.688845      0.21014236E-01
   99.417584      0.19834824E-01
   99.146323     -0.29159332E-01
   98.875062     -0.23395333E-01
   98.603801      0.16408142E-01
   98.332540      0.32807872E-01
   98.061279      0.67915305E-01
   97.790018      0.57770304E-01
   97.518757      0.22961473E-01
   97.247497      0.17129377E-01
   96.976236      0.73938626E-02
   96.704975      0.78108720E-03
   96.433714      0.11539007E-01
   96.162453      0.84202392E-02
   95.891192      0.18097233E-01
   95.619931      0.74199140E-02
   95.348670      0.24624087E-01
   95.077409      0.34621522E-01
   94.806148      0.19707823E-01
   94.534887     -0.14618583E-01
   94.263626      0.46428341E-01
   93.992365      0.53461231E-01
   93.721104      0.20526201E-01
   93.449843      0.66712365E-01
   93.178582      0.56727801E-01
   92.907321      0.11950062E-01
   92.636060      0.35493400E-01
   92.364799      0.26411610E-01
   92.093539      0.10591606E-01
   91.822278      0.63031346E-01
   91.551017      0.17325224E-01
   91.279756      0.48237007E-01
   91.008495      0.52049983E-01
   90.737234      0.29700322E-01
   90.465973      0.17157234E-01
   90.194712      0.26286768E-01
   89.923451      0.38426906E-01
   89.652190      0.83999224E-01
   89.380929      0.27893595E-01
   89.109668      0.11093150E-01
   88.838407      0.13319110E-01
   88.567146      0.50855204E-01
   88.295885      0.42134307E-01
   88.024624      0.19535881E-01
   87.753363     -0.16580246E-01
   87.482102      0.51288847E-01
   87.210841      0.51971488E-01
   86.939581      0.34625430E-01
   86.668320      0.10789489E-01
   86.397059      0.38187254E-01
   86.125798      0.20663444E-01
   85.854537      0.31076958E-02
   85.583276      0.16400285E-01
   85.312015      0.61599683E-01
   85.040754      0.16958997E-01
   84.769493      0.34888953E-01
   84.498232      0.22462670E-01
   84.226971     -0.32621566E-02
   83.955710     -0.21309812E-01
   83.684449      0.64711288E-01
   83.413188     -0.23006564E-02
   83.141927      0.39800856E-01
   82.870666      0.11428744E-02
   82.599405     -0.30883532E-02
   82.328144      0.32471206E-01
   82.056883      0.11885722E-01
   81.785623     -0.49608890E-02
   81.514362      0.54648868E-02
   81.243101      0.12019965E-01
   80.971840      0.22951392E-01
   80.700579      0.56987870E-01
   80.429318      0.75047418E-01
   80.158057     -0.87876609E-02
   79.886796      0.39257508E-01
   79.615535      0.23091177E-02
   79.344274      0.64605445E-01
   79.073013      0.64405486E-01
   78.801752      0.55392217E-01
   78.530491      0.32661766E-01
   78.259230      0.59120532E-01
   77.987969      0.42064670E-01
   77.716708     -0.24874676E-02
   77.445447     -0.28986692E-01
   77.174186      0.89605339E-04
   76.902925      0.26428988E-01
   76.631665      0.16309943E-01
   76.360404      0.47027647E-01
   76.089143      0.62976293E-01
   75.817882      0.36699453E-02
   75.546621      0.19797802E-01
   75.275360      0.40508825E-01
   75.004099      0.46018135E-01
   74.732838      0.42717028E-01
   74.461577     -0.26557446E-01
   74.190316     -0.25231965E-01
   73.919055      0.19667221E-01
   73.647794      0.45197681E-02
   73.376533      0.20735687E-01
   73.105272      0.61172467E-01
   72.834011      0.56876298E-01
   72.562750      0.76358892E-01
   72.291489      0.69098681E-01
   72.020228      0.19926030E-01
   71.748968      0.14739693E-02
   71.477707      0.13392374E-01
   71.206446     -0.13112359E-01
   70.935185      0.14613693E-02
   70.663924      0.30855965E-01
   70.392663      0.27823981E-01
   70.121402     -0.66578342E-02
   69.850141     -0.20798504E-01
   69.578880      0.28656214E-01
   69.307619      0.16375083E-01
   69.036358     -0.23764791E-01
   68.765097     -0.25326943E-01
   68.493836      0.38254958E-01
   68.222575      0.52871082E-01
   67.951314      0.37978783E-01
   67.680053      0.41830115E-01
   67.408792      0.31043464E-01
   67.137531      0.59026390E-01
   66.866270      0.64239628E-02
   66.595010      0.64326972E-01
   66.323749      0.25992766E-01
   66.052488      0.11163981E-01
   65.781227      0.40774371E-01
   65.509966      0.38842745E-01
   65.238705      0.22160511E-01
   64.967444     -0.25031585E-02
   64.696183      0.42792343E-01
   64.424922      0.25350567E-01
   64.153661      0.58921192E-01
   63.882400     -0.11314605E-01
   63.611139      0.36068879E-01
   63.339878      0.38438335E-01
   63.068617      0.30721337E-01
   62.797356      0.49531888E-01
   62.526095      0.46563216E-01
   62.254834      0.58251552E-01
   61.983573      0.53917665E-01
   61.712312      0.43335121E-01
   61.441052      0.49510472E-01
   61.169791      0.93968613E-02
   60.898530     -0.26653588E-01
   60.627269     -0.11181453E-01
   60.356008      0.22603262E-01
   60.084747      0.17369000E-01
   59.813486      0.20673761E-01
   59.542225      0.49419675E-01
   59.270964      0.30293614E-01
   58.999703      0.13940422E-01
   58.728442      0.74848626E-02
   58.457181      0.29406946E-01
   58.185920      0.70996568E-01
   57.914659      0.45553707E-01
   57.643398      0.65520639E-02
   57.372137     -0.85756229E-02
   57.100876     -0.54704803E-02
   56.829615      0.26853880E-01
   56.558354      0.87922607E-02
   56.287094     -0.57162875E-02
   56.015833      0.46378735E-01
   55.744572      0.85211042E-02
   55.473311     -0.93547981E-02
   55.202050     -0.19076642E-01
   54.930789     -0.29814182E-01
   54.659528      0.25228538E-01
   54.388267      0.30579986E-02
   54.117006      0.65983008E-02
   53.845745      0.23634728E-01
   53.574484     -0.24805628E-01
   53.303223     -0.29053573E-01
   53.031962     -0.24560455E-01
   52.760701     -0.93827359E-02
   52.489440     -0.78285066E-02
   52.218179      0.85413150E-01
   51.946918      0.23286957E-01
   51.675657     -0.10892936E-01
   51.404396      0.32332674E-01
   51.133136      0.26449144E-01
   50.861875     -0.12642911E-01
   50.590614     -0.32566112E-01
   50.319353     -0.13056782E-01
   50.048092      0.17464245E-01
   49.776831      0.57809725E-01
   49.505570     -0.17736185E-01
   49.234309     -0.51467633E-02
   48.963048     -0.10565363E-01
   48.691787     -0.44410031E-01
   48.420526      0.28748944E-01
   48.149265      0.23930673E-01
   47.878004      0.19903215E-01
   47.606743     -0.86246617E-02
   47.335482     -0.10663451E-01
   47.064221      0.21420596E-02
   46.792960      0.34776967E-01
   46.521699      0.23460915E-01
   46.250438      0.83081862E-02
   45.979178     -0.11870154E-01
   45.707917     -0.87891072E-02
   45.436656     -0.28421754E-01
   45.165395      0.13349766E-01
   44.894134     -0.43697674E-01
   44.622873      0.13069322E-01
   44.351612      0.38133409E-01
   44.080351     -0.25184439E-02
   43.809090     -0.81314676E-01
   43.537829     -0.16697763E-01
   43.266568      0.38525008E-01
   42.995307      0.58165967E-01
   42.724046      0.41790076E-01
   42.452785     -0.23113508E-02
   42.181524     -0.10928025E-01
   41.910263      0.26532745E-01
   41.639002     -0.14398859E-01
   41.367741      0.28421881E-01
   41.096480     -0.30693801E-01
   40.825220     -0.48643045E-01
   40.553959      0.22007054E-01
   40.282698     -0.15776485E-01
   40.011437     -0.18072534E-01
   39.740176      0.67446843E-01
   39.468915     -0.19816784E-01
   39.197654     -0.21396691E-01
   38.926393      0.31443320E-01
   38.655132     -0.15209808E-02
   38.383871     -0.71048252E-02
   38.112610      0.45623928E-01
   37.841349      0.72940595E-01
   37.570088      0.75552322E-01
   37.298827      0.26402066E-01
   37.027566      0.97693074E-02
   36.756305     -0.11961834E-01
   36.485044     -0.36012467E-01
   36.213783     -0.12022171E-01
   35.942523     -0.23021910E-01
   35.671262     -0.18299814E-01
   35.400001      0.20351024E-01
   35.128740      0.53484123E-01
   34.857479      0.43255165E-02
   34.586218      0.69534332E-01
   34.314957      0.52164540E-01
   34.043696      0.30344244E-01
   33.772435      0.10268192E-01
   33.501174      0.42421915E-01
   33.229913      0.12345199E-01
   32.958652      0.44326525E-01
   32.687391     -0.56257448E-02
   32.416130      0.12469381E-01
   32.144869      0.40201820E-01
   31.873608      0.76240739E-02
   31.602347      0.63891206E-02
   31.331086      0.20014731E-01
   31.059825      0.31989750E-01
   30.788565      0.70845276E-01
   30.517304      0.20930137E-01
   30.246043      0.77416194E-02
   29.974782      0.82659721E-03
   29.703521      0.60218211E-01
   29.432260      0.64688087E-01
   29.160999      0.28037950E-02
   28.889738      0.83619719E-02
   28.618477      0.23452617E-01
   28.347216     -0.21062501E-01
   28.075955      0.35432382E-02
   27.804694      0.39719503E-01
   27.533433      0.24468428E-01
   27.262172      0.15957117E-01
   26.990911      0.16600981E-01
   26.719650      0.54947272E-01
   26.448389     -0.41555879E-02
   26.177128     -0.70574055E-02
   25.905867     -0.16346429E-01
   25.634607      0.71554050E-01
   25.363346      0.25267107E-01
   25.092085      0.56229733E-01
   24.820824      0.10342551E-01
   24.549563      0.23591673E-01
   24.278302      0.13355641E-01
   24.007041      0.35904296E-01
   23.735780      0.68979599E-02
   23.464519      0.13437206E-02
   23.193258     -0.92115002E-02
   22.921997     -0.72274376E-02
   22.650736      0.39141759E-01
   22.379475      0.71541391E-01
   22.108214      0.11140695E-01
   21.836953     -0.86561693E-02
   21.565692      0.72179846E-01
   21.294431      0.70951976E-01
   21.023170      0.15379672    
   20.751909      0.28337824    
   20.480649      0.30577028    
   20.209388      0.16224131    
   19.938127      0.41706394E-01
   19.666866      0.35303985E-02
   19.395605      0.35816068E-02
   19.124344      0.27715709E-01
   18.853083      0.10251035E-02
   18.581822      0.26587954E-01
   18.310561     -0.13183584E-01
   18.039300      0.51630449E-01
   17.768039      0.19107528E-01
   17.496778      0.80680577E-02
   17.225517      0.37789106E-01
   16.954256      0.35400625E-01
   16.682995      0.40746272E-01
   16.411734      0.83162948E-01
   16.140473      0.19894829    
   15.869212      0.30142605    
   15.597951      0.38469267    
   15.326691      0.31868473    
   15.055430      0.16028866    
   14.784169      0.83791725E-02
   14.512908      0.27519453E-01
   14.241647      0.69246925E-01
   13.970386      0.35341833E-01
   13.699125      0.47499649E-02
   13.427864     -0.33032812E-01
   13.156603      0.38506273E-01
   12.885342      0.45746926E-01
   12.614081      0.21196336E-01
   12.342820     -0.51655602E-02
   12.071559      0.16796906E-01
   11.800298      0.36258716E-01
   11.529037      0.63262388E-01
   11.257776      0.31446196E-01
   10.986515      0.63868478E-01
   10.715254      0.30143907E-01
   10.443993      0.14138151E-01
   10.172733      0.40671177E-01
   9.9014716     -0.10724928E-01
   9.6302106      0.11466848E-01
   9.3589497      0.37517231E-01
   9.0876887      0.39130472E-01
   8.8164278      0.84158249E-01
   8.5451669      0.12235183    
   8.2739059      0.15968920    
   8.0026450      0.83698183E-01
   7.7313840      0.28540123E-01
   7.4601231      0.20371709E-01
   7.1888621      0.12041463E-01
   6.9176012     -0.40361052E-03
   6.6463402      0.29787336E-01
   6.3750793      0.54675244E-01
   6.1038183      0.28691353E-01
   5.8325574     -0.37294833E-02
   5.5612964     -0.95559200E-02
   5.2900355     -0.20714987E-01
   5.0187745      0.50896802E-02
   4.7475136     -0.21587040E-01
   4.4762526      0.37701622E-01
   4.2049917      0.22172863E-01
   3.9337308      0.42808231E-01
   3.6624698     -0.26546616E-01
   3.3912089     -0.26452251E-01
   3.1199479      0.25394671E-02
   2.8486870     -0.69499262E-01
   2.5774260     -0.14867947E-01
   2.3061651     -0.15422921E-01
   2.0349041      0.14270253E-01
   1.7636432     -0.62903523E-01
   1.4923822      0.12931976E-01
   1.2211213      0.67704342E-01
  0.94986034      0.14792674E-01
  0.67859939     -0.44549242E-01
  0.40733844     -0.21262262E-02
  0.13607750     -0.14239615E-02
 -0.13518345      0.13624839E-02
 -0.40644440      0.70072591E-01
 -0.67770534     -0.28314836E-01
 -0.94896629     -0.24304276E-01
  -1.2202272     -0.23861282E-01
  -1.4914882     -0.17630136E-01
  -1.7627491      0.28339867E-02
  -2.0340101      0.32331787E-01
  -2.3052710      0.32355107E-01
  -2.5765320     -0.35434458E-01
  -2.8477929      0.19056633E-01
  -3.1190539      0.31706352E-01
  -3.3903148      0.29690657E-01
  -3.6615758     -0.29236589E-01
  -3.9328367     -0.42016279E-01
  -4.2040977     -0.27090844E-01
  -4.4753586      0.44429850E-01
  -4.7466195      0.22118192E-01
  -5.0178805      0.11539365E-01
  -5.2891414      0.18661287E-01
  -5.5604024      0.32826263E-01
  -5.8316633     -0.14238639E-01
  -6.1029243      0.39232811E-02
  -6.3741852     -0.22031883E-01
  -6.6454462     -0.84495172E-02
  -6.9167071      0.33902999E-01
  -7.1879681      0.28667707E-01
  -7.4592290      0.25023920E-01
  -7.7304900     -0.98317768E-02
  -8.0017509      0.61691701E-01
  -8.2730119      0.85904591E-01
  -8.5442728      0.67939639E-01
  -8.8155338      0.75891979E-01
  -9.0867947      0.37973274E-01
  -9.3580556      0.12013504E-01
  -9.6293166      0.64119417E-02
  -9.9005775      0.29938949E-01
  -10.171838     -0.30640364E-01
  -10.443099      0.98821772E-02
  -10.714360      0.47470458E-01
  -10.985621      0.16863531E-01
  -11.256882      0.32720309E-01
  -11.528143      0.48836913E-01
  -11.799404      0.11415875E-01
  -12.070665      0.11681442E-01
  -12.341926     -0.14872628E-01
  -12.613187      0.78495685E-02
  -12.884448      0.78985013E-01
  -13.155709      0.43403316E-01
  -13.426970      0.19411117E-01
  -13.698231      0.26316000E-01
  -13.969492      0.41205075E-01
  -14.240753      0.33111591E-01
  -14.512014      0.80161355E-01
  -14.783275      0.25305353E-01
  -15.054536      0.35365898E-01
  -15.325796      0.46038229E-01
  -15.597057     -0.92269434E-02
  -15.868318      0.79006981E-02
  -16.139579     -0.97608604E-02
  -16.410840      0.28215464E-01
  -16.682101      0.31428035E-01
  -16.953362      0.66139554E-02
  -17.224623      0.19382080E-01
  -17.495884     -0.13079327E-01
  -17.767145      0.38354630E-02
  -18.038406     -0.66336780E-02
  -18.309667      0.20702895E-01
  -18.580928     -0.46170097E-01
  -18.852189      0.31209767E-01
  -19.123450      0.67322748E-04
  -19.394711      0.62646769E-01
  -19.665972      0.56203395E-01
  -19.937233      0.36180120E-01
  -20.208494     -0.38990073E-02
  -20.479754      0.91049429E-02
  -20.751015      0.13077154E-01
  -21.022276      0.17701639E-02
  -21.293537      0.66383369E-01
  -21.564798      0.15885394E-01
  -21.836059      0.19510921E-01
  -22.107320      0.54552555E-01
  -22.378581      0.17877679E-01
  -22.649842      0.81003951E-02
  -22.921103      0.58241347E-02
  -23.192364     -0.23389557E-01
  -23.463625     -0.47721188E-02
  -23.734886      0.47965299E-01
  -24.006147      0.37321806E-01
  -24.277408      0.91404337E-02
  -24.548669     -0.22054896E-01
  -24.819930      0.18354215E-01
  -25.091191      0.36288682E-01
  -25.362452      0.43896154E-01
  -25.633712      0.80051115E-02
  -25.904973      0.30839667E-01
  -26.176234      0.12950923E-01
  -26.447495      0.15966300E-01
  -26.718756      0.56500360E-03
  -26.990017      0.11123354E-01
  -27.261278     -0.15987309E-01
  -27.532539      0.46418071E-01
  -27.803800      0.57936855E-01
  -28.075061     -0.35722829E-01
  -28.346322      0.18298345E-01
  -28.617583     -0.13514959E-01
  -28.888844     -0.19631002E-02
  -29.160105      0.65164804E-01
  -29.431366      0.14964497E-01
  -29.702627     -0.83967205E-02
  -29.973888      0.48747398E-01
  -30.245149      0.26400585E-01
  -30.516410      0.24049487E-01
  -30.787670      0.61421178E-01
  -31.058931      0.18478423E-01
  -31.330192      0.18343767E-02
  -31.601453      0.50933909E-01
  -31.872714      0.45344606E-01
  -32.143975     -0.12610974E-01
  -32.415236      0.26732663E-01
  -32.686497      0.31980827E-01
  -32.957758      0.26542274E-01
  -33.229019     -0.72557582E-02
  -33.500280      0.11051817E-01
  -33.771541      0.49067229E-01
  -34.042802      0.42478241E-01
  -34.314063      0.44241190E-01
  -34.585324      0.54204568E-01
  -34.856585      0.46081547E-01
  -35.127846      0.28872678E-01
  -35.399107     -0.29649269E-02
  -35.670368      0.23849143E-01
  -35.941628     -0.32920968E-02
  -36.212889      0.18922219E-01
  -36.484150     -0.30560966E-02
  -36.755411     -0.55987062E-03
  -37.026672      0.16089028E-01
  -37.297933     -0.41496195E-02
  -37.569194     -0.53975903E-02
  -37.840455     -0.85579399E-02
  -38.111716     -0.25737219E-01
  -38.382977      0.44544131E-01
  -38.654238      0.42821974E-01
  -38.925499      0.21970246E-01
  -39.196760      0.49589634E-01
  -39.468021      0.20743432E-02
  -39.739282     -0.22768439E-02
  -40.010543      0.41564973E-03
  -40.281804     -0.61769220E-02
  -40.553065     -0.10129052E-01
  -40.824325      0.36236625E-01
  -41.095586      0.18751514E-02
  -41.366847     -0.21293561E-03
  -41.638108     -0.53520817E-02
  -41.909369      0.21371683E-01
  -42.180630     -0.24904627E-02
  -42.451891      0.12787290E-01
  -42.723152     -0.90911454E-02
  -42.994413     -0.12852490E-01
  -43.265674      0.11160793E-01
  -43.536935     -0.83429888E-02
  -43.808196      0.42515110E-01
  -44.079457      0.52563939E-01
  -44.350718      0.33930697E-01
  -44.621979      0.42168017E-01
  -44.893240      0.20849675E-01
  -45.164501      0.40521058E-02
  -45.435762      0.34608019E-02
  -45.707023      0.17246880E-01
  -45.978283     -0.93284631E-02
  -46.249544      0.88643925E-02
  -46.520805      0.42552296E-02
  -46.792066     -0.17006483E-01
  -47.063327     -0.33488899E-01
  -47.334588      0.61131697E-02
  -47.605849     -0.19181143E-01
  -47.877110      0.20704711E-01
  -48.148371      0.48352644E-01
  -48.419632      0.70039630E-01
  -48.690893      0.23920745E-01
  -48.962154      0.13695036E-01
  -49.233415     -0.12913973E-01
  -49.504676     -0.89710671E-03
  -49.775937      0.43005645E-02
  -50.047198      0.28327214E-01
  -50.318459     -0.14521561E-01
  -50.589720      0.43380547E-01
  -50.860981      0.75417929E-02
  -51.132241      0.59482612E-01
  -51.403502      0.38814727E-01
  -51.674763     -0.28372908E-01
  -51.946024      0.55408031E-02
  -52.217285     -0.16975056E-01
  -52.488546     -0.15312256E-01
  -52.759807     -0.73475321E-02
  -53.031068      0.11938842E-01
  -53.302329      0.11366638E-01
  -53.573590      0.22477651E-01
  -53.844851      0.30785432E-01
  -54.116112     -0.22162195E-01
  -54.387373      0.25683515E-01
  -54.658634      0.44399064E-01
  -54.929895     -0.37504286E-01
  -55.201156      0.25020869E-01
  -55.472417     -0.23776103E-01
  -55.743678     -0.18475989E-01
  -56.014939     -0.49978815E-01
  -56.286199      0.15385693E-02
  -56.557460     -0.14360568E-01
  -56.828721     -0.18281080E-02
  -57.099982      0.14596893E-02
  -57.371243      0.91424324E-02
  -57.642504      0.14657560E-01
  -57.913765     -0.12665363E-01
  -58.185026      0.22996124E-01
  -58.456287      0.16580805E-01
  -58.727548      0.15422959E-01
  -58.998809      0.30936912E-01
  -59.270070      0.36333825E-01
  -59.541331      0.21510500E-01
  -59.812592      0.45650616E-01
  -60.083853      0.27439691E-01
  -60.355114      0.89931823E-02
  -60.626375      0.10964114E-01
  -60.897636     -0.84532509E-02
  -61.168897     -0.15492360E-02
  -61.440157      0.14356526E-01
  -61.711418      0.19162929E-01
  -61.982679      0.24981372E-01
  -62.253940      0.43532312E-01
  -62.525201      0.32950081E-01
  -62.796462      0.49880486E-01
  -63.067723      0.76906229E-02
  -63.338984      0.12103418E-01
  -63.610245     -0.28481418E-02
  -63.881506     -0.90365894E-02
  -64.152767      0.46213731E-01
  -64.424028      0.20256825E-02
  -64.695289      0.54442920E-02
  -64.966550      0.32475710E-01
  -65.237811     -0.37279185E-01
  -65.509072      0.25259165E-01
  -65.780333      0.39247349E-01
  -66.051594      0.35541788E-01
  -66.322855      0.39231241E-01
  -66.594115      0.48076818E-02
  -66.865376      0.31750038E-01
  -67.136637     -0.25769126E-01
  -67.407898      0.16332902E-01
  -67.679159      0.35996459E-01
  -67.950420      0.18921010E-01
  -68.221681      0.38999682E-02
  -68.492942     -0.69793783E-01
  -68.764203     -0.53851694E-01
  -69.035464      0.39606221E-01
  -69.306725      0.18787475E-01
  -69.577986      0.17295271E-01
  -69.849247      0.27415462E-01
  -70.120508     -0.30739639E-01
  -70.391769      0.58063781E-02
  -70.663030      0.27963564E-01
  -70.934291      0.26715957E-02
  -71.205552     -0.24558086E-01
  -71.476813     -0.43362612E-03
  -71.748073     -0.11156756E-01
  -72.019334     -0.17297544E-01
  -72.290595     -0.15308155E-01
  -72.561856      0.42684760E-01
  -72.833117      0.33736952E-01
  -73.104378      0.26930742E-01
  -73.375639      0.47747385E-01
  -73.646900      0.23995407E-01
  -73.918161      0.22335459E-01
  -74.189422      0.49017683E-01
  -74.460683      0.14224905E-01
  -74.731944      0.27684864E-01
  -75.003205      0.96838940E-02
  -75.274466      0.26028395E-01
  -75.545727     -0.42834867E-01
  -75.816988     -0.25424171E-01
  -76.088249     -0.18654650E-01
  -76.359510     -0.14948991E-01
  -76.630771      0.67105457E-01
  -76.902031      0.13211703E-01
  -77.173292      0.59781782E-03
  -77.444553     -0.38667850E-01
  -77.715814     -0.42902403E-01
  -77.987075      0.13495181E-01
  -78.258336     -0.53076465E-02
  -78.529597      0.39746226E-02
  -78.800858      0.53806785E-01
  -79.072119      0.83512351E-01
  -79.343380      0.44626057E-01
  -79.614641      0.94980216E-02
  -79.885902      0.11810503E-01
  -80.157163      0.23496184E-01
  -80.428424      0.84588360E-02
  -80.699685     -0.62894453E-02
  -80.970946      0.39327815E-02
  -81.242207     -0.37841342E-01
  -81.513468     -0.32356098E-01
  -81.784728      0.46197876E-01
  -82.055989      0.40646654E-01
  -82.327250      0.37311096E-01
  -82.598511      0.10914774E-01
  -82.869772      0.55958088E-01
  -83.141033      0.40486556E-01
  -83.412294      0.75516112E-01
  -83.683555     -0.52537103E-02
  -83.954816     -0.40408261E-01
  -84.226077     -0.13665099E-01
  -84.497338      0.15938584E-01
  -84.768599      0.53337675E-01
  -85.039860      0.44087958E-01
  -85.311121      0.40981535E-01
  -85.582382      0.53966232E-01
  -85.853643      0.39103102E-01
  -86.124904      0.21357441E-01
  -86.396165     -0.20624381E-02
  -86.667426     -0.30276023E-01
  -86.938686      0.50612289E-01
  -87.209947      0.53621981E-01
  -87.481208      0.13014529E-01
  -87.752469     -0.78569073E-02
  -88.023730      0.11498011E-02
  -88.294991      0.71234092E-01
  -88.566252      0.36930561E-01
  -88.837513     -0.30140013E-01
  -89.108774     -0.12206314E-01
  -89.380035     -0.73394920E-02
  -89.651296     -0.30154178E-01
  -89.922557      0.11612346E-01
  -90.193818      0.52841646E-02
  -90.465079     -0.18691644E-01
  -90.736340     -0.16966237E-01
  -91.007601      0.28167896E-01
  -91.278862      0.46985392E-01
  -91.550123      0.18040955E-01
  -91.821384     -0.81864456E-02
  -92.092644     -0.26171727E-02
  -92.363905     -0.22193290E-01
  -92.635166     -0.22989776E-01
  -92.906427     -0.17823908E-01
  -93.177688     -0.31152612E-01
  -93.448949     -0.60468707E-02
  -93.720210      0.49012121E-01
  -93.991471      0.38429152E-01
  -94.262732      0.44167608E-01
  -94.533993      0.45428604E-01
  -94.805254      0.81718653E-01
  -95.076515      0.36448833E-01
  -95.347776      0.15012106E-01
  -95.619037      0.56935549E-01
  -95.890298      0.23795901E-01
  -96.161559     -0.22610151E-02
  -96.432820      0.38781632E-01
  -96.704081      0.24524840E-01
  -96.975342     -0.40379688E-02
  -97.246602      0.16155716E-01
  -97.517863      0.21968154E-01
  -97.789124      0.22765424E-01
  -98.060385      0.74071866E-02
  -98.331646      0.26314635E-01
  -98.602907      0.45273636E-01
  -98.874168      0.53198878E-01
  -99.145429      0.35059184E-01
  -99.416690     -0.87272180E-02
  -99.687951      0.80375383E-02
  -99.959212      0.10144359E-01
  -100.23047      0.26759209E-01
  -100.50173      0.44565111E-01
  -100.77299      0.10676302    
  -101.04426      0.36717106E-01
  -101.31552      0.18495049E-01
  -101.58678     -0.83305035E-02
  -101.85804     -0.40495090E-01
  -102.12930      0.42458791E-02
  -102.40056     -0.12616362E-01
  -102.67182      0.28449360E-02
  -102.94308      0.17075382E-01
  -103.21434      0.43582343E-02
  -103.48560      0.20673564E-02
  -103.75687      0.14567824E-01
  -104.02813      0.11259021E-01
  -104.29939     -0.25940850E-01
  -104.57065      0.33619709E-01
  -104.84191      0.11059660E-01
  -105.11317      0.24533199E-01
  -105.38443     -0.19190133E-01
  -105.65569      0.40922686E-02
  -105.92695     -0.13505229E-01
  -106.19821     -0.88654254E-02
  -106.46947      0.11462806E-01
  -106.74074     -0.21309169E-01
  -107.01200     -0.26956849E-01
  -107.28326      0.98768901E-02
  -107.55452      0.18587785E-01
  -107.82578      0.10894620E-01
  -108.09704      0.17467614E-01
  -108.36830      0.47430381E-01
  -108.63956      0.92164256E-01
  -108.91082      0.13625829E-01
  -109.18208     -0.13985138E-01
  -109.45335     -0.87232180E-02
  -109.72461      0.23188464E-01
  -109.99587      0.27975161E-01
  -110.26713      0.42410605E-01
  -110.53839     -0.27230859E-01
  -110.80965      0.26495862E-02
  -111.08091      0.46965443E-01
  -111.35217      0.25044566E-02
  -111.62343     -0.15245911E-01
  -111.89469      0.54963410E-01
  -112.16595      0.13216089E-01
  -112.43722     -0.19974262E-01
  -112.70848      0.22574207E-01
  -112.97974     -0.16832046E-01
  -113.25100      0.38401030E-01
  -113.52226      0.48440084E-01
  -113.79352      0.82522631E-01
  -114.06478      0.16355544E-01
  -114.33604     -0.35231065E-01
  -114.60730     -0.23289507E-01
  -114.87856      0.29940579E-01
  -115.14982      0.46826307E-01
  -115.42109      0.95539670E-02
  -115.69235     -0.61125928E-02
  -115.96361     -0.25853820E-01
  -116.23487      0.47102336E-01
  -116.50613      0.41447211E-01
  -116.77739      0.59977230E-01
  -117.04865      0.57402514E-01
  -117.31991      0.56589331E-01
  -117.59117      0.92351362E-02
  -117.86243     -0.13011224E-02
  -118.13370      0.42616382E-01
  -118.40496      0.43088373E-01
  -118.67622      0.18997842E-01
  -118.94748      0.20921700E-01
  -119.21874      0.60104914E-02
  -119.49000      0.43007255E-01
  -119.76126      0.35157941E-01
  -120.03252      0.59002057E-01
  -120.30378      0.20792197E-01
  -120.57504     -0.32630125E-02
  -120.84630     -0.95216790E-02
  -121.11757      0.78038895E-02
  -121.38883      0.25567152E-01
  -121.66009      0.19630076E-01
  -121.93135     -0.30398411E-02
  -122.20261      0.39633252E-01
  -122.47387      0.21082327E-01
  -122.74513      0.51194575E-01
  -123.01639     -0.16141066E-01
  -123.28765      0.29655313E-02
  -123.55891      -249.60974    
  -123.83018     -0.36761817E-01
  -124.10144     -0.35223544E-01
  -124.37270     -0.51013499E-01
  -124.64396     -0.45399733E-01
  -124.91522     -0.14374185E-01
  -125.18648      0.34058243E-01
  -125.45774      0.36439214E-01
  -125.72900      0.18332282E-01
  -126.00026     -0.17722325E-01
  -126.27152      0.40175099E-01
  -126.54278      0.44664785E-01
  -126.81405      0.16438399E-01
  -127.08531     -0.23995629E-02
  -127.35657     -0.23913924E-01
  -127.62783     -0.11284081E-01
  -127.89909      0.35374615E-01
  -128.17035      0.46736836E-01
  -128.44161      0.40984575E-01
  -128.71287     -0.97303381E-02
  -128.98413     -0.25599515E-01
  -129.25539      0.16903132E-01
  -129.52666     -0.17555287E-01
  -129.79792     -0.13843997E-01
  -130.06918     -0.14240529E-01
  -130.34044     -0.20460136E-01
  -130.61170      0.14611012E-02
  -130.88296      0.35057280E-01
  -131.15422     -0.45001961E-01
  -131.42548      0.34897341E-02
  -131.69674     -0.91340123E-02
  -131.96800     -0.42267792E-01
  -132.23926     -0.53325959E-01
  -132.51053     -0.10591168E-02
  -132.78179      0.58075180E-02
  -133.05305     -0.16787667E-01
  -133.32431      0.46225578E-01
  -133.59557     -0.19802108E-01
  -133.86683     -0.54733045E-01
  -134.13809     -0.34659151E-01
  -134.40935     -0.65064780E-01
  -134.68061      0.36744155E-01
  -134.95187      0.20250048E-01
  -135.22314      0.42653643E-01
  -135.49440      0.44974927E-02
  -135.76566      0.22863921E-01
  -136.03692     -0.26521506E-01
  -136.30818      0.50006278E-01
  -136.57944      0.29105879E-01
  -136.85070     -0.41683074E-02
  -137.12196      0.57365363E-02
  -137.39322      0.46111899E-02
  -137.66448     -0.21897320E-01
  -137.93574     -0.37327256E-01
  -138.20701     -0.42845454E-01
  -138.47827      0.10259921E-01
  -138.74953      0.48745491E-01
  -139.02079     -0.23853891E-02
  -139.29205     -0.38844116E-01
  -139.56331     -0.37099119E-01
  -139.83457     -0.38359843E-01
  -140.10583     -0.19063490E-01
  -140.37709     -0.26062844E-01
  -140.64835     -0.13883542E-01
  -140.91961     -0.37999168E-01
  -141.19088      0.36472287E-02
  -141.46214     -0.26183544E-01
  -141.73340      0.19000225E-01
  -142.00466      0.56190905E-02
  -142.27592     -0.41373104E-01
  -142.54718     -0.35716131E-01
  -142.81844     -0.36746796E-01
  -143.08970     -0.59429649E-02
  -143.36096     -0.27005197E-02
  -143.63222     -0.34837142E-01
  -143.90349     -0.59887543E-01
  -144.17475      0.20918349E-01
  -144.44601      0.57316080E-01
  -144.71727      0.24398791E-01
  -144.98853     -0.10006357E-01
  -145.25979      0.28619299E-01
  -145.53105      0.28179761E-01
  -145.80231     -0.81982370E-03
  -146.07357     -0.77342667E-01
  -146.34483     -0.46908062E-01
  -146.61609     -0.50371222E-01
  -146.88736     -0.12634967E-01
  -147.15862      0.53900229E-02
  -147.42988     -0.32222010E-02
  -147.70114      0.41873124E-02
  -147.97240     -0.16696690E-01
  -148.24366      0.58138506E-02
  -148.51492     -0.79497732E-02
  -148.78618     -0.41606244E-01
  -149.05744     -0.14180634E-01
  -149.32870      0.26491364E-01
  -149.59997     -0.84807500E-02
  -149.87123      0.10578237E-01
  -150.14249      0.15532793E-01
  -150.41375      0.89992965E-02
  -150.68501      0.28373528E-01
  -150.95627      0.31432882E-01
  -151.22753      0.24016814E-01
  -151.49879     -0.17183891E-01
  -151.77005     -0.58859900E-01
  -152.04131      0.22542430E-03
  -152.31257     -0.17180562E-01
  -152.58384     -0.21938283E-01
  -152.85510      0.10035882E-02
  -153.12636     -0.18421270E-01
  -153.39762      0.19764753E-01
  -153.66888     -0.10939363E-01
  -153.94014     -0.49668077E-01
  -154.21140     -0.18256677E-01
  -154.48266     -0.25156564E-02
  -154.75392      0.47830851E-02
  -155.02518     -0.20877910E-02
  -155.29645      0.21912979E-01
  -155.56771      0.20097656E-01
  -155.83897      0.47685992E-01
  -156.11023      0.17951473E-02
  -156.38149      0.20601714E-01
  -156.65275      0.62170392E-02
  -156.92401     -0.25701471E-01
  -157.19527      0.48350915E-02
  -157.46653      0.41316383E-01
  -157.73779     -0.30842922E-02
  -158.00905      0.22042416E-01
  -158.28032      0.42528287E-03
  -158.55158      0.92432722E-02
  -158.82284     -0.93306573E-02
  -159.09410     -0.82501769E-03
  -159.36536      0.42897929E-01
  -159.63662      0.48899990E-01
  -159.90788      0.40362687E-02
  -160.17914      0.33468589E-01
  -160.45040      0.14678556E-02
  -160.72166     -0.27541583E-02
  -160.99293      0.22202354E-01
  -161.26419      0.18896071E-01
  -161.53545      0.26203709E-01
  -161.80671      0.21801107E-01
  -162.07797      0.17549351E-01
  -162.34923      0.38992252E-01
  -162.62049     -0.27616300E-01
  -162.89175     -0.21715872E-01
  -163.16301     -0.52599799E-01
  -163.43427     -0.73378691E-02
  -163.70553     -0.93313688E-02
  -163.97680     -0.26311988E-01
  -164.24806     -0.58775018E-02
  -164.51932      0.29905217E-01
  -164.79058     -0.27457841E-01
  -165.06184     -0.31732097E-01
  -165.33310     -0.29476430E-01
  -165.60436      0.12620634E-01
  -165.87562      0.43494109E-01
  -166.14688     -0.13377881E-01
  -166.41814     -0.26418036E-02
  -166.68940      0.39144404E-01
  -166.96067      0.31350095E-01
  -167.23193     -0.26283655E-02
  -167.50319      0.58617018E-01
  -167.77445      0.40583204E-01
  -168.04571     -0.24920432E-01
  -168.31697     -0.22157343E-01
  -168.58823     -0.20231796E-01
  -168.85949     -0.12102567E-01
  -169.13075      0.19008633E-01
  -169.40201     -0.26676893E-01
  -169.67328     -0.87699862E-02
  -169.94454      0.48621856E-01
  -170.21580      0.36109472E-02
  -170.48706     -0.16037719E-01
  -170.75832     -0.48007529E-01
  -171.02958     -0.30894274E-01
  -171.30084      0.56946039E-03
  -171.57210     -0.12807982E-01
  -171.84336     -0.19283958E-02
  -172.11462      0.28811008E-01
  -172.38588      0.34975041E-01
  -172.65715      0.14010780E-01
  -172.92841     -0.20730039E-01
  -173.19967     -0.39272595E-01
  -173.47093      0.13269888E-01
  -173.74219     -0.97891465E-02
  -174.01345     -0.17132772E-01
  -174.28471     -0.60452033E-01
  -174.55597     -0.51671878E-01
  -174.82723     -0.55107358E-03
  -175.09849     -0.12176907E-01
  -175.36976     -0.60171656E-01
  -175.64102      0.67337127E-02
  -175.91228      0.36329674E-02
  -176.18354     -0.23951799E-01
  -176.45480      0.44913016E-01
  -176.72606      0.42473022E-01
  -176.99732      0.28694689E-01
  -177.26858     -0.10026103E-01
  -177.53984      0.22440126E-01
  -177.81110      0.21215487E-01
  -178.08236     -0.20060994E-01
  -178.35363      0.87445658E-02
  -178.62489      0.26161039E-01
  -178.89615      0.36961056E-01
  -179.16741      0.26947305E-01
  -179.43867     -0.35389829E-02
  -179.70993     -0.12497212E-01
  -179.98119      0.31066865E-01
  -180.25245     -0.24819765E-01
  -180.52371     -0.28193621E-01
  -180.79497      0.26981339E-01
  -181.06624      0.59264535E-02
  -181.33750     -0.26037576E-01
  -181.60876      0.13916922E-01
  -181.88002      0.79545546E-02
  -182.15128      0.38803905E-01
  -182.42254     -0.96440781E-02
  -182.69380     -0.11141524E-01
  -182.96506      0.67227790E-02
  -183.23632      0.40506288E-01
  -183.50758      0.45076571E-01
  -183.77884     -0.42280681E-01
  -184.05011      0.25473410E-01
  -184.32137     -0.78210570E-02
  -184.59263     -0.62224485E-01
  -184.86389     -0.42108711E-01
  -185.13515     -0.39898720E-01
  -185.40641     -0.40325906E-01
  -185.67767     -0.52296538E-02
  -185.94893     -0.25753330E-01
