   141.57040      0.67166641E-01
   141.46721      0.51502191E-01
   141.36403      0.23874551E-01
   141.26084     -0.15979023    
   141.15765     -0.14346887    
   141.05447      0.31812668E-01
   140.95128     -0.41801021E-01
   140.84810     -0.99004693E-01
   140.74491      0.67392979E-02
   140.64173      0.58533996E-01
   140.53854     -0.28043311E-01
   140.43535     -0.32655582E-01
   140.33217     -0.28884837E-01
   140.22898     -0.53786844E-01
   140.12580     -0.38058292E-01
   140.02261      0.42131346E-01
   139.91943     -0.66126511E-02
   139.81624     -0.59086345E-02
   139.71306      0.89326501E-01
   139.60987     -0.16971041E-01
   139.50668     -0.72415173E-01
   139.40350      0.29764501E-02
   139.30031     -0.25357265E-01
   139.19713     -0.80229260E-01
   139.09394     -0.99523149E-01
   138.99076     -0.12518833E-02
   138.88757      0.44890925E-01
   138.78438     -0.16584095E-01
   138.68120      0.40151034E-02
   138.57801      0.29681455E-02
   138.47483      0.19694421E-01
   138.37164      0.52971788E-01
   138.26846      0.60190581E-01
   138.16527     -0.57302490E-01
   138.06208     -0.69436707E-01
   137.95890      0.11817387    
   137.85571      0.93187675E-01
   137.75253     -0.12646174E-01
   137.64934      0.11574039    
   137.54616      0.14200160    
   137.44297      0.47188245E-01
   137.33978      0.34040593E-01
   137.23660      0.29624369E-01
   137.13341     -0.61598763E-01
   137.03023     -0.12266146    
   136.92704     -0.36388598E-01
   136.82386     -0.23711465E-01
   136.72067     -0.20635808E-01
   136.61749      0.13049763    
   136.51430      0.27348973E-01
   136.41111     -0.34300103E-02
   136.30793      0.16266478E-01
   136.20474      0.30165862E-02
   136.10156      0.17041454E-01
   135.99837      0.26356682E-01
   135.89519      0.66245645E-01
   135.79200     -0.53799033E-01
   135.68881      0.19835694E-01
   135.58563      0.17113186E-01
   135.48244     -0.48188575E-01
   135.37926     -0.98685712E-01
   135.27607     -0.50283559E-01
   135.17289     -0.28547760E-01
   135.06970     -0.13954669E-01
   134.96651      0.54222926E-01
   134.86333      0.43316953E-01
   134.76014     -0.31730956E-02
   134.65696      0.16064333E-01
   134.55377     -0.77477157E-01
   134.45059     -0.27122475E-01
   134.34740      0.11442173    
   134.24421      0.71329139E-01
   134.14103      0.36062546E-01
   134.03784     -0.50693430E-01
   133.93466      0.87605469E-01
   133.83147      0.10036666    
   133.72829      0.92406683E-02
   133.62510      0.20991126E-01
   133.52192      0.75234644E-01
   133.41873      0.59724577E-01
   133.31554     -0.24635151E-01
   133.21236     -0.23671571E-01
   133.10917      0.83281785E-01
   133.00599      0.61273847E-01
   132.90280     -0.10107252    
   132.79962     -0.42168900E-01
   132.69643      0.25467718E-01
   132.59324     -0.28657719E-01
   132.49006      0.32423340E-01
   132.38687      0.86021520E-01
   132.28369      0.56473620E-01
   132.18050      0.26173778E-02
   132.07732     -0.16148480E-01
   131.97413      0.17741762E-01
   131.87094      0.79733673E-02
   131.76776     -0.12021127E-01
   131.66457      0.21153292E-01
   131.56139      0.52978531E-01
   131.45820     -0.49422998E-01
   131.35502     -0.10123739    
   131.25183     -0.16760832E-01
   131.14864      0.17010238E-01
   131.04546      0.23488473E-01
   130.94227      0.14701836E-02
   130.83909      0.10833446E-01
   130.73590      0.33618137E-03
   130.63272      0.30462728E-02
   130.52953      0.35308290E-01
   130.42635     -0.38332477E-01
   130.32316     -0.40991284E-01
   130.21997      0.86313516E-01
   130.11679      0.11478704    
   130.01360      0.67047209E-01
   129.91042      0.95892027E-02
   129.80723     -0.97339265E-01
   129.70405     -0.12308086E-01
   129.60086      0.71247742E-01
   129.49767      0.10170054E-02
   129.39449      0.26956646E-01
   129.29130      0.46645757E-04
   129.18812     -0.41508973E-01
   129.08493      0.54688998E-01
   128.98175      0.10539998    
   128.87856      0.44719625E-01
   128.77537     -0.65419436E-01
   128.67219     -0.35593610E-01
   128.56900      0.28082658E-01
   128.46582      0.23613345E-01
   128.36263      0.46886429E-01
   128.25945      0.96921630E-01
   128.15626      0.58316853E-01
   128.05307      0.55231221E-01
   127.94989      0.10783997    
   127.84670      0.39236445E-01
   127.74352     -0.59771921E-01
   127.64033     -0.29104743E-01
   127.53715      0.21194773E-01
   127.43396      0.68807360E-02
   127.33077      0.57136286E-02
   127.22759     -0.77537983E-02
   127.12440     -0.64201839E-01
   127.02122     -0.73473163E-01
   126.91803      0.50089709E-01
   126.81485      0.42892791E-01
   126.71166     -0.44047728E-01
   126.60848     -0.78566357E-01
   126.50529     -0.80158927E-01
   126.40210      0.44129014E-01
   126.29892      0.69496244E-01
   126.19573     -0.10790648E-01
   126.09255      0.16856898E-01
   125.98936      0.53580729E-02
   125.88618     -0.12028231E-02
   125.78299      0.65755427E-01
   125.67980      0.50459132E-01
   125.57662     -0.47033187E-02
   125.47343     -0.60140835E-02
   125.37025      0.15406404E-01
   125.26706      0.12292479E-01
   125.16388     -0.11411143E-01
   125.06069     -0.51901512E-01
   124.95750     -0.79018906E-01
   124.85432     -0.65925717E-01
   124.75113     -0.63225113E-01
   124.64795     -0.65118544E-01
   124.54476     -0.78292608E-01
   124.44158     -0.55256132E-02
   124.33839      0.99136673E-01
   124.23520     -0.67912061E-02
   124.13202     -0.53117357E-01
   124.02883      0.54597557E-02
   123.92565      0.59595849E-01
   123.82246     -0.29548630E-01
   123.71928     -0.63579403E-01
   123.61609      0.42462245E-01
   123.51291     -0.38874283E-01
   123.40972     -0.11755971    
   123.30653     -0.60501583E-01
   123.20335      0.85204214E-01
   123.10016      0.12112471    
   122.99698      0.34764025E-01
   122.89379     -0.25621345E-01
   122.79061      0.51890068E-01
   122.68742      0.78695519E-02
   122.58423     -0.60128070E-01
   122.48105     -0.12468033    
   122.37786     -0.11402775    
   122.27468     -0.52743733E-01
   122.17149     -0.10131043    
   122.06831     -0.10317894E-01
   121.96512      0.52372519E-01
   121.86193      0.10515524    
   121.75875      0.42320479E-01
   121.65556     -0.15772054E-01
   121.55238      0.56580450E-01
   121.44919      0.70329774E-02
   121.34601     -0.97298520E-02
   121.24282      0.22472423E-01
   121.13963     -0.30687977E-01
   121.03645     -0.34669664E-01
   120.93326     -0.61077274E-01
   120.83008     -0.11940734    
   120.72689     -0.82654729E-01
   120.62371      0.10401455    
   120.52052      0.49401354E-01
   120.41734     -0.17837869E-01
   120.31415      0.83420351E-01
   120.21096      0.51185690E-01
   120.10778      0.17680008E-01
   120.00459      0.64690545E-01
   119.90141      0.11259621    
   119.79822      0.37968289E-02
   119.69504     -0.73980287E-01
   119.59185     -0.94304770E-01
   119.48866     -0.95329165E-01
   119.38548     -0.44007797E-01
   119.28229      0.24724856E-01
   119.17911      0.48643798E-01
   119.07592      0.11526591E-01
   118.97274      0.59412532E-01
   118.86955      0.62218647E-01
   118.76636      0.22639891E-01
   118.66318      0.24494167E-01
   118.55999     -0.52342966E-01
   118.45681     -0.30848768E-01
   118.35362     -0.26518943E-01
   118.25044     -0.15334299E-01
   118.14725     -0.30383706E-01
   118.04406     -0.29491575E-01
   117.94088     -0.13005890E-01
   117.83769      0.28635452E-01
   117.73451      0.47921494E-01
   117.63132     -0.58947958E-01
   117.52814     -0.16774490E-01
   117.42495      0.77362088E-02
   117.32177     -0.28072596E-02
   117.21858      0.37728943E-01
   117.11539      0.56202464E-01
   117.01221      0.75746164E-01
   116.90902      0.11597039    
   116.80584      0.10651816    
   116.70265      0.13522161E-02
   116.59947      0.61078921E-01
   116.49628      0.80208704E-01
   116.39309     -0.37340455E-01
   116.28991     -0.10088281    
   116.18672     -0.28188292E-01
   116.08354     -0.19814512E-02
   115.98035     -0.11410949    
   115.87717     -0.48164584E-01
   115.77398      0.21542288E-01
   115.67079     -0.47120810E-01
   115.56761     -0.23715816E-01
   115.46442      0.11850791    
   115.36124      0.34699317E-01
   115.25805      0.96428413E-02
   115.15487      0.14180240    
   115.05168      0.76139748E-01
   114.94849     -0.42761069E-01
   114.84531     -0.53394198E-01
   114.74212      0.54177120E-01
   114.63894      0.24050195E-01
   114.53575     -0.56988280E-02
   114.43257      0.16622504E-01
   114.32938     -0.98818364E-02
   114.22620      0.55814944E-02
   114.12301      0.99206809E-02
   114.01982      0.35650659E-01
   113.91664     -0.10851119E-03
   113.81345     -0.55939956E-02
   113.71027      0.30052301E-01
   113.60708      0.32904066E-01
   113.50390     -0.22140332E-02
   113.40071     -0.47078244E-01
   113.29752     -0.49316086E-01
   113.19434     -0.41166812E-01
   113.09115     -0.25199462E-01
   112.98797     -0.37642930E-01
   112.88478      0.66262446E-01
   112.78160      0.41531403E-01
   112.67841      0.49701434E-01
   112.57522      0.11036540    
   112.47204      0.47911726E-01
   112.36885      0.46482254E-01
   112.26567      0.25711684E-01
   112.16248      0.36280729E-01
   112.05930     -0.99206783E-01
   111.95611      0.13388302E-01
   111.85292      0.87519854E-01
   111.74974     -0.90000033E-01
   111.64655     -0.94702482E-01
   111.54337      0.67559406E-01
   111.44018      0.99088095E-01
   111.33700      0.39880276E-02
   111.23381      0.67104101E-01
   111.13062      0.38444638E-01
   111.02744      0.17209705E-01
   110.92425      0.96613407E-01
   110.82107      0.68512887E-01
   110.71788      0.32052696E-01
   110.61470      0.90710130E-02
   110.51151     -0.24274329E-01
   110.40833     -0.24059094E-01
   110.30514      0.19106558E-02
   110.20195      0.80419391E-01
   110.09877     -0.24811011E-01
   109.99558     -0.11177283    
   109.89240     -0.80688283E-01
   109.78921      0.64733796E-01
   109.68603      0.12404300    
   109.58284      0.20034118E-02
   109.47965      0.17757569E-01
   109.37647      0.10537421    
   109.27328      0.10848786    
   109.17010      0.12384735    
   109.06691      0.11192700    
   108.96373     -0.36833383E-01
   108.86054     -0.11225803E-01
   108.75735      0.41632052E-02
   108.65417     -0.73372284E-02
   108.55098      0.53101845E-01
   108.44780     -0.61895341E-01
   108.34461     -0.13597360    
   108.24143     -0.11262952    
   108.13824     -0.88972121E-01
   108.03505     -0.31781513E-01
   107.93187     -0.27314968E-01
   107.82868     -0.42851731E-01
   107.72550     -0.58903009E-01
   107.62231      0.25318041E-01
   107.51913      0.10271491E-01
   107.41594      0.43475192E-01
   107.31276     -0.42279374E-01
   107.20957     -0.71295843E-01
   107.10638      0.86820021E-01
   107.00320     -0.33177044E-01
   106.90001     -0.35650954E-01
   106.79683      0.32678448E-01
   106.69364      0.83135925E-01
   106.59046      0.54252848E-01
   106.48727      0.43952644E-01
   106.38408      0.46233218E-01
   106.28090     -0.19391298E-01
   106.17771     -0.14016917    
   106.07453     -0.10224734    
   105.97134      0.61823498E-01
   105.86816      0.42930700E-01
   105.76497     -0.99290580E-01
   105.66178     -0.43509830E-01
   105.55860      0.62692314E-01
   105.45541      0.87519690E-01
   105.35223      0.51518496E-01
   105.24904     -0.51704966E-01
   105.14586     -0.30182624E-01
   105.04267      0.39771125E-01
   104.93948      0.19172695E-01
   104.83630     -0.72667919E-01
   104.73311     -0.75822651E-01
   104.62993      0.11273169E-01
   104.52674      0.61115950E-01
   104.42356     -0.84831286E-02
   104.32037      0.49362235E-01
   104.21719      0.25608990E-01
   104.11400     -0.77041313E-01
   104.01081     -0.66544369E-01
   103.90763     -0.19149326E-01
   103.80444     -0.16342161E-01
   103.70126      0.12418722E-01
   103.59807      0.25402028E-01
   103.49489     -0.33280002E-02
   103.39170      0.91555692E-01
   103.28851     -0.34628618E-02
   103.18533     -0.78217641E-01
   103.08214     -0.72734736E-01
   102.97896     -0.67728765E-01
   102.87577      0.15888400E-01
   102.77259      0.59609637E-01
   102.66940     -0.29707849E-01
   102.56621     -0.74576020E-01
   102.46303      0.52186284E-01
   102.35984      0.82711689E-01
   102.25666     -0.33806019E-01
   102.15347     -0.29384095E-01
   102.05029     -0.15451728E-01
   101.94710     -0.80743574E-01
   101.84391     -0.14750279E-01
   101.74073      0.34110099E-01
   101.63754      0.33970550E-03
   101.53436      0.44149801E-01
   101.43117      0.72929263E-01
   101.32799      0.26757151E-01
   101.22480      0.10343966    
   101.12162      0.48538152E-01
   101.01843     -0.13250858E-02
   100.91524      0.60062803E-01
   100.81206      0.43260403E-01
   100.70887      0.72176270E-01
   100.60569      0.22416551E-01
   100.50250      0.41188110E-01
   100.39932      0.47346517E-01
   100.29613      0.26605003E-01
   100.19294      0.84047504E-01
   100.08976      0.71167976E-01
   99.986573     -0.81960551E-01
   99.883387     -0.11865829    
   99.780201     -0.90245172E-01
   99.677016     -0.52830286E-01
   99.573830     -0.36104485E-01
   99.470644     -0.47893975E-01
   99.367459      0.34425199E-01
   99.264273     -0.15506127    
   99.161087     -0.11211729    
   99.057902      0.76048717E-01
   98.954716      0.39815862E-01
   98.851530     -0.67403866E-02
   98.748345     -0.13902165E-01
   98.645159     -0.49792435E-01
   98.541973     -0.10972887    
   98.438788     -0.44336956E-01
   98.335602      0.36094829E-01
   98.232416      0.34634795E-01
   98.129231     -0.32347053E-01
   98.026045      0.53520538E-01
   97.922859      0.24339754E-01
   97.819674     -0.83013073E-01
   97.716488     -0.78596413E-01
   97.613302     -0.10697701    
   97.510117      0.31822342E-01
   97.406931      0.10189724    
   97.303745      0.40766153E-01
   97.200560     -0.11165421E-01
   97.097374      0.26079418E-01
   96.994188      0.27455945E-01
   96.891003     -0.99914871E-01
   96.787817     -0.12253661    
   96.684631     -0.88647768E-01
   96.581446     -0.65055721E-01
   96.478260      0.51615417E-01
   96.375074      0.11605196    
   96.271889      0.29736131E-01
   96.168703      0.61515138E-01
   96.065517     -0.12685165E-01
   95.962332     -0.13425526    
   95.859146     -0.83704174E-01
   95.755960     -0.38892414E-01
   95.652775     -0.16614633E-01
   95.549589     -0.40813077E-01
   95.446403     -0.54949023E-01
   95.343218     -0.41270673E-01
   95.240032     -0.23421105E-01
   95.136846     -0.30889696E-01
   95.033661      0.28048426E-01
   94.930475      0.97614527E-03
   94.827289     -0.60294617E-01
   94.724104      0.20350879E-01
   94.620918      0.41648645E-01
   94.517732      0.58024418E-01
   94.414547      0.66306040E-01
   94.311361     -0.42835250E-04
   94.208175     -0.46473395E-01
   94.104990     -0.10946643E-01
   94.001804      0.24580140E-01
   93.898618     -0.26334871E-01
   93.795433      0.11562132    
   93.692247      0.11424217    
   93.589061      0.23135928E-01
   93.485876      0.34784630E-01
   93.382690     -0.14109228E-01
   93.279504      0.92760902E-02
   93.176319      0.10893221    
   93.073133      0.15942842    
   92.969947      0.68314917E-01
   92.866762      0.18422054E-02
   92.763576      0.61249286E-02
   92.660390      0.73052980E-02
   92.557205      0.93772948E-01
   92.454019      0.84002435E-01
   92.350833     -0.34788735E-02
   92.247648      0.21468606E-01
   92.144462      0.11798955    
   92.041276      0.70757471E-01
   91.938091      0.34352623E-01
   91.834905     -0.44245441E-01
   91.731719     -0.13339452    
   91.628534     -0.37839916E-01
   91.525348      0.18873375E-01
   91.422162      0.70781261E-01
   91.318977      0.56160934E-01
   91.215791      0.47946978E-01
   91.112605      0.10856985    
   91.009420      0.35089380E-02
   90.906234     -0.44967256E-01
   90.803048     -0.10745488E-01
   90.699863     -0.73525228E-01
   90.596677     -0.32429814E-01
   90.493491     -0.48992135E-01
   90.390306     -0.79096360E-02
   90.287120      0.82406081E-01
   90.183934      0.56009952E-01
   90.080749     -0.56336075E-03
   89.977563     -0.82271643E-01
   89.874377     -0.10376253    
   89.771192     -0.10985444    
   89.668006      0.39836694E-02
   89.564820      0.10186822E-01
   89.461635     -0.17500071    
   89.358449     -0.99701814E-01
   89.255263      0.78216335E-03
   89.152078     -0.25775682E-01
   89.048892     -0.76942004E-01
   88.945706     -0.16116108    
   88.842521     -0.82171395E-01
   88.739335      0.33103963E-02
   88.636149      0.34952905E-01
   88.532964      0.15022618    
   88.429778      0.58300085E-01
   88.326592     -0.18836176E-01
   88.223407     -0.43420620E-01
   88.120221      0.92087165E-02
   88.017035      0.33643879E-01
   87.913850      0.30994756E-01
   87.810664      0.33001043E-01
   87.707478     -0.50078262E-01
   87.604293      0.49901068E-01
   87.501107      0.36816467E-02
   87.397921     -0.67256428E-01
   87.294736     -0.53123020E-01
   87.191550     -0.42473227E-01
   87.088364      0.45496812E-02
   86.985179     -0.39367959E-01
   86.881993     -0.51020827E-01
   86.778807      0.72139055E-02
   86.675622      0.66384599E-02
   86.572436     -0.25938012E-01
   86.469250     -0.21384559E-02
   86.366065      0.26666503E-02
   86.262879      0.45592386E-01
   86.159693     -0.63964659E-02
   86.056508     -0.61740000E-01
   85.953322     -0.94350260E-02
   85.850136     -0.70606187E-01
   85.746951     -0.57983778E-01
   85.643765     -0.98008305E-01
   85.540579     -0.10365449    
   85.437394     -0.50910115E-01
   85.334208     -0.31974975E-01
   85.231022      0.76074407E-01
   85.127836     -0.12317479E-01
   85.024651     -0.77534467E-01
   84.921465     -0.11392552    
   84.818279     -0.17708051    
   84.715094     -0.65756492E-01
   84.611908     -0.80455933E-02
   84.508722     -0.29545182E-01
   84.405537      0.30244798E-02
   84.302351     -0.72193742E-02
   84.199165      0.11354283E-01
   84.095980      0.44373013E-01
   83.992794      0.72910059E-02
   83.889608      0.10001428    
   83.786423      0.13784011    
   83.683237     -0.65626271E-01
   83.580051     -0.10740732    
   83.476866     -0.45144454E-01
   83.373680     -0.27015563E-01
   83.270494      0.47062792E-01
   83.167309      0.34031998E-02
   83.064123     -0.94697803E-01
   82.960937     -0.93416139E-01
   82.857752     -0.57164680E-01
   82.754566     -0.14351745    
   82.651380     -0.16488153    
   82.548195     -0.59943683E-01
   82.445009      0.55341829E-01
   82.341823     -0.54124631E-01
   82.238638     -0.47086217E-01
   82.135452     -0.20069396E-01
   82.032266     -0.92635430E-01
   81.929081     -0.36065029E-02
   81.825895     -0.69972370E-02
   81.722709     -0.50319765E-01
   81.619524     -0.93996972E-02
   81.516338     -0.29866660E-01
   81.413152     -0.44381753E-01
   81.309967      0.75028621E-01
   81.206781      0.75706214E-01
   81.103595      0.22911068E-01
   81.000410     -0.13792844E-01
   80.897224     -0.78340478E-01
   80.794038     -0.12406722    
   80.690853     -0.49848016E-02
   80.587667     -0.28237065E-01
   80.484481     -0.19317117E-01
   80.381296      0.49274817E-01
   80.278110     -0.14637697E-01
   80.174924     -0.13370224E-01
   80.071739     -0.81871368E-01
   79.968553     -0.70517004E-01
   79.865367      0.81010848E-01
   79.762182      0.74579410E-01
   79.658996     -0.20836633E-01
   79.555810     -0.55981647E-01
   79.452625     -0.12019896    
   79.349439      0.30687654E-01
   79.246253      0.99961117E-01
   79.143068     -0.49820259E-01
   79.039882     -0.61089709E-01
   78.936696      0.13872458E-01
   78.833511     -0.22019170E-01
   78.730325      0.11376755E-01
   78.627139      0.25454609E-01
   78.523954     -0.10599255E-01
   78.420768     -0.72556704E-01
   78.317582     -0.11026993    
   78.214397     -0.47265932E-01
   78.111211     -0.32533415E-01
   78.008025     -0.25011808E-01
   77.904840     -0.11761437    
   77.801654     -0.18814838    
   77.698468     -0.94844632E-01
   77.595283      0.10128978    
   77.492097      0.16695592    
   77.388911      0.34858800E-01
   77.285726      0.29361434E-01
   77.182540      0.84721133E-01
   77.079354      0.34026124E-01
   76.976169     -0.68178475E-02
   76.872983     -0.23605522E-01
   76.769797      0.11241798E-01
   76.666612      0.32668938E-02
   76.563426      0.11483205E-01
   76.460240      0.97190896E-02
   76.357055     -0.86969748E-01
   76.253869     -0.39203960E-01
   76.150683     -0.13719451E-01
   76.047498      0.32652296E-01
   75.944312      0.94291911E-01
   75.841126     -0.14269674E-01
   75.737941     -0.22909351E-01
   75.634755      0.55454306E-01
   75.531569      0.84708430E-01
   75.428384      0.56378733E-01
   75.325198      0.45732599E-01
   75.222012      0.19474942E-01
   75.118827     -0.58053389E-01
   75.015641     -0.22967974E-01
   74.912455      0.14429951E-01
   74.809270      0.80636635E-01
   74.706084      0.42547569E-01
   74.602898     -0.11651598    
   74.499713     -0.95468082E-01
   74.396527     -0.11426345E-01
   74.293341     -0.52468020E-01
   74.190156     -0.10465924    
   74.086970     -0.82106486E-01
   73.983784     -0.42599820E-01
   73.880599      0.36951024E-01
   73.777413      0.37773743E-01
   73.674227      0.17984433E-01
   73.571042     -0.10088848E-01
   73.467856      0.13116570E-01
   73.364670      0.20603657E-01
   73.261485      0.42764697E-01
   73.158299      0.71238205E-01
   73.055113      0.18660212E-01
   72.951928      0.89338779E-01
   72.848742      0.81851080E-01
   72.745556     -0.52281246E-01
   72.642371      0.37249445E-02
   72.539185      0.91560483E-01
   72.435999      0.35474613E-01
   72.332814      0.84624067E-01
   72.229628      0.11459394    
   72.126442     -0.71629728E-02
   72.023257      0.11183796E-01
   71.920071      0.35741668E-01
   71.816885     -0.48886426E-03
   71.713700      0.51250413E-01
   71.610514      0.24214922E-01
   71.507328     -0.25670204E-01
   71.404143      0.44192828E-01
   71.300957      0.76176971E-01
   71.197771     -0.61724233E-02
   71.094586     -0.49310029E-02
   70.991400      0.91625929E-01
   70.888214      0.82640029E-01
   70.785029      0.50149009E-01
   70.681843     -0.60961191E-01
   70.578657     -0.36034442E-01
   70.475472      0.68934917E-01
   70.372286      0.80407023E-01
   70.269100      0.27593046E-01
   70.165915     -0.10647788E-02
   70.062729      0.55490941E-01
   69.959543      0.28636761E-01
   69.856358      0.62583856E-01
   69.753172      0.25860082E-01
   69.649986      0.52968986E-01
   69.546801      0.50305039E-01
   69.443615     -0.28736696E-01
   69.340429     -0.93998387E-02
   69.237244      0.41872315E-01
   69.134058      0.63805366E-02
   69.030872     -0.71640559E-01
   68.927687     -0.23757625E-01
   68.824501     -0.32058463E-01
   68.721315      0.12400965E-01
   68.618130      0.69700614E-01
   68.514944      0.30124279E-01
   68.411758      0.17453294E-01
   68.308573      0.26689967E-01
   68.205387      0.47867611E-01
   68.102201      0.13630496    
   67.999016      0.29181417E-01
   67.895830     -0.74162781E-01
   67.792644      0.18185202E-01
   67.689459     -0.31107236E-01
   67.586273     -0.24524577E-01
   67.483087      0.26552245E-01
   67.379901      0.70228450E-01
   67.276716      0.34515120E-01
   67.173530     -0.66441655E-01
   67.070344     -0.28866217E-02
   66.967159      0.84515981E-01
   66.863973      0.45861192E-01
   66.760787     -0.10809523E-01
   66.657602      0.26016127E-01
   66.554416      0.56891643E-01
   66.451230      0.74198530E-02
   66.348045     -0.34897178E-01
   66.244859      0.17719030E-01
   66.141673      0.27418617E-01
   66.038488     -0.70587464E-01
   65.935302     -0.37964001E-01
   65.832116     -0.48683465E-01
   65.728931     -0.73401831E-01
   65.625745     -0.37496667E-01
   65.522559     -0.55649709E-01
   65.419374     -0.34262132E-01
   65.316188     -0.20957027E-01
   65.213002     -0.26220644E-01
   65.109817      0.88800397E-02
   65.006631      0.58346815E-01
   64.903445      0.63160747E-01
   64.800260      0.11406696    
   64.697074      0.24779933E-02
   64.593888     -0.13105126    
   64.490703     -0.45334775E-01
   64.387517      0.17553600E-01
   64.284331      0.38081031E-01
   64.181146      0.61766982E-01
   64.077960      0.38129799E-01
   63.974774     -0.93675114E-01
   63.871589     -0.67728527E-01
   63.768403      0.59129320E-01
   63.665217      0.48662372E-01
   63.562032     -0.58591321E-01
   63.458846     -0.10460754    
   63.355660     -0.31051978E-01
   63.252475     -0.13749556    
   63.149289     -0.12167804    
   63.046103     -0.20227989E-01
   62.942918      0.24689175E-02
   62.839732      0.34189481E-01
   62.736546     -0.17260125E-01
   62.633361     -0.42288791E-01
   62.530175     -0.30440563E-01
   62.426989     -0.45867957E-01
   62.323804     -0.50510153E-01
   62.220618     -0.45592651E-01
   62.117432     -0.50469510E-01
   62.014247      0.79401769E-01
   61.911061      0.79197727E-01
   61.807875      0.38040102E-01
   61.704690      0.36215793E-01
   61.601504     -0.65680459E-01
   61.498318     -0.22002893E-01
   61.395133      0.65540291E-01
   61.291947      0.22841038E-01
   61.188761     -0.30771185E-01
   61.085576     -0.17765347E-01
   60.982390      0.34993637E-01
   60.879204     -0.45273658E-02
   60.776019     -0.40601321E-01
   60.672833     -0.35217449E-01
   60.569647     -0.11041662    
   60.466462     -0.14310054    
   60.363276     -0.99800497E-01
   60.260090     -0.94378561E-01
   60.156905     -0.71405284E-01
   60.053719     -0.21605313E-01
   59.950533     -0.37129316E-03
   59.847348      0.41235529E-01
   59.744162      0.39601102E-01
   59.640976      0.28828303E-02
   59.537791      0.12437978E-01
   59.434605      0.12114756    
   59.331419      0.99330634E-01
   59.228234      0.34941971E-01
   59.125048      0.32464504E-01
   59.021862     -0.60017012E-01
   58.918677     -0.34597021E-01
   58.815491     -0.12096675E-01
   58.712305     -0.18672081E-01
   58.609120     -0.42799674E-03
   58.505934     -0.90806939E-01
   58.402748     -0.74057821E-02
   58.299563      0.11187197    
   58.196377     -0.13818610E-01
   58.093191     -0.64624190E-01
   57.990006     -0.13429323E-01
   57.886820      0.62147707E-01
   57.783634      0.12220211    
   57.680449      0.19343616E-03
   57.577263      0.56856625E-01
   57.474077      0.18771356    
   57.370892      0.56769215E-01
   57.267706      0.60017075E-01
   57.164520      0.52915560E-02
   57.061335     -0.14383495    
   56.958149     -0.43746629E-02
   56.854963      0.43890990E-01
   56.751778      0.11509171E-01
   56.648592      0.74603617E-01
   56.545406      0.16759373E-01
   56.442221     -0.35909593E-01
   56.339035     -0.13174394E-01
   56.235849     -0.73899426E-01
   56.132664     -0.84041692E-01
   56.029478      0.46336822E-01
   55.926292      0.93261965E-01
   55.823107      0.37054036E-01
   55.719921     -0.20188112E-01
   55.616735     -0.27213655E-01
   55.513550      0.75741395E-01
   55.410364      0.10467173    
   55.307178      0.66829077E-02
   55.203993     -0.40212855E-01
   55.100807     -0.84811173E-01
   54.997621     -0.11272410    
   54.894436     -0.78169256E-01
   54.791250     -0.37782069E-01
   54.688064     -0.23216993E-01
   54.584879     -0.52441619E-01
   54.481693      0.19663200E-03
   54.378507      0.33000980E-01
   54.275322     -0.61942148E-04
   54.172136     -0.11528373E-01
   54.068950      0.30621246E-01
   53.965765      0.93992621E-01
   53.862579      0.11182652    
   53.759393      0.10132179    
   53.656208     -0.34649599E-01
   53.553022     -0.46605915E-01
   53.449836     -0.28651649E-01
   53.346651     -0.34352981E-01
   53.243465      0.35418291E-01
   53.140279     -0.12448451E-01
   53.037094     -0.24115629E-02
   52.933908      0.22620857E-02
   52.830722     -0.63779920E-01
   52.727537     -0.15525149E-01
   52.624351      0.82826436E-01
   52.521165      0.12227792    
   52.417980      0.70225880E-01
   52.314794     -0.68300627E-01
   52.211608     -0.73290266E-01
   52.108423      0.12881344E-01
   52.005237      0.16065041E-01
   51.902051      0.24333926E-01
   51.798866     -0.38326286E-01
   51.695680     -0.47336169E-01
   51.592494      0.43198325E-01
   51.489309     -0.94140423E-02
   51.386123     -0.80838189E-01
   51.282937     -0.11616409    
   51.179752     -0.16888306    
   51.076566     -0.74942306E-01
   50.973380      0.11140682E-01
   50.870195     -0.60501251E-01
   50.767009     -0.12305182E-01
   50.663823      0.84360741E-01
   50.560638      0.44389479E-01
   50.457452     -0.42767748E-01
   50.354266      0.15243954E-01
   50.251081     -0.45919552E-01
   50.147895     -0.13170739    
   50.044709      0.23072584E-01
   49.941524      0.59136562E-01
   49.838338      0.74049748E-01
   49.735152      0.60897395E-02
   49.631967     -0.51441897E-01
   49.528781      0.38047016E-01
   49.425595      0.49452938E-01
   49.322409     -0.10026405    
   49.219224     -0.16336568    
   49.116038      0.17563056E-01
   49.012852      0.73227659E-01
   48.909667     -0.53511728E-02
   48.806481     -0.26355010E-01
   48.703295      0.61510511E-01
   48.600110      0.50586756E-01
   48.496924      0.30283086E-01
   48.393738      0.68646297E-01
   48.290553     -0.75566672E-01
   48.187367     -0.11078821    
   48.084181      0.24377597E-01
   47.980996      0.46637639E-01
   47.877810     -0.27312469E-01
   47.774624      0.31119261E-01
   47.671439      0.71203262E-01
   47.568253      0.33219472E-01
   47.465067      0.66022567E-01
   47.361882      0.46893094E-01
   47.258696     -0.27392609E-01
   47.155510     -0.35238527E-01
   47.052325     -0.20831574E-01
   46.949139      0.58158273E-02
   46.845953     -0.18664375E-01
   46.742768      0.41884646E-01
   46.639582      0.99371329E-01
   46.536396      0.51623870E-01
   46.433211      0.78640640E-01
   46.330025      0.12587570E-01
   46.226839     -0.67880437E-01
   46.123654     -0.13022905E-01
   46.020468     -0.45134872E-01
   45.917282      0.74346475E-01
   45.814097      0.11505798    
   45.710911      0.40424921E-01
   45.607725     -0.21130748E-01
   45.504540     -0.14832829    
   45.401354     -0.22741590E-01
   45.298168      0.40463243E-01
   45.194983     -0.40121928E-01
   45.091797      0.65606087E-01
   44.988611      0.11554682    
   44.885426      0.13903212E-01
   44.782240     -0.38711619E-01
   44.679054     -0.39579600E-01
   44.575869      0.68601608E-01
   44.472683      0.93757749E-01
   44.369497     -0.54500744E-01
   44.266312     -0.84376991E-01
   44.163126      0.42225927E-01
   44.059940      0.11019550    
   43.956755      0.38465347E-01
   43.853569     -0.52832164E-01
   43.750383     -0.38463682E-01
   43.647198      0.34438532E-01
   43.544012      0.31743962E-01
   43.440826     -0.36994301E-01
   43.337641     -0.30923929E-01
   43.234455      0.23007505E-02
   43.131269     -0.84689319E-01
   43.028084     -0.73344521E-01
   42.924898      0.94059922E-01
   42.821712      0.92477523E-01
   42.718527     -0.11536707    
   42.615341     -0.11260257    
   42.512155      0.15894258E-02
   42.408970     -0.17255568E-02
   42.305784     -0.69059595E-02
   42.202598     -0.27866226E-02
   42.099413     -0.51079944E-01
   41.996227     -0.10989125    
   41.893041     -0.66453055E-01
   41.789856      0.37999243E-01
   41.686670     -0.17312996E-02
   41.583484     -0.34185730E-01
   41.480299      0.69289673E-02
   41.377113     -0.32758773E-02
   41.273927      0.30513797E-02
   41.170742      0.31843536E-01
   41.067556     -0.20958038E-01
   40.964370     -0.72991535E-01
   40.861185     -0.79189606E-01
   40.757999     -0.97856730E-01
   40.654813     -0.68755083E-01
   40.551628     -0.50092012E-01
   40.448442      0.78808762E-01
   40.345256      0.73052302E-01
   40.242071     -0.19112483E-01
   40.138885      0.10681707E-01
   40.035699     -0.29816603E-01
   39.932514     -0.48486009E-01
   39.829328     -0.29241923E-01
   39.726142     -0.63786969E-01
   39.622957     -0.13869068E-01
   39.519771     -0.10876209E-01
   39.416585     -0.21541035E-02
   39.313400      0.81023172E-01
   39.210214      0.53189401E-01
   39.107028     -0.56964561E-01
   39.003843     -0.10483669    
   38.900657     -0.21700424E-02
   38.797471      0.61525397E-01
   38.694286      0.91209203E-01
   38.591100      0.41049197E-01
   38.487914      0.70359960E-01
   38.384729     -0.20977564E-01
   38.281543     -0.41237589E-01
   38.178357      0.45357134E-01
   38.075172     -0.43264195E-01
   37.971986     -0.25903791E-01
   37.868800      0.57522049E-02
   37.765615      0.45082428E-01
   37.662429      0.12395515    
   37.559243      0.94163373E-01
   37.456058     -0.57569603E-02
   37.352872      0.55741563E-01
   37.249686      0.15025403    
   37.146501     -0.10156834E-01
   37.043315     -0.16440368    
   36.940129     -0.63202888E-01
   36.836944      0.11015912E-01
   36.733758     -0.26104273E-01
   36.630572     -0.54695386E-01
   36.527387      0.36236830E-01
   36.424201      0.32654926E-01
   36.321015     -0.84471917E-02
   36.217830      0.50918933E-01
   36.114644     -0.96909199E-02
   36.011458     -0.22379767E-01
   35.908273     -0.22294823E-01
   35.805087     -0.96856862E-01
   35.701901     -0.65341644E-01
   35.598716     -0.65951057E-01
   35.495530     -0.78920968E-01
   35.392344     -0.63056208E-01
   35.289159      0.44760156E-01
   35.185973      0.86483188E-01
   35.082787      0.71143463E-01
   34.979602      0.72402254E-01
   34.876416     -0.69327220E-01
   34.773230     -0.10015023    
   34.670045     -0.15506480E-01
   34.566859      0.27899332E-02
   34.463673     -0.14898390E-01
   34.360488     -0.78614680E-02
   34.257302      0.56608319E-01
   34.154116      0.78542672E-01
   34.050931      0.22921104E-01
   33.947745      0.32685503E-01
   33.844559      0.52253298E-01
   33.741374     -0.47000468E-01
   33.638188     -0.30303419E-01
   33.535002     -0.23253425E-02
   33.431817     -0.61485812E-01
   33.328631     -0.35846392E-02
   33.225445     -0.12779340E-01
   33.122260     -0.97699143E-01
   33.019074     -0.89812689E-01
   32.915888     -0.96216246E-01
   32.812703     -0.10912321    
   32.709517     -0.67195110E-01
   32.606331     -0.90628952E-01
   32.503146     -0.47793951E-01
   32.399960      0.34372034E-02
   32.296774     -0.10984411E-01
   32.193589      0.68518028E-01
   32.090403      0.80453046E-01
   31.987217     -0.11159473E-01
   31.884032     -0.10177651    
   31.780846      0.44432017E-02
   31.677660      0.11621394    
   31.574474     -0.10563442E-01
   31.471289     -0.60233377E-01
   31.368103     -0.75552031E-01
   31.264917     -0.79297319E-01
   31.161732      0.41203015E-02
   31.058546      0.59857104E-01
   30.955360     -0.28132852E-01
   30.852175     -0.31960715E-01
   30.748989      0.91419235E-01
   30.645803      0.48555925E-01
   30.542618      0.34258038E-01
   30.439432      0.27204847E-01
   30.336246     -0.12954580E-01
   30.233061     -0.39151017E-01
   30.129875     -0.27633127E-01
   30.026689     -0.56887768E-01
   29.923504     -0.11257979    
   29.820318     -0.10383977    
   29.717132     -0.90105712E-01
   29.613947      0.56455363E-01
   29.510761      0.95060207E-01
   29.407575     -0.11519457E-01
   29.304390     -0.78777224E-01
   29.201204     -0.11181360    
   29.098018      0.43077577E-01
   28.994833      0.14564700E-01
   28.891647      0.10473612E-01
   28.788461      0.10604636    
   28.685276     -0.36245655E-01
   28.582090      0.48366562E-02
   28.478904      0.48798155E-01
   28.375719      0.36216974E-02
   28.272533     -0.48552405E-01
   28.169347     -0.91998562E-01
   28.066162      0.98922960E-02
   27.962976     -0.27778322E-01
   27.859790     -0.66060789E-01
   27.756605      0.30989129E-01
   27.653419     -0.10102345E-02
   27.550233      0.15084045E-02
   27.447048     -0.30685533E-02
   27.343862     -0.67557424E-01
   27.240676      0.24172019E-01
   27.137491      0.11164006    
   27.034305      0.88569820E-01
   26.931119      0.27497100E-01
   26.827934     -0.71790747E-01
   26.724748     -0.10036939    
   26.621562     -0.38593121E-01
   26.518377     -0.47448850E-02
   26.415191      0.92634857E-02
   26.312005      0.96570775E-01
   26.208820      0.13671160    
   26.105634      0.12715302    
   26.002448      0.15922041    
   25.899263      0.80380246E-01
   25.796077      0.81931092E-01
   25.692891      0.57817783E-01
   25.589706     -0.58140110E-01
   25.486520     -0.11122376    
   25.383334     -0.82499795E-01
   25.280149     -0.33698030E-01
   25.176963      0.24320446E-01
   25.073777      0.27350802E-01
   24.970592     -0.88994265E-01
   24.867406     -0.19633960E-01
   24.764220      0.70250116E-01
   24.661035      0.26993912E-01
   24.557849     -0.10474998E-01
   24.454663     -0.22737721E-01
   24.351478      0.14390913E-02
   24.248292      0.39237905E-01
   24.145106      0.40408164E-01
   24.041921      0.44249572E-01
   23.938735     -0.27564701E-01
   23.835549     -0.11417322    
   23.732364     -0.99128172E-01
   23.629178     -0.60184769E-01
   23.525992     -0.44698909E-01
   23.422807     -0.12606261E-02
   23.319621     -0.43547064E-01
   23.216435      0.16491642E-01
   23.113250      0.15390015E-01
   23.010064     -0.92114672E-01
   22.906878     -0.63480221E-01
   22.803693     -0.16388521E-01
   22.700507      0.13556489    
   22.597321      0.16937444    
   22.494136      0.18244710E-01
   22.390950     -0.80050103E-01
   22.287764      0.60782437E-02
   22.184579     -0.34992807E-01
   22.081393      0.47494499E-02
   21.978207      0.77925421E-01
   21.875022     -0.99465903E-02
   21.771836     -0.81552289E-01
   21.668650     -0.56815922E-01
   21.565465      0.68199381E-01
   21.462279      0.97646952E-01
   21.359093      0.49797811E-01
   21.255908      0.27208973E-01
   21.152722      0.82839197E-02
   21.049536     -0.90335041E-01
   20.946351     -0.10540880    
   20.843165      0.20817311E-01
   20.739979      0.76655239E-01
   20.636794      0.50925361E-02
   20.533608      0.10795316    
   20.430422      0.10654090    
   20.327237     -0.18601613E-01
   20.224051     -0.49333997E-01
   20.120865      0.32419205E-01
   20.017680      0.84709495E-01
   19.914494      0.50843365E-01
   19.811308      0.73307663E-01
   19.708123      0.54496963E-01
   19.604937     -0.68712113E-02
   19.501751      0.10462733E-01
   19.398566     -0.45082550E-01
   19.295380     -0.47260940E-01
   19.192194      0.60283680E-01
   19.089009     -0.15081747E-01
   18.985823     -0.58305934E-01
   18.882637      0.15015764E-01
   18.779452     -0.50121918E-04
   18.676266     -0.13272820E-01
   18.573080      0.19142877E-01
   18.469895      0.34609750E-01
   18.366709      0.55856248E-02
   18.263523     -0.22738935E-01
   18.160338      0.11113134E-01
   18.057152      0.60673378E-01
   17.953966      0.11815503E-02
   17.850781     -0.57657063E-01
   17.747595     -0.66952072E-01
   17.644409     -0.60262036E-01
   17.541224      0.18760275E-01
   17.438038     -0.13453992E-01
   17.334852      0.95898628E-01
   17.231667      0.19506073    
   17.128481      0.95390208E-01
   17.025295      0.22731747E-01
   16.922110      0.10586105    
   16.818924      0.58069203E-01
   16.715738     -0.24287418E-01
   16.612553      0.28447460E-01
   16.509367      0.37949003E-01
   16.406181      0.68383835E-01
   16.302996      0.53523108E-04
   16.199810      0.54907531E-01
   16.096624      0.25414175    
   15.993439      0.27181348    
   15.890253      0.25745192    
   15.787067      0.34962514    
   15.683882      0.40334189    
   15.580696      0.51667333    
   15.477510      0.46864212    
   15.374325      0.22590259    
   15.271139      0.22192980    
   15.167953      0.31363127    
   15.064768      0.22775644    
   14.961582      0.16160275    
   14.858396      0.17882533    
   14.755211      0.15970972    
   14.652025      0.22913939    
   14.548839      0.25183150    
   14.445654      0.81965871E-01
   14.342468      0.56056809E-01
   14.239282      0.11447477    
   14.136097      0.12591937    
   14.032911      0.12757538    
   13.929725      0.10488638    
   13.826540      0.85284477E-02
   13.723354      0.14799684E-01
   13.620168      0.17269984    
   13.516982      0.15057287    
   13.413797      0.97243890E-01
   13.310611      0.16464746    
   13.207425      0.18588053    
   13.104240      0.10943729    
   13.001054      0.73583610E-01
   12.897868      0.48208732E-01
   12.794683      0.52260388E-01
   12.691497      0.12207064    
   12.588311      0.17007759    
   12.485126      0.10996046    
   12.381940      0.86903445E-01
   12.278754      0.18333152    
   12.175569      0.19048347    
   12.072383      0.18304753    
   11.969197      0.23813638    
   11.866012      0.13232237    
   11.762826     -0.65800846E-02
   11.659640      0.35837539E-01
   11.556455      0.31204397E-01
   11.453269     -0.32760538E-02
   11.350083      0.48651706E-01
   11.246898      0.13032462    
   11.143712      0.16151866    
   11.040526      0.90130575E-01
   10.937341      0.38357139E-01
   10.834155      0.80244794E-01
   10.730969      0.11221321    
   10.627784      0.17398460    
   10.524598      0.12468336    
   10.421412      0.54254029E-01
   10.318227      0.77136748E-01
   10.215041      0.42018861E-01
   10.111855      0.73341735E-01
   10.008670      0.11272053    
   9.9054841      0.70606135E-01
   9.8022984      0.43620467E-01
   9.6991128      0.83167873E-01
   9.5959271      0.10190079    
   9.4927414      0.92743084E-01
   9.3895558      0.51820651E-01
   9.2863701      0.44930991E-01
   9.1831844      0.23383377E-02
   9.0799987      0.27324442E-01
   8.9768131      0.12124190    
   8.8736274      0.17678919    
   8.7704417      0.22128201    
   8.6672561      0.19408096    
   8.5640704      0.44545570    
   8.4608847      0.61426979    
   8.3576991      0.67272651    
   8.2545134      0.94567508    
   8.1513277       1.0558258    
   8.0481421      0.96880257    
   7.9449564      0.82447225    
   7.8417707      0.78696740    
   7.7385851      0.83384144    
   7.6353994      0.84334511    
   7.5322137      0.75198615    
   7.4290280      0.66489267    
   7.3258424      0.52553767    
   7.2226567      0.43787521    
   7.1194710      0.41349846    
   7.0162854      0.38143921    
   6.9130997      0.39069176    
   6.8099140      0.27500305    
   6.7067284      0.28369638    
   6.6035427      0.40533125    
   6.5003570      0.38169262    
   6.3971714      0.29769647    
   6.2939857      0.29830325    
   6.1908000      0.22094688    
   6.0876144      0.27165815    
   5.9844287      0.37898222    
   5.8812430      0.31736839    
   5.7780574      0.21686666    
   5.6748717      0.13968337    
   5.5716860      0.14543886    
   5.4685003      0.67884549E-01
   5.3653147      0.89843869E-01
   5.2621290      0.20343013    
   5.1589433      0.17487454    
   5.0557577      0.15498632    
   4.9525720      0.21531573    
   4.8493863      0.24953423    
   4.7462007      0.18582557    
   4.6430150      0.27333552    
   4.5398293      0.28383783    
   4.4366437      0.11054950    
   4.3334580      0.60976516E-01
   4.2302723      0.89764625E-01
   4.1270867      0.15101986    
   4.0239010      0.17470217    
   3.9207153      0.14210135    
   3.8175296      0.90160705E-01
   3.7143440      0.12823226    
   3.6111583      0.15953733    
   3.5079726      0.22752182    
   3.4047870      0.20758288    
   3.3016013      0.81753232E-01
   3.1984156      0.11977924    
   3.0952300      0.12198277    
   2.9920443      0.43108895E-01
   2.8888586      0.59728418E-01
   2.7856730      0.22686200    
   2.6824873      0.22216503    
   2.5793016      0.12089682    
   2.4761160      0.68770900E-01
   2.3729303      0.50181866E-01
   2.2697446      0.55497430E-01
   2.1665590     -0.22808429E-01
   2.0633733      0.91751352E-01
   1.9601876      0.13167277    
   1.8570019     -0.92483908E-02
   1.7538163     -0.13333513    
   1.6506306     -0.11489123    
   1.5474449     -0.15239919E-01
   1.4442593      0.11379797E-01
   1.3410736     -0.31227540E-01
   1.2378879     -0.89696147E-01
   1.1347023     -0.39650168E-01
   1.0315166      0.80979899E-01
  0.92833093      0.70202723E-01
  0.82514526     -0.20620296E-01
  0.72195959     -0.20473726E-01
  0.61877392      0.43986000E-01
  0.51558825      0.49301662E-01
  0.41240258     -0.15779170E-02
  0.30921692     -0.83225057E-01
  0.20603125     -0.84852390E-01
  0.10284558      0.73124588E-01
 -0.34008948E-03  0.67603096E-01
 -0.10352576      0.62081676E-01
 -0.20671143      0.12802348    
 -0.30989710      0.13935210    
 -0.41308276      0.85931465E-01
 -0.51626843      0.20703100E-01
 -0.61945410     -0.37281546E-02
 -0.72263977     -0.21013459E-01
 -0.82582544     -0.62833235E-01
 -0.92901111     -0.74094072E-01
  -1.0321968     -0.16293707E-02
  -1.1353824      0.39925348E-01
  -1.2385681      0.50317835E-01
  -1.3417538     -0.36910575E-01
  -1.4449394      0.35641640E-01
  -1.5481251     -0.19873749E-01
  -1.6513108     -0.19360945    
  -1.7544965     -0.14069042    
  -1.8576821      0.24198432E-01
  -1.9608678      0.64451963E-01
  -2.0640535     -0.27306112E-01
  -2.1672391     -0.31590494E-02
  -2.2704248      0.13545628E-01
  -2.3736105      0.37144314E-01
  -2.4767961     -0.92125665E-02
  -2.5799818      0.35988942E-01
  -2.6831675      0.60697000E-01
  -2.7863531     -0.30536190E-01
  -2.8895388      0.13622859E-01
  -2.9927245      0.24809171E-01
  -3.0959101      0.12119482E-02
  -3.1990958     -0.36155835E-01
  -3.3022815     -0.19074652E-01
  -3.4054672      0.81346050E-01
  -3.5086528      0.54380111E-01
  -3.6118385      0.69402128E-01
  -3.7150242     -0.26441224E-01
  -3.8182098     -0.32973457E-01
  -3.9213955      0.10653343    
  -4.0245812     -0.86486880E-02
  -4.1277668      0.54965401E-02
  -4.2309525      0.44339944E-01
  -4.3341382     -0.87692484E-01
  -4.4373238     -0.11752450    
  -4.5405095     -0.10014852    
  -4.6436952     -0.73267817E-01
  -4.7468808     -0.29229628E-01
  -4.8500665     -0.29932681E-01
  -4.9532522     -0.60955718E-01
  -5.0564379     -0.40173437E-01
  -5.1596235     -0.77581599E-01
  -5.2628092     -0.81792027E-01
  -5.3659949     -0.46531811E-01
  -5.4691805      0.52754089E-01
  -5.5723662      0.57368904E-01
  -5.6755519     -0.63909411E-01
  -5.7787375     -0.78890912E-01
  -5.8819232     -0.48248492E-01
  -5.9851089      0.47996692E-01
  -6.0882945     -0.42833887E-01
  -6.1914802     -0.68815559E-01
  -6.2946659      0.43607078E-01
  -6.3978515      0.13617449    
  -6.5010372      0.66748992E-01
  -6.6042229     -0.58613837E-01
  -6.7074085     -0.31353205E-01
  -6.8105942     -0.23760028E-01
  -6.9137799     -0.58433481E-01
  -7.0169656      0.24002422E-01
  -7.1201512      0.62946506E-01
  -7.2233369      0.82767464E-01
  -7.3265226      0.94680935E-01
  -7.4297082     -0.30666236E-01
  -7.5328939     -0.18239231    
  -7.6360796     -0.16035278    
  -7.7392652      0.38116265E-01
  -7.8424509     -0.53995036E-01
  -7.9456366     -0.61038483E-01
  -8.0488222     -0.26789224E-01
  -8.1520079     -0.91013722E-01
  -8.2551936     -0.25830558E-01
  -8.3583792     -0.53179050E-02
  -8.4615649      0.19708168E-01
  -8.5647506      0.78165688E-01
  -8.6679363      0.79876268E-02
  -8.7711219     -0.12093309E-01
  -8.8743076      0.11978455    
  -8.9774933      0.98523773E-01
  -9.0806789      0.25286598E-01
  -9.1838646      0.74288376E-01
  -9.2870503      0.22844657E-01
  -9.3902359     -0.56875508E-01
  -9.4934216     -0.41920848E-01
  -9.5966073     -0.56956351E-01
  -9.6997929     -0.95643885E-02
  -9.8029786      0.48435204E-01
  -9.9061643      0.94291829E-02
  -10.009350     -0.94885305E-01
  -10.112536     -0.16236553E-01
  -10.215721      0.95292982E-02
  -10.318907     -0.99726126E-01
  -10.422093     -0.19983323E-02
  -10.525278      0.52097030E-01
  -10.628464     -0.14329762E-02
  -10.731650      0.12558645E-01
  -10.834835      0.21456962E-01
  -10.938021     -0.79197221E-01
  -11.041207     -0.81554294E-01
  -11.144392     -0.21613788E-01
  -11.247578     -0.74134894E-01
  -11.350764     -0.79408318E-01
  -11.453949     -0.16428027E-01
  -11.557135     -0.15686955E-02
  -11.660321     -0.11283199E-01
  -11.763506     -0.31047959E-01
  -11.866692     -0.50378952E-01
  -11.969878     -0.40468946E-01
  -12.073063      0.19104671E-01
  -12.176249     -0.40670440E-01
  -12.279435     -0.12608391    
  -12.382620     -0.48245966E-01
  -12.485806      0.12215080    
  -12.588992      0.15090379    
  -12.692177      0.33570323E-01
  -12.795363      0.43514244E-01
  -12.898549      0.57210486E-01
  -13.001734     -0.16676005E-01
  -13.104920      0.20516543E-01
  -13.208106      0.88158928E-01
  -13.311291      0.94973501E-02
  -13.414477      0.25544455E-02
  -13.517663      0.54427039E-01
  -13.620848      0.78180335E-01
  -13.724034      0.79637185E-01
  -13.827220      0.10684445    
  -13.930405      0.47932304E-01
  -14.033591      0.21562671E-01
  -14.136777      0.49570236E-01
  -14.239962      0.35601735E-01
  -14.343148      0.77826686E-01
  -14.446334      0.11125346    
  -14.549519      0.25082082    
  -14.652705      0.35042822    
  -14.755891      0.32126054    
  -14.859076      0.24140175    
  -14.962262      0.30675387    
  -15.065448      0.32345656    
  -15.168633      0.23948622    
  -15.271819      0.22506258    
  -15.375005      0.13777539    
  -15.478190      0.10323530    
  -15.581376      0.99924356E-01
  -15.684562      0.10263985    
  -15.787747      0.11660661    
  -15.890933      0.86701378E-01
  -15.994119      0.11336676    
  -16.097304      0.13093433    
  -16.200490      0.38575001E-01
  -16.303676      0.38649190E-01
  -16.406861      0.41254677E-01
  -16.510047      0.48352156E-01
  -16.613233      0.87185629E-01
  -16.716418      0.11408631    
  -16.819604      0.14897203    
  -16.922790      0.11078089    
  -17.025975      0.62928364E-01
  -17.129161      0.74706174E-01
  -17.232347     -0.17894384E-01
  -17.335532      0.56688539E-02
  -17.438718      0.13898051    
  -17.541904      0.37337951E-01
  -17.645089     -0.27148023E-01
  -17.748275      0.64186171E-01
  -17.851461      0.61682094E-01
  -17.954646      0.27624454E-01
  -18.057832      0.45042399E-01
  -18.161018      0.56324162E-01
  -18.264203      0.65951213E-01
  -18.367389      0.11007217E-01
  -18.470575     -0.18928222E-01
  -18.573760     -0.15618429E-01
  -18.676946      0.84997013E-01
  -18.780132      0.15067801    
  -18.883317      0.29958270E-01
  -18.986503      0.38297914E-01
  -19.089689      0.81937648E-01
  -19.192874      0.29779747E-01
  -19.296060      0.23563847E-01
  -19.399246      0.27871078E-01
  -19.502431      0.38009718E-01
  -19.605617      0.36793426E-01
  -19.708803      0.49049892E-01
  -19.811988     -0.34736566E-01
  -19.915174      0.77671073E-02
  -20.018360      0.11489290    
  -20.121545      0.10388228    
  -20.224731      0.47148310E-01
  -20.327917     -0.22174347E-01
  -20.431102     -0.13418745E-01
  -20.534288     -0.84677182E-01
  -20.637474     -0.14549327    
  -20.740659     -0.15355931E-01
  -20.843845      0.48332036E-01
  -20.947031     -0.27430248E-02
  -21.050216      0.52996334E-01
  -21.153402      0.25540251E-01
  -21.256588     -0.17370999E-01
  -21.359773     -0.14832583E-01
  -21.462959     -0.93152247E-01
  -21.566145     -0.15748569    
  -21.669330     -0.10040388    
  -21.772516     -0.77495351E-01
  -21.875702     -0.10516964    
  -21.978887      0.42157773E-01
  -22.082073      0.62204979E-01
  -22.185259     -0.12760085    
  -22.288445     -0.39047606E-01
  -22.391630      0.10059074    
  -22.494816     -0.36445670E-01
  -22.598002     -0.96358128E-01
  -22.701187     -0.12001473E-01
  -22.804373     -0.27322296E-01
  -22.907559     -0.16380375E-01
  -23.010744      0.32629106E-01
  -23.113930      0.43770120E-01
  -23.217116      0.10107537    
  -23.320301      0.54736756E-01
  -23.423487      0.71541136E-02
  -23.526673      0.93382254E-01
  -23.629858      0.49012359E-01
  -23.733044     -0.55472229E-01
  -23.836230     -0.19856235E-01
  -23.939415      0.36558383E-02
  -24.042601      0.58874935E-01
  -24.145787      0.10262099    
  -24.248972      0.79107858E-01
  -24.352158      0.51155768E-01
  -24.455344      0.58970720E-01
  -24.558529      0.60372286E-01
  -24.661715      0.14804437E-01
  -24.764901      0.16266607E-01
  -24.868086     -0.85388348E-01
  -24.971272     -0.48500821E-01
  -25.074458      0.55707954E-01
  -25.177643      0.25086328E-01
  -25.280829      0.50566554E-01
  -25.384015      0.12626286    
  -25.487200      0.21919139E-01
  -25.590386     -0.39334320E-01
  -25.693572      0.54145120E-01
  -25.796757     -0.28309705E-01
  -25.899943      0.55850931E-01
  -26.003129      0.63213870E-01
  -26.106314     -0.29066581E-01
  -26.209500      0.13525597E-01
  -26.312686      0.45559064E-01
  -26.415871      0.80284871E-01
  -26.519057     -0.12081360E-01
  -26.622243     -0.10642963E-01
  -26.725428      0.48355881E-01
  -26.828614     -0.20490719E-01
  -26.931800     -0.64904399E-01
  -27.034985     -0.23309708E-01
  -27.138171      0.40153280E-01
  -27.241357      0.83113730E-01
  -27.344542      0.13851094    
  -27.447728      0.11063851    
  -27.550914      0.63233696E-01
  -27.654099      0.30962706E-01
  -27.757285     -0.46682701E-01
  -27.860471      0.21085991E-01
  -27.963656      0.56359969E-01
  -28.066842      0.14851458E-01
  -28.170028      0.23967851E-01
  -28.273213     -0.20282760E-01
  -28.376399     -0.13421407    
  -28.479585     -0.12159589    
  -28.582770     -0.41508470E-01
  -28.685956     -0.78313351E-01
  -28.789142     -0.17109135E-01
  -28.892327     -0.32390427E-01
  -28.995513     -0.46337675E-01
  -29.098699     -0.50297859E-02
  -29.201884      0.44664815E-02
  -29.305070      0.37176799E-01
  -29.408256     -0.51480584E-01
  -29.511441     -0.15669996    
  -29.614627     -0.11509469    
  -29.717813     -0.60974479E-01
  -29.820998     -0.71762912E-01
  -29.924184     -0.33724055E-01
  -30.027370      0.21537840E-01
  -30.130555     -0.17902810E-01
  -30.233741     -0.13007307E-01
  -30.336927      0.70400529E-01
  -30.440112      0.11185002    
  -30.543298      0.50542615E-01
  -30.646484      0.17685570E-01
  -30.749669     -0.19083800E-01
  -30.852855      0.47455048E-02
  -30.956041      0.94613872E-01
  -31.059226      0.29359687E-01
  -31.162412      0.70703253E-01
  -31.265598      0.73283672E-01
  -31.368783      0.26922148E-01
  -31.471969      0.10013346E-01
  -31.575155     -0.43088391E-01
  -31.678340      0.12984432E-01
  -31.781526      0.21130480E-01
  -31.884712     -0.17801050E-01
  -31.987897     -0.34687769E-01
  -32.091083     -0.11258033E-01
  -32.194269      0.26718400E-01
  -32.297454      0.53069848E-02
  -32.400640      0.47813140E-01
  -32.503826      0.39359566E-01
  -32.607011     -0.31268630E-01
  -32.710197      0.53993352E-02
  -32.813383     -0.30529924E-01
  -32.916568     -0.24993021E-01
  -33.019754      0.87670863E-01
  -33.122940     -0.27999457E-01
  -33.226125     -0.10501827    
  -33.329311     -0.90361513E-01
  -33.432497     -0.40415470E-01
  -33.535682     -0.10395421E-01
  -33.638868     -0.70141383E-01
  -33.742054      0.42276803E-01
  -33.845239      0.45180801E-01
  -33.948425      0.20303650E-01
  -34.051611      0.56108877E-01
  -34.154796     -0.14556042E-01
  -34.257982     -0.51007800E-01
  -34.361168     -0.50150655E-01
  -34.464353     -0.91959015E-01
  -34.567539     -0.94407998E-01
  -34.670725     -0.32813504E-01
  -34.773910      0.38330331E-01
  -34.877096      0.80773875E-01
  -34.980282      0.96313991E-01
  -35.083467      0.12677079    
  -35.186653      0.26698504E-01
  -35.289839     -0.10577096    
  -35.393024     -0.46970844E-01
  -35.496210     -0.31674122E-02
  -35.599396      0.29678948E-01
  -35.702581      0.43985777E-01
  -35.805767      0.17073659E-01
  -35.908953      0.52437507E-01
  -36.012138      0.53241592E-01
  -36.115324     -0.20598160E-01
  -36.218510      0.70209652E-01
  -36.321695      0.14693490    
  -36.424881      0.61006729E-01
  -36.528067      0.19355591E-01
  -36.631252      0.45776484E-02
  -36.734438      0.16414864E-01
  -36.837624     -0.12147093E-01
  -36.940809     -0.19726668E-01
  -37.043995      0.19722781E-02
  -37.147181     -0.51987987E-01
  -37.250366     -0.14714301    
  -37.353552     -0.20379048E-01
  -37.456738      0.68231970E-01
  -37.559923      0.15583010E-02
  -37.663109      0.28014233E-01
  -37.766295      0.11255407    
  -37.869480      0.34243517E-01
  -37.972666     -0.47950644E-01
  -38.075852     -0.34503303E-01
  -38.179037     -0.19220285E-01
  -38.282223      0.42099692E-01
  -38.385409      0.10366694    
  -38.488594      0.21407339    
  -38.591780      0.19365790    
  -38.694966      0.14723521    
  -38.798151      0.20111811    
  -38.901337      0.26215911    
  -39.004523      0.25904018    
  -39.107708      0.21307881    
  -39.210894      0.29437858    
  -39.314080      0.40007001    
  -39.417265      0.34309375    
  -39.520451      0.25945655    
  -39.623637      0.22685917    
  -39.726822      0.21627772    
  -39.830008      0.33766255    
  -39.933194      0.29820418    
  -40.036380      0.13190621    
  -40.139565      0.11213319    
  -40.242751      0.13255246    
  -40.345937      0.12019666    
  -40.449122      0.79738282E-01
  -40.552308     -0.27956529E-01
  -40.655494     -0.54176789E-01
  -40.758679      0.64070612E-01
  -40.861865      0.12941675    
  -40.965051      0.16085665    
  -41.068236      0.82942978E-01
  -41.171422     -0.20379838E-01
  -41.274608     -0.64435527E-01
  -41.377793      0.48641898E-02
  -41.480979      0.12348241    
  -41.584165      0.42623881E-01
  -41.687350     -0.33668824E-01
  -41.790536     -0.23706708E-01
  -41.893722     -0.84859274E-01
  -41.996907     -0.95442384E-01
  -42.100093      0.79994172E-01
  -42.203279      0.13643031    
  -42.306464     -0.27895829E-01
  -42.409650     -0.29514678E-01
  -42.512836     -0.43022223E-01
  -42.616021      0.65923184E-01
  -42.719207      0.15256068    
  -42.822393      0.68626955E-01
  -42.925578      0.10803635    
  -43.028764      0.71121387E-01
  -43.131950      0.12691733    
  -43.235135      0.13493037    
  -43.338321      0.11343125    
  -43.441507      0.10382698    
  -43.544692      0.74596487E-01
  -43.647878     -0.22050839E-01
  -43.751064      0.47629271E-01
  -43.854249      0.16480495    
  -43.957435      0.76930694E-01
  -44.060621     -0.31223265E-02
  -44.163806     -0.22387046E-01
  -44.266992      0.74678048E-01
  -44.370178      0.36216211E-01
  -44.473363      0.77029690E-03
  -44.576549      0.14922616    
  -44.679735      0.18246968    
  -44.782920      0.15749097    
  -44.886106      0.11970098    
  -44.989292     -0.37481662E-01
  -45.092477     -0.37308931E-01
  -45.195663     -0.14221599E-01
  -45.298849      0.48183963E-01
  -45.402034      0.73815025E-01
  -45.505220     -0.14504883E-02
  -45.608406     -0.26811574E-01
  -45.711591      0.56099240E-01
  -45.814777      0.84468134E-01
  -45.917963      0.39819356E-01
  -46.021148      0.37533273E-02
  -46.124334     -0.26873836E-01
  -46.227520      0.97429015E-01
  -46.330705      0.12812820    
  -46.433891      0.23746720E-01
  -46.537077      0.24281800E-01
  -46.640262      0.13854720E-01
  -46.743448     -0.21800853E-01
  -46.846634     -0.57848036E-01
  -46.949819     -0.40728640E-01
  -47.053005     -0.19241836E-01
  -47.156191     -0.32233249E-01
  -47.259376     -0.18459510E-01
  -47.362562     -0.58828923E-02
  -47.465748     -0.22821268E-01
  -47.568933      0.74333228E-01
  -47.672119      0.86294889E-01
  -47.775305     -0.28031241E-01
  -47.878490     -0.28176051E-01
  -47.981676     -0.89595079E-01
  -48.084862     -0.27408687E-01
  -48.188047      0.59687443E-01
  -48.291233      0.47283970E-01
  -48.394419     -0.11172517    
  -48.497604     -0.12079104    
  -48.600790      0.51981185E-01
  -48.703976     -0.57998702E-01
  -48.807161     -0.92670560E-01
  -48.910347      0.15580520E-01
  -49.013533     -0.13329385E-01
  -49.116718      0.25691045E-01
  -49.219904     -0.81318319E-01
  -49.323090     -0.10403739    
  -49.426275      0.25039602E-01
  -49.529461      0.89731179E-02
  -49.632647      0.73524965E-02
  -49.735832      0.80922917E-01
  -49.839018      0.81740543E-01
  -49.942204     -0.15772229E-01
  -50.045389     -0.85852981E-01
  -50.148575     -0.17099553    
  -50.251761     -0.11651799    
  -50.354946     -0.10422044    
  -50.458132     -0.90989508E-01
  -50.561318     -0.96227124E-01
  -50.664503     -0.12312738    
  -50.767689     -0.54872535E-01
  -50.870875     -0.54151911E-01
  -50.974060      0.34265861E-01
  -51.077246      0.89718718E-02
  -51.180432     -0.28081305E-01
  -51.283617      0.95076732E-01
  -51.386803     -0.24280265E-01
  -51.489989     -0.12315595    
  -51.593174      0.18371511E-02
  -51.696360      0.67905106E-01
  -51.799546      0.20895477E-01
  -51.902731      0.95941471E-02
  -52.005917     -0.83809476E-02
  -52.109103      0.60057405E-01
  -52.212288      0.12079264    
  -52.315474      0.82073234E-01
  -52.418660      0.49611263E-01
  -52.521845      0.43584011E-01
  -52.625031      0.18108048E-01
  -52.728217     -0.56416355E-01
  -52.831402     -0.57355680E-01
  -52.934588      0.47602151E-02
  -53.037774      0.45862824E-01
  -53.140959      0.22858489E-01
  -53.244145      0.24324724E-01
  -53.347331      0.14033219E-02
  -53.450516      0.24538122E-01
  -53.553702     -0.78024663E-01
  -53.656888     -0.98495096E-01
  -53.760073      0.12005532E-01
  -53.863259      0.50314367E-01
  -53.966445      0.62431242E-01
  -54.069630      0.37978645E-01
  -54.172816     -0.10284920E-01
  -54.276002     -0.89945495E-01
  -54.379187     -0.25176335E-01
  -54.482373     -0.96213352E-03
  -54.585559      0.28262757E-01
  -54.688744     -0.77208150E-02
  -54.791930     -0.88571496E-01
  -54.895116     -0.27280737E-01
  -54.998301      0.68188392E-01
  -55.101487      0.95363081E-01
  -55.204673      0.67081146E-01
  -55.307858     -0.22814022E-01
  -55.411044     -0.26705910E-01
  -55.514230      0.54437708E-01
  -55.617415      0.50464164E-01
  -55.720601      0.40760944E-02
  -55.823787     -0.32591540E-01
  -55.926972     -0.42512223E-01
  -56.030158     -0.65270998E-01
  -56.133344      0.64766137E-02
  -56.236529      0.35142604E-01
  -56.339715     -0.53081281E-01
  -56.442901      0.10373980E-01
  -56.546086      0.58454764E-02
  -56.649272      0.41430406E-02
  -56.752458     -0.60551772E-02
  -56.855643     -0.69647327E-01
  -56.958829     -0.20266332E-01
  -57.062015     -0.10445277    
  -57.165200     -0.14879940E-01
  -57.268386      0.12573268    
  -57.371572      0.13354850    
  -57.474757      0.85107930E-01
  -57.577943      0.29716523E-01
  -57.681129      0.60638860E-01
  -57.784314     -0.86910605E-01
  -57.887500     -0.10654506    
  -57.990686      0.29439125E-01
  -58.093872      0.11317012E-01
  -58.197057     -0.42977586E-01
  -58.300243     -0.34590453E-01
  -58.403429      0.67453116E-01
  -58.506614      0.40797140E-01
  -58.609800     -0.79214595E-01
  -58.712986     -0.13938853    
  -58.816171     -0.15885249    
  -58.919357     -0.11074036    
  -59.022543     -0.20299612E-01
  -59.125728      0.30351553E-01
  -59.228914      0.79531617E-01
  -59.332100      0.10647848    
  -59.435285     -0.22490669E-01
  -59.538471     -0.73248655E-01
  -59.641657      0.26927063E-01
  -59.744842      0.68363681E-01
  -59.848028     -0.13596181E-01
  -59.951214     -0.34215197E-01
  -60.054399     -0.15303752E-01
  -60.157585     -0.99566832E-01
  -60.260771     -0.56683347E-01
  -60.363956      0.26623892E-01
  -60.467142      0.31551410E-01
  -60.570328      0.29338650E-01
  -60.673513     -0.26279632E-01
  -60.776699     -0.33247687E-01
  -60.879885     -0.60186788E-01
  -60.983070     -0.40847324E-01
  -61.086256     -0.46145849E-01
  -61.189442     -0.54797763E-02
  -61.292627     -0.10992443E-01
  -61.395813     -0.68663079E-02
  -61.498999      0.10504358    
  -61.602184      0.23890063E-01
  -61.705370     -0.46570458E-01
  -61.808556     -0.10653723    
  -61.911741     -0.43962426E-01
  -62.014927     -0.30052666E-01
  -62.118113     -0.47717381E-01
  -62.221298      0.14594477E-03
  -62.324484      0.24007440E-01
  -62.427670      0.51666878E-01
  -62.530855      0.26574755E-01
  -62.634041     -0.63935280E-01
  -62.737227     -0.37462544E-01
  -62.840412      0.61748207E-01
  -62.943598      0.46290673E-01
  -63.046784      0.23384089E-01
  -63.149969     -0.68754427E-01
  -63.253155      0.59518516E-01
  -63.356341      0.13200274    
  -63.459526      0.23347337E-01
  -63.562712      0.22853851E-01
  -63.665898      0.33998355E-01
  -63.769083      0.20588612E-01
  -63.872269      0.10257052    
  -63.975455      0.10799386    
  -64.078640     -0.10333599E-01
  -64.181826     -0.71805164E-01
  -64.285012     -0.77512443E-01
  -64.388197      0.32150992E-02
  -64.491383     -0.17524201E-01
  -64.594569     -0.14169207E-01
  -64.697754     -0.37244543E-01
  -64.800940     -0.97733773E-01
  -64.904126     -0.99929594E-01
  -65.007311     -0.92928216E-01
  -65.110497     -0.70914567E-01
  -65.213683     -0.38443096E-01
  -65.316868      0.17498393E-01
  -65.420054      0.13197270    
  -65.523240      0.12125546    
  -65.626425      0.19240260E-01
  -65.729611     -0.18232616E-01
  -65.832797     -0.55140749E-01
  -65.935982     -0.69505773E-01
  -66.039168     -0.88985339E-01
  -66.142354      0.41155055E-01
  -66.245539      0.11295140    
  -66.348725      0.36176108E-01
  -66.451911     -0.20190278E-01
  -66.555096     -0.45092922E-01
  -66.658282      0.18854475E-01
  -66.761468     -0.61796889E-01
  -66.864653     -0.97812243E-01
  -66.967839      0.54710202E-01
  -67.071025     -0.28287172E-02
  -67.174210     -0.12439637E-01
  -67.277396      0.10201010    
  -67.380582      0.38999416E-01
  -67.483767      0.44297196E-01
  -67.586953     -0.16996276E-01
  -67.690139     -0.10948839    
  -67.793324     -0.86077847E-01
  -67.896510     -0.96449062E-01
  -67.999696     -0.85869186E-01
  -68.102881     -0.18212637E-02
  -68.206067      0.85564807E-01
  -68.309253     -0.30277330E-01
  -68.412438     -0.13056397    
  -68.515624     -0.56729905E-01
  -68.618810     -0.16737252E-01
  -68.721995     -0.85931577E-01
  -68.825181     -0.25968924E-01
  -68.928367      0.16122738    
  -69.031552      0.12734903    
  -69.134738     -0.20024530E-02
  -69.237924      0.26147034E-01
  -69.341109      0.75785369E-01
  -69.444295      0.92400081E-01
  -69.547481      0.12843005    
  -69.650666      0.22551891    
  -69.753852      0.19470920    
  -69.857038      0.71650304E-01
  -69.960223      0.78251595E-02
  -70.063409      0.84490396E-01
  -70.166595      0.13069564    
  -70.269780      0.82868122E-01
  -70.372966      0.11145699    
  -70.476152     -0.57467539E-03
  -70.579337     -0.57324737E-01
  -70.682523     -0.30849688E-02
  -70.785709     -0.31131471E-01
  -70.888894     -0.17348718E-01
  -70.992080      0.34232784E-01
  -71.095266     -0.23750830E-02
  -71.198451      0.18551791E-01
  -71.301637      0.11320098E-01
  -71.404823      0.52702088E-01
  -71.508008      0.55622511E-01
  -71.611194      0.58685150E-03
  -71.714380     -0.63172281E-01
  -71.817565     -0.72390258E-01
  -71.920751      0.98068088E-01
  -72.023937      0.81502616E-01
  -72.127122     -0.28680762E-01
  -72.230308     -0.28311398E-01
  -72.333494     -0.41478552E-01
  -72.436679     -0.85872248E-01
  -72.539865     -0.16953073E-01
  -72.643051      0.74622586E-01
  -72.746236      0.16632965E-01
  -72.849422     -0.13493350    
  -72.952608     -0.95737427E-01
  -73.055793      0.68676397E-01
  -73.158979      0.49821593E-01
  -73.262165     -0.15848869E-01
  -73.365350     -0.34774926E-01
  -73.468536     -0.19595904E-01
  -73.571722      0.70920616E-01
  -73.674907      0.10378143    
  -73.778093      0.67107319E-02
  -73.881279      0.29404074E-01
  -73.984464      0.40004998E-01
  -74.087650      0.81231311E-01
  -74.190836      0.72363317E-01
  -74.294021     -0.65176725E-01
  -74.397207     -0.73111817E-01
  -74.500393      0.47316635E-03
  -74.603578      0.53261667E-01
  -74.706764      0.14216515    
  -74.809950      0.15369260    
  -74.913135      0.40122986E-01
  -75.016321      0.46354737E-01
  -75.119507      0.21917898E-01
  -75.222692      0.27662426E-01
  -75.325878     -0.92928819E-01
  -75.429064     -0.13392517    
  -75.532249     -0.53456690E-01
  -75.635435     -0.10804135    
  -75.738621     -0.90535060E-01
  -75.841807     -0.28046643E-01
  -75.944992     -0.72510824E-01
  -76.048178     -0.86060561E-01
  -76.151364      0.41038610E-01
  -76.254549     -0.49699489E-01
  -76.357735     -0.33280276E-01
  -76.460921     -0.65490697E-02
  -76.564106      0.39580703E-01
  -76.667292      0.15070790    
  -76.770478      0.11445835E-01
  -76.873663     -0.16287973E-01
  -76.976849     -0.88933241E-02
  -77.080035     -0.73002256E-01
  -77.183220     -0.19253680    
  -77.286406     -0.17210694    
  -77.389592      0.15079378E-01
  -77.492777      0.13636070    
  -77.595963      0.82734868E-01
  -77.699149      0.59546545E-01
  -77.802334      0.35787031E-01
  -77.905520     -0.31480230E-01
  -78.008706     -0.45333944E-01
  -78.111891      0.24664877E-02
  -78.215077      0.36048375E-01
  -78.318263      0.26861353E-01
  -78.421448     -0.79819504E-02
  -78.524634      0.41181400E-01
  -78.627820      0.13040097E-01
  -78.731005     -0.14342085    
  -78.834191      0.13117989E-01
  -78.937377      0.31418160E-01
  -79.040562     -0.21219425E-01
  -79.143748      0.28578075E-01
  -79.246934     -0.50738048E-01
  -79.350119      0.34070276E-01
  -79.453305      0.10256168    
  -79.556491      0.65669701E-01
  -79.659676      0.72944229E-02
  -79.762862      0.15997654E-01
  -79.866048      0.10423517    
  -79.969233      0.99349521E-01
  -80.072419      0.27160030E-02
  -80.175605     -0.21851340E-01
  -80.278790     -0.39435875E-01
  -80.381976     -0.41179828E-01
  -80.485162      0.75934213E-02
  -80.588347      0.44806048E-01
  -80.691533     -0.23232680E-01
  -80.794719     -0.11425005    
  -80.897904     -0.26846340E-01
  -81.001090      0.19542709E-01
  -81.104276      0.73497809E-01
  -81.207461      0.29355701E-01
  -81.310647     -0.16668053E-01
  -81.413833     -0.88391528E-02
  -81.517018      0.18891668E-01
  -81.620204     -0.63542962E-01
  -81.723390     -0.90027079E-01
  -81.826575      0.14121473E-01
  -81.929761      0.50792232E-01
  -82.032947      0.62085379E-01
  -82.136132     -0.42944951E-02
  -82.239318     -0.28811751E-01
  -82.342504     -0.41701801E-01
  -82.445689     -0.37856162E-01
  -82.548875     -0.17843328E-01
  -82.652061     -0.17458046E-01
  -82.755246     -0.11154366    
  -82.858432     -0.97775765E-01
  -82.961618      0.10157932    
  -83.064803      0.12932575    
  -83.167989      0.39453618E-01
  -83.271175     -0.18155891E-02
  -83.374360     -0.42542402E-01
  -83.477546     -0.11026455    
  -83.580732     -0.11367859    
  -83.683917     -0.48767496E-03
  -83.787103      0.92672380E-02
  -83.890289     -0.33077903E-01
  -83.993474     -0.89165211E-01
  -84.096660     -0.10782740    
  -84.199846      0.21910202E-01
  -84.303031      0.37315689E-01
  -84.406217     -0.18832881E-01
  -84.509403     -0.40038459E-01
  -84.612588     -0.97560734E-02
  -84.715774      0.48928991E-01
  -84.818960      0.77557415E-01
  -84.922145      0.53968992E-01
  -85.025331     -0.76159656E-01
  -85.128517     -0.26744351E-01
  -85.231702     -0.15570688E-01
  -85.334888     -0.10401797    
  -85.438074     -0.13929227    
  -85.541259     -0.15422942    
  -85.644445     -0.45645345E-01
  -85.747631      0.59214197E-01
  -85.850816      0.69408625E-01
  -85.954002     -0.10125272    
  -86.057188     -0.56791831E-01
  -86.160373      0.41079700E-01
  -86.263559     -0.42454842E-02
  -86.366745      0.28460613E-01
  -86.469930      0.22103390E-01
  -86.573116      0.10345215E-01
  -86.676302     -0.39911114E-01
  -86.779487     -0.11333092    
  -86.882673     -0.71046144E-01
  -86.985859     -0.26628934E-03
  -87.089044      0.86645126E-01
  -87.192230      0.97131662E-01
  -87.295416      0.18460974E-02
  -87.398601      0.42151265E-01
  -87.501787      0.13278108E-01
  -87.604973     -0.64738102E-01
  -87.708158     -0.10311831    
  -87.811344     -0.57770304E-01
  -87.914530     -0.22393418E-01
  -88.017715     -0.10613574    
  -88.120901     -0.89325488E-01
  -88.224087     -0.48936307E-01
  -88.327272     -0.40035062E-01
  -88.430458     -0.17566651E-01
  -88.533644      0.39160900E-01
  -88.636829     -0.55608034E-01
  -88.740015     -0.25354972    
  -88.843201     -0.18880512    
  -88.946386     -0.86643748E-01
  -89.049572     -0.12659074E-01
  -89.152758      0.10330750E-01
  -89.255943     -0.49513854E-01
  -89.359129     -0.47627920E-02
  -89.462315     -0.54024462E-01
  -89.565500     -0.13373671    
  -89.668686     -0.22928033E-01
  -89.771872      0.15272935E-01
  -89.875057      0.70048690E-01
  -89.978243      0.78611888E-01
  -90.081429     -0.12784987E-01
  -90.184614     -0.75940322E-02
  -90.287800      0.13135774E-01
  -90.390986     -0.29152157E-01
  -90.494171      0.33844691E-01
  -90.597357      0.15982188    
  -90.700543      0.17836608E-01
  -90.803728     -0.11335578    
  -90.906914     -0.82671821E-01
  -91.010100     -0.76345471E-03
  -91.113285     -0.38947593E-01
  -91.216471     -0.12763084    
  -91.319657     -0.12373792    
  -91.422842     -0.85107520E-01
  -91.526028      0.15756423E-01
  -91.629214     -0.11663820E-01
  -91.732399     -0.15004353    
  -91.835585     -0.61948217E-01
  -91.938771      0.13841849E-01
  -92.041956     -0.81082582E-01
  -92.145142     -0.69328092E-01
  -92.248328      0.16806273E-01
  -92.351513     -0.89460224E-01
  -92.454699     -0.11213391    
  -92.557885     -0.72582774E-01
  -92.661070     -0.95415220E-01
  -92.764256     -0.70873544E-01
  -92.867442     -0.10814155    
  -92.970627     -0.98784536E-01
  -93.073813     -0.41711051E-01
  -93.176999     -0.66622794E-01
  -93.280184     -0.11027894    
  -93.383370     -0.13461202    
  -93.486556     -0.90047173E-01
  -93.589741     -0.29820139E-01
  -93.692927     -0.22743624E-01
  -93.796113      0.47507044E-02
  -93.899299      0.22286903E-01
  -94.002484      0.11923429    
  -94.105670      0.62396605E-01
  -94.208856      -138.27315    
  -94.312041     -0.72058670E-01
  -94.415227     -0.13749936    
  -94.518413     -0.10938269    
  -94.621598     -0.11222166    
  -94.724784     -0.18400568    
  -94.827970     -0.77052303E-01
  -94.931155     -0.49518971E-02
  -95.034341      0.20551465E-01
  -95.137527      0.70272997E-01
  -95.240712     -0.12264928    
  -95.343898     -0.23442987    
  -95.447084      0.28890548E-02
  -95.550269      0.73572949E-01
  -95.653455     -0.12748148E-02
  -95.756641      0.24025284E-01
  -95.859826     -0.34112863E-01
  -95.963012     -0.64290367E-01
  -96.066198     -0.92023633E-01
  -96.169383     -0.64439893E-01
  -96.272569      0.33763543E-01
  -96.375755     -0.15089324    
  -96.478940     -0.12822187    
  -96.582126      0.11067693E-01
  -96.685312     -0.49151774E-01
  -96.788497     -0.78518488E-01
  -96.891683     -0.72537869E-01
  -96.994869     -0.17150819    
  -97.098054     -0.20332932    
  -97.201240     -0.63285120E-01
  -97.304426      0.17958594E-01
  -97.407611     -0.32265130E-01
  -97.510797     -0.32632351E-01
  -97.613983     -0.30340943E-02
  -97.717168     -0.41737705E-01
  -97.820354      0.15743680E-01
  -97.923540     -0.13357115E-01
  -98.026725     -0.16932352    
  -98.129911     -0.24252700E-01
  -98.233097     -0.44223182E-02
  -98.336282      0.31812612E-01
  -98.439468      0.13532256    
  -98.542654      0.14630228E-01
  -98.645839      0.36175936E-01
  -98.749025     -0.21412281E-01
  -98.852211     -0.59272852E-02
  -98.955396      0.20244345E-01
  -99.058582     -0.40146448E-02
  -99.161768      0.73756486E-01
  -99.264953     -0.14961543E-02
  -99.368139     -0.93263626E-01
  -99.471325      0.43765895E-01
  -99.574510      0.11952603    
  -99.677696     -0.42093683E-01
  -99.780882     -0.54258332E-01
  -99.884067      0.11562826    
  -99.987253      0.12250989    
  -100.09044      0.42133924E-01
  -100.19362     -0.80110384E-02
  -100.29681     -0.30970946E-01
  -100.40000     -0.76548815E-01
  -100.50318     -0.84109440E-01
  -100.60637     -0.66997662E-01
  -100.70955     -0.10950495    
  -100.81274      0.17109290E-01
  -100.91592     -0.18740529E-01
  -101.01911     -0.10746071    
  -101.12230     -0.79400867E-01
  -101.22548     -0.81253916E-01
  -101.32867     -0.35874043E-01
  -101.43185     -0.55726286E-01
  -101.53504      0.19986555E-01
  -101.63822     -0.12380386E-01
  -101.74141     -0.14246941    
  -101.84459     -0.10390161E-01
  -101.94778      0.11580707    
  -102.05097      0.42657806E-02
  -102.15415     -0.58318423E-02
  -102.25734      0.14053172    
  -102.36052      0.84408194E-01
  -102.46371     -0.65770403E-01
  -102.56689     -0.51331036E-01
  -102.67008      0.26044793E-01
  -102.77327      0.41401148E-01
  -102.87645     -0.92523601E-02
  -102.97964      0.23546949E-01
  -103.08282      0.68658844E-01
  -103.18601     -0.51599532E-01
  -103.28919      0.15043427E-01
  -103.39238      0.14246067    
  -103.49557      0.19873902E-01
  -103.59875     -0.45716502E-01
  -103.70194     -0.81892118E-01
  -103.80512      0.69709085E-01
  -103.90831      0.63987069E-01
  -104.01149     -0.40188275E-01
  -104.11468      0.38664863E-01
  -104.21787      0.54580249E-01
  -104.32105     -0.13286434E-03
  -104.42424     -0.89209028E-01
  -104.52742     -0.48303239E-01
  -104.63061     -0.73378250E-01
  -104.73379     -0.67937836E-01
  -104.83698      0.22049416E-01
  -104.94017     -0.87934271E-01
  -105.04335     -0.17672473    
  -105.14654     -0.58533683E-01
  -105.24972     -0.78170650E-01
  -105.35291      0.94200950E-03
  -105.45609      0.47089513E-01
  -105.55928     -0.74542768E-01
  -105.66246      0.33983141E-01
  -105.76565      0.15293856E-01
  -105.86884     -0.10423326    
  -105.97202     -0.14186451    
  -106.07521     -0.82218289E-01
  -106.17839      0.26173411E-01
  -106.28158      0.22570573E-01
  -106.38476     -0.63792028E-01
  -106.48795     -0.27343340E-01
  -106.59114      0.28791353E-02
  -106.69432      0.21563279E-01
  -106.79751      0.32060303E-01
  -106.90069     -0.86910531E-01
  -107.00388     -0.64950265E-01
  -107.10706     -0.38223122E-02
  -107.21025      0.51054731E-03
  -107.31344     -0.10266460    
  -107.41662     -0.18480125    
  -107.51981     -0.85074738E-01
  -107.62299     -0.59114195E-01
  -107.72618      0.20389797E-01
  -107.82936      0.11072771    
  -107.93255      0.23907624E-01
  -108.03574     -0.77751994E-01
  -108.13892     -0.14326278E-01
  -108.24211     -0.78264195E-02
  -108.34529     -0.53388134E-01
  -108.44848      0.30860133E-01
  -108.55166      0.31567626E-01
  -108.65485      0.53454496E-01
  -108.75803     -0.27621360E-01
  -108.86122     -0.14317486    
  -108.96441     -0.70328407E-01
  -109.06759     -0.10029612E-01
  -109.17078     -0.17411754E-01
  -109.27396     -0.43642431E-01
  -109.37715     -0.40062841E-01
  -109.48033      0.90457954E-01
  -109.58352      0.11634396E-01
  -109.68671     -0.12998627    
  -109.78989     -0.10221978    
  -109.89308     -0.56003383E-02
  -109.99626     -0.10592963E-02
  -110.09945     -0.96670814E-01
  -110.20263     -0.63966610E-01
  -110.30582     -0.79976685E-01
  -110.40901     -0.22390200E-01
  -110.51219      0.78615665E-01
  -110.61538      0.95641226E-01
  -110.71856      0.45908257E-01
  -110.82175      0.59212022E-01
  -110.92493      0.39661832E-01
  -111.02812     -0.13277808    
  -111.13131     -0.80871522E-01
  -111.23449     -0.61493501E-01
  -111.33768     -0.10391059    
  -111.44086     -0.10072812E-03
  -111.54405     -0.77964485E-01
  -111.64723     -0.89439087E-01
  -111.75042     -0.45259926E-01
  -111.85360     -0.61771892E-01
  -111.95679     -0.88390127E-01
  -112.05998     -0.50631192E-01
  -112.16316      0.10128466    
  -112.26635      0.25871530E-01
  -112.36953     -0.27670950E-01
  -112.47272     -0.47247283E-01
  -112.57590     -0.14233774    
  -112.67909     -0.38595982E-01
  -112.78228     -0.91176070E-02
  -112.88546     -0.57860166E-01
  -112.98865      0.76016290E-02
  -113.09183      0.47872815E-01
  -113.19502      0.24887454E-01
  -113.29820      0.21482922E-01
  -113.40139     -0.39990135E-01
  -113.50458     -0.19492993    
  -113.60776     -0.21458495    
  -113.71095     -0.75636379E-01
  -113.81413      0.80009058E-01
  -113.91732      0.62551305E-01
  -114.02050     -0.15447137    
  -114.12369     -0.13190390    
  -114.22688     -0.53302780E-01
  -114.33006     -0.15017357    
  -114.43325     -0.16560906    
  -114.53643     -0.83892774E-02
  -114.63962     -0.60289979E-01
  -114.74280     -0.20723802    
  -114.84599     -0.84597930E-01
  -114.94917      0.45220748E-01
  -115.05236     -0.18188242E-01
  -115.15555     -0.77775251E-02
  -115.25873     -0.48004016E-01
  -115.36192     -0.98406181E-01
  -115.46510      0.19177783E-01
  -115.56829     -0.11672632    
  -115.67147     -0.15888894    
  -115.77466      0.26049986E-02
  -115.87785      0.78811042E-01
  -115.98103     -0.18441664E-01
  -116.08422     -0.32026868E-01
  -116.18740     -0.35986677E-01
  -116.29059     -0.32419760E-01
  -116.39377     -0.21243412E-01
  -116.49696     -0.10160342    
  -116.60015     -0.94874017E-01
  -116.70333     -0.13974909    
  -116.80652     -0.23964784    
  -116.90970     -0.16524979    
  -117.01289     -0.89886889E-01
  -117.11607     -0.16222021    
  -117.21926     -0.19762403    
  -117.32245     -0.22342954E-01
  -117.42563      0.45811728E-01
  -117.52882     -0.36814228E-01
  -117.63200     -0.19182086E-01
  -117.73519     -0.44677116E-01
  -117.83837     -0.97472638E-01
  -117.94156     -0.82871459E-01
  -118.04474      0.30139674E-01
  -118.14793      0.98605409E-01
  -118.25112     -0.28237667E-01
  -118.35430     -0.11093056    
  -118.45749      0.10864476E-01
  -118.56067     -0.10921525E-01
  -118.66386     -0.11463783E-01
  -118.76704     -0.27154848E-01
  -118.87023     -0.29806707E-01
  -118.97342     -0.16864210E-01
  -119.07660      0.21204455E-01
  -119.17979      0.77435672E-01
  -119.28297     -0.60404390E-01
  -119.38616     -0.85531443E-01
  -119.48934     -0.26349084E-01
  -119.59253     -0.23425244E-01
  -119.69572     -0.43456424E-02
  -119.79890     -0.11761038E-01
  -119.90209     -0.51955171E-01
  -120.00527     -0.52252626E-02
  -120.10846     -0.21278420E-01
  -120.21164     -0.49191557E-01
  -120.31483      0.79314178E-02
  -120.41802     -0.61612826E-01
  -120.52120     -0.14170660    
  -120.62439     -0.11465325    
  -120.72757      0.15780400E-01
  -120.83076     -0.99744648E-03
  -120.93394     -0.11545887E-01
  -121.03713     -0.26106447E-01
  -121.14032     -0.75094244E-02
  -121.24350     -0.30434115E-01
  -121.34669     -0.12076561    
  -121.44987     -0.92051663E-01
  -121.55306     -0.10661463    
  -121.65624     -0.42227644E-01
  -121.75943     -0.57488024E-01
  -121.86261     -0.47269359E-01
  -121.96580      0.68593845E-02
  -122.06899      0.77767782E-01
  -122.17217      0.17249020E-01
  -122.27536     -0.30495670E-01
  -122.37854      0.63714096E-02
  -122.48173      0.12178021E-01
  -122.58491      0.10364138E-01
  -122.68810     -0.44708923E-01
  -122.79129     -0.38959708E-01
  -122.89447      0.58221713E-01
  -122.99766      0.41648112E-02
  -123.10084     -0.91883637E-01
  -123.20403     -0.98170713E-01
  -123.30721     -0.33674601E-01
  -123.41040      0.17010192E-02
  -123.51359     -0.37298568E-01
  -123.61677     -0.75374454E-01
  -123.71996     -0.11477262E-01
  -123.82314      0.56632571E-01
  -123.92633      0.19419590E-02
  -124.02951     -0.70035815E-01
  -124.13270     -0.11238616    
  -124.23589     -0.74783064E-01
  -124.33907     -0.10270866    
  -124.44226     -0.15471344    
  -124.54544     -0.12618659    
  -124.64863     -0.97662047E-01
  -124.75181     -0.82223944E-01
  -124.85500     -0.54049052E-01
  -124.95818     -0.11463665    
  -125.06137     -0.13372858    
  -125.16456     -0.38112504E-02
  -125.26774      0.45341469E-01
  -125.37093     -0.24566207E-01
  -125.47411     -0.49403995E-01
  -125.57730      0.14766853E-01
  -125.68048      0.70875637E-01
  -125.78367      0.58485800E-02
  -125.88686      0.52004125E-01
  -125.99004     -0.61230175E-01
  -126.09323     -0.71261376E-01
  -126.19641     -0.91747264E-03
  -126.29960     -0.32670427E-01
  -126.40278     -0.25123689E-01
  -126.50597     -0.11885884    
  -126.60916     -0.38446784E-02
  -126.71234      0.72095722E-01
  -126.81553      0.76824263E-01
  -126.91871      0.44934310E-01
  -127.02190     -0.74257934E-02
  -127.12508     -0.40876046E-01
  -127.22827     -0.93699872E-01
  -127.33146     -0.34740753E-01
  -127.43464      0.26661353E-01
  -127.53783      0.62579632E-01
  -127.64101      0.78511704E-02
  -127.74420      0.33432234E-01
  -127.84738      0.56959778E-01
  -127.95057     -0.37873246E-01
  -128.05375     -0.40581536E-01
  -128.15694     -0.26397418E-01
  -128.26013     -0.81393540E-01
  -128.36331     -0.91950417E-01
  -128.46650      0.16297566E-01
  -128.56968      0.32885980E-01
  -128.67287      0.60828226E-02
  -128.77605     -0.18828798E-01
  -128.87924      0.13792189E-04
  -128.98243      0.95620558E-01
  -129.08561      0.55279721E-01
  -129.18880     -0.91864709E-02
  -129.29198     -0.91609173E-01
  -129.39517     -0.17754279    
  -129.49835     -0.50442006E-01
  -129.60154      0.40409572E-01
  -129.70473      0.34207031E-02
  -129.80791      0.65485865E-01
  -129.91110     -0.42304853E-02
  -130.01428     -0.62641419E-01
  -130.11747     -0.64504482E-01
  -130.22065     -0.10678211    
  -130.32384     -0.32321356E-01
  -130.42703      0.31827353E-01
  -130.53021     -0.12890764E-01
  -130.63340     -0.26439935E-01
  -130.73658      0.54792121E-01
  -130.83977      0.22199159E-01
  -130.94295     -0.42228766E-01
  -131.04614     -0.44123819E-02
  -131.14932      0.28771244E-01
  -131.25251     -0.26723813E-01
  -131.35570     -0.38882975E-01
  -131.45888     -0.77309906E-01
  -131.56207     -0.35894580E-01
  -131.66525      0.36762647E-01
  -131.76844     -0.26703272E-01
  -131.87162     -0.16778693    
  -131.97481     -0.18769838    
  -132.07800     -0.87786287E-01
  -132.18118     -0.11913113    
  -132.28437     -0.67180991E-01
  -132.38755      0.79524145E-03
  -132.49074     -0.28190371E-02
  -132.59392     -0.64969704E-01
  -132.69711     -0.23047473E-01
  -132.80030      0.56269959E-01
  -132.90348      0.17406857E-01
  -133.00667      0.76562844E-01
  -133.10985      0.15162890E-01
  -133.21304     -0.10532804    
  -133.31622     -0.69072448E-01
  -133.41941     -0.21389920E-01
  -133.52260     -0.12613628E-01
  -133.62578     -0.49249239E-01
  -133.72897     -0.20610681E-01
  -133.83215      0.29100198E-01
  -133.93534      0.41477792E-01
  -134.03852      0.26393419E-01
  -134.14171      0.64895645E-01
  -134.24489      0.14107153    
  -134.34808      0.45043260E-01
  -134.45127     -0.43116551E-01
  -134.55445     -0.11612135E-01
  -134.65764      0.78682370E-01
  -134.76082      0.44129942E-01
  -134.86401     -0.98857120E-01
  -134.96719     -0.11436096    
  -135.07038      0.11125673E-03
  -135.17357      0.10435537E-01
  -135.27675     -0.98085910E-01
  -135.37994     -0.47867987E-01
  -135.48312     -0.16562162E-01
  -135.58631     -0.48180353E-01
  -135.68949     -0.36754705E-01
  -135.79268     -0.15319400E-02
  -135.89587      0.91501279E-02
  -135.99905     -0.49929649E-01
  -136.10224     -0.17923135E-01
  -136.20542      0.56320410E-01
  -136.30861     -0.13341089E-01
  -136.41179      0.58812089E-02
  -136.51498      0.62369280E-01
  -136.61817     -0.16768215E-01
  -136.72135      0.42790569E-01
  -136.82454      0.19276839E-01
  -136.92772      0.30057158E-01
  -137.03091      0.12149617    
  -137.13409     -0.31866487E-02
  -137.23728     -0.67249082E-01
  -137.34046     -0.59100188E-01
  -137.44365     -0.99634686E-02
  -137.54684     -0.37601605E-01
  -137.65002     -0.83972111E-01
  -137.75321     -0.75023994E-02
  -137.85639      0.10116789E-01
  -137.95958     -0.92714261E-02
  -138.06276     -0.19885892E-01
  -138.16595     -0.21153914E-01
  -138.26914      0.32852814E-01
  -138.37232     -0.11466224E-01
  -138.47551     -0.79179585E-01
  -138.57869     -0.33848956E-01
  -138.68188      0.32296143E-02
  -138.78506      0.75185798E-01
  -138.88825      0.53084169E-01
  -138.99144      0.73094673E-01
  -139.09462      0.80107719E-01
  -139.19781     -0.69270786E-02
  -139.30099      0.43265820E-02
  -139.40418      0.18229485E-01
  -139.50736      0.79791956E-01
  -139.61055      0.47466487E-01
  -139.71374      0.11072003E-02
  -139.81692      0.10376883    
  -139.92011      0.10161374E-01
  -140.02329     -0.29560011E-01
  -140.12648      0.69363832E-01
  -140.22966      0.71069963E-01
  -140.33285      0.78481264E-01
  -140.43604     -0.33219442E-01
  -140.53922     -0.68810493E-01
  -140.64241      0.55294018E-01
  -140.74559     -0.32852545E-01
  -140.84878     -0.11007348    
  -140.95196     -0.63517265E-01
  -141.05515     -0.71743190E-01
  -141.15833     -0.41344725E-01
  -141.26152     -0.55073937E-02
  -141.36471     -0.41761412E-02
  -141.46789     -0.11949339    
  -141.57108     -0.12904458    
