133.7613 0.10374637
133.12621000000001 -0.27007675
132.49111 -0.14765951
131.85602 0.28946272
131.22093 -0.37320855
130.58584000000002 -0.32948789
129.95075 -0.17794558
129.31565 0.17640001
128.68056 0.36237592
128.04547 0.44668585
127.41038 0.33272344
126.77529 0.46749413
126.14019 0.20324752
125.5051 0.45501024E-01
124.87001 0.34464173E-01
124.23492 -0.44512969
123.59983 -0.21942556E-01
122.96473 -0.80417022E-01
122.32964 -0.14707723
121.69455 -0.59427786
121.05946 -0.17911030
120.42436 0.36726123
119.78927 0.61424810
119.15418 -0.31535944
118.51909 0.20092869
117.884 0.79798603
117.2489 0.80949199
116.61381 0.44164672
115.97872 0.10865903
115.34363 0.10207177
114.70854 0.10417928
114.07344 0.16852835
113.43835 -0.24541628
112.80326 -0.39490655E-01
112.16817 0.15178958
111.53307 -0.35832554
110.89798 0.11213073
110.26289 0.15825696E-01
109.6278 0.18385008
108.99271 0.80951035
108.357614 0.29174072
107.722522 0.88751994E-01
107.08743 0.64313823
106.452338 0.15463290
105.817246 -0.27219111
105.182153 0.16279021
104.547061 0.47855389
103.911969 0.17124191E-02
103.276877 -0.21919498
102.641785 -0.10986200
102.006693 0.34828699
101.371601 0.70819303E-01
100.736509 -0.55102557E-01
100.101416 -0.42280629E-01
99.466324 -0.11588760
98.831232 -0.47787282
98.19614 0.58739230E-01
97.561048 0.21425068
96.925956 -0.39802507
96.290864 0.11127079
95.655771 0.78003895
95.020679 0.25366133
94.385587 0.17021894E-02
93.750495 0.66535181
93.115403 0.68186098
92.480311 -0.81284344E-01
91.845219 0.15022020
91.210127 0.19692457
90.575034 -0.71471798
89.939942 -0.53251743
89.30485 -0.17877288
88.669758 0.68405785E-01
88.034666 -0.15241653E-02
87.399574 0.68308234E-01
86.764482 0.28376800
86.12939 0.45974794
85.494297 0.49386936
84.859205 0.42420167
84.224113 0.59972477
83.589021 0.36671716
82.953929 0.58042020
82.318837 0.22101730E-01
81.683745 -0.62057638
81.048653 -0.43968791
80.41356 -0.52541286
79.778468 0.65678668
79.143376 -0.42295122
78.508284 -0.33177197
77.873192 0.41180256
77.2381 0.19138025
76.603008 0.57412469
75.967915 0.14824930
75.332823 0.49984404
74.697731 0.39468795E-01
74.062639 -0.21133077
73.427547 -0.44064116
72.792455 -0.95339322
72.157363 -0.20356688
71.522271 0.35426512E-01
70.887178 0.41388983
70.25208599999999 -0.13468784
69.616994 0.17046949
68.98190199999999 0.26178044
68.34681 0.69297040
67.71171799999999 0.75637907
67.076626 0.29348377E-01
66.44153399999999 -0.16066396
65.806441 -0.24881753
65.17134899999999 -0.72594607
64.536257 -0.70694208
63.901165 -0.27211609
63.266073 -0.15660125
62.630981 0.46267039
61.995889 -0.88952184E-02
61.360797 -0.14163640
60.725704 0.37363473
60.090612 0.15466130
59.45552 0.42825925
58.820428 0.76224852
58.185336 -0.18773822
57.550244 -0.55745459
56.915152 -0.37738018E-01
56.280059 -0.24692200E-01
55.644967 0.18887693
55.009875 0.25034583
54.374783 -0.13519841
53.739691 0.22719251
53.104599 0.52575487
52.469507 0.60575747
51.834415 0.16557597
51.199322 1.0256990
50.56423 -0.14672796
49.929138 -0.45498464
49.294046 0.22868314
48.658954 -0.49251047
48.023862 0.21980494E-01
47.38877 -0.45539010
46.753678 -0.10517691
46.118585 0.26534820
45.483493 -0.38272831
44.848401 -0.80319941E-02
44.213309 0.53253704
43.578217 0.14139587
42.943125 0.22995274
42.308033 0.26239872E-01
41.67294 0.11796606
41.037848 0.18348035
40.402756 0.12305151
39.767663999999996 -0.12699753
39.132571999999996 0.10399744
38.497479999999996 -0.55149806
37.862387999999996 -0.95876381E-01
37.227295999999996 0.67718399
36.592203 0.86688548
35.957111 0.28476372E-01
35.322019 0.24062179
34.686927 0.83727241E-02
34.051835 0.51494187
33.416743 -0.25031787
32.781651 -0.13530651
32.146558999999996 -0.89391953
31.511466 -0.56588608
30.876374 -0.14680791
30.241282 0.18597907
29.60619 -0.64567551E-01
28.971098 0.10481879E-01
28.336006 0.27272505
27.700914 0.21870784E-01
27.065822 0.83942956
26.430729 0.65252244
25.795637 0.70940745
25.160545 -0.62968567E-01
24.525453 -0.21860906
23.890361 -0.41819689
23.255269 0.61626002E-01
22.620176999999998 0.22945939
21.985084 0.91709483
21.349992 1.4148076
20.7149 1.7174237
20.079808 3.2956622
19.444716 3.9523101
18.809624 4.6475844
18.1745317 4.4809561
17.5394396 1.8660079
16.9043474 1.2136137
16.2692553 2.8221810
15.6341632 4.3988876
14.9990711 5.4754248
14.3639789 4.9299822
13.7288868 3.6185451
13.0937947 3.2239716
12.4587025 3.4439692
11.8236104 2.0597324
11.1885183 2.1767259
10.5534262 1.8508642
9.918334 1.6048335
9.2832419 1.1538523
8.64814977 0.62071991
8.01305764 0.39034113
7.3779655 0.53750408
6.7428734 0.58625257
6.1077812 0.31361389
5.4726891 -0.21726815
4.837597000000001 -0.51638912E-01
4.2025049 0.31741786
3.5674127 0.27809989
2.9323205999999997 -0.11029832
2.2972285 0.38114986
1.6621363000000002 0.21502118
1.0270441999999997 -0.61131984E-01
0.39195209999999925 -0.39082485
-0.24314000000000036 -0.27178547
-0.8782321999999994 0.26853371
-1.5133240000000008 -0.38792357
-2.148415999999999 -0.29967804E-01
-2.7835090000000005 -0.45249317E-01
-3.4186010000000007 -0.29278684
-4.053693000000001 0.23577413E-01
-4.688784999999999 -0.24065204E-01
-5.3238769999999995 0.62001419
-5.958969 0.60812905E-02
-6.594061 0.90665519E-01
-7.229153 0.24214533
-7.864246000000001 0.49291956
-8.499338000000002 0.11361802
-9.134429999999998 -0.24662265
-9.769521999999998 -0.16226754
-10.404613999999999 -0.28113359
-11.039705999999999 -0.48878607
-11.674798 -0.17445183
-12.309891 -0.58740836
-12.944983 -0.48618588
-13.580075 0.34752548
-14.215167000000001 0.36393318
-14.850259000000001 0.12532458
-15.485351000000001 0.27796787
-16.120443 0.10281034
-16.755535 0.78758113E-01
-17.390628 -0.74255764
-18.02572 0.15075234
-18.660812 0.12760253
-19.295904 0.13143593
-19.930996 -0.39313921
-20.566088 -0.29755217
-21.20118 -0.43171257
-21.836272 0.10307942
-22.471365 0.11967018E-01
-23.106457 0.99397284
-23.741549 0.44505307
-24.376641 -0.66442394
-25.011733 -0.29452330
-25.646825 -0.45914429
-26.281917 0.12047472
-26.917009 -0.83349645E-01
-27.552101999999998 -0.30470583
-28.187193999999998 -0.34632051
-28.822286 0.40437382
-29.457378 0.34576643
-30.09247 0.25837886
-30.727562 0.11295205
-31.362654 -0.22068077
-31.997746999999997 0.12798384E-01
-32.632839 -0.27471063
-33.267931 0.12794527
-33.903023 -0.71239549
-34.538115 -0.92854902E-01
-35.173207 -0.66776121
-35.808299 -0.71132469
-36.443391 -0.25601450
-37.078484 -0.50045538
-37.713576 0.61276269
-38.348668 -0.36063555
-38.98376 -0.31295508
-39.618852 0.78495860
-40.253944 0.63942719
-40.889036 -0.66506252E-01
-41.524128 -0.26084599
-42.159221 -0.19513357
-42.794313 0.14794693E-01
-43.429405 -0.20212916
-44.064497 -0.39691809
-44.699589 -0.99664336
-45.334681 0.56278758E-01
-45.969773 0.44138002
-46.604865 0.62582880
-47.239958 0.65245122E-01
-47.87505 0.21091168
-48.510142 0.13590950
-49.145234 -0.31297791
-49.780326 -0.28916880
-50.415418 -0.40805507
-51.05051 -0.35599145
-51.685603 -0.23809069
-52.320695 -0.31941032
-52.955787 0.24366532E-01
-53.590879 0.35956383
-54.225971 0.54607507E-01
-54.861063 0.16065733
-55.496155 0.37457687
-56.131247 0.50269210
-56.76634 0.14031942
-57.401432 0.20977482
-58.036524 -0.82523859
-58.671616 -0.79395264E-01
-59.306708 -0.20459186
-59.9418 -0.10832317
-60.576892 -0.27491152
-61.211984 0.48109889E-01
-61.847077 0.71939772
-62.482169 -0.37981969
-63.117261 0.14287430
-63.752353 0.17444932
-64.387445 -0.57307363
-65.022537 0.60356098
-65.657629 -0.12723824
-66.292721 -0.28770012
-66.927814 -0.21889566
-67.562906 -0.76413769
-68.197998 -0.12054451E-01
-68.83309 -0.42293781
-69.468182 -0.51367146
-70.103274 -0.23419093
-70.738366 0.44073850
-71.373459 0.27535141
-72.008551 0.54645514
-72.643643 -0.14838803
-73.278735 -0.43076649
-73.913827 0.89029312E-01
-74.548919 -0.91439649E-01
-75.184011 -0.73942792
-75.819103 -0.39623010
-76.454196 -0.42108107
-77.089288 -0.73384094
-77.72438 -0.16573022
-78.359472 0.10843626
-78.994564 0.38893750
-79.629656 0.26756758E-01
-80.264748 0.15640175
-80.89984 -0.17973775
-81.534933 -0.67398384E-01
-82.170025 -0.53682375
-82.805117 -0.40324008
-83.440209 -0.55632293
-84.075301 -0.25923035
-84.710393 -0.49454898E-01
-85.345485 -0.23581198
-85.980578 0.28460272E-01
-86.61567 0.22693743
-87.250762 0.68205017
-87.885854 0.11000440
-88.520946 0.13893732
-89.156038 0.44990486
-89.79113 -0.29596418E-01
-90.426222 0.24139892E-01
-91.061315 -0.29031348
-91.69641 -0.69261414
-92.3315 -1.0909791
-92.96659 -0.77748537
-93.60168 -0.20816171
-94.23678 -0.63747895
-94.87187 0.18533155E-01
-95.50696 0.13736366
-96.14205 -0.39787911E-01
-96.77714 0.50464070
-97.41224 0.72293520
-98.04733 0.22682716
-98.68242 -0.30896074
-99.31751 -0.73385733
-99.9526 -0.47841108
-100.5877 -0.35822716
-101.22279 -0.28200275
-101.85788 -0.43192574
-102.49297 -0.33602887
-103.12806 -0.90348244E-01
-103.76316 -0.32649305
-104.39825 -0.61865658
-105.03334 -0.49343067
-105.66843 0.23013154
-106.30353 0.91594189
-106.93862 0.12393601E-01
-107.57371 -0.25985640
-108.2088 -0.16100489
-108.84389 -0.69993734E-01
-109.47899 -0.15885787
-110.11408 0.35269564
-110.74917 0.53989839E-01
-111.38426 -0.31562698
-112.01935 0.44901520
-112.65445 0.56264544
-113.28954 0.20471495
-113.92463 -0.51209345E-01
-114.55972 0.37516943
-115.19482 0.25415793
-115.82991 -0.15984672
-116.465 -0.14506288
