   141.46721     -0.10226164    
   141.26084     -0.36452703E-01
   141.05447     -0.53123251E-01
   140.84810     -0.79147041E-01
   140.64173      0.46408728E-01
   140.43535     -0.39895136E-01
   140.22898      0.96523874E-02
   140.02261     -0.13750485E-01
   139.81624     -0.88897973E-01
   139.60987     -0.11995400    
   139.40350     -0.64300641E-01
   139.19713      0.25956407E-01
   138.99076      0.19600723E-01
   138.78438     -0.29662602E-01
   138.57801     -0.27616343E-01
   138.37164      0.51005125E-01
   138.16527     -0.27952109E-01
   137.95890      0.79108655E-01
   137.75253      0.14525463    
   137.54616      0.40253401E-01
   137.33978      0.14078178E-01
   137.13341     -0.97968699E-02
   136.92704     -0.80461442E-01
   136.72067     -0.23673637E-01
   136.51430     -0.61255381E-01
   136.30793      0.30091582E-01
   136.10156      0.95152460E-01
   135.89519      0.42848460E-01
   135.68881      0.12381342E-01
   135.48244      0.32419339E-05
   135.27607     -0.66485554E-02
   135.06970     -0.13104886E-01
   134.86333     -0.59184618E-03
   134.65696     -0.30292142E-01
   134.45059      0.28244356E-01
   134.24421     -0.26805054E-01
   134.03784     -0.81500178E-02
   133.83147      0.76314192E-02
   133.62510     -0.76095462E-02
   133.41873      0.31113077E-01
   133.21236      0.33713102E-01
   133.00599     -0.11716694E-01
   132.79962     -0.94540566E-01
   132.59324     -0.15267091E-01
   132.38687     -0.62298924E-01
   132.18050      0.32878146E-01
   131.97413      0.18113516E-01
   131.76776     -0.11151027E-01
   131.56139      0.58371961E-01
   131.35502      0.47013396E-02
   131.14864     -0.26829576E-01
   130.94227      0.29044954E-01
   130.73590      0.49386833E-01
   130.52953      0.42166498E-01
   130.32316      0.24344496E-01
   130.11679     -0.31075202E-01
   129.91042     -0.19000171E-01
   129.70405     -0.33179097E-01
   129.49767     -0.85906833E-02
   129.29130     -0.43125495E-01
   129.08493     -0.92042312E-02
   128.87856     -0.16123317E-02
   128.67219      0.71274243E-01
   128.46582      0.39217036E-01
   128.25945     -0.29462643E-01
   128.05307     -0.29777037E-01
   127.84670     -0.49309149E-01
   127.64033     -0.26838938E-02
   127.43396     -0.52169055E-01
   127.22759     -0.27707694E-01
   127.02122      0.26969939E-01
   126.81485     -0.22942770E-01
   126.60848      0.27328249E-01
   126.40210     -0.34617692E-01
   126.19573     -0.17211800E-01
   125.98936      0.27792290E-01
   125.78299     -0.50419075E-02
   125.57662     -0.47563899E-01
   125.37025     -0.61458766E-01
   125.16388     -0.45346953E-01
   124.95750     -0.53377241E-01
   124.75113     -0.11710320    
   124.54476     -0.17001063E-01
   124.33839     -0.69353342E-01
   124.13202     -0.39377328E-01
   123.92565     -0.23194091E-01
   123.71928     -0.51141135E-01
   123.51291     -0.45250040E-01
   123.30653     -0.61635827E-02
   123.10016      0.33565536E-01
   122.89379     -0.64580161E-02
   122.68742     -0.11409433    
   122.48105     -0.97126350E-01
   122.27468     -0.44609793E-01
   122.06831      0.21985760E-01
   121.86193     -0.78329384E-01
   121.65556     -0.30663684E-01
   121.44919     -0.23690328E-01
   121.24282     -0.32548606E-03
   121.03645      0.33272460E-01
   120.83008      0.32990340E-01
   120.62371     -0.40818729E-01
   120.41734      0.60794756E-01
   120.21096     -0.26643500E-02
   120.00459     -0.46667431E-01
   119.79822      0.20028066E-01
   119.59185      0.96460562E-02
   119.38548      0.30235229E-02
   119.17911      0.25169507E-01
   118.97274     -0.95894635E-01
   118.76636     -0.52821342E-01
   118.55999     -0.50137870E-01
   118.35362      0.58970865E-01
   118.14725      0.11894368E-02
   117.94088     -0.33668309E-01
   117.73451      0.41642830E-01
   117.52814      0.69001779E-01
   117.32177     -0.14984291E-01
   117.11539     -0.12961075E-01
   116.90902     -0.39618149E-01
   116.70265     -0.79939917E-01
   116.49628     -0.45379333E-01
   116.28991      0.53248186E-01
   116.08354     -0.11430945E-01
   115.87717      0.93424693E-01
   115.67079      0.12203873E-01
   115.46442      0.13288104E-01
   115.25805      0.40130712E-01
   115.05168      0.14617609E-01
   114.84531      0.52431941E-01
   114.63894      0.16200332E-01
   114.43257      0.25896940E-01
   114.22620      0.39228857E-01
   114.01982      0.21827269E-01
   113.81345     -0.93387477E-01
   113.60708     -0.71588717E-01
   113.40071      0.34970149E-01
   113.19434      0.44588149E-01
   112.98797      0.71139246E-01
   112.78160     -0.44400588E-01
   112.57522     -0.72846301E-01
   112.36885     -0.10477265    
   112.16248     -0.13637199    
   111.95611      0.14097977E-01
   111.74974      0.85959882E-02
   111.54337     -0.32104660E-01
   111.33700      0.41125663E-01
   111.13062      0.29055122E-01
   110.92425     -0.19433318E-01
   110.71788     -0.34705427E-01
   110.51151      0.47030464E-01
   110.30514      0.20708662E-01
   110.09877      0.13503295E-01
   109.89240      0.54066893E-01
   109.68603     -0.32686155E-01
   109.47965     -0.67875028E-01
   109.27328     -0.68979077E-02
   109.06691      0.10830200    
   108.86054      0.53304240E-01
   108.65417      0.46760035E-02
   108.44780     -0.33833109E-01
   108.24143      0.39776258E-01
   108.03505      0.20646386E-01
   107.82868      0.68025035E-03
   107.62231     -0.32701917E-01
   107.41594      0.93969584E-01
   107.20957      0.48680831E-01
   107.00320     -0.80463123E-02
   106.79683     -0.13363658E-01
   106.59046      0.35683714E-01
   106.38408     -0.23043726E-01
   106.17771     -0.37709042E-01
   105.97134      0.74010760E-01
   105.76497      0.43458171E-01
   105.55860      0.37399899E-01
   105.35223      0.52062292E-01
   105.14586     -0.20381957E-01
   104.93948      0.46719015E-01
   104.73311     -0.24214340E-02
   104.52674     -0.10536592E-02
   104.32037     -0.38723152E-01
   104.11400      0.15872568E-01
   103.90763      0.74800984E-02
   103.70126     -0.42290641E-02
   103.49489     -0.69858106E-02
   103.28851     -0.81412029E-02
   103.08214     -0.22441253E-01
   102.87577     -0.41568715E-01
   102.66940     -0.40999809E-02
   102.46303      0.89004375E-01
   102.25666      0.99048153E-01
   102.05029      0.27335631E-02
   101.84391      0.29132487E-02
   101.63754      0.67521647E-01
   101.43117     -0.46888635E-01
   101.22480      0.80634035E-01
   101.01843      0.74767500E-01
   100.81206      0.96353032E-01
   100.60569      0.57542246E-01
   100.39932     -0.53429641E-01
   100.19294     -0.70904896E-01
   99.986573     -0.66942103E-01
   99.780201      0.39009072E-01
   99.573830      0.10652419    
   99.367459      0.84218010E-01
   99.161087      0.37506822E-01
   98.954716      0.14750387    
   98.748345     -0.23449652E-01
   98.541973     -0.49003474E-01
   98.335602     -0.74851647E-01
   98.129231     -0.37953588E-02
   97.922859      0.24827370E-01
   97.716488     -0.50069615E-02
   97.510117      0.14512626E-01
   97.303745      0.10505541    
   97.097374      0.37431113E-01
   96.891003      0.27049085E-01
   96.684631     -0.91706812E-01
   96.478260     -0.14671957E-01
   96.271889      0.57081096E-02
   96.065517      0.39671831E-01
   95.859146     -0.36731049E-01
   95.652775      0.40251784E-01
   95.446403      0.82403421E-04
   95.240032      0.81294879E-01
   95.033661     -0.27996179E-01
   94.827289     -0.17732155E-01
   94.620918     -0.30896056E-01
   94.414547     -0.16482109    
   94.208175     -0.15415706    
   94.001804     -0.76779723E-01
   93.795433     -0.46267770E-02
   93.589061      0.10007180E-02
   93.382690     -0.59855625E-01
   93.176319      0.15975889E-01
   92.969947     -0.34091689E-01
   92.763576     -0.33115409E-01
   92.557205      0.26789244E-01
   92.350833     -0.10420726    
   92.144462     -0.31555276E-01
   91.938091     -0.44105984E-01
   91.731719     -0.49164053E-03
   91.525348      0.24873957E-01
   91.318977      0.55081736E-01
   91.112605     -0.54526296E-01
   90.906234     -0.10909820    
   90.699863      0.71991332E-01
   90.493491      0.41388083E-01
   90.287120      0.11140703    
   90.080749      0.10898638    
   89.874377      0.56502622E-01
   89.668006      0.95650971E-01
   89.461635      0.92900917E-01
   89.255263      0.48190050E-01
   89.048892      0.14323194    
   88.842521      0.37504364E-01
   88.636149     -0.10766295E-01
   88.429778     -0.43561202E-01
   88.223407     -0.42060748E-01
   88.017035     -0.69446005E-01
   87.810664     -0.88519372E-01
   87.604293     -0.19006358E-01
   87.397921      0.11355099    
   87.191550      0.44404309E-01
   86.985179     -0.37200257E-01
   86.778807     -0.76683834E-01
   86.572436     -0.49937893E-01
   86.366065     -0.26340624E-01
   86.159693      0.78193374E-01
   85.953322     -0.41219264E-01
   85.746951      0.91644861E-02
   85.540579     -0.65142319E-01
   85.334208      0.60685821E-01
   85.127836      0.30567544E-01
   84.921465     -0.79154953E-01
   84.715094     -0.35191141E-02
   84.508722     -0.50581932E-01
   84.302351      0.33267297E-01
   84.095980     -0.22019494E-01
   83.889608      0.82325950E-01
   83.683237     -0.14955418E-01
   83.476866      0.49711797E-01
   83.270494     -0.78519490E-02
   83.064123     -0.59242651E-01
   82.857752     -0.43042880E-01
   82.651380     -0.70733950E-01
   82.445009     -0.54864321E-01
   82.238638     -0.64338304E-01
   82.032266     -0.32155281E-02
   81.825895      0.65689795E-01
   81.619524     -0.54008327E-03
   81.413152     -0.93430668E-01
   81.206781     -0.36344592E-01
   81.000410      0.56439828E-01
   80.794038     -0.62500685E-02
   80.587667      0.93954280E-02
   80.381296     -0.14245598E-01
   80.174924      0.13932860E-01
   79.968553      0.75125724E-01
   79.762182      0.74632503E-01
   79.555810     -0.41665649E-02
   79.349439      0.27354933E-01
   79.143068      0.36834955E-01
   78.936696     -0.45109645E-01
   78.730325      0.75786631E-02
   78.523954      0.71822517E-02
   78.317582      0.60076751E-01
   78.111211     -0.76216236E-02
   77.904840     -0.31041851E-01
   77.698468      0.37193928E-01
   77.492097      0.24902409E-01
   77.285726      0.70967034E-01
   77.079354      0.31072261E-01
   76.872983     -0.46177186E-01
   76.666612     -0.37227962E-01
   76.460240      0.12465104E-01
   76.253869     -0.50970070E-01
   76.047498     -0.10794390    
   75.841126     -0.55147670E-01
   75.634755     -0.10074773    
   75.428384     -0.26393306E-01
   75.222012     -0.87451693E-02
   75.015641      0.54794889E-01
   74.809270     -0.56489486E-01
   74.602898     -0.15110883E-01
   74.396527     -0.39903529E-01
   74.190156     -0.93786642E-01
   73.983784     -0.74244343E-01
   73.777413     -0.13562470E-01
   73.571042     -0.38061615E-01
   73.364670     -0.31192437E-01
   73.158299      0.27552400E-01
   72.951928      0.10627306    
   72.745556      0.37599817E-01
   72.539185      0.31618528E-01
   72.332814      0.34245282E-01
   72.126442     -0.13864604E-01
   71.920071     -0.56276605E-01
   71.713700     -0.21981064E-01
   71.507328     -0.12323970E-01
   71.300957      0.24422733E-01
   71.094586      0.29112492E-03
   70.888214      0.34827061E-02
   70.681843     -0.42807836E-01
   70.475472     -0.78726485E-01
   70.269100      0.18235387E-02
   70.062729      0.18723367E-01
   69.856358     -0.69793306E-01
   69.649986      0.54421194E-01
   69.443615      0.28816251E-01
   69.237244     -0.27064458E-01
   69.030872     -0.41963205E-01
   68.824501     -0.82415350E-01
   68.618130     -0.16604118E-01
   68.411758      0.27022433E-01
   68.205387     -0.57356179E-01
   67.999016     -0.73202662E-01
   67.792644     -0.12292200    
   67.586273     -0.28205693E-01
   67.379901     -0.92052855E-04
   67.173530      0.10919135E-01
   66.967159      0.24419609E-01
   66.760787     -0.25554400E-01
   66.554416     -0.73777069E-02
   66.348045      0.58167774E-01
   66.141673      0.38069755E-01
   65.935302      0.92384949E-01
   65.728931      0.64223632E-01
   65.522559      0.59927966E-01
   65.316188     -0.48950993E-01
   65.109817     -0.80646344E-01
   64.903445     -0.55981964E-01
   64.697074     -0.22993449E-01
   64.490703     -0.13349067E-01
   64.284331     -0.41455902E-01
   64.077960     -0.43679625E-01
   63.871589      0.26217898E-01
   63.665217     -0.42078193E-01
   63.458846     -0.26601868E-01
   63.252475     -0.20750552E-01
   63.046103      0.57935067E-01
   62.839732      0.60861938E-01
   62.633361     -0.12708171E-02
   62.426989      0.16934935E-01
   62.220618      0.53595245E-01
   62.014247     -0.20760125E-02
   61.807875      0.38024154E-01
   61.601504      0.10707454    
   61.395133      0.72445504E-01
   61.188761      0.10123129E-01
   60.982390     -0.11947747E-01
   60.776019     -0.24214085E-01
   60.569647      0.14856953E-01
   60.363276     -0.39112791E-02
   60.156905      0.94750144E-01
   59.950533      0.29244654E-01
   59.744162     -0.90282019E-02
   59.537791     -0.18826826E-01
   59.331419      0.36775962E-01
   59.125048     -0.14323568E-01
   58.918677     -0.31932715E-01
   58.712305      0.88073658E-02
   58.505934      0.74964464E-01
   58.299563      0.51903863E-01
   58.093191     -0.26836907E-01
   57.886820      0.36086261E-01
   57.680449      0.97486988E-01
   57.474077      0.18971212E-01
   57.267706     -0.13672590E-01
   57.061335     -0.26485134E-01
   56.854963     -0.61055247E-01
   56.648592     -0.11044422    
   56.442221     -0.16328819E-01
   56.235849     -0.89072138E-02
   56.029478      0.88978577E-02
   55.823107      0.18005911E-01
   55.616735      0.69855452E-01
   55.410364      0.74026547E-01
   55.203993      0.80316126E-01
   54.997621      0.10791621E-01
   54.791250     -0.22937123E-01
   54.584879     -0.59911065E-01
   54.378507     -0.51678937E-01
   54.172136     -0.11554280E-01
   53.965765      0.26749710E-01
   53.759393     -0.22588540E-01
   53.553022      0.11388560    
   53.346651      0.58577158E-01
   53.140279      0.37378557E-01
   52.933908      0.36108203E-01
   52.727537      0.18658796E-01
   52.521165     -0.46534017E-01
   52.314794     -0.14415272E-01
   52.108423      0.92584677E-02
   51.902051     -0.76844335E-01
   51.695680     -0.21097371E-01
   51.489309     -0.42655122E-01
   51.282937      0.27758848E-01
   51.076566      0.34611925E-01
   50.870195      0.30742390E-02
   50.663823      0.24601094E-01
   50.457452      0.26771648E-01
   50.251081     -0.30391350E-01
   50.044709     -0.85630059E-01
   49.838338     -0.68575650E-01
   49.631967     -0.17915517E-01
   49.425595      0.47741383E-01
   49.219224      0.56749467E-01
   49.012852      0.22486094E-02
   48.806481     -0.21782342E-01
   48.600110      0.28964702E-01
   48.393738     -0.92034467E-01
   48.187367      0.71054287E-02
   47.980996      0.18381128E-01
   47.774624     -0.65716997E-01
   47.568253     -0.82352996E-01
   47.361882     -0.67703106E-01
   47.155510     -0.28765680E-01
   46.949139      0.12261624E-01
   46.742768      0.18172242E-01
   46.536396     -0.76138124E-01
   46.330025     -0.40296674E-01
   46.123654      0.46816599E-01
   45.917282     -0.26267697E-02
   45.710911     -0.39828509E-01
   45.504540     -0.23459794E-01
   45.298168      0.22614902E-01
   45.091797     -0.25419088E-01
   44.885426      0.61773136E-01
   44.679054     -0.30517120E-01
   44.472683     -0.29345913E-01
   44.266312     -0.39731194E-02
   44.059940     -0.64794578E-01
   43.853569     -0.20749561E-01
   43.647198     -0.51108159E-01
   43.440826     -0.10906540E-01
   43.234455      0.47794625E-01
   43.028084     -0.38616862E-01
   42.821712     -0.11597898E-01
   42.615341     -0.13318333    
   42.408970     -0.82382306E-01
   42.202598     -0.39206082E-02
   41.996227     -0.41027050E-02
   41.789856     -0.27970696E-01
   41.583484     -0.66258281E-01
   41.377113     -0.72827563E-01
   41.170742     -0.68484105E-01
   40.964370      0.83782732E-01
   40.757999      0.52282803E-01
   40.551628      0.35069762E-02
   40.345256      0.10108599    
   40.138885     -0.13637759E-01
   39.932514     -0.59515871E-01
   39.726142     -0.58678184E-01
   39.519771      0.54977342E-01
   39.313400     -0.33586171E-01
   39.107028     -0.40462930E-01
   38.900657     -0.44025248E-02
   38.694286     -0.81735756E-02
   38.487914      0.60830221E-01
   38.281543     -0.24983224E-01
   38.075172     -0.36414899E-01
   37.868800     -0.25533780E-01
   37.662429      0.57861894E-01
   37.456058      0.40189527E-01
   37.249686      0.53387359E-01
   37.043315      0.71623690E-01
   36.836944     -0.67215320E-02
   36.630572      0.37711591E-01
   36.424201     -0.14424808E-02
   36.217830     -0.99871136E-01
   36.011458     -0.30274861E-01
   35.805087      0.36560751E-01
   35.598716     -0.82773361E-02
   35.392344     -0.21048527E-01
   35.185973     -0.91059141E-01
   34.979602      0.87952772E-02
   34.773230      0.84154502E-01
   34.566859      0.12540624E-01
   34.360488      0.28373675E-01
   34.154116     -0.84389802E-02
   33.947745     -0.65043278E-01
   33.741374     -0.55382490E-01
   33.535002     -0.28903155E-01
   33.328631     -0.53805768E-01
   33.122260      0.10701343E-02
   32.915888      0.20874061E-01
   32.709517     -0.13608422E-01
   32.503146      0.30204572E-01
   32.296774     -0.26669851E-01
   32.090403      0.40192813E-01
   31.884032      0.86351559E-01
   31.677660      0.44208739E-01
   31.471289     -0.77041656E-01
   31.264917     -0.43646723E-01
   31.058546     -0.40205918E-01
   30.852175     -0.27778074E-01
   30.645803      0.60724951E-02
   30.439432     -0.10706207    
   30.233061     -0.28120834E-01
   30.026689      0.11364587E-01
   29.820318      0.59554819E-02
   29.613947     -0.12150244E-01
   29.407575     -0.17462641E-01
   29.201204      0.50427496E-01
   28.994833      0.12240742    
   28.788461      0.20405853E-01
   28.582090      0.12586982E-01
   28.375719      0.58598597E-01
   28.169347      0.53412686E-02
   27.962976      0.21873577E-01
   27.756605     -0.11555506E-01
   27.550233      0.23126850E-01
   27.343862      0.94983377E-01
   27.137491     -0.60219672E-01
   26.931119      0.56336235E-01
   26.724748     -0.11520049E-01
   26.518377     -0.92523381E-01
   26.312005     -0.59746545E-01
   26.105634      0.41938663E-01
   25.899263     -0.48689544E-01
   25.692891      0.42308392E-02
   25.486520     -0.32713413E-01
   25.280149      0.29119428E-01
   25.073777     -0.34633830E-01
   24.867406     -0.65246020E-02
   24.661035     -0.94064504E-01
   24.454663     -0.22247279E-01
   24.248292     -0.55380724E-02
   24.041921     -0.31596400E-01
   23.835549     -0.16127364E-02
   23.629178     -0.36490552E-01
   23.422807      0.95296532E-01
   23.216435      0.72814943E-02
   23.010064      0.63152216E-01
   22.803693      0.94286993E-01
   22.597321      0.13331369E-01
   22.390950     -0.62099487E-01
   22.184579      0.11601429E-02
   21.978207      0.26014395E-01
   21.771836      0.71779545E-02
   21.565465     -0.28573217E-01
   21.359093     -0.46966385E-01
   21.152722     -0.18185725E-01
   20.946351      0.16954729E-01
   20.739979     -0.42367678E-01
   20.533608     -0.61131701E-01
   20.327237     -0.35990085E-01
   20.120865      0.13069373E-02
   19.914494     -0.86324336E-02
   19.708123      0.72661541E-01
   19.501751     -0.49174722E-01
   19.295380     -0.14197055    
   19.089009     -0.61077420E-02
   18.882637      0.10474825E-01
   18.676266      0.34111892E-02
   18.469895      0.14001527E-01
   18.263523      0.71685337E-01
   18.057152     -0.71876161E-01
   17.850781     -0.59033535E-01
   17.644409      0.37012994E-01
   17.438038      0.18007685    
   17.231667      0.31026873    
   17.025295      0.38573483    
   16.818924      0.41678926    
   16.612553      0.41024500    
   16.406181      0.36466873    
   16.199810      0.34400913    
   15.993439      0.27442312    
   15.787067      0.22191073    
   15.580696      0.19368793    
   15.374325      0.65152436E-01
   15.167953      0.18279140    
   14.961582      0.19322506    
   14.755211      0.18234360    
   14.548839      0.95471576E-01
   14.342468      0.97265750E-01
   14.136097      0.88456608E-02
   13.929725      0.26758518E-02
   13.723354     -0.32725982E-01
   13.516982      0.12414990E-01
   13.310611      0.67312494E-01
   13.104240      0.90450093E-01
   12.897868      0.80729127E-01
   12.691497     -0.74450105E-01
   12.485126      0.26032161E-02
   12.278754      0.86783886E-01
   12.072383      0.37931386E-01
   11.866012     -0.27692746E-01
   11.659640      0.40089063E-01
   11.453269      0.20909514E-02
   11.246898     -0.92480138E-01
   11.040526     -0.31910375E-01
   10.834155     -0.28094307E-01
   10.627784      0.17102791E-01
   10.421412      0.82427919E-01
   10.215041      0.94279610E-01
   10.008670      0.29705685    
   9.8022984      0.44819427    
   9.5959271      0.61707038    
   9.3895558      0.63284409    
   9.1831844      0.44157177    
   8.9768131      0.46201259    
   8.7704417      0.34566498    
   8.5640704      0.32506853    
   8.3576991      0.34638670    
   8.1513277      0.41052210    
   7.9449564      0.43190688    
   7.7385851      0.47972584    
   7.5322137      0.35541406    
   7.3258424      0.33606422    
   7.1194710      0.33622104    
   6.9130997      0.33166671    
   6.7067284      0.23077403    
   6.5003570      0.11352225    
   6.2939857      0.11312245    
   6.0876144      0.59368279E-01
   5.8812430      0.98735869E-01
   5.6748717      0.32809388E-01
   5.4685003      0.23079181E-01
   5.2621290      0.14333591    
   5.0557577      0.27670480E-01
   4.8493863      0.64743280E-01
   4.6430150      0.26768880E-01
   4.4366437     -0.86772934E-01
   4.2302723      0.40427264E-01
   4.0239010     -0.91553088E-02
   3.8175296     -0.32051560E-01
   3.6111583     -0.25077760E-01
   3.4047870     -0.68244696E-01
   3.1984156     -0.55386685E-02
   2.9920443     -0.48933513E-02
   2.7856730     -0.11232716E-01
   2.5793016     -0.23381331E-02
   2.3729303     -0.98492382E-02
   2.1665590     -0.10394497E-01
   1.9601876      0.28118154E-01
   1.7538163      0.18993322E-01
   1.5474449     -0.24053574E-01
   1.3410736     -0.39776564E-01
   1.1347023     -0.78448810E-01
  0.92833093      0.27449399E-01
  0.72195959      0.29314034E-01
  0.51558825     -0.29512445E-01
  0.30921692     -0.55716716E-01
  0.10284558     -0.49121995E-01
 -0.10352576     -0.21668343E-01
 -0.30989710     -0.81252120E-01
 -0.51626843     -0.77331699E-01
 -0.72263977      0.96890451E-02
 -0.92901111     -0.10191722    
  -1.1353824     -0.41388243E-01
  -1.3417538      0.35212047E-01
  -1.5481251     -0.10644454E-01
  -1.7544965     -0.95772833E-01
  -1.9608678     -0.30753296E-02
  -2.1672391      0.36873370E-01
  -2.3736105      0.65967999E-01
  -2.5799818     -0.17718978E-01
  -2.7863531     -0.73006049E-01
  -2.9927245     -0.34303822E-01
  -3.1990958     -0.41934945E-01
  -3.4054672     -0.13840925E-01
  -3.6118385     -0.42207874E-01
  -3.8182098      0.34013670E-03
  -4.0245812     -0.17280448E-01
  -4.2309525      0.11454294E-01
  -4.4373238     -0.23173755E-01
  -4.6436952      0.44331737E-01
  -4.8500665      0.29545622E-02
  -5.0564379      0.60205754E-01
  -5.2628092     -0.43928283E-02
  -5.4691805     -0.10285463    
  -5.6755519     -0.12049481    
  -5.8819232     -0.61393987E-01
  -6.0882945     -0.27648274E-01
  -6.2946659     -0.38041212E-01
  -6.5010372      0.18196985E-01
  -6.7074085      0.19299239E-03
  -6.9137799      0.67760855E-01
  -7.1201512     -0.24415620E-01
  -7.3265226     -0.34729946E-01
  -7.5328939      0.46178903E-01
  -7.7392652     -0.27293496E-01
  -7.9456366      0.31746738E-02
  -8.1520079     -0.52072346E-01
  -8.3583792     -0.18057995E-01
  -8.5647506      0.69796070E-01
  -8.7711219      0.92661992E-01
  -8.9774933      0.88255666E-01
  -9.1838646     -0.20646714E-01
  -9.3902359      0.60987002E-02
  -9.5966073     -0.44716276E-01
  -9.8029786     -0.58437753E-01
  -10.009350     -0.85239515E-01
  -10.215721     -0.22399426E-02
  -10.422093      0.22321735E-01
  -10.628464     -0.56870319E-01
  -10.834835     -0.50425425E-01
  -11.041207     -0.16179211E-01
  -11.247578      0.20138124E-01
  -11.453949      0.15209667E-01
  -11.660321     -0.33065263E-01
  -11.866692     -0.43607499E-01
  -12.073063      0.42018909E-01
  -12.279435      0.32972738E-01
  -12.485806      0.44729237E-01
  -12.692177      0.55267826E-01
  -12.898549      0.13519932    
  -13.104920      0.19980352    
  -13.311291      0.35099259    
  -13.517663      0.32338750    
  -13.724034      0.33312029    
  -13.930405      0.31036025    
  -14.136777      0.25804800    
  -14.343148      0.26729515    
  -14.549519      0.17501774    
  -14.755891      0.18009952    
  -14.962262      0.25382382    
  -15.168633      0.89975737E-01
  -15.375005      0.43033902E-02
  -15.581376      0.54585252E-01
  -15.787747      0.81418589E-01
  -15.994119      0.75856209E-01
  -16.200490      0.86402662E-01
  -16.406861      0.34196746E-01
  -16.613233     -0.11321550E-01
  -16.819604     -0.43081380E-02
  -17.025975     -0.16550603E-02
  -17.232347      0.54277021E-01
  -17.438718     -0.41462332E-01
  -17.645089     -0.41491669E-01
  -17.851461      0.34362730E-01
  -18.057832      0.43100961E-01
  -18.264203      0.37750263E-01
  -18.470575     -0.50385125E-01
  -18.676946     -0.35418440E-01
  -18.883317     -0.41830141E-01
  -19.089689     -0.21966675E-01
  -19.296060     -0.37452828E-01
  -19.502431     -0.22126002E-01
  -19.708803      0.27472168E-01
  -19.915174     -0.12250483    
  -20.121545     -0.16939752E-01
  -20.327917      0.10253889E-01
  -20.534288     -0.14065265E-01
  -20.740659     -0.40115360E-01
  -20.947031      0.55205498E-01
  -21.153402     -0.35376016E-01
  -21.359773     -0.97909600E-01
  -21.566145     -0.90284124E-01
  -21.772516     -0.62672049E-01
  -21.978887     -0.44331759E-01
  -22.185259     -0.37702888E-01
  -22.391630      0.70665970E-01
  -22.598002      0.30785859E-01
  -22.804373     -0.18074194E-01
  -23.010744     -0.78419805E-01
  -23.217116      0.23640800E-01
  -23.423487      0.13112085E-01
  -23.629858     -0.28297599E-01
  -23.836230      0.41708190E-01
  -24.042601      0.32590423E-01
  -24.248972     -0.23376504E-01
  -24.455344     -0.86348895E-02
  -24.661715      0.25756286E-01
  -24.868086     -0.15732214E-01
  -25.074458     -0.29443983E-01
  -25.280829     -0.56324355E-01
  -25.487200     -0.11044107    
  -25.693572      0.39594952E-01
  -25.899943      0.43658171E-01
  -26.106314      0.10461422E-01
  -26.312686      0.24889000E-02
  -26.519057      0.14792369E-01
  -26.725428      0.31618807E-01
  -26.931800      0.12884721    
  -27.138171      0.53331973E-02
  -27.344542      0.75413864E-02
  -27.550914     -0.61180197E-01
  -27.757285     -0.37864156E-01
  -27.963656      0.82703784E-01
  -28.170028     -0.32928228E-01
  -28.376399     -0.30037507E-01
  -28.582770      0.69793458E-02
  -28.789142     -0.20663330E-01
  -28.995513     -0.26708627E-01
  -29.201884      0.46745390E-01
  -29.408256     -0.58311224E-03
  -29.614627     -0.42544648E-01
  -29.820998      0.41703316E-02
  -30.027370     -0.71516912E-02
  -30.233741     -0.98830678E-01
  -30.440112     -0.77739187E-01
  -30.646484      0.62133465E-03
  -30.852855     -0.39548457E-01
  -31.059226     -0.35780318E-01
  -31.265598      0.61532348E-01
  -31.471969      0.58754072E-01
  -31.678340      0.22942405E-02
  -31.884712      0.43159194E-01
  -32.091083     -0.30420406E-01
  -32.297454      0.37117712E-01
  -32.503826      0.29682894E-02
  -32.710197      0.71637586E-01
  -32.916568      0.53781100E-01
  -33.122940     -0.95725711E-03
  -33.329311     -0.76452821E-01
  -33.535682     -0.48988868E-01
  -33.742054      0.45503803E-01
  -33.948425      0.44406928E-01
  -34.154796      0.46145082E-01
  -34.361168      0.42968102E-01
  -34.567539     -0.23505600E-01
  -34.773910     -0.44955285E-02
  -34.980282     -0.20976909E-01
  -35.186653     -0.56429829E-01
  -35.393024     -0.29449722E-01
  -35.599396     -0.14255559E-02
  -35.805767      0.64164974E-01
  -36.012138      0.47111332E-01
  -36.218510     -0.20902563E-01
  -36.424881      0.16808077E-02
  -36.631252      0.21762073E-01
  -36.837624      0.23502680E-02
  -37.043995      0.92663474E-01
  -37.250366      0.10138280    
  -37.456738      0.17045265    
  -37.663109      0.30165666    
  -37.869480      0.30894464    
  -38.075852      0.38698402    
  -38.282223      0.34031552    
  -38.488594      0.37207064    
  -38.694966      0.26155776    
  -38.901337      0.18232852    
  -39.107708      0.15462971    
  -39.314080      0.15677719    
  -39.520451      0.16824964    
  -39.726822      0.11327849    
  -39.933194      0.13832495    
  -40.139565      0.15119830    
  -40.345937      0.17109910    
  -40.552308     -0.11863273E-01
  -40.758679     -0.71992457E-01
  -40.965051     -0.54160692E-01
  -41.171422      0.26828483E-01
  -41.377793      0.25183812E-01
  -41.584165     -0.22414500E-01
  -41.790536     -0.29995559E-01
  -41.996907      0.10362437E-01
  -42.203279      0.82753953E-02
  -42.409650     -0.55487353E-01
  -42.616021     -0.59136625E-01
  -42.822393     -0.33499777E-01
  -43.028764      0.67146227E-01
  -43.235135      0.31303149E-01
  -43.441507      0.70110895E-01
  -43.647878      0.26166204E-01
  -43.854249     -0.18205244E-01
  -44.060621     -0.21233685E-01
  -44.266992      0.40687816E-02
  -44.473363      0.22683649E-02
  -44.679735      0.35214540E-01
  -44.886106      0.25976107E-01
  -45.092477      0.13901409E-01
  -45.298849      0.31500854E-01
  -45.505220      0.49583819E-02
  -45.711591     -0.17118789E-01
  -45.917963      0.16931351E-01
  -46.124334     -0.12640565E-01
  -46.330705     -0.10538705    
  -46.537077      0.39151045E-02
  -46.743448      0.33445504E-01
  -46.949819     -0.64787060E-01
  -47.156191     -0.72850421E-01
  -47.362562      0.57534231E-02
  -47.568933     -0.39820287E-01
  -47.775305      0.58229617E-02
  -47.981676      0.36208030E-01
  -48.188047     -0.12814403E-01
  -48.394419      0.12018668E-01
  -48.600790      0.88247396E-01
  -48.807161      0.31314418E-01
  -49.013533      0.27832344E-01
  -49.219904     -0.12676129E-01
  -49.426275      0.46882324E-01
  -49.632647      0.91403238E-01
  -49.839018      0.27662216E-01
  -50.045389      0.16061224E-01
  -50.251761     -0.11262311E-01
  -50.458132     -0.23483627E-01
  -50.664503     -0.53976417E-01
  -50.870875     -0.23995694E-02
  -51.077246      0.38109392E-01
  -51.283617     -0.17447919E-01
  -51.489989     -0.49217083E-02
  -51.696360     -0.39521782E-02
  -51.902731      0.50412651E-01
  -52.109103      0.88261165E-01
  -52.315474     -0.10212655E-01
  -52.521845     -0.30902820E-02
  -52.728217     -0.31139925E-02
  -52.934588     -0.55919439E-01
  -53.140959     -0.72418578E-01
  -53.347331     -0.66869915E-01
  -53.553702      0.12400909E-01
  -53.760073      0.88886693E-01
  -53.966445      0.50064363E-02
  -54.172816     -0.63618928E-01
  -54.379187     -0.36172841E-01
  -54.585559     -0.36677260E-01
  -54.791930      0.13620060E-01
  -54.998301      0.70827696E-02
  -55.204673     -0.26924215E-01
  -55.411044     -0.74644610E-01
  -55.617415     -0.18611748E-01
  -55.823787      0.14332682E-03
  -56.030158      0.23448108E-01
  -56.236529     -0.43569777E-01
  -56.442901     -0.98282725E-01
  -56.649272     -0.12939389    
  -56.855643     -0.98412484E-01
  -57.062015      0.32404095E-01
  -57.268386      0.55062648E-01
  -57.474757      0.95565766E-01
  -57.681129      0.13891988E-01
  -57.887500      0.22802150E-01
  -58.093872     -0.85132949E-01
  -58.300243      0.32304652E-01
  -58.506614      0.73053859E-01
  -58.712986      0.10859771E-01
  -58.919357     -0.24531288E-02
  -59.125728     -0.11136070E-01
  -59.332100      0.29863441E-01
  -59.538471      0.13306051    
  -59.744842      0.77995896E-01
  -59.951214     -0.18394315E-02
  -60.157585     -0.48137199E-01
  -60.363956      0.35246633E-01
  -60.570328     -0.62682764E-02
  -60.776699     -0.77093681E-02
  -60.983070     -0.32679439E-02
  -61.189442     -0.14172743E-01
  -61.395813     -0.36778323E-01
  -61.602184      0.16371084E-01
  -61.808556     -0.26286585E-01
  -62.014927     -0.29624202E-02
  -62.221298      0.39381407E-01
  -62.427670      0.54499473E-01
  -62.634041     -0.92554837E-03
  -62.840412      0.28583799E-01
  -63.046784      0.53161327E-02
  -63.253155      0.36626607E-01
  -63.459526     -0.19823259E-01
  -63.665898     -0.10624325    
  -63.872269     -0.97295389E-01
  -64.078640     -0.42044051E-01
  -64.285012     -0.46198040E-01
  -64.491383     -0.63718748E-02
  -64.697754      0.10988567E-01
  -64.904126     -0.54668158E-01
  -65.110497      0.30027606E-01
  -65.316868      0.13966210E-01
  -65.523240      0.20855093E-01
  -65.729611      0.35027865E-01
  -65.935982      0.21417433E-01
  -66.142354      0.24212306E-01
  -66.348725      0.28342050E-01
  -66.555096      0.25241610E-01
  -66.761468      0.62969051E-01
  -66.967839      0.22278301E-01
  -67.174210      0.80339527E-02
  -67.380582      0.30269960E-01
  -67.586953      0.52236378E-01
  -67.793324      0.52037861E-01
  -67.999696      0.20125840E-01
  -68.206067      0.14180923    
  -68.412438      0.84355108E-01
  -68.618810      0.62823348E-01
  -68.825181      0.12546341    
  -69.031552      0.11067489    
  -69.237924      0.18603897E-01
  -69.444295      0.20626672E-01
  -69.650666      0.24185197E-01
  -69.857038     -0.21540847E-01
  -70.063409      0.44271320E-01
  -70.269780      0.18124795E-01
  -70.476152      0.87570831E-01
  -70.682523      0.99586258E-02
  -70.888894      0.28543912E-01
  -71.095266      0.31989012E-01
  -71.301637     -0.62531237E-02
  -71.508008      0.97840540E-02
  -71.714380      0.27793046E-01
  -71.920751      0.50032161E-01
  -72.127122     -0.21286743E-01
  -72.333494      0.18012105E-01
  -72.539865     -0.23698889E-01
  -72.746236     -0.92818901E-01
  -72.952608      0.11352666    
  -73.158979      0.12287989E-01
  -73.365350     -0.33552755E-01
  -73.571722     -0.89919325E-02
  -73.778093     -0.43444727E-01
  -73.984464     -0.97677901E-01
  -74.190836     -0.41615400E-01
  -74.397207     -0.12743259E-01
  -74.603578      0.16823575E-01
  -74.809950      0.30430984E-01
  -75.016321     -0.28577995E-01
  -75.222692     -0.93570247E-01
  -75.429064     -0.59443556E-01
  -75.635435     -0.33902548E-01
  -75.841807      0.26285287E-01
  -76.048178     -0.13447709    
  -76.254549     -0.56639638E-01
  -76.460921     -0.87097995E-01
  -76.667292     -0.92143632E-01
  -76.873663     -0.64630240E-01
  -77.080035     -0.22658665E-01
  -77.286406     -0.39510667E-01
  -77.492777     -0.37437879E-01
  -77.699149     -0.36270022E-01
  -77.905520     -0.79767704E-02
  -78.111891      0.31462319E-01
  -78.318263      0.34421805E-01
  -78.524634     -0.39289787E-01
  -78.731005     -0.70730358E-01
  -78.937377      0.11925803E-01
  -79.143748     -0.22302641E-01
  -79.350119      0.14081100E-01
  -79.556491     -0.85666135E-01
  -79.762862      0.32644235E-01
  -79.969233     -0.12456008E-01
  -80.175605      0.29299319E-01
  -80.381976      0.43725263E-01
  -80.588347      0.46523847E-03
  -80.794719     -0.49853720E-01
  -81.001090     -0.53428635E-01
  -81.207461      0.22735581E-01
  -81.413833      0.85028537E-01
  -81.620204      0.58484662E-01
  -81.826575      0.29688761E-01
  -82.032947      0.68965867E-01
  -82.239318      0.58812331E-01
  -82.445689      0.71823880E-01
  -82.652061     -0.38765766E-01
  -82.858432     -0.33886865E-01
  -83.064803      0.31087808E-01
  -83.271175      0.12556966E-02
  -83.477546     -0.28769357E-01
  -83.683917      0.70853092E-01
  -83.890289      0.13338996E-01
  -84.096660     -0.61240193E-01
  -84.303031     -0.60331926E-01
  -84.509403     -0.29715890E-01
  -84.715774      0.44703502E-02
  -84.922145     -0.24772586E-01
  -85.128517     -0.31731214E-01
  -85.334888     -0.16433965E-01
  -85.541259      0.11878932E-01
  -85.747631      0.85897595E-02
  -85.954002      0.26744716E-01
  -86.160373      0.10299406    
  -86.366745      0.92032604E-01
  -86.573116      0.51107053E-01
  -86.779487      0.43694496E-01
  -86.985859      0.69633529E-01
  -87.192230     -0.30191671E-02
  -87.398601     -0.24046632E-03
  -87.604973     -0.59060078E-01
  -87.811344     -0.49982771E-01
  -88.017715      0.11849763E-01
  -88.224087      0.50181951E-02
  -88.430458     -0.18721722E-01
  -88.636829     -0.86886846E-01
  -88.843201     -0.97728811E-01
  -89.049572     -0.38908467E-01
  -89.255943     -0.51284526E-02
  -89.462315      0.14206415E-01
  -89.668686     -0.34585681E-01
  -89.875057     -0.27786696E-01
  -90.081429     -0.75922765E-01
  -90.287800     -0.61494492E-01
  -90.494171      0.38669683E-01
  -90.700543     -0.11799950E-01
  -90.906914     -0.82469597E-01
  -91.113285     -0.14908499E-01
  -91.319657      0.14273247E-01
  -91.526028     -0.13573362E-01
  -91.732399     -0.79248711E-01
  -91.938771     -0.10335308    
  -92.145142      0.42789251E-01
  -92.351513      0.21340080E-01
  -92.557885      0.37381887E-01
  -92.764256     -0.38988538E-01
  -92.970627     -0.18804099E-01
  -93.176999     -0.15819337E-01
  -93.383370     -0.72765327E-02
  -93.589741     -0.62599748E-01
  -93.796113      0.48906542E-04
  -94.002484      0.61651520E-01
  -94.208856      -291.58105    
  -94.415227      -31.378387    
  -94.621598      -7.9632044    
  -94.827970     -0.36605489E-01
  -95.034341     -0.61198805E-01
  -95.240712      0.23976795E-01
  -95.447084      0.47803931E-01
  -95.653455     -0.37839688E-01
  -95.859826     -0.38195837E-01
  -96.066198      0.61456420E-01
  -96.272569      0.33779379E-01
  -96.478940     -0.24927333E-01
  -96.685312     -0.82829691E-01
  -96.891683      0.37342992E-01
  -97.098054      0.70830055E-01
  -97.304426     -0.82446747E-02
  -97.510797      0.32830704E-03
  -97.717168      0.92670925E-01
  -97.923540      0.28248122E-01
  -98.129911     -0.12084818E-01
  -98.336282      0.25543286E-01
  -98.542654      0.95945701E-01
  -98.749025      0.22647696E-01
  -98.955396     -0.39353590E-01
  -99.161768     -0.64431161E-01
  -99.368139     -0.60003344E-01
  -99.574510      0.74603379E-01
  -99.780882      0.48531001E-02
  -99.987253     -0.59015173E-01
  -100.19362     -0.46213269E-01
  -100.40000     -0.18733833E-01
  -100.60637      0.13188476E-01
  -100.81274      0.16635461E-02
  -101.01911     -0.15481154E-01
  -101.22548     -0.13980788    
  -101.43185     -0.42157248E-04
  -101.63822      0.32277808E-01
  -101.84459      0.51035479E-01
  -102.05097      0.51893638E-02
  -102.25734      0.19591268E-01
  -102.46371      0.81667053E-02
  -102.67008      0.64866766E-01
  -102.87645     -0.29818032E-01
  -103.08282      0.55221170E-01
  -103.28919     -0.81567951E-01
  -103.49557     -0.51946856E-01
  -103.70194      0.39806403E-01
  -103.90831      0.83742566E-01
  -104.11468      0.39248999E-01
  -104.32105     -0.65500429E-03
  -104.52742      0.17604724E-01
  -104.73379      0.74342608E-01
  -104.94017      0.38772102E-01
  -105.14654      0.26884157E-01
  -105.35291     -0.30179692E-01
  -105.55928     -0.51549535E-01
  -105.76565     -0.68923213E-01
  -105.97202     -0.15258545E-01
  -106.17839      0.30844426E-01
  -106.38476      0.87599168E-02
  -106.59114     -0.96748583E-03
  -106.79751      0.62280573E-01
  -107.00388      0.74711621E-01
  -107.21025     -0.44983491E-01
  -107.41662     -0.18466149E-01
  -107.62299      0.52109320E-01
  -107.82936     -0.36011815E-01
  -108.03574      0.73730499E-01
  -108.24211     -0.92070373E-02
  -108.44848      0.35122015E-01
  -108.65485     -0.29065553E-01
  -108.86122     -0.24190288E-01
  -109.06759     -0.77403948E-01
  -109.27396     -0.17093673E-01
  -109.48033      0.25456322E-01
  -109.68671      0.54478984E-01
  -109.89308     -0.51342819E-01
  -110.09945     -0.95007695E-01
  -110.30582     -0.42354085E-01
  -110.51219      0.40870551E-02
  -110.71856      0.61812522E-02
  -110.92493      0.66649228E-01
  -111.13131     -0.65013349E-01
  -111.33768     -0.37559178E-02
  -111.54405     -0.51702078E-01
  -111.75042      0.10761734E-01
  -111.95679     -0.49218498E-01
  -112.16316      0.49755339E-01
  -112.36953     -0.33108920E-01
  -112.57590      0.69653645E-01
  -112.78228      0.43553993E-01
  -112.98865     -0.28346445E-01
  -113.19502      0.10376642    
  -113.40139     -0.69302052E-01
  -113.60776     -0.14011423E-01
  -113.81413      0.32852642E-01
  -114.02050      0.38481519E-01
  -114.22688     -0.93744308E-01
  -114.43325     -0.85957199E-02
  -114.63962      0.41453838E-01
  -114.84599     -0.39595436E-01
  -115.05236     -0.89704826E-01
  -115.25873      0.23833256E-01
  -115.46510     -0.32569550E-01
  -115.67147     -0.54250234E-02
  -115.87785     -0.78268973E-02
  -116.08422     -0.20960549E-01
  -116.29059      0.14827652E-01
  -116.49696     -0.70089743E-01
  -116.70333      0.88077690E-02
  -116.90970      0.21823812E-02
  -117.11607      0.10523785E-01
  -117.32245     -0.79143094E-02
  -117.52882     -0.55232123E-01
  -117.73519     -0.56827370E-01
  -117.94156     -0.75148372E-02
  -118.14793     -0.38738512E-01
  -118.35430      0.32330696E-02
  -118.56067     -0.48234671E-01
  -118.76704     -0.18812936E-01
  -118.97342     -0.39806090E-01
  -119.17979     -0.67565352E-01
  -119.38616      0.87691443E-02
  -119.59253      0.18590428E-01
  -119.79890     -0.44985887E-01
  -120.00527      0.26036236E-01
  -120.21164     -0.25993202E-01
  -120.41802     -0.55121444E-01
  -120.62439     -0.12819236E-01
  -120.83076      0.25509685E-01
  -121.03713     -0.37981875E-01
  -121.24350     -0.58052953E-01
  -121.44987     -0.12339331    
  -121.65624     -0.50564408E-01
  -121.86261     -0.14052050    
  -122.06899     -0.34532264E-01
  -122.27536      0.46100799E-01
  -122.48173      0.38273841E-01
  -122.68810     -0.14346703E-01
  -122.89447      0.77723805E-02
  -123.10084      0.62729850E-01
  -123.30721     -0.41657541E-01
  -123.51359     -0.21033950E-01
  -123.71996      0.92664741E-01
  -123.92633      0.52640062E-01
  -124.13270     -0.58252372E-01
  -124.33907     -0.20452961E-01
  -124.54544      0.59598950E-02
  -124.75181      0.39158124E-01
  -124.95818     -0.47615159E-01
  -125.16456      0.30742748E-01
  -125.37093      0.25264911E-01
  -125.57730     -0.89185126E-01
  -125.78367     -0.42465296E-01
  -125.99004     -0.81347138E-01
  -126.19641      0.51245749E-01
  -126.40278      0.41844986E-01
  -126.60916     -0.31137543E-01
  -126.81553      0.32303691E-01
  -127.02190      0.41611560E-01
  -127.22827     -0.14811513E-01
  -127.43464     -0.16860597E-01
  -127.64101     -0.52083051E-02
  -127.84738      0.18347345E-01
  -128.05375     -0.57091832E-01
  -128.26013      0.17277792E-01
  -128.46650     -0.63555636E-02
  -128.67287      0.27330955E-01
  -128.87924     -0.13400756E-01
  -129.08561      0.65362014E-01
  -129.29198     -0.51925708E-01
  -129.49835      0.16721623E-01
  -129.70473      0.16106823E-01
  -129.91110      0.14557465E-01
  -130.11747      0.18277910E-01
  -130.32384      0.38529336E-01
  -130.53021      0.73385015E-01
  -130.73658      0.21706421E-01
  -130.94295     -0.23410317E-01
  -131.14932      0.68182118E-01
  -131.35570     -0.38221117E-01
  -131.56207     -0.52548412E-01
  -131.76844     -0.31793818E-01
  -131.97481      0.28261434E-01
  -132.18118      0.94266742E-01
  -132.38755      0.25625927E-01
  -132.59392     -0.18666523E-01
  -132.80030      0.79613015E-01
  -133.00667      0.83707713E-01
  -133.21304     -0.30042347E-01
  -133.41941      0.30630533E-01
  -133.62578     -0.46127932E-02
  -133.83215     -0.20019073E-01
  -134.03852     -0.84133819E-01
  -134.24489     -0.10972033    
  -134.45127      0.12916185E-01
  -134.65764      0.22458121E-01
  -134.86401      0.29910669E-01
  -135.07038      0.65840900E-01
  -135.27675     -0.52554603E-02
  -135.48312     -0.73199697E-01
  -135.68949     -0.92746150E-02
  -135.89587      0.17022345E-02
  -136.10224      0.59824608E-01
  -136.30861      0.16450297E-01
  -136.51498     -0.34848258E-01
  -136.72135     -0.21940468E-01
  -136.92772     -0.93017630E-02
  -137.13409     -0.25780551E-01
  -137.34046      0.24749178E-01
  -137.54684      0.23592697E-02
  -137.75321     -0.58748610E-01
  -137.95958      0.37522554E-01
  -138.16595      0.40913023E-01
  -138.37232      0.17327743E-01
  -138.57869      0.64763404E-01
  -138.78506      0.26476374E-01
  -138.99144      0.39341796E-01
  -139.19781      0.33536829E-01
  -139.40418      0.61619937E-01
  -139.61055     -0.54818887E-01
  -139.81692      0.94499663E-02
  -140.02329     -0.14988743E-02
  -140.22966      0.27560104E-01
  -140.43604      0.10408495    
  -140.64241      0.71979210E-01
  -140.84878      0.12315633E-01
  -141.05515     -0.17483912E-01
  -141.26152     -0.37136741E-01
  -141.46789     -0.18510895E-01
