-0.00034008948 -0.026357129
-0.10352576 -0.033223324
-0.20671143 -0.1163319
-0.3098971 -0.047464196
-0.41308276 -0.0333381
-0.51626843 -0.068803169
-0.6194541 -0.013865543
-0.72263977 0.041862771
-0.82582544 -0.047352139
-0.92901111 -0.034646694
-1.0321968 0.052673504
-1.1353824 -0.045745328
-1.2385681 0.018384995
-1.3417538 0.088702917
-1.4449394 0.0024296765
-1.5481251 -0.064582564
-1.6513108 -0.035700373
-1.7544965 0.08971975
-1.8576821 0.068044282
-1.9608678 0.06992875
-2.0640535 0.068814278
-2.1672391 0.030947089
-2.2704248 0.061234117
-2.3736105 -0.0091880178
-2.4767961 -0.048926666
-2.5799818 0.017091321
-2.6831675 -0.0049703517
-2.7863531 -0.016846387
-2.8895388 -0.0062491898
-2.9927245 -0.045589846
-3.0959101 -0.036567729
-3.1990958 -0.022000184
-3.3022815 0.032935012
-3.4054672 -0.012075987
-3.5086528 -0.050644334
-3.6118385 0.051728662
-3.7150242 0.10362598
-3.8182098 0.039110485
-3.9213955 0.047234688
-4.0245812 0.081237614
-4.1277668 0.10069884
-4.2309525 0.12434981
-4.3341382 0.082760967
-4.4373238 0.035143387
-4.5405095 0.062013213
-4.6436952 0.097901791
-4.7468808 -0.0034197655
-4.8500665 -0.044936124
-4.9532522 -0.014163402
-5.0564379 -0.056059707
-5.1596235 -0.12407126
-5.2628092 -0.0010046182
-5.3659949 0.028894015
-5.4691805 0.0048678922
-5.5723662 0.04366532
-5.6755519 -0.0099276453
-5.7787375 0.007008878
-5.8819232 -0.0060371687
-5.9851089 0.043749407
-6.0882945 0.028466327
-6.1914802 -0.033963494
-6.2946659 0.080961354
-6.3978515 0.058885988
-6.5010372 0.053563152
-6.6042229 0.090443373
-6.7074085 0.030327892
-6.8105942 0.025635205
-6.9137799 0.065529637
-7.0169656 -0.0049297195
-7.1201512 0.026361505
-7.2233369 0.08710596
-7.3265226 0.022023739
-7.4297082 0.035600714
-7.5328939 -0.016670095
-7.6360796 -0.0245314
-7.7392652 0.013545617
-7.8424509 -0.0027606201
-7.9456366 -0.019715032
-8.0488222 0.013296572
-8.1520079 -0.0035385203
-8.2551936 -0.052636053
-8.3583792 -0.052481804
-8.4615649 0.00074958469
-8.5647506 0.013057585
-8.6679363 -0.014814932
-8.7711219 0.039312407
-8.8743076 0.036457185
-8.9774933 0.029667238
-9.0806789 0.029546177
-9.1838646 0.04004686
-9.2870503 0.087927468
-9.3902359 0.0012643087
-9.4934216 -0.059321303
-9.5966073 -0.011804651
-9.6997929 0.0064933337
-9.8029786 -0.042834833
-9.9061643 -0.09618187
-10.00935 -0.031314973
-10.112536 0.022236874
-10.215721 0.03055829
-10.318907 -0.0012835643
-10.422093 -0.075338826
-10.525278 -0.083573736
-10.628464 -0.071501181
-10.73165 0.043349668
-10.834835 0.035160732
-10.938021 -0.030099401
-11.041207 -0.0047977483
-11.144392 -0.0080149341
-11.247578 0.040627163
-11.350764 0.058143128
-11.453949 0.068538673
-11.557135 0.042888332
-11.660321 0.045372378
-11.763506 0.014697733
-11.866692 -0.013990108
-11.969878 0.07774958
-12.073063 0.063409127
-12.176249 0.036776461
-12.279435 0.071865432
-12.38262 0.012923741
-12.485806 0.0048455782
-12.588992 -0.0057178475
-12.692177 -0.040321115
-12.795363 0.046511721
-12.898549 0.092811488
-13.001734 0.058654848
-13.10492 0.032574579
-13.208106 0.11809191
-13.311291 0.15625598
-13.414477 0.13102815
-13.517663 0.13236801
-13.620848 0.095958203
-13.724034 0.14989537
-13.82722 0.18374683
-13.930405 0.17436092
-14.033591 0.18044989
-14.136777 0.22861876
-14.239962 0.29614311
-14.343148 0.3270959
-14.446334 0.5052954
-14.549519 0.59772825
-14.652705 0.67661542
-14.755891 0.82301551
-14.859076 0.95201474
-14.962262 1.0780579
-15.065448 1.1202857
-15.168633 1.2084763
-15.271819 1.2666847
-15.375005 1.2219474
-15.47819 1.1656663
-15.581376 1.1108656
-15.684562 0.89463109
-15.787747 0.72733277
-15.890933 0.57789499
-15.994119 0.41312781
-16.097304 0.31387016
-16.20049 0.20570605
-16.303676 0.11341345
-16.406861 0.13251871
-16.510047 0.12777378
-16.613233 0.11983296
-16.716418 0.081798561
-16.819604 -0.04269075
-16.92279 -0.0063814721
-17.025975 -0.023064658
-17.129161 0.041900918
-17.232347 0.021298317
-17.335532 -0.018854218
-17.438718 0.093299769
-17.541904 0.052218292
-17.645089 -0.017959716
-17.748275 -0.017185006
-17.851461 -0.0008093128
-17.954646 0.083440572
-18.057832 0.084287502
-18.161018 -0.047689606
-18.264203 -0.077188127
-18.367389 -0.011874842
-18.470575 0.0037857518
-18.57376 -0.0082842093
-18.676946 0.0093993424
-18.780132 -0.084640503
-18.883317 -0.025364058
-18.986503 -0.0091774249
-19.089689 -0.040234853
-19.192874 0.11323715
-19.29606 0.083107226
-19.399246 -0.026561642
-19.502431 -0.0030950438
-19.605617 -0.0070770546
-19.708803 0.0057417327
-19.811988 0.00019774523
-19.915174 -0.013936942
-20.01836 0.062571317
-20.121545 0.029975897
-20.224731 -0.014685948
-20.327917 0.0085672252
-20.431102 0.046664286
-20.534288 0.094901048
-20.637474 0.066415586
-20.740659 0.049879026
-20.843845 0.026181908
-20.947031 -0.018932754
-21.050216 -0.058914337
-21.153402 -0.085882224
-21.256588 -0.032534555
-21.359773 -0.03045387
-21.462959 0.011271725
-21.566145 0.034428421
-21.66933 0.11417281
-21.772516 0.090033807
-21.875702 0.0011073115
-21.978887 0.011814754
-22.082073 -0.054213583
-22.185259 0.022007735
-22.288445 0.094584681
-22.39163 0.048594657
-22.494816 -0.0059010535
-22.598002 -0.015623295
-22.701187 0.050233889
-22.804373 0.10583021
-22.907559 0.083120398
-23.010744 0.043794926
-23.11393 0.033197138
-23.217116 -0.05267353
-23.320301 3.9138522e-05
-23.423487 0.07396619
-23.526673 -0.033349089
-23.629858 -0.024620613
-23.733044 0.024182169
-23.83623 -0.021656724
-23.939415 0.0056593013
-24.042601 0.027271122
-24.145787 -0.046031475
-24.248972 0.0007265645
-24.352158 0.015421831
-24.455344 0.014114012
-24.558529 0.016912414
-24.661715 -0.095803536
-24.764901 -0.075335719
-24.868086 0.034516279
-24.971272 0.018782208
