21.972584 0.058372334
21.836953 0.10821275
21.701323 0.096635014
21.565692 0.10331309
21.430062 0.1571378
21.294431 0.21722178
21.158801 0.25289327
21.02317 0.26792896
20.88754 0.25446433
20.751909 0.27935499
20.616279 0.30743113
20.480649 0.28900188
20.345018 0.30594906
20.209388 0.32170451
20.073757 0.29365358
19.938127 0.26889697
19.802496 0.20905125
19.666866 0.18133992
19.531235 0.16729213
19.395605 0.1150974
19.259974 0.13389885
19.124344 0.125654
18.988713 0.12966017
18.853083 0.077184699
18.717452 0.03756028
18.581822 0.056564283
18.446191 0.0022931877
18.310561 -0.025537159
18.17493 -0.023713252
18.0393 0.032592487
