   141.46721      0.53893752E-01
   141.26084      0.47050729E-01
   141.05447     -0.27838048E-01
   140.84810      0.80174627E-02
   140.64173     -0.27866047E-02
   140.43535     -0.25664218E-01
   140.22898      0.94919233E-02
   140.02261      0.30267101E-01
   139.81624     -0.24046139E-02
   139.60987      0.55606019E-01
   139.40350      0.96767591E-02
   139.19713      0.50083227E-01
   138.99076      0.58488164E-01
   138.78438      0.38093906E-01
   138.57801      0.24722904E-01
   138.37164     -0.47908253E-02
   138.16527      0.19509401E-02
   137.95890      0.13349598E-01
   137.75253     -0.20968230E-01
   137.54616     -0.33784889E-01
   137.33978     -0.34286633E-01
   137.13341      0.34101646E-01
   136.92704      0.15958324E-02
   136.72067     -0.22928752E-01
   136.51430      0.14914475E-01
   136.30793      0.61646393E-02
   136.10156     -0.17534770E-01
   135.89519     -0.44769555E-01
   135.68881      0.48429325E-01
   135.48244      0.45237377E-01
   135.27607     -0.38877614E-01
   135.06970     -0.59861436E-01
   134.86333      0.91094524E-04
   134.65696     -0.52897044E-01
   134.45059      0.88787209E-02
   134.24421      0.28923349E-02
   134.03784     -0.24586096E-01
   133.83147      0.18778466E-01
   133.62510      0.20816837E-01
   133.41873      0.49928602E-01
   133.21236      0.61295297E-01
   133.00599      0.12412653E-01
   132.79962      0.91403443E-02
   132.59324      0.48683643E-01
   132.38687      0.41525807E-01
   132.18050     -0.36980864E-01
   131.97413      0.16173327E-01
   131.76776     -0.11683918E-01
   131.56139     -0.23124274E-01
   131.35502     -0.47311205E-01
   131.14864      0.30304339E-01
   130.94227      0.63462786E-01
   130.73590     -0.23211325E-02
   130.52953      0.32812931E-01
   130.32316      0.65818250E-01
   130.11679      0.97503290E-02
   129.91042      0.49880054E-03
   129.70405      0.20418826E-01
   129.49767      0.17025927E-03
   129.29130     -0.56324333E-01
   129.08493     -0.46410784E-03
   128.87856     -0.13132063E-01
   128.67219     -0.87085227E-03
   128.46582      0.20818245E-02
   128.25945      0.25393041E-02
   128.05307      0.57658993E-01
   127.84670      0.57297699E-01
   127.64033      0.55770781E-01
   127.43396      0.32143727E-01
   127.22759     -0.35696890E-01
   127.02122     -0.17374814E-01
   126.81485      0.63201815E-01
   126.60848      0.63949257E-01
   126.40210      0.17924709E-01
   126.19573     -0.10986283E-01
   125.98936      0.21497635E-01
   125.78299      0.40169213E-01
   125.57662      0.58345236E-01
   125.37025      0.45324951E-01
   125.16388      0.56964587E-02
   124.95750     -0.10270019    
   124.75113     -0.10609323E-01
   124.54476      0.46639107E-01
   124.33839      0.41289125E-01
   124.13202      0.41095659E-01
   123.92565      0.47425404E-01
   123.71928      0.11747678E-01
   123.51291      0.20442218E-01
   123.30653     -0.51358817E-02
   123.10016     -0.19067241E-01
   122.89379      0.10669621    
   122.68742      0.80396786E-01
   122.48105      0.69555514E-01
   122.27468      0.98486142E-02
   122.06831     -0.12855831E-01
   121.86193      0.34161415E-01
   121.65556     -0.47214027E-01
   121.44919     -0.80500133E-01
   121.24282      0.42039648E-01
   121.03645      0.10085233E-01
   120.83008      0.91596581E-01
   120.62371      0.64569816E-01
   120.41734      0.46557207E-01
   120.21096      0.50760902E-01
   120.00459     -0.15679527E-01
   119.79822      0.26295982E-01
   119.59185     -0.27693352E-02
   119.38548      0.16449397E-01
   119.17911     -0.32798972E-01
   118.97274     -0.99091977E-03
   118.76636     -0.23221456E-01
   118.55999     -0.15392678E-01
   118.35362     -0.34995675E-01
   118.14725     -0.40059596E-01
   117.94088     -0.38353503E-01
   117.73451      0.30607676E-01
   117.52814      0.45510467E-01
   117.32177     -0.33296738E-02
   117.11539     -0.28226994E-01
   116.90902     -0.17907592E-01
   116.70265     -0.91418147E-01
   116.49628     -0.21836191E-01
   116.28991     -0.28598739E-01
   116.08354     -0.40207122E-01
   115.87717      0.11114653E-01
   115.67079     -0.33799659E-01
   115.46442      0.30764798E-01
   115.25805      0.10656257    
   115.05168      0.64855389E-01
   114.84531      0.43297917E-01
   114.63894      0.30084495E-01
   114.43257      0.29847875E-01
   114.22620      0.19455804E-01
   114.01982      0.39843306E-01
   113.81345      0.17611701E-01
   113.60708     -0.58779627E-01
   113.40071      0.77887177E-02
   113.19434      0.23503575E-01
   112.98797     -0.23398578E-01
   112.78160      0.18262306E-01
   112.57522      0.81097923E-01
   112.36885     -0.18480907E-02
   112.16248      0.48780121E-01
   111.95611     -0.43292385E-01
   111.74974     -0.30855082E-01
   111.54337      0.13353396E-03
   111.33700      0.18660014E-01
   111.13062      0.57659492E-01
   110.92425      0.56919165E-01
   110.71788      0.54664794E-01
   110.51151      0.14363738E-01
   110.30514      0.32220758E-01
   110.09877      0.74884295E-01
   109.89240     -0.22794090E-01
   109.68603     -0.23861535E-01
   109.47965     -0.49727210E-02
   109.27328      0.21015294E-01
   109.06691     -0.37554204E-02
   108.86054      0.33862002E-01
   108.65417      0.12970855E-01
   108.44780      0.56855537E-01
   108.24143      0.40761836E-01
   108.03505      0.62063023E-01
   107.82868      0.21122616E-01
   107.62231     -0.89952648E-02
   107.41594      0.59686925E-01
   107.20957      0.56375161E-01
   107.00320      0.45707554E-01
   106.79683      0.58456045E-01
   106.59046     -0.15590821E-01
   106.38408      0.58868006E-01
   106.17771      0.12757755E-01
   105.97134     -0.44809509E-01
   105.76497      0.81536481E-02
   105.55860     -0.33487566E-01
   105.35223      0.41385584E-01
   105.14586     -0.32981224E-02
   104.93948      0.62018912E-01
   104.73311      0.59305966E-01
   104.52674      0.70764013E-01
   104.32037      0.10591577    
   104.11400     -0.53930983E-01
   103.90763     -0.38161937E-01
   103.70126      0.80587059E-01
   103.49489     -0.36236402E-02
   103.28851      0.49732877E-02
   103.08214     -0.25667757E-01
   102.87577      0.47931671E-02
   102.66940      0.15467577E-01
   102.46303      0.66665225E-01
   102.25666      0.79313643E-01
   102.05029      0.57979114E-01
   101.84391     -0.15463758E-01
   101.63754      0.14856383E-01
   101.43117      0.49767606E-02
   101.22480     -0.37188302E-02
   101.01843      0.43408640E-01
   100.81206      0.14778864E-01
   100.60569     -0.43385487E-01
   100.39932      0.29609781E-01
   100.19294     -0.20535819E-01
   99.986573      0.36507763E-01
   99.780201      0.37501324E-02
   99.573830     -0.32961261E-01
   99.367459     -0.11221521E-01
   99.161087      0.25370844E-01
   98.954716     -0.57299972E-01
   98.748345     -0.43300997E-01
   98.541973     -0.16426248E-01
   98.335602     -0.85205019E-01
   98.129231     -0.96507156E-02
   97.922859     -0.38379367E-01
   97.716488      0.50056994E-01
   97.510117      0.18150063E-01
   97.303745      0.32786652E-01
   97.097374      0.63047774E-01
   96.891003      0.21764474E-01
   96.684631     -0.29368468E-01
   96.478260     -0.48005201E-01
   96.271889     -0.40293317E-01
   96.065517     -0.64019918E-01
   95.859146      0.29651601E-01
   95.652775     -0.94584972E-01
   95.446403     -0.25783189E-01
   95.240032      0.81785679E-01
   95.033661      0.25362516E-01
   94.827289     -0.27032999E-01
   94.620918     -0.63428067E-01
   94.414547     -0.51464688E-01
   94.208175     -0.51120698E-01
   94.001804     -0.68738304E-01
   93.795433     -0.90191498E-01
   93.589061     -0.21325137E-01
   93.382690     -0.76838151E-01
   93.176319     -0.16766956E-01
   92.969947      0.13227038E-01
   92.763576     -0.40493820E-01
   92.557205      0.29504273E-01
   92.350833      0.64239785E-01
   92.144462      0.21449171E-01
   91.938091     -0.68443175E-03
   91.731719      0.29878570E-02
   91.525348      0.50926644E-01
   91.318977      0.74792534E-01
   91.112605      0.30885806E-01
   90.906234     -0.21028783E-01
   90.699863     -0.20634783E-01
   90.493491      0.10478943    
   90.287120      0.26418611E-01
   90.080749      0.28362423E-01
   89.874377      0.60638264E-01
   89.668006      0.53622022E-01
   89.461635      0.91655374E-01
   89.255263      0.27129257E-01
   89.048892      0.13383490E-01
   88.842521     -0.11240944E-01
   88.636149      0.99462539E-01
   88.429778      0.85500844E-01
   88.223407      0.10548709    
   88.017035      0.17952330E-01
   87.810664      0.76012097E-01
   87.604293      0.92028216E-01
   87.397921      0.57898082E-01
   87.191550      0.18506022E-02
   86.985179      0.27066326E-01
   86.778807     -0.16629776E-01
   86.572436      0.41041046E-01
   86.366065     -0.22674169E-01
   86.159693      0.50173640E-01
   85.953322      0.42872485E-01
   85.746951      0.23581278E-01
   85.540579     -0.45930553E-01
   85.334208      0.73161013E-02
   85.127836      0.32163486E-01
   84.921465      0.35803489E-01
   84.715094     -0.52061751E-02
   84.508722      0.51115949E-01
   84.302351     -0.41792460E-01
   84.095980      0.68399757E-01
   83.889608     -0.18305488E-01
   83.683237     -0.29775809E-01
   83.476866      0.44434693E-01
   83.270494     -0.21719962E-01
   83.064123      0.36498588E-01
   82.857752      0.32168753E-01
   82.651380      0.27148576E-01
   82.445009      0.10628307E-01
   82.238638      0.13318481    
   82.032266      0.63430637E-01
   81.825895     -0.39557379E-01
   81.619524     -0.20387888E-01
   81.413152      0.33980213E-01
   81.206781     -0.18480580E-01
   81.000410     -0.46899635E-01
   80.794038      0.25073839E-01
   80.587667      0.25039401E-01
   80.381296     -0.13058535E-01
   80.174924      0.14045439E-01
   79.968553      0.25820270E-01
   79.762182     -0.35991762E-02
   79.555810      0.76415576E-03
   79.349439     -0.10347576E-01
   79.143068      0.19570414E-01
   78.936696      0.71187779E-01
   78.730325     -0.39637081E-01
   78.523954     -0.19958410E-01
   78.317582     -0.25607072E-01
   78.111211     -0.24858365E-01
   77.904840      0.66721834E-01
   77.698468      0.21088392E-01
   77.492097      0.21100163E-01
   77.285726     -0.28657237E-01
   77.079354      0.41319646E-01
   76.872983      0.17860241E-01
   76.666612     -0.13465190E-01
   76.460240      0.74450448E-02
   76.253869     -0.19243220E-02
   76.047498     -0.18105771E-01
   75.841126     -0.10522787E-01
   75.634755     -0.63599005E-01
   75.428384     -0.41900650E-01
   75.222012      0.33725448E-01
   75.015641      0.63857533E-01
   74.809270      0.88828266E-01
   74.602898      0.43296695E-01
   74.396527     -0.48764423E-03
   74.190156      0.15188392E-01
   73.983784      0.74624814E-01
   73.777413      0.40060259E-01
   73.571042      0.43748710E-01
   73.364670      0.43563303E-01
   73.158299      0.49145482E-01
   72.951928      0.42050675E-01
   72.745556      0.43110691E-01
   72.539185     -0.33400692E-01
   72.332814      0.49829964E-01
   72.126442      0.35692129E-01
   71.920071      0.58694541E-01
   71.713700      0.32423705E-01
   71.507328     -0.29973229E-01
   71.300957     -0.36965489E-01
   71.094586      0.39724756E-01
   70.888214      0.67826919E-01
   70.681843     -0.31572521E-01
   70.475472      0.60825806E-01
   70.269100      0.10110114    
   70.062729     -0.61659887E-02
   69.856358      0.37235565E-01
   69.649986     -0.16789135E-01
   69.443615      0.33070616E-01
   69.237244      0.51749960E-01
   69.030872      0.51017527E-01
   68.824501     -0.35489537E-01
   68.618130     -0.62177610E-02
   68.411758      0.41077446E-01
   68.205387      0.70265271E-01
   67.999016     -0.42918466E-01
   67.792644      0.55590689E-01
   67.586273      0.83277397E-01
   67.379901      0.45076989E-01
   67.173530     -0.17264234E-01
   66.967159      0.30298606E-01
   66.760787     -0.90149697E-02
   66.554416     -0.33038892E-01
   66.348045     -0.32660291E-01
   66.141673      0.13476364E-01
   65.935302      0.34191661E-01
   65.728931      0.57211205E-01
   65.522559     -0.41474272E-02
   65.316188     -0.54527603E-01
   65.109817      0.14413581E-01
   64.903445      0.43001022E-01
   64.697074      0.10641628E-01
   64.490703      0.42622946E-01
   64.284331     -0.78983791E-03
   64.077960      0.38594253E-01
   63.871589      0.37641987E-01
   63.665217      0.39539088E-01
   63.458846      0.12551961E-01
   63.252475      0.21078933E-01
   63.046103      0.40856887E-01
   62.839732     -0.50765850E-01
   62.633361      0.32384902E-01
   62.426989      0.29010544E-01
   62.220618      0.37005708E-01
   62.014247      0.25856405E-01
   61.807875     -0.42206096E-02
   61.601504      0.16278092E-01
   61.395133      0.11799335E-01
   61.188761      0.81305332E-01
   60.982390      0.41337781E-01
   60.776019      0.53026233E-01
   60.569647      0.11606607E-01
   60.363276     -0.14355514E-01
   60.156905     -0.19158510E-01
   59.950533      0.27096229E-01
   59.744162      0.18441886E-01
   59.537791     -0.12169838E-01
   59.331419      0.25977433E-01
   59.125048     -0.14473681E-01
   58.918677      0.30601427E-01
   58.712305      0.30480668E-01
   58.505934      0.10048281E-01
   58.299563      0.55520289E-01
   58.093191      0.26751272E-02
   57.886820      0.33361189E-01
   57.680449      0.15992712E-01
   57.474077      0.54977752E-01
   57.267706      0.20213664E-01
   57.061335     -0.46050161E-01
   56.854963      0.45014925E-01
   56.648592     -0.26706718E-02
   56.442221     -0.41087940E-01
   56.235849      0.36374046E-02
   56.029478      0.55891149E-01
   55.823107      0.24700589E-01
   55.616735     -0.17644191E-01
   55.410364     -0.72000506E-02
   55.203993      0.53925015E-01
   54.997621      0.12268981E-01
   54.791250      0.49393345E-01
   54.584879      0.74053720E-01
   54.378507      0.31134587E-01
   54.172136      0.22370234E-01
   53.965765      0.57246208E-01
   53.759393      0.60321777E-02
   53.553022      0.41386381E-01
   53.346651      0.60057551E-01
   53.140279      0.83292555E-03
   52.933908      0.15588262E-01
   52.727537      0.22702526E-01
   52.521165      0.32994624E-01
   52.314794      0.63037030E-01
   52.108423     -0.19643681E-01
   51.902051     -0.45602124E-01
   51.695680     -0.94132245E-01
   51.489309     -0.65857232E-01
   51.282937      0.10757763E-01
   51.076566     -0.34258533E-01
   50.870195     -0.92557091E-02
   50.663823     -0.28873108E-01
   50.457452      0.25662430E-01
   50.251081      0.59416115E-01
   50.044709      0.44429116E-01
   49.838338      0.12455573E-01
   49.631967     -0.23383398E-01
   49.425595      0.80115065E-01
   49.219224      0.47245022E-01
   49.012852      0.66623993E-01
   48.806481      0.87992661E-03
   48.600110     -0.66657051E-01
   48.393738      0.80478657E-02
   48.187367     -0.13383277E-01
   47.980996     -0.12954931E-01
   47.774624      0.35494532E-01
   47.568253      0.24013594E-01
   47.361882      0.50599895E-01
   47.155510     -0.25492329E-01
   46.949139     -0.23573499E-01
   46.742768      0.47096897E-01
   46.536396     -0.41949786E-01
   46.330025     -0.20647567E-01
   46.123654      0.59788540E-01
   45.917282      0.23597060E-01
   45.710911     -0.20814823E-01
   45.504540     -0.50323345E-01
   45.298168     -0.16306356E-01
   45.091797     -0.25781300E-01
   44.885426     -0.18373709E-01
   44.679054      0.19240797E-01
   44.472683      0.37262380E-01
   44.266312     -0.33703063E-01
   44.059940      0.19685052E-01
   43.853569      0.38095478E-01
   43.647198     -0.13664203E-01
   43.440826     -0.41860733E-01
   43.234455     -0.15054161E-01
   43.028084     -0.46775959E-01
   42.821712     -0.76747604E-01
   42.615341      0.76079583E-02
   42.408970     -0.78002429E-02
   42.202598     -0.22853663E-01
   41.996227      0.14288191E-01
   41.789856     -0.15347926E-01
   41.583484     -0.54839987E-01
   41.377113      0.32767948E-01
   41.170742      0.13820856E-01
   40.964370      0.87760389E-04
   40.757999     -0.66142246E-01
   40.551628     -0.37381813E-01
   40.345256      0.15048084E-02
   40.138885      0.11853063E-02
   39.932514     -0.33155840E-01
   39.726142     -0.57012312E-01
   39.519771     -0.12063258E-02
   39.313400      0.97328257E-02
   39.107028      0.31107381E-01
   38.900657      0.10290012E-01
   38.694286     -0.20842966E-01
   38.487914      0.26388219E-01
   38.281543     -0.22647820E-01
   38.075172      0.34870740E-01
   37.868800     -0.15702918E-01
   37.662429      0.68405882E-01
   37.456058      0.22940310E-01
   37.249686     -0.14342804E-01
   37.043315     -0.39912596E-01
   36.836944      0.45354152E-03
   36.630572      0.36430429E-02
   36.424201      0.22861205E-01
   36.217830     -0.14335790E-01
   36.011458     -0.10266900E-02
   35.805087      0.42660318E-01
   35.598716      0.38421318E-01
   35.392344      0.36845904E-01
   35.185973      0.89180330E-02
   34.979602      0.69030523E-01
   34.773230      0.36197290E-01
   34.566859     -0.57011489E-02
   34.360488      0.21243282E-01
   34.154116      0.23896882E-01
   33.947745      0.23030790E-01
   33.741374     -0.96015539E-02
   33.535002      0.29236209E-01
   33.328631      0.32170691E-01
   33.122260      0.22539325E-01
   32.915888     -0.22239653E-01
   32.709517     -0.58595371E-01
   32.503146      0.69540150E-01
   32.296774      0.10765320E-01
   32.090403     -0.79753771E-01
   31.884032      0.19351807E-02
   31.677660     -0.30108880E-01
   31.471289     -0.13064235E-01
   31.264917      0.34596898E-01
   31.058546      0.45479447E-01
   30.852175      0.33795144E-02
   30.645803     -0.41322500E-01
   30.439432     -0.25691293E-01
   30.233061     -0.50596539E-02
   30.026689      0.39673764E-01
   29.820318      0.37054684E-01
   29.613947     -0.42094868E-02
   29.407575      0.90787746E-01
   29.201204      0.10399936E-01
   28.994833      0.56055620E-01
   28.788461     -0.27431324E-02
   28.582090     -0.39118372E-01
   28.375719     -0.14953804E-01
   28.169347     -0.49213924E-01
   27.962976     -0.48720941E-01
   27.756605      0.39184699E-02
   27.550233     -0.95925853E-02
   27.343862     -0.34537200E-01
   27.137491     -0.46900343E-02
   26.931119      0.15053832E-01
   26.724748      0.41699275E-01
   26.518377      0.56439813E-01
   26.312005      0.17880671E-01
   26.105634     -0.38507335E-01
   25.899263     -0.50082278E-01
   25.692891     -0.13224073E-02
   25.486520     -0.28662834E-01
   25.280149     -0.30812167E-01
   25.073777      0.15372423E-01
   24.867406      0.66665187E-01
   24.661035      0.65655932E-01
   24.454663      0.35734490E-01
   24.248292      0.72981313E-01
   24.041921     -0.23316927E-02
   23.835549     -0.55954225E-01
   23.629178     -0.40165342E-01
   23.422807     -0.45676492E-01
   23.216435      0.13705651E-01
   23.010064      0.85825119E-02
   22.803693      0.46478871E-01
   22.597321     -0.37644550E-01
   22.390950     -0.47530670E-01
   22.184579     -0.47718402E-01
   21.978207     -0.72864711E-01
   21.771836     -0.23710437E-01
   21.565465      0.67965932E-01
   21.359093      0.98099440E-01
   21.152722      0.14086712E-01
   20.946351      0.45540046E-01
   20.739979      0.20118702E-01
   20.533608      0.42504646E-01
   20.327237      0.94137505E-01
   20.120865      0.52855358E-01
   19.914494      0.41748192E-02
   19.708123     -0.91388382E-01
   19.501751      0.40046563E-02
   19.295380      0.92540374E-02
   19.089009      0.44727862E-01
   18.882637      0.28971126E-01
   18.676266      0.10696366    
   18.469895      0.46218559E-01
   18.263523      0.61683416E-01
   18.057152     -0.20087712E-01
   17.850781      0.74418411E-01
   17.644409      0.84425107E-01
   17.438038      0.11022124    
   17.231667      0.95048338E-01
   17.025295      0.18082967    
   16.818924      0.27950945    
   16.612553      0.31118861    
   16.406181      0.32580829    
   16.199810      0.28763640    
   15.993439      0.32840857    
   15.787067      0.61829042    
   15.580696      0.86749732    
   15.374325      0.81335449    
   15.167953      0.39860088    
   14.961582      0.17990644    
   14.755211      0.97077318E-01
   14.548839      0.96380718E-01
   14.342468      0.41288953E-01
   14.136097     -0.77816844E-03
   13.929725      0.10487119    
   13.723354      0.81991039E-01
   13.516982      0.50212283E-01
   13.310611      0.36700431E-01
   13.104240      0.81147909E-01
   12.897868      0.99903025E-01
   12.691497      0.70698112E-01
   12.485126      0.15739489E-01
   12.278754      0.88957459E-01
   12.072383      0.53234469E-01
   11.866012      0.17492230    
   11.659640      0.10947177    
   11.453269      0.18632454    
   11.246898      0.18525726    
   11.040526      0.19684649    
   10.834155      0.23564596    
   10.627784      0.18375613    
   10.421412      0.24160606    
   10.215041      0.22490272    
   10.008670      0.26819056    
   9.8022984      0.35400152    
   9.5959271      0.34567010    
   9.3895558      0.36064145    
   9.1831844      0.26739517    
   8.9768131      0.31973639    
   8.7704417      0.31510875    
   8.5640704      0.23508182    
   8.3576991      0.27129909    
   8.1513277      0.74318516    
   7.9449564       1.1598558    
   7.7385851       1.0738266    
   7.5322137      0.59080625    
   7.3258424      0.22958401    
   7.1194710      0.22061650    
   6.9130997      0.15989052    
   6.7067284      0.11015739    
   6.5003570      0.37974279E-01
   6.2939857      0.86100049E-01
   6.0876144      0.10170662    
   5.8812430      0.10174756    
   5.6748717      0.34943342E-01
   5.4685003     -0.46830289E-01
   5.2621290     -0.10006353E-02
   5.0557577      0.55266391E-01
   4.8493863      0.11664062E-01
   4.6430150      0.28044758E-02
   4.4366437     -0.25405036E-01
   4.2302723      0.19403854E-01
   4.0239010     -0.65684006E-01
   3.8175296     -0.13280343E-01
   3.6111583     -0.66495314E-02
   3.4047870      0.44760592E-02
   3.1984156     -0.49119741E-01
   2.9920443     -0.78180008E-01
   2.7856730      0.13548736E-02
   2.5793016     -0.10503102E-02
   2.3729303      0.17489888E-01
   2.1665590     -0.12990016E-01
   1.9601876     -0.66442238E-02
   1.7538163     -0.45762971E-01
   1.5474449     -0.53780384E-01
   1.3410736      0.18047960E-01
   1.1347023      0.78894116E-01
  0.92833093      0.69431113E-02
  0.72195959      0.31828895E-01
  0.51558825      0.35618450E-01
  0.30921692     -0.92645958E-01
  0.10284558     -0.57969239E-01
 -0.10352576     -0.10331572E-01
 -0.30989710      0.46229832E-01
 -0.51626843     -0.65093869E-02
 -0.72263977     -0.13763707E-02
 -0.92901111     -0.44573184E-01
  -1.1353824      0.78692865E-02
  -1.3417538     -0.20755123E-01
  -1.5481251     -0.29013744E-01
  -1.7544965     -0.15523301E-01
  -1.9608678      0.17226713E-01
  -2.1672391     -0.46633951E-01
  -2.3736105     -0.11837690E-01
  -2.5799818     -0.71551472E-01
  -2.7863531     -0.26045181E-01
  -2.9927245      0.10724305E-01
  -3.1990958      0.23638031E-01
  -3.4054672     -0.24289843E-02
  -3.6118385      0.49385633E-02
  -3.8182098     -0.22045769E-01
  -4.0245812      0.69483116E-01
  -4.2309525      0.34255110E-01
  -4.4373238     -0.23153961E-01
  -4.6436952     -0.18483694E-02
  -4.8500665      0.37496783E-01
  -5.0564379      0.48625592E-01
  -5.2628092      0.72461866E-01
  -5.4691805      0.35870895E-01
  -5.6755519      0.40691487E-01
  -5.8819232      0.33756103E-02
  -6.0882945     -0.15576681E-01
  -6.2946659     -0.29455779E-01
  -6.5010372     -0.11435447E-01
  -6.7074085      0.35369773E-02
  -6.9137799      0.32515053E-01
  -7.1201512     -0.18647172E-01
  -7.3265226     -0.30048268E-01
  -7.5328939      0.42896118E-01
  -7.7392652     -0.24717307E-01
  -7.9456366     -0.59703194E-01
  -8.1520079     -0.64776419E-03
  -8.3583792      0.20925412E-02
  -8.5647506      0.49630236E-02
  -8.7711219     -0.53039752E-01
  -8.9774933      0.13232980E-01
  -9.1838646      0.98867603E-02
  -9.3902359     -0.18348496E-01
  -9.5966073      0.67506097E-01
  -9.8029786     -0.25257939E-02
  -10.009350     -0.47552632E-04
  -10.215721      0.75271927E-01
  -10.422093      0.74457087E-01
  -10.628464      0.55337306E-01
  -10.834835      0.27473522E-02
  -11.041207      0.26050424E-02
  -11.247578      0.24722137E-01
  -11.453949     -0.64489789E-01
  -11.660321     -0.55601958E-01
  -11.866692      0.12832383E-01
  -12.073063      0.91322213E-01
  -12.279435      0.11366518    
  -12.485806      0.87359548E-01
  -12.692177      0.76993905E-01
  -12.898549      0.92651665E-01
  -13.104920      0.56687653E-01
  -13.311291      0.46922047E-01
  -13.517663      0.14184889    
  -13.724034      0.19737533    
  -13.930405      0.28190315    
  -14.136777      0.27727649    
  -14.343148      0.27719009    
  -14.549519      0.52718198    
  -14.755891      0.73041755    
  -14.962262      0.70106411    
  -15.168633      0.42793256    
  -15.375005      0.20190854    
  -15.581376      0.17095914    
  -15.787747      0.12402546    
  -15.994119      0.16982444E-01
  -16.200490      0.38464103E-01
  -16.406861      0.72879203E-01
  -16.613233      0.62753861E-02
  -16.819604      0.16613483E-01
  -17.025975      0.79376459E-01
  -17.232347     -0.40062644E-01
  -17.438718      0.20552076E-01
  -17.645089      0.19703012E-01
  -17.851461      0.72157100E-01
  -18.057832      0.51843278E-01
  -18.264203      0.26388980E-01
  -18.470575      0.70590280E-01
  -18.676946      0.49988680E-01
  -18.883317      0.47250658E-01
  -19.089689     -0.55630479E-01
  -19.296060      0.26752489E-01
  -19.502431      0.46787031E-01
  -19.708803      0.59908599E-01
  -19.915174      0.43285757E-01
  -20.121545      0.73998034E-01
  -20.327917      0.20276450E-01
  -20.534288      0.43026216E-01
  -20.740659     -0.25958670E-02
  -20.947031     -0.20515481E-01
  -21.153402      0.76145172E-01
  -21.359773      0.12623942E-01
  -21.566145      0.60277348E-02
  -21.772516      0.73477954E-01
  -21.978887      0.78644589E-01
  -22.185259      0.31836774E-01
  -22.391630     -0.20354550E-01
  -22.598002      0.24464756E-01
  -22.804373     -0.10474562E-01
  -23.010744      0.25854368E-01
  -23.217116      0.28710540E-01
  -23.423487      0.51372405E-02
  -23.629858      0.16445883E-01
  -23.836230      0.22078028E-01
  -24.042601      0.29314367E-01
  -24.248972      0.40844649E-01
  -24.455344     -0.15264060E-02
  -24.661715     -0.11005107E-01
  -24.868086      0.77521056E-01
  -25.074458      0.51256370E-01
  -25.280829      0.22742759E-01
  -25.487200     -0.25214627E-01
  -25.693572     -0.32804154E-01
  -25.899943      0.24471866E-01
  -26.106314      0.73796362E-01
  -26.312686      0.70819557E-01
  -26.519057      0.40783960E-01
  -26.725428      0.57872653E-01
  -26.931800      0.61109546E-02
  -27.138171     -0.16086401E-01
  -27.344542      0.65651331E-02
  -27.550914      0.24027135E-01
  -27.757285     -0.74796848E-01
  -27.963656     -0.48777476E-01
  -28.170028     -0.11702214E-01
  -28.376399     -0.66362955E-01
  -28.582770     -0.16260762E-01
  -28.789142      0.40791417E-02
  -28.995513     -0.76406021E-02
  -29.201884     -0.21432010E-01
  -29.408256     -0.51807754E-01
  -29.614627      0.14678453E-01
  -29.820998     -0.85638873E-02
  -30.027370     -0.12441792E-01
  -30.233741      0.41550823E-01
  -30.440112      0.54241002E-01
  -30.646484     -0.35362739E-01
  -30.852855     -0.23996923E-02
  -31.059226      0.62656580E-02
  -31.265598     -0.15465452E-01
  -31.471969     -0.38956143E-01
  -31.678340     -0.14924500E-01
  -31.884712      0.12912480E-01
  -32.091083      0.33032186E-01
  -32.297454      0.78543928E-02
  -32.503826      0.83183274E-02
  -32.710197      0.38520835E-01
  -32.916568      0.26612449E-01
  -33.122940      0.39456885E-01
  -33.329311      0.17339589E-01
  -33.535682      0.13398234E-01
  -33.742054     -0.54693103E-01
  -33.948425      0.21141395E-03
  -34.154796      0.25621483E-01
  -34.361168     -0.12743139E-01
  -34.567539     -0.10049305E-01
  -34.773910     -0.11416581E-01
  -34.980282      0.57902634E-01
  -35.186653      0.44716455E-01
  -35.393024      0.34922116E-01
  -35.599396      0.79380006E-01
  -35.805767      0.81703000E-01
  -36.012138      0.34954112E-01
  -36.218510      0.22300662E-01
  -36.424881      0.44575483E-01
  -36.631252      0.66142385E-02
  -36.837624      0.68511531E-01
  -37.043995      0.11441477    
  -37.250366      0.81151463E-01
  -37.456738      0.97042337E-01
  -37.663109      0.17469318    
  -37.869480      0.18511340    
  -38.075852      0.20636104    
  -38.282223      0.30157092    
  -38.488594      0.41513461    
  -38.694966      0.36016706    
  -38.901337      0.47463900    
  -39.107708      0.77181822    
  -39.314080       1.0127587    
  -39.520451      0.77786398    
  -39.726822      0.35119081    
  -39.933194      0.17486329    
  -40.139565      0.60249072E-01
  -40.345937      0.76355860E-01
  -40.552308      0.31186370E-01
  -40.758679      0.15192587E-01
  -40.965051     -0.20638876E-01
  -41.171422     -0.29239954E-01
  -41.377793      0.59106216E-01
  -41.584165      0.57043932E-01
  -41.790536      0.76527959E-02
  -41.996907      0.19350300E-01
  -42.203279      0.24499033E-01
  -42.409650      0.20510582E-01
  -42.616021      0.10272041    
  -42.822393      0.92452370E-01
  -43.028764      0.16037555E-01
  -43.235135      0.15123188E-01
  -43.441507      0.89795748E-02
  -43.647878      0.55867419E-01
  -43.854249      0.13696035E-01
  -44.060621     -0.26382066E-01
  -44.266992      0.34784514E-01
  -44.473363      0.19516656E-01
  -44.679735      0.47796227E-01
  -44.886106      0.59327614E-02
  -45.092477      0.28463744E-01
  -45.298849      0.58643870E-01
  -45.505220     -0.41255832E-01
  -45.711591      0.64297952E-01
  -45.917963      0.37174389E-01
  -46.124334      0.23018369E-01
  -46.330705     -0.11761559E-01
  -46.537077      0.55967867E-01
  -46.743448      0.18334176E-01
  -46.949819     -0.15266007E-01
  -47.156191     -0.18904191E-01
  -47.362562     -0.74136443E-01
  -47.568933      0.40807982E-03
  -47.775305      0.20098420E-01
  -47.981676     -0.72758794E-02
  -48.188047      0.88761114E-02
  -48.394419      0.88064842E-01
  -48.600790     -0.58455981E-01
  -48.807161     -0.64980619E-01
  -49.013533     -0.12321057E-01
  -49.219904     -0.48046734E-01
  -49.426275     -0.57018665E-02
  -49.632647     -0.77583706E-02
  -49.839018      0.26816890E-01
  -50.045389      0.45881677E-01
  -50.251761     -0.22306094E-01
  -50.458132     -0.43314580E-01
  -50.664503      0.69174990E-02
  -50.870875      0.15204806E-01
  -51.077246     -0.21500118E-01
  -51.283617      0.27605148E-01
  -51.489989     -0.55737801E-01
  -51.696360     -0.41116808E-01
  -51.902731      0.69275141E-01
  -52.109103      0.53241946E-01
  -52.315474      0.59275929E-01
  -52.521845      0.15684376E-01
  -52.728217     -0.54491743E-01
  -52.934588     -0.51988814E-01
  -53.140959      0.77740543E-01
  -53.347331     -0.26627595E-01
  -53.553702     -0.10868913E-01
  -53.760073     -0.15245434E-02
  -53.966445     -0.80577219E-02
  -54.172816      0.53855620E-01
  -54.379187      0.44341136E-01
  -54.585559      0.87672826E-02
  -54.791930     -0.34265816E-01
  -54.998301      0.23835720E-02
  -55.204673      0.37153110E-01
  -55.411044     -0.34565732E-01
  -55.617415     -0.57631750E-01
  -55.823787     -0.29281151E-01
  -56.030158     -0.45251854E-01
  -56.236529     -0.48661847E-02
  -56.442901      0.17398614E-01
  -56.649272      0.27598470E-01
  -56.855643     -0.53466566E-01
  -57.062015     -0.78475982E-01
  -57.268386     -0.33803161E-01
  -57.474757     -0.50304700E-01
  -57.681129      0.32867555E-01
  -57.887500      0.42594854E-01
  -58.093872     -0.30658133E-01
  -58.300243     -0.39820742E-01
  -58.506614     -0.53864975E-01
  -58.712986     -0.87608341E-02
  -58.919357      0.37411004E-01
  -59.125728      0.70494369E-01
  -59.332100      0.41242689E-01
  -59.538471      0.10503074E-01
  -59.744842      0.54650187E-01
  -59.951214      0.42248674E-01
  -60.157585      0.33340644E-01
  -60.363956      0.55980537E-01
  -60.570328     -0.22545902E-01
  -60.776699     -0.37868530E-01
  -60.983070      0.40376425E-01
  -61.189442     -0.75960909E-02
  -61.395813      0.21324756E-01
  -61.602184      0.12947793    
  -61.808556      0.10042736    
  -62.014927      0.30855060E-01
  -62.221298      0.43658465E-01
  -62.427670      0.51033288E-01
  -62.634041      0.36745258E-01
  -62.840412      0.62023062E-01
  -63.046784      0.35578035E-01
  -63.253155     -0.41618060E-01
  -63.459526      0.31584684E-01
  -63.665898     -0.94212592E-03
  -63.872269      0.51147558E-01
  -64.078640      0.74079186E-01
  -64.285012      0.21193491E-01
  -64.491383      0.12088601E-01
  -64.697754     -0.14628335E-02
  -64.904126      0.42412020E-01
  -65.110497      0.10497874    
  -65.316868      0.89923069E-02
  -65.523240      0.14397688E-01
  -65.729611     -0.11324075E-02
  -65.935982      0.31754352E-01
  -66.142354      0.28812537E-01
  -66.348725      0.36498755E-01
  -66.555096     -0.15991129E-01
  -66.761468      0.98968007E-01
  -66.967839      0.49553286E-01
  -67.174210      0.15230330E-01
  -67.380582     -0.19354299E-02
  -67.586953     -0.98944874E-02
  -67.793324      0.21517064E-01
  -67.999696      0.72559044E-01
  -68.206067      0.92993110E-01
  -68.412438      0.70666462E-01
  -68.618810      0.92016645E-01
  -68.825181      0.10724923    
  -69.031552      0.14821148    
  -69.237924      0.18134923    
  -69.444295      0.38590938    
  -69.650666      0.37528110    
  -69.857038      0.20064573    
  -70.063409      0.10996848    
  -70.269780      0.11412644    
  -70.476152      0.26768973E-01
  -70.682523     -0.23289658E-02
  -70.888894      0.25025021E-01
  -71.095266      0.11739060E-01
  -71.301637      0.69366865E-01
  -71.508008     -0.20405250E-02
  -71.714380      0.51672257E-01
  -71.920751      0.69662601E-01
  -72.127122      0.43070991E-01
  -72.333494      0.20959558E-01
  -72.539865      0.34768641E-01
  -72.746236     -0.66911499E-02
  -72.952608      0.31717040E-01
  -73.158979      0.11056010    
  -73.365350      0.93000472E-01
  -73.571722      0.37019234E-02
  -73.778093      0.96862808E-01
  -73.984464      0.53819083E-01
  -74.190836     -0.57575898E-02
  -74.397207     -0.21834704E-02
  -74.603578      0.79395501E-02
  -74.809950     -0.12400083E-01
  -75.016321     -0.46821881E-01
  -75.222692      0.36502622E-01
  -75.429064      0.47771271E-01
  -75.635435     -0.51809754E-03
  -75.841807      0.50293636E-01
  -76.048178      0.53377324E-02
  -76.254549      0.76334432E-01
  -76.460921      0.13111922    
  -76.667292      0.79425968E-01
  -76.873663      0.29154379E-01
  -77.080035      0.35602827E-01
  -77.286406      0.45338266E-01
  -77.492777      0.87188520E-01
  -77.699149     -0.32654570E-02
  -77.905520      0.30382827E-01
  -78.111891     -0.53423718E-02
  -78.318263      0.32435851E-02
  -78.524634     -0.59943381E-02
  -78.731005      0.34526423E-01
  -78.937377      0.23966495E-01
  -79.143748     -0.72787190E-03
  -79.350119     -0.86020515E-03
  -79.556491      0.43497801E-01
  -79.762862      0.28241903E-01
  -79.969233     -0.13296253E-02
  -80.175605      0.11827948E-01
  -80.381976      0.37527539E-01
  -80.588347      0.54184865E-01
  -80.794719      0.57166569E-01
  -81.001090      0.41037083E-01
  -81.207461      0.29138163E-01
  -81.413833     -0.43318871E-01
  -81.620204      0.31191602E-01
  -81.826575      0.52677207E-01
  -82.032947      0.96876949E-01
  -82.239318      0.64273760E-01
  -82.445689      0.20935213E-01
  -82.652061     -0.56749329E-01
  -82.858432      0.65777600E-01
  -83.064803      0.62573560E-01
  -83.271175      0.27190773E-01
  -83.477546      0.21898555E-01
  -83.683917     -0.30546693E-01
  -83.890289     -0.62387832E-01
  -84.096660     -0.43107495E-02
  -84.303031     -0.15053614E-01
  -84.509403      0.23064092E-02
  -84.715774      0.10258231    
  -84.922145      0.31468436E-01
  -85.128517      0.88147456E-02
  -85.334888     -0.28584339E-02
  -85.541259      0.18846944E-01
  -85.747631     -0.97248241E-01
  -85.954002     -0.21936771E-01
  -86.160373      0.69751985E-01
  -86.366745      0.48749419E-02
  -86.573116     -0.26576694E-01
  -86.779487     -0.19067507E-01
  -86.985859      0.24353739E-01
  -87.192230      0.20011801E-01
  -87.398601      0.24681926E-01
  -87.604973      0.16548449E-01
  -87.811344     -0.59527919E-01
  -88.017715      0.25970330E-01
  -88.224087      0.10963804E-01
  -88.430458      0.11999722E-01
  -88.636829     -0.60584689E-02
  -88.843201     -0.46442427E-01
  -89.049572     -0.11057114E-01
  -89.255943     -0.33233441E-01
  -89.462315      0.37373897E-01
  -89.668686      0.54534962E-02
  -89.875057      0.29185582E-01
  -90.081429     -0.77410256E-02
  -90.287800     -0.31936988E-01
  -90.494171     -0.22630539E-01
  -90.700543     -0.77599660E-01
  -90.906914     -0.48346259E-01
  -91.113285      0.13013638E-01
  -91.319657     -0.35447698E-01
  -91.526028      0.74731231E-01
  -91.732399      0.91960467E-01
  -91.938771      0.30141260E-01
  -92.145142      0.10955869    
  -92.351513      0.98360956E-01
  -92.557885      0.14004838E-01
  -92.764256     -0.24896177E-01
  -92.970627     -0.12177444E-01
  -93.176999     -0.33405900E-01
  -93.383370     -0.11578648E-01
  -93.589741     -0.25020201E-01
  -93.796113     -0.87493517E-01
  -94.002484     -0.12212001    
  -94.208856      -342.58167    
  -94.415227      -251.23245    
  -94.621598      -62.766418    
  -94.827970     -0.11132080    
  -95.034341      0.63446328E-01
  -95.240712      0.72286412E-01
  -95.447084      0.25275629E-01
  -95.653455      0.13821229E-01
  -95.859826     -0.44613020E-02
  -96.066198     -0.18728055E-01
  -96.272569     -0.65731302E-01
  -96.478940     -0.97729683E-01
  -96.685312     -0.10369990    
  -96.891683      0.14476337E-01
  -97.098054      0.44130117E-01
  -97.304426      0.30568415E-01
  -97.510797      0.60460642E-02
  -97.717168      0.70384704E-01
  -97.923540     -0.47248956E-02
  -98.129911     -0.72148055E-01
  -98.336282      0.27500762E-01
  -98.542654     -0.68151802E-01
  -98.749025     -0.87325163E-01
  -98.955396     -0.23917235E-01
  -99.161768      0.34991585E-01
  -99.368139      0.19235985E-01
  -99.574510     -0.37155237E-01
  -99.780882      0.66335157E-01
  -99.987253      0.96592829E-01
  -100.19362      0.93324378E-01
  -100.40000      0.34462564E-01
  -100.60637     -0.27884055E-01
  -100.81274      0.25164615E-03
  -101.01911      0.19388901E-01
  -101.22548     -0.14343767E-01
  -101.43185      0.51139873E-02
  -101.63822      0.22312677E-01
  -101.84459      0.17993655E-01
  -102.05097     -0.13381176E-01
  -102.25734     -0.20958085E-01
  -102.46371     -0.84810913E-01
  -102.67008     -0.49996108E-01
  -102.87645      0.45383625E-01
  -103.08282     -0.17600812E-01
  -103.28919     -0.22404861E-01
  -103.49557      0.20647451E-01
  -103.70194      0.41576844E-01
  -103.90831     -0.10610906E-01
  -104.11468      0.13591963E-01
  -104.32105     -0.13949405E-01
  -104.52742     -0.78969821E-01
  -104.73379     -0.81551492E-01
  -104.94017      0.70629977E-01
  -105.14654      0.35484307E-01
  -105.35291     -0.54178908E-02
  -105.55928      0.21087868E-01
  -105.76565      0.84661599E-02
  -105.97202     -0.22113532E-01
  -106.17839     -0.34822278E-01
  -106.38476      0.19923823E-01
  -106.59114      0.14330561E-01
  -106.79751     -0.48264179E-01
  -107.00388      0.58502495E-01
  -107.21025      0.25411112E-01
  -107.41662      0.57271346E-01
  -107.62299     -0.49224496E-01
  -107.82936     -0.55280477E-02
  -108.03574      0.53247970E-01
  -108.24211     -0.20733783E-01
  -108.44848      0.28869461E-01
  -108.65485     -0.23394460E-01
  -108.86122      0.45483690E-01
  -109.06759      0.28083114E-01
  -109.27396      0.40872414E-01
  -109.48033     -0.11108470E-01
  -109.68671     -0.20995792E-02
  -109.89308     -0.10310790    
  -110.09945     -0.83636574E-01
  -110.30582     -0.30340854E-01
  -110.51219     -0.35796851E-01
  -110.71856     -0.99154964E-01
  -110.92493     -0.78508243E-01
  -111.13131     -0.12856396E-03
  -111.33768     -0.24952579E-01
  -111.54405     -0.13334988E-01
  -111.75042     -0.85826546E-01
  -111.95679      0.14118943E-01
  -112.16316     -0.10676062E-01
  -112.36953     -0.51577486E-01
  -112.57590     -0.60544576E-01
  -112.78228      0.53790070E-01
  -112.98865     -0.38420845E-01
  -113.19502     -0.48161510E-01
  -113.40139      0.19360526E-01
  -113.60776      0.13831988E-01
  -113.81413      0.31692944E-01
  -114.02050      0.20178191E-01
  -114.22688     -0.78168124E-01
  -114.43325     -0.21997318E-02
  -114.63962      0.34455303E-02
  -114.84599      0.35607360E-01
  -115.05236      0.27142387E-01
  -115.25873     -0.18243099E-01
  -115.46510     -0.12332926E-01
  -115.67147      0.23894744E-01
  -115.87785      0.15366046E-01
  -116.08422     -0.29858589E-01
  -116.29059     -0.33981021E-01
  -116.49696     -0.19526114E-02
  -116.70333      0.73446347E-02
  -116.90970      0.46330418E-01
  -117.11607      0.14602452E-01
  -117.32245      0.56406550E-01
  -117.52882      0.78734688E-01
  -117.73519      0.33512402E-01
  -117.94156      0.46423986E-03
  -118.14793     -0.70789279E-02
  -118.35430     -0.22621877E-01
  -118.56067     -0.40925130E-01
  -118.76704      0.27029840E-01
  -118.97342      0.39063945E-01
  -119.17979     -0.40191710E-01
  -119.38616     -0.63960522E-01
  -119.59253      0.45665428E-02
  -119.79890     -0.19519581E-01
  -120.00527     -0.82106717E-01
  -120.21164     -0.80976129E-01
  -120.41802      0.72815521E-02
  -120.62439      0.93271449E-01
  -120.83076      0.53428769E-01
  -121.03713     -0.43029957E-01
  -121.24350      0.50512692E-02
  -121.44987     -0.26414072E-01
  -121.65624     -0.94775915E-01
  -121.86261     -0.96191891E-01
  -122.06899      0.14697116E-01
  -122.27536      0.79922512E-01
  -122.48173      0.70997678E-01
  -122.68810      0.33051059E-01
  -122.89447     -0.14784218E-01
  -123.10084      0.32522921E-01
  -123.30721      0.89208251E-02
  -123.51359     -0.84057555E-01
  -123.71996     -0.61574221E-01
  -123.92633     -0.31178864E-01
  -124.13270      0.29870629E-01
  -124.33907      0.33493847E-01
  -124.54544      0.13131457E-02
  -124.75181      0.98439250E-02
  -124.95818     -0.36729846E-01
  -125.16456      0.19784337E-02
  -125.37093     -0.38276620E-01
  -125.57730     -0.13783863E-01
  -125.78367      0.97159229E-01
  -125.99004     -0.83237179E-02
  -126.19641      0.14732417E-01
  -126.40278     -0.45071770E-01
  -126.60916      0.50666779E-01
  -126.81553     -0.70494357E-02
  -127.02190     -0.14950335E-03
  -127.22827      0.25169559E-01
  -127.43464     -0.17435323E-01
  -127.64101      0.88481821E-01
  -127.84738      0.35730366E-01
  -128.05375     -0.26829446E-01
  -128.26013      0.55781070E-01
  -128.46650     -0.90271793E-02
  -128.67287     -0.49190830E-01
  -128.87924      0.11847814E-01
  -129.08561      0.32195169E-01
  -129.29198      0.92581324E-02
  -129.49835     -0.25388200E-01
  -129.70473      0.83810203E-02
  -129.91110     -0.44866033E-01
  -130.11747     -0.68129458E-01
  -130.32384      0.18647669E-01
  -130.53021      0.88334285E-01
  -130.73658      0.11623736    
  -130.94295      0.47430955E-03
  -131.14932     -0.56864288E-01
  -131.35570      0.11940415E-01
  -131.56207     -0.48456686E-02
  -131.76844     -0.42408742E-02
  -131.97481      0.41843161E-01
  -132.18118     -0.53501073E-02
  -132.38755     -0.48832189E-01
  -132.59392     -0.27886612E-01
  -132.80030     -0.72295102E-02
  -133.00667     -0.66251442E-01
  -133.21304      0.18225260E-01
  -133.41941     -0.66349325E-02
  -133.62578      0.20988211E-01
  -133.83215      0.14006255E-01
  -134.03852     -0.16609326E-01
  -134.24489      0.22694670E-01
  -134.45127      0.33494364E-02
  -134.65764     -0.35540901E-01
  -134.86401     -0.49704567E-01
  -135.07038      0.22627013E-02
  -135.27675      0.57836935E-01
  -135.48312      0.60814537E-01
  -135.68949      0.28606713E-01
  -135.89587      0.58573727E-01
  -136.10224      0.16781434E-01
  -136.30861     -0.60333703E-01
  -136.51498     -0.61864525E-01
  -136.72135     -0.57337195E-01
  -136.92772     -0.19186519E-01
  -137.13409     -0.21036707E-01
  -137.34046      0.18887393E-01
  -137.54684      0.43779537E-01
  -137.75321     -0.18946428E-01
  -137.95958     -0.57449490E-02
  -138.16595     -0.18175159E-01
  -138.37232      0.65847762E-01
  -138.57869      0.11366036E-01
  -138.78506     -0.40152758E-01
  -138.99144     -0.56608573E-01
  -139.19781      0.52915655E-01
  -139.40418     -0.51235903E-01
  -139.61055     -0.87298073E-01
  -139.81692     -0.24424376E-01
  -140.02329     -0.30786371E-01
  -140.22966     -0.78658119E-01
  -140.43604     -0.17686008E-01
  -140.64241      0.83903475E-02
  -140.84878      0.10157218E-01
  -141.05515      0.18322427E-01
  -141.26152      0.23496093E-01
  -141.46789     -0.36061805E-01
