-30.02737 -0.053832062
-30.130555 -0.18474753
-30.233741 0.038751852
-30.336927 0.092917889
-30.440112 0.071227342
-30.543298 -0.11290923
-30.646484 -0.052608691
-30.749669 0.32099375
-30.852855 0.21050565
-30.956041 0.0049799392
-31.059226 0.034109131
-31.162412 0.16715801
-31.265598 0.21125767
-31.368783 0.055524811
-31.471969 -0.13083029
-31.575155 -0.1594989
-31.67834 -0.020328883
-31.781526 0.0032515898
-31.884712 -0.060559049
-31.987897 0.015859997
-32.091083 -0.054446921
-32.194269 0.054866545
-32.297454 0.08436998
-32.40064 -0.087280899
-32.503826 -0.0035232278
-32.607011 0.016287072
-32.710197 -0.0099584777
-32.813383 -0.13515922
-32.916568 -0.18306169
-33.019754 -0.014953013
-33.12294 0.017222036
-33.226125 -0.054888573
-33.329311 -0.060260981
-33.432497 0.066488914
-33.535682 0.072925307
-33.638868 0.19293663
-33.742054 0.1299434
-33.845239 -0.11237018
-33.948425 -0.069047913
-34.051611 -0.006582628
-34.154796 0.018360713
-34.257982 -0.059975311
-34.361168 -0.020366151
-34.464353 -0.097702235
-34.567539 -0.21387389
-34.670725 -0.23376951
-34.77391 -0.04805835
-34.877096 0.16634633
-34.980282 0.062017176
-35.083467 -0.022597307
-35.186653 0.097159982
-35.289839 0.17257911
-35.393024 0.043299444
-35.49621 -0.17322885
-35.599396 -0.09642709
-35.702581 0.022249542
-35.805767 0.065953739
-35.908953 0.11044955
-36.012138 0.022259524
-36.115324 0.049577907
-36.21851 0.10303364
-36.321695 0.071466632
-36.424881 -0.05827615
-36.528067 -0.12584497
-36.631252 0.0598884
-36.734438 0.073371649
-36.837624 0.1122978
-36.940809 -0.01101675
-37.043995 -0.080707878
-37.147181 0.12354492
-37.250366 -0.11679155
-37.353552 -0.15552332
-37.456738 0.0074436683
-37.559923 0.094600722
-37.663109 0.055474125
-37.766295 0.098750815
-37.86948 0.10021233
-37.972666 -0.05747186
-38.075852 0.13726005
-38.179037 0.18050157
-38.282223 0.22181758
-38.385409 0.44616026
-38.488594 0.192817
-38.59178 -0.022301808
-38.694966 0.056915298
-38.798151 0.13661534
-38.901337 0.22655158
-39.004523 0.27410477
-39.107708 0.31707975
-39.210894 0.46305215
-39.31408 0.53553295
-39.417265 0.47789466
-39.520451 0.61100388
-39.623637 0.55295432
-39.726822 0.3045145
-39.830008 0.16949438
-39.933194 0.2247663
-40.03638 0.37758368
-40.139565 0.28804314
-40.242751 0.17351477
-40.345937 0.013263063
-40.449122 -0.079141125
-40.552308 -0.22541939
-40.655494 -0.23390925
-40.758679 -0.01810516
-40.861865 0.0014521014
-40.965051 -0.0023504253
-41.068236 0.0099187475
-41.171422 0.25326625
-41.274608 0.25418836
-41.377793 0.18094027
-41.480979 0.23623735
-41.584165 0.14826176
-41.68735 0.13041891
-41.790536 -0.084317841
-41.893722 -0.11237928
-41.996907 0.089498803
-42.100093 0.08174105
-42.203279 0.093758255
-42.306464 0.17801705
-42.40965 0.17815329
-42.512836 0.10446164
-42.616021 -0.14197722
-42.719207 -0.10128061
-42.822393 0.19631679
-42.925578 0.1824899
-43.028764 0.10615146
-43.13195 -0.016624024
-43.235135 -0.021763105
-43.338321 0.046436273
-43.441507 -0.024469478
-43.544692 0.019915454
-43.647878 0.033343561
-43.751064 -0.029894181
-43.854249 -0.019350585
-43.957435 0.044379286
-44.060621 0.1560899
-44.163806 0.26372293
-44.266992 0.096755855
-44.370178 -0.095054239
-44.473363 0.055173039
-44.576549 0.12699658
-44.679735 -0.0034005013
-44.78292 -0.070361316
-44.886106 -0.037856072
-44.989292 0.020660197
-45.092477 -0.079929784
-45.195663 0.030279372
-45.298849 0.1811288
-45.402034 -0.092388026
-45.50522 -0.027932521
-45.608406 0.085623771
-45.711591 -0.11211437
-45.814777 0.021483243
-45.917963 0.014249958
-46.021148 -0.12299099
-46.124334 -0.077883109
-46.22752 0.005999784
-46.330705 0.069995731
-46.433891 -0.00083575654
-46.537077 -0.0091792643
-46.640262 0.089013681
-46.743448 -0.041544121
-46.846634 -0.0098615494
-46.949819 0.074191198
-47.053005 -0.099977948
-47.156191 0.080927327
-47.259376 0.11961782
-47.362562 0.072475344
-47.465748 0.32640678
-47.568933 0.15101974
-47.672119 -0.081249073
-47.775305 -0.0033987537
-47.87849 -0.008223502
-47.981676 0.2079308
-48.084862 0.17122856
-48.188047 0.019427743
-48.291233 -0.018336756
-48.394419 -0.11252399
-48.497604 -0.040259056
-48.60079 -0.025140177
-48.703976 -0.045021854
-48.807161 0.032392491
-48.910347 0.058195885
-49.013533 -0.12250774
-49.116718 -0.10573985
-49.219904 0.083270587
-49.32309 -0.081195973
-49.426275 -0.12951103
-49.529461 0.12751649
-49.632647 0.093132146
-49.735832 -0.021878807
-49.839018 -0.035216305
-49.942204 0.0084276311
