   181.27891     -0.56664729E-02
   181.14678      0.15308652E-01
   181.01465     -0.17350743E-01
   180.88253     -0.11183698E-01
   180.75040      0.22083066E-01
   180.61827      0.24998883E-01
   180.48614      0.57700770E-02
   180.35402      0.62595289E-02
   180.22189     -0.77289224E-01
   180.08976     -0.82147248E-01
   179.95764      0.31369101E-01
   179.82551      0.39007850E-01
   179.69338      0.26780210E-01
   179.56125     -0.40277023E-01
   179.42913     -0.24457570E-01
   179.29700      0.85737914E-01
   179.16487      0.13079876    
   179.03275      0.30061331E-01
   178.90062     -0.11957665    
   178.76849     -0.13821451    
   178.63636     -0.60813490E-01
   178.50424      0.23297966E-01
   178.37211      0.12021858    
   178.23998      0.12523517E-01
   178.10785     -0.92475601E-02
   177.97573      0.52975200E-01
   177.84360      0.34990508E-01
   177.71147     -0.50727304E-01
   177.57935     -0.12839022    
   177.44722     -0.58452785E-02
   177.31509      0.87620720E-01
   177.18296      0.46837170E-01
   177.05084      0.25967171E-01
   176.91871      0.47340132E-02
   176.78658     -0.45496412E-01
   176.65446     -0.54693054E-02
   176.52233      0.20851703E-01
   176.39020     -0.98545803E-02
   176.25807      0.12752563E-02
   176.12595      0.20014226E-01
   175.99382      0.67769960E-01
   175.86169      0.18743452E-01
   175.72957     -0.44232421E-01
   175.59744      0.31547315E-01
   175.46531     -0.19592222E-01
   175.33318     -0.22910282E-01
   175.20106      0.68838581E-01
   175.06893      0.10274807    
   174.93680     -0.12687296E-01
   174.80468     -0.28555360E-01
   174.67255     -0.33017691E-01
   174.54042     -0.41455656E-01
   174.40829      0.33820447E-01
   174.27617     -0.76630739E-02
   174.14404      0.34444228E-01
   174.01191     -0.47419257E-02
   173.87979     -0.99617496E-01
   173.74766     -0.79101138E-01
   173.61553      0.66655815E-01
   173.48340      0.11735609    
   173.35128     -0.62049394E-02
   173.21915      0.39687067E-01
   173.08702      0.74910238E-01
   172.95490      0.19722249E-01
   172.82277     -0.93918992E-03
   172.69064     -0.27480384E-01
   172.55851     -0.54721206E-01
   172.42639     -0.16976820E-01
   172.29426      0.62304053E-01
   172.16213     -0.24814334E-01
   172.03001     -0.83186783E-01
   171.89788     -0.14389218E-02
   171.76575      0.58249451E-01
   171.63362     -0.28843980E-01
   171.50150      0.13680615E-01
   171.36937      0.63343950E-01
   171.23724     -0.17900074E-01
   171.10512     -0.29862750E-01
   170.97299     -0.19424357E-01
   170.84086      0.34920424E-02
   170.70873      0.35689227E-01
   170.57661      0.57748016E-01
   170.44448     -0.14360379E-02
   170.31235     -0.33102669E-01
   170.18023     -0.59438113E-01
   170.04810     -0.79208620E-01
   169.91597      0.86899109E-01
   169.78384      0.59388794E-01
   169.65172     -0.13291871E-01
   169.51959     -0.24014976E-03
   169.38746     -0.24903934E-01
   169.25533      0.59932448E-01
   169.12321      0.46364646E-01
   168.99108     -0.22626780E-02
   168.85895     -0.30195052E-01
   168.72683     -0.27849443E-01
   168.59470      0.11119339E-01
   168.46257      0.40633604E-02
   168.33044      0.45869816E-02
   168.19832      0.32156985E-02
   168.06619      0.48937429E-01
   167.93406      0.12725870    
   167.80194      0.70338622E-01
   167.66981      0.10617854E-01
   167.53768      0.33033397E-01
   167.40555      0.44651978E-01
   167.27343      0.44352099E-01
   167.14130      0.12590857    
   167.00917      0.81962533E-01
   166.87705     -0.12193989E-01
   166.74492      0.43813452E-01
   166.61279      0.68181619E-01
   166.48066      0.94664201E-01
   166.34854      0.98460525E-01
   166.21641      0.37845094E-01
   166.08428      0.33893220E-01
   165.95216      0.43801084E-01
   165.82003     -0.37936892E-01
   165.68790     -0.50030325E-01
   165.55577     -0.49352217E-02
   165.42365      0.27160879E-01
   165.29152      0.74401036E-01
   165.15939     -0.29711265E-01
   165.02727     -0.45977943E-01
   164.89514     -0.44254359E-01
   164.76301     -0.10984279E-01
   164.63088      0.15846770E-01
   164.49876      0.22731300E-02
   164.36663     -0.11728443E-02
   164.23450     -0.23160404E-01
   164.10238     -0.33785403E-01
   163.97025     -0.23416203E-01
   163.83812      0.22287315E-01
   163.70599      0.24963118E-01
   163.57387     -0.21872427E-02
   163.44174     -0.15190130    
   163.30961     -0.76586381E-01
   163.17749      0.58348276E-01
   163.04536     -0.30391362E-01
   162.91323     -0.21256747E-01
   162.78110      0.54724876E-01
   162.64898      0.99373125E-01
   162.51685      0.29083656E-01
   162.38472     -0.72526827E-01
   162.25260      0.17473600E-02
   162.12047      0.25837632E-01
   161.98834     -0.29910320E-01
   161.85621     -0.34048326E-01
   161.72409     -0.19293133E-01
   161.59196      0.75918902E-02
   161.45983     -0.66548795E-01
   161.32770      0.23713876E-01
   161.19558     -0.19457377E-02
   161.06345     -0.10287614    
   160.93132     -0.56423940E-01
   160.79920     -0.56605030E-01
   160.66707     -0.10814958E-01
   160.53494      0.11069302E-01
   160.40281     -0.74649630E-02
   160.27069      0.27524851E-01
   160.13856      0.18739132E-01
   160.00643     -0.15665432E-01
   159.87431     -0.44970948E-01
   159.74218     -0.78524008E-01
   159.61005     -0.21213070E-01
   159.47792     -0.18194836E-01
   159.34580      0.42272788E-01
   159.21367     -0.37371617E-01
   159.08154     -0.38403995E-01
   158.94942      0.60075246E-01
   158.81729     -0.25663000E-01
   158.68516     -0.37448820E-01
   158.55303     -0.20036360E-01
   158.42091     -0.12443081    
   158.28878     -0.14286298    
   158.15665     -0.13092628    
   158.02453     -0.10120673    
   157.89240     -0.51529527E-01
   157.76027     -0.59172332E-01
   157.62814     -0.68892151E-01
   157.49602     -0.58456860E-01
   157.36389     -0.54708999E-02
   157.23176      0.30970678E-01
   157.09964      0.39984941E-01
   156.96751      0.39206753E-02
   156.83538      0.39371122E-01
   156.70325      0.91792762E-01
   156.57113      0.32684863E-01
   156.43900     -0.29732237E-01
   156.30687      0.13546813E-01
   156.17475      0.14330450E-01
   156.04262      0.40327068E-02
   155.91049      0.31598650E-01
   155.77836      0.10748803    
   155.64624      0.74599095E-01
   155.51411     -0.31062879E-01
   155.38198      0.50532471E-01
   155.24986      0.97445644E-01
   155.11773      0.38787231E-01
   154.98560      0.59265077E-01
   154.85347      0.32724340E-01
   154.72135     -0.42090274E-01
   154.58922     -0.12009492E-01
   154.45709      0.75892203E-01
   154.32497      0.10281260    
   154.19284      0.22462450E-01
   154.06071     -0.53553544E-01
   153.92858     -0.29890876E-01
   153.79646      0.63127480E-01
   153.66433      0.35878349E-01
   153.53220      0.50680228E-01
   153.40007      0.69810450E-01
   153.26795      0.14188308E-01
   153.13582     -0.55148140E-01
   153.00369     -0.37573028E-01
   152.87157      0.10051724E-01
   152.73944      0.36862935E-02
   152.60731      0.34931287E-01
   152.47518      0.90627149E-02
   152.34306      0.57000913E-01
   152.21093      0.63073516E-01
   152.07880     -0.53052094E-01
   151.94668     -0.17911691E-01
   151.81455      0.61381258E-01
   151.68242     -0.40878557E-01
   151.55029     -0.64696893E-01
   151.41817     -0.36603138E-02
   151.28604      0.16389344E-01
   151.15391      0.22903506E-01
   151.02179     -0.19810999E-01
   150.88966      0.33647608E-01
   150.75753      0.85365519E-01
   150.62540      0.17612878E-01
   150.49328     -0.49377009E-01
   150.36115      0.24002194E-01
   150.22902      0.33799354E-01
   150.09690      0.31703092E-01
   149.96477      0.44525139E-01
   149.83264     -0.25350410E-01
   149.70051      0.88721002E-02
   149.56839      0.10443300E-01
   149.43626     -0.64940192E-02
   149.30413     -0.25597755E-01
   149.17201      0.15391719E-01
   149.03988      0.65845609E-01
   148.90775      0.66086471E-01
   148.77562     -0.39127059E-01
   148.64350     -0.16789641E-01
   148.51137      0.72082624E-01
   148.37924      0.11168685E-01
   148.24712     -0.26600044E-01
   148.11499     -0.10567977    
   147.98286     -0.97173691E-01
   147.85073      0.39593998E-01
   147.71861      0.41045893E-01
   147.58648     -0.10113058E-01
   147.45435     -0.14821007E-01
   147.32223     -0.43790992E-01
   147.19010     -0.18919639E-01
   147.05797      0.16763467E-01
   146.92584      0.29091096E-01
   146.79372      0.56817096E-01
   146.66159      0.44571593E-01
   146.52946      0.47214597E-01
   146.39734      0.52168332E-01
   146.26521     -0.39598752E-01
   146.13308      0.41072808E-01
   146.00095      0.92939027E-01
   145.86883     -0.38696628E-01
   145.73670      0.31470522E-01
   145.60457      0.58038604E-01
   145.47245     -0.34181632E-01
   145.34032     -0.24046730E-01
   145.20819      0.32440603E-01
   145.07606      0.51689707E-02
   144.94394     -0.33975922E-01
   144.81181     -0.43707993E-02
   144.67968      0.25079872E-01
   144.54755      0.31631112E-01
   144.41543      0.77297561E-01
   144.28330     -0.11517834E-01
   144.15117     -0.12733799    
   144.01905     -0.87685727E-01
   143.88692     -0.40115159E-01
   143.75479      0.11261631E-01
   143.62266      0.68362877E-01
   143.49054      0.55110209E-01
   143.35841     -0.51290311E-01
   143.22628     -0.99516228E-01
   143.09416     -0.32969699E-02
   142.96203      0.32007016E-01
   142.82990     -0.75035848E-01
   142.69777     -0.53264141E-01
   142.56565      0.21379333E-01
   142.43352      0.40666837E-01
   142.30139      0.13147599E-01
   142.16927     -0.68656564E-01
   142.03714     -0.53747721E-01
   141.90501      0.34108758E-02
   141.77288      0.41652188E-01
   141.64076      0.12626074    
   141.50863      0.81216335E-01
   141.37650      0.49130425E-01
   141.24438      0.35187937E-01
   141.11225     -0.56004286E-01
   140.98012     -0.83912693E-01
   140.84799     -0.35193346E-01
   140.71587     -0.42939223E-02
   140.58374     -0.64047188E-01
   140.45161     -0.35682786E-01
   140.31949      0.13816152E-02
   140.18736     -0.40249992E-03
   140.05523     -0.56990881E-01
   139.92310     -0.68889707E-01
   139.79098     -0.16818350E-01
   139.65885     -0.97257525E-01
   139.52672     -0.37486039E-01
   139.39460      0.38712397E-01
   139.26247      0.68837941E-01
   139.13034      0.64486019E-01
   138.99821      0.94921794E-02
   138.86609     -0.28083321E-01
   138.73396     -0.66198304E-01
   138.60183     -0.24076894E-01
   138.46971     -0.16860381E-01
   138.33758      0.87427005E-01
   138.20545      0.52764039E-01
   138.07332     -0.40880233E-01
   137.94120      0.34879655E-01
   137.80907      0.50133228E-01
   137.67694      0.24149204E-01
   137.54482      0.49601905E-01
   137.41269     -0.16049573E-01
   137.28056     -0.46302710E-01
   137.14843     -0.35856061E-01
   137.01631     -0.73271818E-01
   136.88418     -0.17776810E-01
   136.75205      0.60361616E-01
   136.61992      0.86790897E-01
   136.48780      0.50964262E-02
   136.35567     -0.36600269E-01
   136.22354     -0.65922499E-01
   136.09142     -0.75249508E-01
   135.95929      0.70925847E-01
   135.82716      0.51068470E-01
   135.69503     -0.57622276E-01
   135.56291     -0.15831269E-01
   135.43078      0.15746301E-01
   135.29865     -0.41964531E-01
   135.16653     -0.10906848    
   135.03440      0.10909457E-01
   134.90227      0.49569048E-02
   134.77014     -0.61869469E-01
   134.63802     -0.15497906E-01
   134.50589     -0.53639103E-01
   134.37376      0.38940754E-01
   134.24164      0.13560013    
   134.10951      0.78220136E-01
   133.97738      0.68339951E-01
   133.84525     -0.28696761E-01
   133.71313     -0.41889042E-01
   133.58100      0.59148446E-02
   133.44887     -0.73578730E-02
   133.31675     -0.24536824E-01
   133.18462      0.24247238E-01
   133.05249     -0.38384937E-01
   132.92036     -0.28119124E-01
   132.78824      0.39540432E-01
   132.65611     -0.12051523E-01
   132.52398     -0.21835696E-03
   132.39186     -0.38468212E-01
   132.25973     -0.40837698E-01
   132.12760      0.47731649E-01
   131.99547      0.78404978E-01
   131.86335      0.31964496E-01
   131.73122      0.31150099E-01
   131.59909      0.27253002E-01
   131.46697      0.36547951E-01
   131.33484      0.13930336E-01
   131.20271     -0.27009547E-02
   131.07058      0.86681563E-02
   130.93846     -0.84243730E-01
   130.80633     -0.90356931E-01
   130.67420     -0.46079203E-01
   130.54208     -0.47258899E-01
   130.40995     -0.41289583E-01
   130.27782     -0.19591519    
   130.14569     -0.14159799    
   130.01357      0.20069428E-01
   129.88144     -0.18328475E-01
   129.74931     -0.77881321E-01
   129.61719     -0.52680884E-01
   129.48506      0.55359434E-01
   129.35293      0.85981727E-01
   129.22080      0.36440212E-01
   129.08868      0.37091367E-01
   128.95655      0.51483992E-01
   128.82442      0.40868856E-02
   128.69229     -0.53622182E-02
   128.56017      0.17793166E-01
   128.42804     -0.39059278E-02
   128.29591      0.56497451E-01
   128.16379      0.15047500    
   128.03166      0.10097791    
   127.89953     -0.56333826E-02
   127.76740     -0.10285191    
   127.63528     -0.55988260E-01
   127.50315     -0.22632703E-01
   127.37102     -0.75183712E-01
   127.23890     -0.11525649    
   127.10677     -0.13029510    
   126.97464     -0.38026001E-01
   126.84251     -0.20670053E-01
   126.71039     -0.13354821E-01
   126.57826      0.27899642E-01
   126.44613      0.17296791E-01
   126.31401      0.12510287E-01
   126.18188      0.62268086E-01
   126.04975      0.27687632E-01
   125.91762     -0.56964833E-01
   125.78550     -0.26086565E-01
   125.65337      0.41223735E-01
   125.52124      0.81341594E-01
   125.38912      0.12216652    
   125.25699      0.11689613    
   125.12486     -0.20269375E-01
   124.99273     -0.65922923E-01
   124.86061     -0.35770029E-01
   124.72848     -0.32208614E-01
   124.59635      0.76735452E-01
   124.46423      0.88597462E-01
   124.33210      0.12762061E-01
   124.19997      0.68912275E-01
   124.06784      0.91896899E-01
   123.93572      0.22006981E-01
   123.80359     -0.11007632    
   123.67146     -0.67857549E-01
   123.53934      0.85164264E-01
   123.40721      0.45876361E-01
   123.27508     -0.30462736E-01
   123.14295     -0.26430422E-01
   123.01083      0.91212451E-01
   122.87870      0.99812791E-01
   122.74657      0.11722126    
   122.61445      0.97493552E-01
   122.48232     -0.84792383E-01
   122.35019     -0.89346264E-02
   122.21806     -0.36241829E-01
   122.08594     -0.79987437E-01
   121.95381      0.13139082    
   121.82168      0.28925551E-01
   121.68956     -0.12142847    
   121.55743     -0.37587393E-01
   121.42530     -0.10471040    
   121.29317     -0.22044912    
   121.16105      0.36674007E-02
   121.02892      -468.34283    
   120.89679      -468.35910    
   120.76467      -468.37018    
   120.63254      -1000.0000    
   120.50041     -0.61315205E-01
   120.36828     -0.77335700E-01
   120.23616      0.81694499E-03
   120.10403      0.27678855E-01
   119.97190     -0.82223669E-01
   119.83977     -0.14227575    
   119.70765     -0.76353848E-02
   119.57552      0.12227359    
   119.44339      0.42521469E-02
   119.31127     -0.69430739E-01
   119.17914     -0.30561691E-01
   119.04701     -0.34786388E-01
   118.91488      0.23360401E-02
   118.78276     -0.25685636E-01
   118.65063     -0.75007714E-02
   118.51850      0.47600538E-01
   118.38638      0.11663139E-03
   118.25425     -0.13309721E-01
   118.12212      0.14862780E-01
   117.98999     -0.19036701E-01
   117.85787     -0.28152168E-02
   117.72574     -0.43463998E-01
   117.59361     -0.79483509E-01
   117.46149     -0.39834127E-01
   117.32936     -0.12414312    
   117.19723     -0.17621823    
   117.06510     -0.14463948    
   116.93298     -0.47767971E-01
   116.80085      0.76581668E-02
   116.66872     -0.15323064    
   116.53660     -0.22992766    
   116.40447     -0.96933618E-01
   116.27234     -0.11731643E-01
   116.14021     -0.38826648E-01
   116.00809      0.17364053E-01
   115.87596      0.10241720    
   115.74383      0.10016830    
   115.61171     -0.10164632E-02
   115.47958     -0.41748274E-01
   115.34745     -0.31517174E-01
   115.21532     -0.11115633    
   115.08320     -0.79666600E-01
   114.95107     -0.56447897E-01
   114.81894     -0.38542077E-01
   114.68682     -0.43655317E-02
   114.55469      0.20113241E-01
   114.42256     -0.81168510E-01
   114.29043     -0.91053531E-01
   114.15831      0.43946005E-01
   114.02618      0.34756921E-01
   113.89405     -0.10002757E-01
   113.76193     -0.11296729E-02
   113.62980      0.12699846E-01
   113.49767      0.20632949E-02
   113.36554      0.83512872E-01
   113.23342     -0.72057165E-01
   113.10129     -0.11459471    
   112.96916     -0.15364957E-01
   112.83704     -0.73960936E-02
   112.70491      0.62370747E-01
   112.57278     -0.54532338E-01
   112.44065     -0.14813398    
   112.30853     -0.97292781E-01
   112.17640      0.71202759E-02
   112.04427      0.52398819E-01
   111.91214      0.41916545E-01
   111.78002      0.50334249E-01
   111.64789      0.84141746E-01
   111.51576      0.57724740E-01
   111.38364      0.14900522E-01
   111.25151     -0.33895154E-01
   111.11938     -0.42784013E-01
   110.98725      0.24960555E-01
   110.85513      0.16965058E-01
   110.72300     -0.10017844    
   110.59087     -0.93835935E-01
   110.45875     -0.79125492E-03
   110.32662      0.23533901E-01
   110.19449     -0.67842063E-02
   110.06236     -0.10532932E-01
   109.93024      0.16420931E-01
   109.79811      0.28365463E-01
   109.66598      0.37558548E-01
   109.53386      0.33345312E-01
   109.40173      0.68524987E-01
   109.26960      0.40767301E-01
   109.13747     -0.80310993E-01
   109.00535      0.11744981E-01
   108.87322      0.78635007E-01
   108.74109      0.35818025E-01
   108.60897      0.57366706E-01
   108.47684     -0.57925537E-01
   108.34471     -0.79452291E-01
   108.21258     -0.33840463E-01
   108.08046     -0.12613788    
   107.94833     -0.86744472E-01
   107.81620     -0.41749567E-01
   107.68408     -0.10935673E-01
   107.55195      0.83662018E-01
   107.41982      0.10193205E-01
   107.28769     -0.76158173E-01
   107.15557     -0.42240340E-01
   107.02344      0.95554795E-02
   106.89131      0.58172196E-01
   106.75919     -0.15423249E-01
   106.62706     -0.10774510    
   106.49493     -0.55489499E-01
   106.36280     -0.13665430E-01
   106.23068      0.52886922E-01
   106.09855      0.85602477E-01
   105.96642      0.44077054E-01
   105.83430     -0.39022699E-01
   105.70217      0.11459374E-01
   105.57004      0.54110005E-01
   105.43791     -0.18088151E-01
   105.30579      0.32479357E-01
   105.17366      0.14517632    
   105.04153      0.12754808    
   104.90941      0.25565535E-01
   104.77728      0.11940088E-01
   104.64515      0.21418087E-01
   104.51302     -0.87230997E-02
   104.38090      0.14750349E-01
   104.24877      0.45792386E-02
   104.11664     -0.21663718E-01
   103.98451     -0.45874804E-01
   103.85239     -0.72283469E-01
   103.72026      0.15063390E-01
   103.58813      0.13644415    
   103.45601      0.10170205    
   103.32388      0.58344655E-01
   103.19175      0.92187352E-01
   103.05962      0.33021789E-01
   102.92750      0.32352712E-01
   102.79537      0.12404043E-01
   102.66324     -0.35593286E-01
   102.53112     -0.28729297E-01
   102.39899     -0.57443716E-01
   102.26686     -0.85786343E-01
   102.13473     -0.89924790E-01
   102.00261     -0.70887208E-01
   101.87048     -0.46092331E-01
   101.73835     -0.53098295E-01
   101.60623     -0.59008468E-02
   101.47410      0.63549906E-01
   101.34197      0.60707338E-01
   101.20984     -0.41170411E-01
   101.07772     -0.25813714E-01
   100.94559      0.26149604E-01
   100.81346     -0.53990509E-01
   100.68134     -0.37184715E-01
   100.54921     -0.30386318E-02
   100.41708      0.36113419E-01
   100.28495      0.12223143E-03
   100.15283      0.19532021E-01
   100.02070      0.89058742E-01
   99.888573      0.57828762E-01
   99.756446      0.15679387E-01
   99.624318     -0.96005052E-01
   99.492191     -0.86393856E-01
   99.360064      0.23035757E-01
   99.227937     -0.12219528E-01
   99.095810     -0.35520606E-01
   98.963683      0.29889770E-01
   98.831555      0.24561249E-01
   98.699428      0.33136588E-01
   98.567301     -0.23413060E-01
   98.435174     -0.78631848E-01
   98.303047     -0.55266581E-02
   98.170920      0.79476833E-01
   98.038792      0.70549533E-01
   97.906665      0.14903972E-01
   97.774538      0.43900143E-01
   97.642411      0.50755613E-01
   97.510284     -0.48041851E-02
   97.378157     -0.11065917    
   97.246030     -0.82753770E-01
   97.113902      0.59138410E-01
   96.981775      0.23519024E-01
   96.849648     -0.21619687E-01
   96.717521     -0.84013715E-01
   96.585394     -0.88038690E-01
   96.453267     -0.76965347E-01
   96.321139     -0.11343741    
   96.189012     -0.38725629E-01
   96.056885     -0.30666355E-01
   95.924758     -0.16239956E-02
   95.792631      0.76740786E-01
   95.660504      0.78182623E-01
   95.528376      0.22079229E-01
   95.396249      0.64846031E-01
   95.264122      0.63307971E-01
   95.131995      0.24188539E-01
   94.999868      0.49095582E-01
   94.867741      0.26823705E-01
   94.735613      0.12338927    
   94.603486      0.17504364    
   94.471359      0.61185755E-01
   94.339232      0.54265872E-01
   94.207105     -0.29251732E-01
   94.074978     -0.76041371E-01
   93.942850      0.71427464E-01
   93.810723      0.10735600    
   93.678596      0.94271585E-01
   93.546469      0.50239280E-01
   93.414342      0.22949120E-01
   93.282215     -0.61530855E-01
   93.150087     -0.10442180    
   93.017960      0.39543379E-01
   92.885833      0.88233210E-01
   92.753706      0.68767350E-02
   92.621579      0.17694145E-01
   92.489452     -0.63391938E-03
   92.357324     -0.31584859E-01
   92.225197      0.40598523E-01
   92.093070      0.40471986E-01
   91.960943     -0.32673676E-01
   91.828816     -0.31126095E-01
   91.696689      0.68035394E-01
   91.564561      0.12894043E-01
   91.432434      0.15011316E-01
   91.300307      0.60914531E-02
   91.168180     -0.82811937E-01
   91.036053     -0.76958351E-01
   90.903926     -0.12143189    
   90.771798     -0.10473789    
   90.639671     -0.18885609E-01
   90.507544     -0.28727576E-01
   90.375417      0.22775307E-02
   90.243290      0.12991603E-02
   90.111163     -0.50592117E-01
   89.979035      0.60499191E-01
   89.846908      0.14643465E-01
   89.714781     -0.57651129E-01
   89.582654     -0.20120822E-01
   89.450527     -0.98685943E-01
   89.318400     -0.59205247E-02
   89.186272      0.71168825E-01
   89.054145      0.32013267E-01
   88.922018     -0.59606698E-02
   88.789891     -0.93570262E-01
   88.657764     -0.72934479E-01
   88.525637     -0.22829173E-01
   88.393509     -0.40070511E-01
   88.261382      0.29957226E-01
   88.129255      0.23048092E-01
   87.997128     -0.33032157E-01
   87.865001      0.38043694E-02
   87.732874     -0.42419337E-01
   87.600746     -0.42443313E-01
   87.468619     -0.16359434E-01
   87.336492     -0.28020777E-01
   87.204365     -0.37571937E-02
   87.072238      0.26416581E-01
   86.940111      0.41503116E-01
   86.807983     -0.36237463E-02
   86.675856     -0.48669383E-01
   86.543729     -0.74856043E-01
   86.411602     -0.68933472E-01
   86.279475     -0.44830300E-01
   86.147348     -0.11928452E-01
   86.015220      0.22964966E-01
   85.883093     -0.68881050E-01
   85.750966     -0.58498569E-01
   85.618839     -0.49345307E-01
   85.486712     -0.81697300E-01
   85.354585      0.76116957E-02
   85.222457      0.75846702E-01
   85.090330      0.25455102E-01
   84.958203      0.10221921E-01
   84.826076      0.12897152    
   84.693949      0.92527971E-01
   84.561822      0.13265047E-01
   84.429694     -0.18633222E-02
   84.297567     -0.89454046E-02
   84.165440      0.72433315E-01
   84.033313      0.50911020E-01
   83.901186     -0.65032832E-01
   83.769059     -0.98687321E-01
   83.636931      0.26671050E-01
   83.504804      0.94219401E-01
   83.372677      0.13491185E-02
   83.240550     -0.10976933E-01
   83.108423      0.11956280E-01
   82.976296     -0.18672332E-01
   82.844168      0.27034629E-01
   82.712041      0.44199698E-01
   82.579914      0.19505167E-01
   82.447787      0.25834827E-01
   82.315660      0.47544655E-02
   82.183533      0.13682663E-01
   82.051405      0.73590957E-01
   81.919278      0.22987006E-01
   81.787151     -0.71517229E-01
   81.655024     -0.41669767E-01
   81.522897     -0.23836929E-01
   81.390770     -0.63870199E-01
   81.258642     -0.76360434E-01
   81.126515     -0.52393597E-01
   80.994388      0.43762479E-01
   80.862261      0.30122561E-01
   80.730134      0.64752633E-02
   80.598007      0.45866624E-01
   80.465879      0.28528482E-01
   80.333752      0.72653666E-02
   80.201625     -0.44076320E-01
   80.069498      0.26119096E-01
   79.937371     -0.77227866E-02
   79.805244     -0.53450286E-01
   79.673116      0.83689056E-01
   79.540989      0.93049863E-02
   79.408862     -0.56319475E-01
   79.276735     -0.60921591E-02
   79.144608     -0.55269089E-01
   79.012481     -0.15885502E-01
   78.880353      0.58959547E-01
   78.748226      0.14069814E-01
   78.616099      0.10941060E-01
   78.483972      0.36213636E-01
   78.351845      0.74965067E-01
   78.219718      0.16443051E-01
   78.087590      0.20733479E-01
   77.955463      0.50674919E-01
   77.823336     -0.58218449E-01
   77.691209     -0.29559989E-01
   77.559082      0.64964220E-03
   77.426955      0.47371383E-02
   77.294827     -0.47630794E-01
   77.162700     -0.63357033E-01
   77.030573     -0.40979382E-01
   76.898446     -0.18400688E-01
   76.766319      0.31527348E-01
   76.634192      0.30435378E-01
   76.502064     -0.10733429E-01
   76.369937     -0.81004657E-01
   76.237810     -0.12267198    
   76.105683     -0.62330566E-01
   75.973556     -0.13264704E-02
   75.841429      0.54061756E-01
   75.709301      0.55058494E-01
   75.577174      0.20228680E-01
   75.445047      0.53715862E-01
   75.312920      0.52106250E-02
   75.180793     -0.81222266E-01
   75.048666     -0.76641895E-01
   74.916538     -0.31791344E-01
   74.784411      0.48508011E-02
   74.652284      0.74351028E-01
   74.520157      0.81253611E-01
   74.388030      0.39869089E-01
   74.255903      0.17138228E-01
   74.123775      0.25693690E-01
   73.991648      0.23929242E-01
   73.859521      0.43558821E-01
   73.727394      0.32744117E-01
   73.595267      0.20305075E-01
   73.463140      0.63952535E-01
   73.331012      0.23661077E-01
   73.198885     -0.49142331E-01
   73.066758     -0.46418447E-01
   72.934631      0.92827883E-02
   72.802504      0.24274746E-02
   72.670377      0.28801607E-01
   72.538249      0.24838395E-01
   72.406122      0.60273886E-01
   72.273995     -0.24225257E-01
   72.141868     -0.12893097    
   72.009741     -0.78519687E-01
   71.877614     -0.13056079E-01
   71.745487      0.63053019E-01
   71.613359     -0.22277912E-01
   71.481232     -0.11275901E-01
   71.349105     -0.61998289E-01
   71.216978     -0.18050084    
   71.084851     -0.88826686E-01
   70.952724     -0.57629212E-02
   70.820596     -0.58133692E-01
   70.688469     -0.10727740    
   70.556342     -0.61165359E-01
   70.424215     -0.44372950E-01
   70.292088     -0.10817315    
   70.159961     -0.38354419E-01
   70.027833     -0.20872392E-01
   69.895706      0.15320573E-02
   69.763579      0.57466067E-01
   69.631452     -0.62603012E-01
   69.499325     -0.21281488E-01
   69.367198      0.70839405E-01
   69.235070      0.17210430E-01
   69.102943     -0.88371346E-02
   68.970816      0.48942685E-01
   68.838689      0.42810004E-01
   68.706562      0.37315884E-02
   68.574435     -0.37698179E-01
   68.442307     -0.91722690E-01
   68.310180     -0.20240173E-01
   68.178053     -0.68271859E-02
   68.045926      0.12873415E-01
   67.913799      0.31998336E-01
   67.781672      0.72825085E-02
   67.649544      0.11001863E-01
   67.517417      0.30319754E-01
   67.385290      0.41046388E-01
   67.253163     -0.50773825E-02
   67.121036     -0.67617729E-01
   66.988909     -0.21166684E-01
   66.856781      0.82778186E-01
   66.724654      0.70069604E-01
   66.592527      0.48988227E-01
   66.460400      0.23259558E-02
   66.328273     -0.52249979E-01
   66.196146     -0.19721668E-01
   66.064018     -0.37186397E-02
   65.931891     -0.30823881E-01
   65.799764     -0.66047572E-02
   65.667637      0.12636129E-01
   65.535510      0.22275159E-01
   65.403383      0.30372504E-01
   65.271255      0.73170431E-01
   65.139128      0.76173924E-01
   65.007001      0.20687882E-01
   64.874874     -0.15028412E-01
   64.742747      0.22581939E-01
   64.610620      0.58665931E-01
   64.478492      0.72205216E-01
   64.346365      0.71961671E-01
   64.214238     -0.19201569E-01
   64.082111     -0.25362518E-01
   63.949984     -0.82757905E-01
   63.817857     -0.92770442E-01
   63.685729     -0.18869512E-01
   63.553602     -0.94021298E-03
   63.421475      0.50005198E-01
   63.289348      0.74178815E-01
   63.157221      0.41103698E-01
   63.025094     -0.20460472E-01
   62.892966     -0.44156343E-01
   62.760839     -0.58909804E-01
   62.628712     -0.45224860E-01
   62.496585      0.71287587E-01
   62.364458      0.73573314E-01
   62.232331     -0.82096100E-01
   62.100203     -0.91583274E-01
   61.968076     -0.16021023E-01
   61.835949      0.74565753E-01
   61.703822      0.53215526E-01
   61.571695     -0.42287376E-01
   61.439568     -0.27446607E-01
   61.307440      0.83310604E-02
   61.175313      0.50415073E-01
   61.043186      0.14838507E-01
   60.911059     -0.63822053E-01
   60.778932     -0.10644817    
   60.646805     -0.46379112E-01
   60.514677      0.93456879E-01
   60.382550      0.38106862E-01
   60.250423     -0.25113013E-01
   60.118296     -0.44301126E-01
   59.986169     -0.50878532E-01
   59.854042     -0.19885620E-01
   59.721914      0.12014233E-01
   59.589787     -0.43708216E-02
   59.457660      0.29387172E-01
   59.325533      0.57893693E-01
   59.193406      0.13663754E-01
   59.061279     -0.71400970E-01
   58.929151      0.15740076E-01
   58.797024      0.83405957E-01
   58.664897      0.68674795E-01
   58.532770      0.11122201E-01
   58.400643     -0.24515744E-01
   58.268516      0.60556039E-01
   58.136388      0.15783194E-01
   58.004261      0.14119438E-01
   57.872134      0.84423929E-01
   57.740007      0.16634636E-01
   57.607880     -0.34820624E-01
   57.475753     -0.82924813E-01
   57.343625     -0.89717425E-01
   57.211498     -0.85149519E-02
   57.079371      0.29815203E-01
   56.947244     -0.38682643E-01
   56.815117      0.82753384E-02
   56.682990      0.20599087    
   56.550862      0.13836521    
   56.418735     -0.89647882E-02
   56.286608      0.13642881E-01
   56.154481     -0.20580793E-01
   56.022354     -0.36100850E-01
   55.890227      0.99447472E-02
   55.758099      0.14773590E-01
   55.625972     -0.16139241E-01
   55.493845     -0.56724353E-02
   55.361718      0.12850348E-01
   55.229591      0.41586526E-01
   55.097464      0.75313844E-01
   54.965336      0.86076073E-01
   54.833209      0.58410130E-01
   54.701082     -0.99670272E-02
   54.568955     -0.16070258E-01
   54.436828     -0.10545370    
   54.304701     -0.52271754E-01
   54.172573      0.81402641E-02
   54.040446     -0.31655610E-01
   53.908319      0.29163230E-01
   53.776192      0.67977212E-01
   53.644065      0.18468346E-01
   53.511938     -0.12564409E-01
   53.379810     -0.38516063E-01
   53.247683     -0.40777057E-01
   53.115556      0.29273719E-01
   52.983429     -0.27804399E-01
   52.851302     -0.50767072E-01
   52.719175     -0.68789660E-02
   52.587047      0.63650221E-01
   52.454920      0.91222465E-01
   52.322793     -0.36660172E-01
   52.190666     -0.49980566E-01
   52.058539     -0.21667456E-01
   51.926412      0.12035768E-01
   51.794284     -0.49370830E-03
   51.662157     -0.14260851E-02
   51.530030     -0.48903609E-03
   51.397903     -0.18719471E-02
   51.265776     -0.16765742E-01
   51.133649     -0.44250213E-01
   51.001521     -0.30742135E-01
   50.869394     -0.58928277E-01
   50.737267     -0.35221953E-01
   50.605140     -0.48770338E-01
   50.473013     -0.26152752E-01
   50.340886     -0.27581148E-01
   50.208758      0.12858385E-01
   50.076631      0.10996561E-01
   49.944504     -0.95695443E-03
   49.812377      0.26154293E-01
   49.680250      0.61662726E-01
   49.548123      0.46448383E-01
   49.415995     -0.65203875E-01
   49.283868     -0.49718082E-01
   49.151741     -0.15486008E-01
   49.019614      0.22283368E-01
   48.887487     -0.44340864E-02
   48.755360     -0.85937902E-02
   48.623232     -0.27084803E-01
   48.491105      0.12502755E-01
   48.358978      0.58075450E-01
   48.226851     -0.39260704E-01
   48.094724     -0.87626562E-01
   47.962597     -0.40719137E-01
   47.830469      0.15317054E-01
   47.698342     -0.16188774E-01
   47.566215      0.54366831E-02
   47.434088      0.57865251E-02
   47.301961      0.68817124E-01
   47.169834      0.79494379E-01
   47.037707     -0.29126517E-02
   46.905579     -0.90641618E-01
   46.773452     -0.40791750E-01
   46.641325      0.87475672E-01
   46.509198      0.33492729E-01
   46.377071      0.18080279E-01
   46.244944      0.22599319E-01
   46.112816     -0.80006443E-01
   45.980689     -0.89602008E-01
   45.848562      0.48033103E-01
   45.716435      0.65910235E-01
   45.584308     -0.13890989E-01
   45.452181     -0.12276802E-01
   45.320053      0.72162956E-01
   45.187926      0.82793750E-01
   45.055799     -0.53903167E-02
   44.923672     -0.69909021E-01
   44.791545     -0.31018991E-01
   44.659418     -0.49606800E-01
   44.527290     -0.61412007E-01
   44.395163      0.86631849E-01
   44.263036      0.43734655E-01
   44.130909     -0.23676731E-01
   43.998782      0.25406240E-01
   43.866655      0.28246623E-01
   43.734527      0.17595651E-01
   43.602400      0.15027907E-01
   43.470273      0.10747169    
   43.338146      0.36817268E-01
   43.206019     -0.12804292    
   43.073892     -0.75546063E-01
   42.941764      0.17156124E-01
   42.809637     -0.17303513E-01
   42.677510     -0.56796830E-01
   42.545383      0.32003470E-01
   42.413256      0.26097063E-01
   42.281129     -0.44728614E-01
   42.149001      0.52520506E-01
   42.016874      0.67713387E-01
   41.884747     -0.42894285E-01
   41.752620     -0.13115430E-01
   41.620493      0.14370587E-01
   41.488366      0.49862359E-02
   41.356238      0.26918510E-01
   41.224111      0.88098355E-01
   41.091984      0.64917892E-01
   40.959857      0.82237951E-01
   40.827730      0.84996931E-01
   40.695603     -0.45002899E-02
   40.563475      0.14199528E-01
   40.431348     -0.14016196E-01
   40.299221     -0.21065790E-01
   40.167094     -0.12797038E-01
   40.034967      0.74642282E-02
   39.902840      0.91746822E-02
   39.770712     -0.49287044E-01
   39.638585     -0.23640381E-01
   39.506458      0.51010434E-01
   39.374331     -0.20705745E-01
   39.242204     -0.37376769E-01
   39.110077      0.41780919E-02
   38.977949     -0.11998018E-01
   38.845822      0.41187827E-01
   38.713695      0.86179025E-01
   38.581568      0.99871606E-02
   38.449441      0.14777759E-01
   38.317314      0.56023236E-01
   38.185186      0.41632321E-01
   38.053059      0.94583303E-01
   37.920932     -0.40469468E-02
   37.788805     -0.11770156    
   37.656678      0.30208688E-01
   37.524551      0.11955727    
   37.392423      0.43084528E-02
   37.260296     -0.32724209E-01
   37.128169      0.15842840E-01
   36.996042      0.58603071E-01
   36.863915      0.87488741E-01
   36.731788     -0.22175750E-02
   36.599660      0.19301813E-01
   36.467533      0.11532167    
   36.335406      0.34452222E-01
   36.203279     -0.49614787E-01
   36.071152      0.30812576E-01
   35.939025      0.84116504E-01
   35.806897      0.87433934E-01
   35.674770      0.42806834E-01
   35.542643     -0.33691939E-01
   35.410516      0.43346763E-01
   35.278389      0.41506086E-01
   35.146262     -0.23468111E-01
   35.014134     -0.88931166E-01
   34.882007     -0.40470719E-01
   34.749880      0.29792964E-01
   34.617753      0.14892010E-01
   34.485626      0.47353841E-01
   34.353499      0.65906599E-01
   34.221371      0.10184824    
   34.089244      0.32540426E-01
   33.957117      0.12084879E-02
   33.824990      0.47658425E-01
   33.692863     -0.96400762E-02
   33.560736      0.11126122E-01
   33.428608      0.81080683E-01
   33.296481     -0.14955610E-01
   33.164354     -0.31229898E-01
   33.032227     -0.16439810E-01
   32.900100     -0.15648449E-01
   32.767973     -0.19813454E-01
   32.635845     -0.58544055E-01
   32.503718      0.20377971E-01
   32.371591      0.56878436E-01
   32.239464      0.45362167E-01
   32.107337      0.21500329E-01
   31.975210     -0.50322242E-01
   31.843082      0.23669485E-01
   31.710955      0.42186435E-01
   31.578828     -0.33185743E-01
   31.446701      0.41980475E-01
   31.314574      0.87759480E-01
   31.182447      0.78710005E-01
   31.050319      0.59802398E-01
   30.918192      0.54619692E-01
   30.786065     -0.32224130E-01
   30.653938     -0.66397786E-01
   30.521811      0.24208494E-01
   30.389684      0.13564426E-01
   30.257556      0.17403197E-01
   30.125429      0.92317842E-01
   29.993302      0.10678762    
   29.861175      0.62383711E-01
   29.729048      0.31471550E-01
   29.596921      0.68053201E-01
   29.464793      0.64957075E-01
   29.332666      0.16200181E-01
   29.200539      0.46997242E-01
   29.068412     -0.53335726E-03
   28.936285     -0.29519774E-01
   28.804158     -0.21251746E-01
   28.672030     -0.37529640E-01
   28.539903     -0.12555365E-01
   28.407776     -0.10984154E-01
   28.275649      0.46456039E-01
   28.143522      0.89358188E-01
   28.011395      0.74318141E-01
   27.879267      0.57316110E-01
   27.747140      0.42491421E-01
   27.615013      0.37781037E-01
   27.482886      0.52696224E-01
   27.350759      0.15603261E-01
   27.218632     -0.46251886E-01
   27.086504     -0.32734510E-01
   26.954377      0.50957464E-01
   26.822250      0.87626465E-01
   26.690123      0.22246789E-01
   26.557996     -0.38933359E-01
   26.425869      0.12129002E-01
   26.293741      0.83134696E-03
   26.161614      0.33614626E-02
   26.029487      0.10020868    
   25.897360      0.81835508E-01
   25.765233      0.64490318E-01
   25.633106      0.10340961    
   25.500978      0.10135590    
   25.368851      0.29387232E-01
   25.236724      0.36435172E-01
   25.104597      0.12983532    
   24.972470      0.21533176E-01
   24.840343     -0.67875579E-01
   24.708215      0.22214876E-01
   24.576088      0.63083038E-01
   24.443961      0.54045293E-01
   24.311834     -0.15087426E-01
   24.179707     -0.43976221E-01
   24.047580      0.29887110E-01
   23.915452      0.65892301E-01
   23.783325      0.39341133E-01
   23.651198      0.38112335E-01
   23.519071      0.38733862E-01
   23.386944      0.76948076E-01
   23.254817      0.10527451    
   23.122689      0.52670941E-01
   22.990562      0.96531607E-01
   22.858435      0.88883609E-01
   22.726308     -0.66972896E-03
   22.594181     -0.15787223E-01
   22.462054      0.52045863E-01
   22.329926      0.30909259E-01
   22.197799      0.18473780E-02
   22.065672      0.11188686    
   21.933545      0.13466796    
   21.801418      0.57033964E-01
   21.669291      0.73805869E-01
   21.537164      0.10164002    
   21.405036      0.10337026    
   21.272909      0.19654628E-01
   21.140782     -0.82009643E-01
   21.008655     -0.52177906E-01
   20.876528     -0.32604756E-02
   20.744401      0.39153066E-01
   20.612273     -0.89529548E-02
   20.480146      0.20602468E-01
   20.348019      0.30687867E-01
   20.215892      0.45473859E-01
   20.083765      0.46084374E-01
   19.951638      0.82326628E-01
   19.819510      0.14943665    
   19.687383      0.88077664E-01
   19.555256      0.12922697E-02
   19.423129     -0.65128066E-01
   19.291002     -0.41404031E-02
   19.158875      0.29036103E-01
   19.026747      0.61435796E-01
   18.894620      0.14441139    
   18.762493      0.13042012    
   18.630366      0.74310958E-01
   18.498239      0.58042370E-01
   18.366112      0.10628748    
   18.233984      0.81891850E-01
   18.101857      0.91684207E-01
   17.969730      0.96658781E-01
   17.837603      0.73259324E-02
   17.705476      0.61631065E-01
   17.573349      0.85626736E-01
   17.441221      0.33018842E-01
   17.309094      0.42194769E-01
   17.176967      0.12277140    
   17.044840      0.17026721    
   16.912713      0.82605228E-01
   16.780586      0.36379419E-01
   16.648458      0.41996282E-01
   16.516331      0.24362186E-01
   16.384204      0.92676103E-01
   16.252077      0.79137787E-01
   16.119950      0.66553436E-01
   15.987823      0.11371448    
   15.855695      0.22821520    
   15.723568      0.26460806    
   15.591441      0.17525734    
   15.459314      0.19615892    
   15.327187      0.27303064    
   15.195060      0.32672071    
   15.062932      0.29811770    
   14.930805      0.34828636    
   14.798678      0.38741338    
   14.666551      0.34269914    
   14.534424      0.32013178    
   14.402297      0.36831754    
   14.270169      0.50647587    
   14.138042      0.58250064    
   14.005915      0.59006214    
   13.873788      0.54055560    
   13.741661      0.55511504    
   13.609534      0.66117263    
   13.477406      0.61514944    
   13.345279      0.58111781    
   13.213152      0.45210627    
   13.081025      0.35711595    
   12.948898      0.39814740    
   12.816771      0.35541862    
   12.684643      0.41061652    
   12.552516      0.35048369    
   12.420389      0.30976862    
   12.288262      0.48260179    
   12.156135      0.63355505    
   12.024008      0.78639603    
   11.891880      0.99067533    
   11.759753       1.0582324    
   11.627626      0.90240514    
   11.495499      0.75788665    
   11.363372      0.61282665    
   11.231245      0.57655513    
   11.099117      0.60138232    
   10.966990      0.48202154    
   10.834863      0.42503673    
   10.702736      0.49859163    
   10.570609      0.56018543    
   10.438482      0.53168714    
   10.306354      0.55382991    
   10.174227      0.56230354    
   10.042100      0.56801414    
   9.9099729      0.63015717    
   9.7778457      0.66320693    
   9.6457186      0.66132563    
   9.5135914      0.68478817    
   9.3814642      0.75516385    
   9.2493371      0.78036761    
   9.1172099      0.82668608    
   8.9850828      0.82020944    
   8.8529556      0.84352815    
   8.7208284      0.92767870    
   8.5887013      0.93864900    
   8.4565741      0.88599205    
   8.3244469      0.71766108    
   8.1923198      0.64719206    
   8.0601926      0.66937971    
   7.9280654      0.54242396    
   7.7959383      0.40557837    
   7.6638111      0.38584799    
   7.5316839      0.46408901    
   7.3995568      0.69785619    
   7.2674296      0.99632227    
   7.1353024       1.3594732    
   7.0031753       1.7964995    
   6.8710481       1.9954895    
   6.7389209       1.7463901    
   6.6067938       1.2378362    
   6.4746666      0.84862012    
   6.3425394      0.68860894    
   6.2104123      0.64060152    
   6.0782851      0.57454002    
   5.9461579      0.46583819    
   5.8140308      0.31168514    
   5.6819036      0.23613670    
   5.5497764      0.23472425    
   5.4176493      0.23177649    
   5.2855221      0.27554649    
   5.1533949      0.22988227    
   5.0212678      0.13715792    
   4.8891406      0.14719421E-01
   4.7570134      0.12224427E-01
   4.6248863      0.55324011E-01
   4.4927591      0.95267102E-01
   4.3606319      0.12489095    
   4.2285048      0.47280610E-01
   4.0963776      0.90989210E-01
   3.9642505      0.14456448    
   3.8321233      0.14435817    
   3.6999961      0.17817128    
   3.5678690      0.12982045    
   3.4357418      0.11561327    
   3.3036146      0.20484304    
   3.1714875      0.20076483    
   3.0393603      0.10366915    
   2.9072331      0.53758211E-01
   2.7751060      0.11343518    
   2.6429788      0.15053101    
   2.5108516      0.91219679E-01
   2.3787245      0.92818841E-01
   2.2465973      0.12980802    
   2.1144701      0.72097681E-01
   1.9823430      0.18938246    
   1.8502158      0.31145400    
   1.7180886      0.19959204    
   1.5859615      0.13359208    
   1.4538343      0.24229939    
   1.3217071      0.28771859    
   1.1895800      0.18811038    
   1.0574528      0.30742514    
  0.92532564      0.41466972    
  0.79319847      0.42157573    
  0.66107131      0.37720931    
  0.52894414      0.11098764    
  0.39681698      0.19694930    
  0.26468981      0.58046013    
  0.13256264      0.66082293    
  0.43547772E-03  0.66962380    
 -0.13169169      0.6600701    
 -0.26381885      0.66501963    
 -0.39594602      0.10805468    
 -0.52807319      0.17098580    
 -0.66020035      0.11710346    
 -0.79232752      0.15631537    
 -0.92445468      0.13923030    
  -1.0565818      0.22548905    
  -1.1887090      0.10136322    
  -1.3208362     -0.88050496E-02
  -1.4529633     -0.74120969E-01
  -1.5850905      0.79889908E-01
  -1.7172177      0.83675213E-01
  -1.8493448      0.35869747E-01
  -1.9814720      0.55881009E-01
  -2.1135992      0.11124972    
  -2.2457263     -0.78499848E-02
  -2.3778535     -0.46603825E-01
  -2.5099807     -0.13929896E-01
  -2.6421078     -0.16486298E-01
  -2.7742350      0.12735244E-01
  -2.9063622     -0.45278829E-01
  -3.0384893     -0.52211173E-02
  -3.1706165      0.87217033E-01
  -3.3027437      0.54217097E-02
  -3.4348708      0.29580742E-01
  -3.5669980      0.80583870E-01
  -3.6991252      0.11230097    
  -3.8312523      0.68387099E-01
  -3.9633795      0.44832911E-01
  -4.0955067      0.10110227    
  -4.2276338      0.12767995E-01
  -4.3597610     -0.64993098E-01
  -4.4918882     -0.35854481E-01
  -4.6240153     -0.50263092E-01
  -4.7561425     -0.42398721E-02
  -4.8882697     -0.10519294E-01
  -5.0203968     -0.29805671E-01
  -5.1525240     -0.21982316E-01
  -5.2846512      0.16078167E-03
  -5.4167783     -0.32038771E-01
  -5.5489055     -0.20577881E-01
  -5.6810327      0.61463330E-01
  -5.8131598      0.34021609E-01
  -5.9452870      0.56541584E-01
  -6.0774141      0.82054704E-01
  -6.2095413      0.13795924    
  -6.3416685      0.12220795    
  -6.4737956     -0.24497570E-01
  -6.6059228     -0.59884157E-01
  -6.7380500     -0.75940304E-02
  -6.8701771      0.82482874E-01
  -7.0023043      0.88439934E-01
  -7.1344315      0.84012672E-01
  -7.2665586     -0.85142329E-02
  -7.3986858     -0.95469713E-01
  -7.5308130     -0.43130539E-01
  -7.6629401      0.34232397E-01
  -7.7950673      0.51865499E-01
  -7.9271945      0.89266874E-01
  -8.0593216      0.92328221E-01
  -8.1914488      0.70918165E-02
  -8.3235760      0.96063994E-01
  -8.4557031      0.86180314E-01
  -8.5878303      0.46486810E-01
  -8.7199575      0.10130589    
  -8.8520846      0.65172590E-01
  -8.9842118      0.67045808E-01
  -9.1163390      0.73236480E-01
  -9.2484661      0.76441407E-01
  -9.3805933      0.11872111    
  -9.5127205      0.11224215    
  -9.6448476      0.46587035E-01
  -9.7769748      0.73435843E-01
  -9.9091020     -0.14389437E-01
  -10.041229      0.26736170E-01
  -10.173356      0.78426175E-01
  -10.305483      0.64355388E-01
  -10.437611      0.52772246E-01
  -10.569738     -0.20697528E-01
  -10.701865      0.56893062E-01
  -10.833992      0.64818218E-01
  -10.966119      0.99831477E-01
  -11.098246      0.46846211E-01
  -11.230374     -0.55172481E-03
  -11.362501      0.24903312E-01
  -11.494628     -0.49980879E-01
  -11.626755     -0.61576396E-01
  -11.758882      0.22987345E-01
  -11.891009     -0.84067695E-04
  -12.023137     -0.11012486    
  -12.155264     -0.62338825E-01
  -12.287391     -0.28991876E-01
  -12.419518     -0.76438889E-01
  -12.551645     -0.82317278E-01
  -12.683772      0.44592377E-01
  -12.815900      0.56574579E-01
  -12.948027      0.55383824E-01
  -13.080154      0.98183036E-01
  -13.212281      0.42590909E-01
  -13.344408     -0.26927736E-01
  -13.476535     -0.76074585E-01
  -13.608663     -0.12399902E-01
  -13.740790      0.63879073E-01
  -13.872917      0.12473483    
  -14.005044      0.83212867E-01
  -14.137171     -0.14238060E-03
  -14.269298      0.68304732E-01
  -14.401426      0.10034622    
  -14.533553      0.23075294E-01
  -14.665680      0.49077198E-02
  -14.797807      0.47511533E-01
  -14.929934      0.20503435E-01
  -15.062061     -0.78224009E-02
  -15.194189     -0.47440333E-02
  -15.326316      0.56622922E-03
  -15.458443      0.67593604E-01
  -15.590570      0.25802441E-01
  -15.722697     -0.42889893E-01
  -15.854824      0.41823365E-01
  -15.986952      0.60394801E-01
  -16.119079     -0.27133323E-01
  -16.251206     -0.15802896E-02
  -16.383333      0.38775273E-01
  -16.515460     -0.67278989E-01
  -16.647587     -0.89314014E-01
  -16.779715     -0.65498888E-01
  -16.911842      0.79781450E-02
  -17.043969      0.99019527E-01
  -17.176096     -0.25295174E-01
  -17.308223     -0.78224596E-02
  -17.440350      0.56782823E-01
  -17.572478      0.45256019E-01
  -17.704605      0.36719255E-01
  -17.836732     -0.16676351E-01
  -17.968859     -0.44737250E-01
  -18.100986     -0.22982938E-01
  -18.233113     -0.75466279E-02
  -18.365241     -0.29981332E-02
  -18.497368      0.24841273E-01
  -18.629495      0.87487489E-01
  -18.761622      0.93298271E-01
  -18.893749      0.13693625    
  -19.025876      0.10500769    
  -19.158004     -0.60406037E-01
  -19.290131     -0.77172115E-01
  -19.422258     -0.76436356E-01
  -19.554385     -0.17238915E-01
  -19.686512      0.89142293E-01
  -19.818639      0.98073781E-02
  -19.950767     -0.34401897E-01
  -20.082894      0.24720421E-01
  -20.215021      0.31973474E-01
  -20.347148     -0.64341851E-01
  -20.479275     -0.12034820    
  -20.611402     -0.33024433E-02
  -20.743530      0.12761192    
  -20.875657      0.46137773E-01
  -21.007784     -0.90417981E-01
  -21.139911     -0.93366623E-01
  -21.272038     -0.68258815E-01
  -21.404165     -0.25708005E-01
  -21.536293      0.30983066E-01
  -21.668420      0.61396345E-01
  -21.800547      0.60036678E-01
  -21.932674      0.22122104E-01
  -22.064801     -0.68375453E-01
  -22.196928      0.11043411E-01
  -22.329056     -0.40010856E-02
  -22.461183      0.35235882E-02
  -22.593310     -0.27309418E-01
  -22.725437     -0.89935057E-01
  -22.857564      0.18956678E-01
  -22.989691      0.19812291E-01
  -23.121819     -0.82350746E-02
  -23.253946      0.48725270E-01
  -23.386073      0.59773646E-01
  -23.518200     -0.13152633E-01
  -23.650327     -0.46873339E-01
  -23.782454     -0.66831455E-01
  -23.914582     -0.19057088E-01
  -24.046709     -0.54968111E-01
  -24.178836     -0.11504602    
  -24.310963     -0.25809050E-01
  -24.443090      0.69953024E-01
  -24.575217      0.98225296E-01
  -24.707345     -0.28512534E-02
  -24.839472     -0.70180707E-01
  -24.971599     -0.52193139E-01
  -25.103726     -0.54585207E-02
  -25.235853      0.40644329E-01
  -25.367980      0.15618516E-01
  -25.500108     -0.37429542E-02
  -25.632235      0.65997735E-01
  -25.764362      0.13901633    
  -25.896489      0.10735323    
  -26.028616      0.25051139E-01
  -26.160743      0.42536084E-01
  -26.292871      0.19884799E-02
  -26.424998     -0.32514542E-01
  -26.557125      0.44469289E-02
  -26.689252     -0.30201919E-01
  -26.821379     -0.20159017E-01
  -26.953506      0.67551695E-02
  -27.085634      0.55672199E-01
  -27.217761      0.26691105E-01
  -27.349888      0.10097528    
  -27.482015      0.81455275E-01
  -27.614142     -0.70568562E-01
  -27.746269     -0.30656941E-01
  -27.878397      0.34258857E-01
  -28.010524      0.22005806E-01
  -28.142651     -0.94351377E-02
  -28.274778      0.32484937E-01
  -28.406905      0.35953484E-01
  -28.539032     -0.14610339E-01
  -28.671159     -0.49174771E-01
  -28.803287     -0.16525103E-01
  -28.935414      0.51932588E-01
  -29.067541      0.44696748E-01
  -29.199668     -0.43700010E-01
  -29.331795     -0.40183503E-01
  -29.463922     -0.35698246E-02
  -29.596050      0.11138073E-02
  -29.728177     -0.32725550E-01
  -29.860304     -0.15117060E-01
  -29.992431      0.86311564E-01
  -30.124558      0.19524038E-01
  -30.256685     -0.59184138E-01
  -30.388813     -0.66937864E-01
  -30.520940     -0.42935360E-01
  -30.653067     -0.39367922E-01
  -30.785194     -0.47511570E-01
  -30.917321      0.91963135E-01
  -31.049448      0.11185894    
  -31.181576     -0.25170472E-01
  -31.313703     -0.10117978    
  -31.445830     -0.94775029E-01
  -31.577957      0.96388124E-02
  -31.710084      0.66299170E-01
  -31.842211      0.28973669E-02
  -31.974339     -0.14956872E-01
  -32.106466      0.33339567E-01
  -32.238593     -0.32620497E-01
  -32.370720     -0.52104264E-01
  -32.502847      0.21847557E-01
  -32.634974      0.34603432E-01
  -32.767102     -0.22420466E-01
  -32.899229      0.27978899E-01
  -33.031356      0.58749456E-01
  -33.163483      0.14381751E-01
  -33.295610     -0.17693836E-01
  -33.427737     -0.90483420E-01
  -33.559865     -0.44922985E-01
  -33.691992     -0.34650400E-01
  -33.824119     -0.67045443E-01
  -33.956246     -0.82037374E-01
  -34.088373     -0.90894196E-03
  -34.220500     -0.50105527E-03
  -34.352628     -0.76405346E-01
  -34.484755     -0.53617444E-01
  -34.616882     -0.25345068E-01
  -34.749009      0.43335655E-02
  -34.881136      0.92124129E-02
  -35.013263     -0.16217537E-01
  -35.145391     -0.21255767E-01
  -35.277518      0.88770233E-01
  -35.409645      0.13917835    
  -35.541772      0.71641520E-01
  -35.673899      0.93992606E-01
  -35.806026      0.49311139E-01
  -35.938154     -0.83324559E-01
  -36.070281     -0.13239166E-01
  -36.202408      0.25901712E-01
  -36.334535     -0.17695997E-01
  -36.466662     -0.44554349E-01
  -36.598789     -0.94374962E-01
  -36.730917     -0.26767295E-01
  -36.863044      0.10139734E-01
  -36.995171     -0.64945072E-02
  -37.127298      0.12113253E-01
  -37.259425      0.29043434E-01
  -37.391552     -0.26937230E-01
  -37.523680     -0.10078077    
  -37.655807     -0.11582308    
  -37.787934     -0.69820516E-01
  -37.920061     -0.19005246E-01
  -38.052188     -0.95891114E-02
  -38.184315      0.69246963E-01
  -38.316443      0.57325579E-01
  -38.448570      0.93688324E-01
  -38.580697      0.10773490    
  -38.712824     -0.63325934E-01
  -38.844951     -0.54414246E-01
  -38.977078      0.28455473E-01
  -39.109206     -0.35557289E-01
  -39.241333     -0.36176562E-01
  -39.373460      0.11563687E-01
  -39.505587      0.18722378E-01
  -39.637714      0.88727996E-02
  -39.769841      0.34766458E-01
  -39.901969      0.83011076E-01
  -40.034096      0.45010924E-01
  -40.166223      0.19376690E-01
  -40.298350      0.66422373E-01
  -40.430477      0.79204645E-02
  -40.562604     -0.18372471E-01
  -40.694732      0.29531987E-01
  -40.826859      0.58093540E-01
  -40.958986      0.11625233    
  -41.091113      0.22348076E-01
  -41.223240     -0.10452680E-01
  -41.355367     -0.80210995E-02
  -41.487495     -0.53367126E-02
  -41.619622     -0.14195818E-01
  -41.751749     -0.51365189E-01
  -41.883876      0.78197569E-04
  -42.016003      0.60655400E-01
  -42.148130      0.12125376    
  -42.280258      0.10909118    
  -42.412385      0.14827225E-01
  -42.544512     -0.80290556E-01
  -42.676639     -0.89048564E-01
  -42.808766     -0.39190818E-01
  -42.940893      0.48303619E-01
  -43.073021      0.90769812E-01
  -43.205148     -0.17229114E-01
  -43.337275     -0.29802991E-01
  -43.469402     -0.14542634E-01
  -43.601529     -0.77144317E-02
  -43.733656      0.11540245E-01
  -43.865784     -0.29500220E-01
  -43.997911      0.48005957E-01
  -44.130038      0.40579826E-01
  -44.262165     -0.34492180E-01
  -44.394292     -0.36742028E-01
  -44.526419      0.53055674E-01
  -44.658547      0.79890981E-01
  -44.790674      0.22126015E-01
  -44.922801     -0.72169257E-02
  -45.054928     -0.28338457E-01
  -45.187055     -0.51808335E-01
  -45.319182     -0.80120824E-01
  -45.451310      0.35475783E-01
  -45.583437      0.69665715E-01
  -45.715564      0.37206482E-01
  -45.847691      0.52305296E-01
  -45.979818      0.69609255E-01
  -46.111945      0.97401701E-01
  -46.244073      0.57703957E-01
  -46.376200     -0.37430800E-01
  -46.508327     -0.72685592E-01
  -46.640454     -0.37400465E-01
  -46.772581      0.34250971E-01
  -46.904708      0.18925071E-02
  -47.036836     -0.44723958E-01
  -47.168963      0.21589242E-01
  -47.301090      0.47227766E-01
  -47.433217      0.15826406E-01
  -47.565344      0.78873802E-02
  -47.697471     -0.41267984E-02
  -47.829599      0.39730631E-02
  -47.961726      0.24919631E-01
  -48.093853      0.49578756E-01
  -48.225980      0.64756528E-01
  -48.358107     -0.14583616E-01
  -48.490234      0.24201853E-01
  -48.622362      0.30962490E-02
  -48.754489     -0.51781118E-01
  -48.886616      0.14757341E-01
  -49.018743     -0.43924429E-01
  -49.150870     -0.60749792E-01
  -49.282997     -0.47142472E-01
  -49.415125     -0.31342790E-01
  -49.547252     -0.34987036E-01
  -49.679379     -0.25227940E-01
  -49.811506     -0.35117030E-01
  -49.943633     -0.79449005E-02
  -50.075760      0.90878591E-01
  -50.207888      0.74979670E-01
  -50.340015      0.96539743E-02
  -50.472142     -0.64222388E-01
  -50.604269     -0.62129058E-01
  -50.736396     -0.92985369E-01
  -50.868523     -0.96461609E-01
  -51.000651     -0.56199726E-01
  -51.132778     -0.75646468E-01
  -51.264905     -0.68753406E-01
  -51.397032     -0.93384877E-01
  -51.529159     -0.63127995E-01
  -51.661286      0.10583758    
  -51.793414      0.54157827E-01
  -51.925541      0.17526001E-01
  -52.057668      0.68697430E-01
  -52.189795     -0.62388852E-01
  -52.321922     -0.95766179E-01
  -52.454049     -0.12144625E-01
  -52.586177      0.13457920E-01
  -52.718304     -0.58462940E-01
  -52.850431     -0.82449339E-01
  -52.982558     -0.40046018E-01
  -53.114685      0.63817129E-02
  -53.246812      0.71453534E-01
  -53.378940      0.33616971E-01
  -53.511067      0.53094070E-01
  -53.643194      0.71233236E-02
  -53.775321      0.94138719E-02
  -53.907448      0.12768148    
  -54.039575      0.80503494E-01
  -54.171702      0.33828706E-01
  -54.303830     -0.18337360E-01
  -54.435957     -0.10095060E-01
  -54.568084     -0.31910367E-01
  -54.700211     -0.78276291E-01
  -54.832338     -0.46420023E-01
  -54.964465      0.30461838E-01
  -55.096593      0.17045639E-01
  -55.228720     -0.32241713E-01
  -55.360847      0.15491769E-01
  -55.492974     -0.52749515E-01
  -55.625101     -0.70767432E-01
  -55.757228      0.21657147E-01
  -55.889356     -0.59358459E-02
  -56.021483     -0.32587223E-01
  -56.153610     -0.21887260E-01
  -56.285737      0.52423541E-01
  -56.417864      0.14443685    
  -56.549991      0.10664417    
  -56.682119      0.58116343E-01
  -56.814246      0.54642517E-01
  -56.946373      0.65052643E-01
  -57.078500      0.48134144E-01
  -57.210627      0.14401674E-01
  -57.342754      0.90565749E-01
  -57.474882      0.11116197E-01
  -57.607009     -0.45755185E-01
  -57.739136     -0.43626558E-01
  -57.871263     -0.84578566E-01
  -58.003390      0.18159091E-01
  -58.135517      0.59683904E-01
  -58.267645     -0.93501192E-02
  -58.399772     -0.13253238E-01
  -58.531899      0.91707982E-01
  -58.664026      0.60571387E-01
  -58.796153      0.37183091E-01
  -58.928280      0.20011635E-01
  -59.060408     -0.62763333E-01
  -59.192535     -0.35203576E-01
  -59.324662      0.10123000E-01
  -59.456789     -0.10343564    
  -59.588916     -0.10472320    
  -59.721043     -0.61668757E-01
  -59.853171     -0.11841691E-01
  -59.985298      0.11832777    
  -60.117425      0.13002245    
  -60.249552      0.60200803E-01
  -60.381679      0.71651079E-01
  -60.513806      0.69043331E-01
  -60.645934      0.48316263E-01
  -60.778061      0.42812295E-01
  -60.910188     -0.42922653E-01
  -61.042315     -0.10158111E-01
  -61.174442     -0.77816471E-02
  -61.306569     -0.82165059E-02
  -61.438697      0.61703824E-01
  -61.570824     -0.17809561E-02
  -61.702951     -0.12275783    
  -61.835078     -0.59917588E-01
  -61.967205      0.55349998E-01
  -62.099332      0.58740776E-01
  -62.231460      0.30552082E-01
  -62.363587      0.34005146E-01
  -62.495714      0.90099256E-02
  -62.627841      0.97468700E-02
  -62.759968      0.12170020E-01
  -62.892095      0.45775343E-02
  -63.024223     -0.34969533E-02
  -63.156350     -0.58751907E-01
  -63.288477     -0.42789191E-01
  -63.420604     -0.30520348E-01
  -63.552731     -0.32449961E-01
  -63.684858     -0.29630132E-01
  -63.816986      0.12358898E-01
  -63.949113     -0.35220496E-01
  -64.081240     -0.46562407E-01
  -64.213367      0.24979915E-01
  -64.345494      0.14991256E-01
  -64.477621      0.20520441E-01
  -64.609749      0.50853286E-02
  -64.741876      0.52754954E-03
  -64.874003      0.31178901E-02
  -65.006130      0.27396511E-02
  -65.138257     -0.77416100E-01
  -65.270384     -0.44641905E-01
  -65.402512     -0.38050428E-01
  -65.534639     -0.87079830E-01
  -65.666766      0.16162388E-01
  -65.798893      0.23890406E-01
  -65.931020     -0.11301011E-01
  -66.063147     -0.26302058E-01
  -66.195275     -0.53448718E-01
  -66.327402     -0.22110444E-01
  -66.459529      0.41343883E-01
  -66.591656     -0.11365356E-01
  -66.723783     -0.19804494E-01
  -66.855910      0.47544125E-01
  -66.988038      0.57611480E-01
  -67.120165      0.20592023E-01
  -67.252292      0.19150607E-01
  -67.384419      0.37657805E-01
  -67.516546     -0.19723950E-02
  -67.648673      0.36712050E-01
  -67.780801      0.59029445E-01
  -67.912928     -0.19477559E-02
  -68.045055     -0.29154930E-01
  -68.177182     -0.61189053E-02
  -68.309309      0.19919457E-01
  -68.441436      0.37476476E-01
  -68.573564      0.38235631E-01
  -68.705691     -0.14680885E-01
  -68.837818     -0.44611100E-01
  -68.969945     -0.32249827E-01
  -69.102072     -0.40020023E-01
  -69.234199     -0.37181683E-01
  -69.366327     -0.10900756E-01
  -69.498454     -0.17326377E-01
  -69.630581     -0.28845640E-01
  -69.762708      0.38526114E-02
  -69.894835     -0.19543590E-01
  -70.026962     -0.49507417E-01
  -70.159090     -0.16482353E-01
  -70.291217     -0.17975129E-01
  -70.423344      0.54548886E-02
  -70.555471     -0.16837083E-02
  -70.687598      0.13602339E-01
  -70.819725      0.13853807E-01
  -70.951853      0.46544015E-01
  -71.083980      0.98183945E-01
  -71.216107     -0.11492363E-01
  -71.348234     -0.82925797E-01
  -71.480361      0.91444440E-02
  -71.612488      0.67381151E-02
  -71.744616     -0.42471029E-01
  -71.876743     -0.11589780E-01
  -72.008870      0.89365683E-01
  -72.140997      0.67110918E-01
  -72.273124     -0.24428118E-01
  -72.405251     -0.43742126E-02
  -72.537379     -0.24547271E-01
  -72.669506     -0.20427853E-01
  -72.801633      0.17004134E-02
  -72.933760      0.10401087    
  -73.065887      0.11249490    
  -73.198014     -0.11942524E-01
  -73.330142     -0.88725612E-02
  -73.462269     -0.34399021E-01
  -73.594396     -0.24245583E-01
  -73.726523      0.11775028E-01
  -73.858650     -0.69243923E-01
  -73.990777     -0.17900685E-01
  -74.122905      0.45146652E-01
  -74.255032      0.40922578E-01
  -74.387159      0.40414728E-01
  -74.519286      0.35042368E-01
  -74.651413      0.38474262E-01
  -74.783540      0.36668677E-01
  -74.915668      0.51147016E-02
  -75.047795      0.67490917E-02
  -75.179922      0.19114887E-01
  -75.312049     -0.74647106E-02
  -75.444176     -0.11807718E-01
  -75.576303     -0.16458306E-01
  -75.708431      0.55008847E-02
  -75.840558      0.78225493E-01
  -75.972685      0.11112683    
  -76.104812      0.74298188E-01
  -76.236939     -0.25117455E-01
  -76.369066     -0.17500196E-01
  -76.501194      0.27198829E-01
  -76.633321     -0.17469123E-01
  -76.765448     -0.51190957E-01
  -76.897575     -0.13153486E-01
  -77.029702      0.16080737E-01
  -77.161829      0.16199695E-01
  -77.293957      0.35351492E-01
  -77.426084      0.31376835E-01
  -77.558211      0.31741457E-02
  -77.690338     -0.39792981E-01
  -77.822465     -0.16989518E-01
  -77.954592      0.18115422E-01
  -78.086720      0.47256354E-01
  -78.218847     -0.41581723E-02
  -78.350974      0.89805359E-02
  -78.483101      0.30253405E-01
  -78.615228      0.25113568E-01
  -78.747355      0.41840300E-01
  -78.879483      0.62847473E-01
  -79.011610      0.60179170E-01
  -79.143737      0.25356375E-01
  -79.275864     -0.15243340E-01
  -79.407991     -0.30103974E-01
  -79.540118      0.59642293E-01
  -79.672245     -0.21626620E-01
  -79.804373     -0.13393496    
  -79.936500     -0.64918883E-01
  -80.068627      0.39739661E-01
  -80.200754      0.10060744    
  -80.332881      0.57703272E-01
  -80.465008     -0.21228539E-01
  -80.597136     -0.74310921E-01
  -80.729263     -0.97453080E-01
  -80.861390      0.53833723E-02
  -80.993517      0.72207451E-02
  -81.125644     -0.65980926E-01
  -81.257771     -0.25081893E-01
  -81.389899      0.15294414E-01
  -81.522026     -0.54478319E-02
  -81.654153     -0.20857742E-02
  -81.786280      0.91253288E-01
  -81.918407      0.38012814E-01
  -82.050534      0.26745731E-02
  -82.182662      0.67701206E-01
  -82.314789     -0.16440129E-01
  -82.446916     -0.56601036E-03
  -82.579043      0.78762278E-01
  -82.711170      0.27977938E-01
  -82.843297     -0.17235056E-01
  -82.975425      0.68111062E-01
  -83.107552      0.49322415E-01
  -83.239679     -0.35205871E-01
  -83.371806     -0.64353079E-01
  -83.503933     -0.12052585    
  -83.636060     -0.62991351E-01
  -83.768188      0.36165498E-01
  -83.900315      0.71784496E-01
  -84.032442      0.31593479E-01
  -84.164569     -0.24180394E-01
  -84.296696      0.14810637E-02
  -84.428823      0.96497074E-01
  -84.560951      0.78650244E-01
  -84.693078     -0.39625680E-03
  -84.825205     -0.26999149E-01
  -84.957332      0.37650958E-01
  -85.089459      0.57416499E-01
  -85.221586      0.30359171E-01
  -85.353714      0.63260116E-01
  -85.485841      0.69199070E-01
  -85.617968      0.89503080E-02
  -85.750095     -0.50686613E-01
  -85.882222     -0.57744391E-01
  -86.014349      0.35289861E-01
  -86.146477      0.43734998E-01
  -86.278604     -0.48323151E-01
  -86.410731     -0.34993690E-01
  -86.542858     -0.46838164E-01
  -86.674985     -0.91255039E-01
  -86.807112      0.85727023E-02
  -86.939240      0.10724582    
  -87.071367      0.33291087E-01
  -87.203494     -0.16990859E-01
  -87.335621     -0.89450721E-02
  -87.467748     -0.34335565E-01
  -87.599875     -0.45544863E-01
  -87.732003      0.95813610E-02
  -87.864130     -0.32640852E-01
  -87.996257     -0.41768294E-01
  -88.128384      0.23918599E-03
  -88.260511      0.51082850E-01
  -88.392638      0.34791119E-01
  -88.524766     -0.82915045E-01
  -88.656893     -0.49010411E-01
  -88.789020      0.27577024E-01
  -88.921147     -0.45571923E-01
  -89.053274     -0.23804229E-01
  -89.185401      0.66876575E-01
  -89.317529      0.55235580E-01
  -89.449656      0.66115141E-01
  -89.581783      0.13005851    
  -89.713910      0.20365058E-01
  -89.846037     -0.84024273E-01
  -89.978164     -0.66502020E-03
  -90.110292     -0.52784007E-01
  -90.242419     -0.10641164    
  -90.374546     -0.47729924E-01
  -90.506673     -0.19287201E-01
  -90.638800      0.21992708E-01
  -90.770927      0.34719661E-01
  -90.903055     -0.14366917E-01
  -91.035182     -0.37647076E-01
  -91.167309     -0.49729496E-02
  -91.299436     -0.32971203E-01
  -91.431563     -0.12221757    
  -91.563690     -0.10472558    
  -91.695818     -0.91301680E-01
  -91.827945     -0.72155960E-01
  -91.960072     -0.28614376E-01
  -92.092199      0.13316439E-01
  -92.224326      0.43876953E-01
  -92.356453     -0.32977879E-01
  -92.488581     -0.33612125E-01
  -92.620708     -0.19409789E-01
  -92.752835      0.41463256E-01
  -92.884962      0.41689239E-02
  -93.017089     -0.10419697E-01
  -93.149216      0.49704537E-01
  -93.281344      0.27544405E-01
  -93.413471      0.32287508E-01
  -93.545598      0.21881238E-01
  -93.677725     -0.72637133E-01
  -93.809852     -0.17105246    
  -93.941979     -0.71773745E-01
  -94.074107     -0.13673380E-01
  -94.206234     -0.56659050E-01
  -94.338361      0.11074077E-02
  -94.470488      0.76851305E-02
  -94.602615     -0.11990096    
  -94.734742     -0.26251078E-01
  -94.866870      0.35552979E-01
  -94.998997     -0.13688825E-01
  -95.131124      0.39417103E-01
  -95.263251      0.54201882E-01
  -95.395378     -0.12286227E-01
  -95.527505     -0.49962491E-01
  -95.659633      0.11272522E-01
  -95.791760     -0.33939555E-02
  -95.923887     -0.52665032E-01
  -96.056014      0.22440758E-01
  -96.188141      0.19786438E-01
  -96.320268      0.25695356E-01
  -96.452396      0.52174523E-01
  -96.584523      0.49645635E-02
  -96.716650      0.72335927E-02
  -96.848777     -0.29721268E-03
  -96.980904     -0.36418259E-01
  -97.113031     -0.87167434E-01
  -97.245159     -0.40775970E-01
  -97.377286     -0.10755038E-01
  -97.509413      0.83931750E-02
  -97.641540      0.32126300E-01
  -97.773667     -0.24621960E-01
  -97.905794     -0.13874505E-01
  -98.037922      0.32015186E-01
  -98.170049      0.47434710E-01
  -98.302176      0.92168704E-01
  -98.434303      0.82327388E-02
  -98.566430     -0.42923465E-01
  -98.698557     -0.93039706E-01
  -98.830685     -0.55999197E-01
  -98.962812      0.72726436E-01
  -99.094939      0.36595941E-01
  -99.227066      0.19706052E-01
  -99.359193     -0.16202340E-01
  -99.491320     -0.16190896E-01
  -99.623448      0.13002608E-01
  -99.755575     -0.15814980E-01
  -99.887702     -0.16126605E-01
  -100.01983      0.29344840E-01
  -100.15196      0.37365858E-01
  -100.28408     -0.25210837E-01
  -100.41621     -0.24190892E-01
  -100.54834      0.15225975E-01
  -100.68046     -0.45212209E-01
  -100.81259     -0.92108727E-01
  -100.94472     -0.66820897E-01
  -101.07685     -0.32066228E-02
  -101.20897      0.47015898E-01
  -101.34110      0.27882298E-01
  -101.47323     -0.94623528E-02
  -101.60536     -0.36730919E-01
  -101.73748     -0.88209817E-02
  -101.86961      0.13717564E-01
  -102.00174     -0.33313327E-01
  -102.13386      0.47501642E-02
  -102.26599      0.11686668    
  -102.39812      0.53986043E-01
  -102.53025     -0.12318371E-01
  -102.66237      0.21354208E-01
  -102.79450      0.51465947E-02
  -102.92663     -0.77415809E-01
  -103.05875     -0.76058000E-01
  -103.19088      0.44432264E-01
  -103.32301     -0.29184116E-01
  -103.45514     -0.62429711E-01
  -103.58726      0.59540477E-03
  -103.71939      0.76855674E-01
  -103.85152      0.39555546E-01
  -103.98364      0.36586728E-02
  -104.11577      0.37956536E-01
  -104.24790      0.16507570E-01
  -104.38003      0.38644541E-01
  -104.51215      0.13762552E-01
  -104.64428      0.64618094E-03
  -104.77641     -0.13579316E-02
  -104.90853     -0.10682513    
  -105.04066     -0.63318655E-01
  -105.17279      0.10508457    
  -105.30492      0.13623330    
  -105.43704      0.90288989E-01
  -105.56917      0.34858346E-01
  -105.70130      0.33225019E-01
  -105.83342     -0.39482783E-02
  -105.96555      0.25618441E-01
  -106.09768      0.27299849E-01
  -106.22981     -0.89022741E-01
  -106.36193     -0.26349027E-01
  -106.49406     -0.50433911E-01
  -106.62619     -0.66103280E-01
  -106.75831      0.65214708E-01
  -106.89044      0.32189772E-01
  -107.02257      0.23858419E-01
  -107.15470      0.34362059E-01
  -107.28682     -0.15047718E-01
  -107.41895     -0.46920270E-01
  -107.55108     -0.31717522E-02
  -107.68320      0.81611630E-02
  -107.81533     -0.77812798E-01
  -107.94746     -0.77889144E-01
  -108.07959      0.32384478E-01
  -108.21171      0.10014728E-01
  -108.34384     -0.57502232E-01
  -108.47597     -0.49982071E-01
  -108.60809     -0.29441601E-01
  -108.74022      0.33879668E-01
  -108.87235     -0.36614314E-02
  -109.00448     -0.74911803E-01
  -109.13660     -0.22490228E-01
  -109.26873      0.42297088E-01
  -109.40086      0.20202480E-01
  -109.53298      0.11495529E-01
  -109.66511      0.26521692E-01
  -109.79724     -0.51937163E-01
  -109.92937     -0.69797523E-01
  -110.06149     -0.54353710E-01
  -110.19362     -0.10009170    
  -110.32575      0.54322667E-01
  -110.45788      0.14469162    
  -110.59000     -0.14007794E-01
  -110.72213      0.13620127E-02
  -110.85426      0.25379810E-01
  -110.98638     -0.68739080E-03
  -111.11851      0.31832833E-01
  -111.25064     -0.48737757E-01
  -111.38277     -0.37807718E-01
  -111.51489      0.76093651E-01
  -111.64702      0.84586561E-01
  -111.77915     -0.21508235E-01
  -111.91127     -0.68724692E-01
  -112.04340      0.72444947E-02
  -112.17553      0.22389457E-01
  -112.30766      0.38798682E-01
  -112.43978      0.75420551E-01
  -112.57191     -0.46939939E-01
  -112.70404     -0.49142942E-01
  -112.83616      0.35099462E-01
  -112.96829     -0.90993848E-02
  -113.10042     -0.92950240E-01
  -113.23255     -0.52356720E-01
  -113.36467     -0.65459218E-02
  -113.49680      0.14056690E-01
  -113.62893     -0.34746796E-01
  -113.76105     -0.27773883E-01
  -113.89318      0.32755043E-01
  -114.02531      0.45447584E-01
  -114.15744      0.72162718E-01
  -114.28956     -0.47561273E-01
  -114.42169     -0.37550844E-01
  -114.55382      0.74415933E-03
  -114.68594     -0.51010657E-01
  -114.81807     -0.96246935E-01
  -114.95020     -0.20006536E-01
  -115.08233      0.42000886E-01
  -115.21445      0.19899396E-01
  -115.34658     -0.97181864E-01
  -115.47871     -0.13417622    
  -115.61083      0.73082917E-02
  -115.74296      0.71046203E-01
  -115.87509      0.29658021E-01
  -116.00722      0.29299088E-01
  -116.13934      0.38191620E-02
  -116.27147     -0.46243142E-01
  -116.40360      0.92779892E-02
  -116.53572      0.26821915E-01
  -116.66785     -0.54808725E-02
  -116.79998     -0.87395236E-02
  -116.93211      0.56998931E-01
  -117.06423     -0.63160062E-03
  -117.19636     -0.37508931E-01
  -117.32849     -0.50963242E-01
  -117.46061     -0.81391811E-01
  -117.59274      0.96835177E-02
  -117.72487     -0.33392109E-01
  -117.85700     -0.10379362    
  -117.98912      0.44143919E-01
  -118.12125      0.52475285E-01
  -118.25338     -0.33637732E-01
  -118.38551      0.23019373E-01
  -118.51763     -0.50738780E-02
  -118.64976     -0.11852639E-01
  -118.78189      0.11560107E-01
  -118.91401      0.35233416E-01
  -119.04614      0.14818943    
  -119.17827      0.95132887E-01
  -119.31040     -0.35348408E-01
  -119.44252     -0.54316431E-01
  -119.57465      0.46379473E-01
  -119.70678      0.12139192    
  -119.83890      0.14003801    
  -119.97103      0.10418016    
  -120.10316      0.34170177E-01
  -120.23529      0.70253164E-02
  -120.36741      -531.57391    
  -120.49954      0.44394016E-01
  -120.63167      0.55227261E-01
  -120.76379      0.12596026    
  -120.89592      0.12033057    
  -121.02805      0.84081590E-01
  -121.16018      0.80288500E-01
  -121.29230      0.46693772E-01
  -121.42443      0.72401904E-01
  -121.55656      0.18093789    
  -121.68868      0.53070858E-01
  -121.82081     -0.59767831E-01
  -121.95294     -0.20698700E-02
  -122.08507      0.29154971E-01
  -122.21719      0.20542193E-01
  -122.34932     -0.75480156E-01
  -122.48145      0.49858909E-01
  -122.61357      0.16315642    
  -122.74570      0.59934702E-01
  -122.87783      0.72857499E-01
  -123.00996      0.78096613E-01
  -123.14208      0.29043237E-01
  -123.27421     -0.10302264E-01
  -123.40634     -0.20269800E-01
  -123.53846      0.83604820E-01
  -123.67059      0.41503120E-01
  -123.80272      0.41212965E-01
  -123.93485      0.20957977E-01
  -124.06697      0.15633032E-01
  -124.19910     -0.20041829E-02
  -124.33123     -0.72471082E-01
  -124.46335     -0.31454638E-01
  -124.59548     -0.34382217E-01
  -124.72761     -0.36702253E-01
  -124.85974     -0.32453582E-01
  -124.99186      0.19956304E-01
  -125.12399      0.17620387E-01
  -125.25612      0.36335133E-01
  -125.38824     -0.26766362E-01
  -125.52037     -0.81864208E-01
  -125.65250     -0.26405979E-01
  -125.78463     -0.40594921E-01
  -125.91675     -0.10909848E-01
  -126.04888      0.14226276E-01
  -126.18101      0.81255414E-01
  -126.31314      0.18493706    
  -126.44526      0.14082529    
  -126.57739      0.52493438E-02
  -126.70952      0.14783666E-01
  -126.84164     -0.67671966E-02
  -126.97377     -0.34817103E-01
  -127.10590      0.26001081E-01
  -127.23803     -0.48828991E-02
  -127.37015     -0.25857918E-01
  -127.50228      0.16503567E-01
  -127.63441      0.61717093E-01
  -127.76653     -0.23176378E-01
  -127.89866     -0.71969897E-01
  -128.03079      0.24014518E-01
  -128.16292     -0.14043255E-01
  -128.29504     -0.19702002E-01
  -128.42717     -0.33075307E-02
  -128.55930     -0.65845097E-02
  -128.69142      0.21032153E-01
  -128.82355     -0.81636705E-01
  -128.95568     -0.63542277E-01
  -129.08781     -0.11685461E-01
  -129.21993      0.26809413E-01
  -129.35206      0.25612408E-01
  -129.48419     -0.64919956E-01
  -129.61631     -0.31814750E-01
  -129.74844     -0.18326635E-01
  -129.88057     -0.10085776    
  -130.01270     -0.69911867E-01
  -130.14482      0.22665555E-01
  -130.27695     -0.85251138E-01
  -130.40908     -0.11912623    
  -130.54120     -0.55654723E-01
  -130.67333      0.21896848E-01
  -130.80546      0.16564073E-01
  -130.93759     -0.85763432E-01
  -131.06971     -0.14326860    
  -131.20184     -0.41692935E-01
  -131.33397      0.56563314E-01
  -131.46609      0.73644407E-01
  -131.59822      0.61781701E-01
  -131.73035     -0.68815179E-01
  -131.86248     -0.36468565E-01
  -131.99460      0.48418391E-01
  -132.12673      0.76591894E-01
  -132.25886      0.11804794    
  -132.39098      0.66667072E-01
  -132.52311      0.13291379E-01
  -132.65524      0.10043830E-02
  -132.78737      0.17204124E-01
  -132.91949     -0.14369329E-01
  -133.05162      0.10376048E-01
  -133.18375     -0.97584613E-02
  -133.31587     -0.68627730E-01
  -133.44800     -0.51550031E-01
  -133.58013     -0.10319318    
  -133.71226     -0.17142678E-01
  -133.84438      0.12004481    
  -133.97651      0.13018519    
  -134.10864      0.12647010E-01
  -134.24076     -0.15449364E-01
  -134.37289      0.64592183E-01
  -134.50502     -0.14848001E-01
  -134.63715     -0.86187035E-01
  -134.76927     -0.60766250E-01
  -134.90140     -0.59851978E-01
  -135.03353     -0.62487811E-01
  -135.16566     -0.56996562E-01
  -135.29778     -0.70697822E-01
  -135.42991      0.11384016E-01
  -135.56204      0.56595381E-01
  -135.69416     -0.59178181E-01
  -135.82629     -0.89378349E-01
  -135.95842     -0.47113523E-01
  -136.09055      0.10424890E-01
  -136.22267      0.40195193E-01
  -136.35480      0.20421727E-01
  -136.48693      0.16536802E-01
  -136.61905     -0.79594515E-02
  -136.75118     -0.57689700E-01
  -136.88331     -0.80801114E-01
  -137.01544      0.88491533E-02
  -137.14756      0.22720851E-01
  -137.27969     -0.24437558E-01
  -137.41182     -0.49890527E-02
  -137.54394     -0.40371612E-01
  -137.67607     -0.23921859E-01
  -137.80820      0.15835334E-01
  -137.94033      0.33030100E-03
  -138.07245     -0.93309037E-01
  -138.20458     -0.61649963E-01
  -138.33671      0.67678094E-01
  -138.46883      0.55673201E-01
  -138.60096      0.73282272E-02
  -138.73309     -0.21326922E-01
  -138.86522     -0.90154186E-01
  -138.99734     -0.81786439E-01
  -139.12947     -0.49979724E-02
  -139.26160      0.54237701E-01
  -139.39372      0.88316286E-02
  -139.52585     -0.62109105E-01
  -139.65798     -0.57102084E-01
  -139.79011     -0.12619406E-01
  -139.92223     -0.15300240E-01
  -140.05436     -0.57083428E-01
  -140.18649     -0.36855217E-01
  -140.31861      0.28256034E-01
  -140.45074      0.90053484E-01
  -140.58287     -0.27811255E-01
  -140.71500     -0.74075386E-01
  -140.84712      0.14584651E-01
  -140.97925      0.34774188E-02
  -141.11138      0.64566634E-02
  -141.24350      0.59089780E-01
  -141.37563      0.47703743E-01
  -141.50776      0.33452630E-01
  -141.63989     -0.31029981E-01
  -141.77201     -0.44895761E-01
  -141.90414      0.61136624E-02
  -142.03627      0.20358907E-01
  -142.16839      0.22668805E-01
  -142.30052      0.59702147E-01
  -142.43265      0.10031338    
  -142.56478      0.25072724E-01
  -142.69690     -0.20650869E-01
  -142.82903     -0.30187184E-02
  -142.96116      0.93623884E-01
  -143.09329      0.13157172E-01
  -143.22541     -0.81595615E-01
  -143.35754     -0.37054487E-01
  -143.48967      0.48203461E-01
  -143.62179      0.96337132E-01
  -143.75392      0.70076153E-01
  -143.88605      0.12403456    
  -144.01818      0.12815449    
  -144.15030      0.36478259E-01
  -144.28243     -0.50194584E-01
  -144.41456     -0.61321225E-01
  -144.54668     -0.59755478E-01
  -144.67881     -0.62705204E-01
  -144.81094     -0.83233789E-01
  -144.94307     -0.35359174E-01
  -145.07519     -0.22159416E-01
  -145.20732      0.64632520E-02
  -145.33945     -0.75789783E-02
  -145.47157     -0.61212245E-01
  -145.60370      0.48253380E-01
  -145.73583      0.68230629E-01
  -145.86796     -0.22370353E-01
  -146.00008     -0.43321226E-01
  -146.13221     -0.10699075E-01
  -146.26434      0.15346071E-01
  -146.39646      0.33093147E-01
  -146.52859     -0.71013970E-02
  -146.66072     -0.15923316E-01
  -146.79285      0.36911890E-01
  -146.92497     -0.24148621E-01
  -147.05710     -0.31869233E-01
  -147.18923      0.17716194E-01
  -147.32135      0.32962311E-01
  -147.45348      0.17241878E-01
  -147.58561     -0.32365896E-01
  -147.71774      0.33872370E-01
  -147.84986      0.12178574    
  -147.98199      0.92765316E-01
  -148.11412     -0.15414681E-01
  -148.24624     -0.11552267E-01
  -148.37837     -0.70636049E-01
  -148.51050     -0.52460916E-01
  -148.64263      0.94790041E-01
  -148.77475      0.50947778E-01
  -148.90688     -0.61834242E-01
  -149.03901     -0.43551758E-01
  -149.17113     -0.94012737E-01
  -149.30326     -0.99043190E-01
  -149.43539      0.61149731E-01
  -149.56752      0.36545157E-01
  -149.69964     -0.25840020E-02
  -149.83177     -0.12592145E-01
  -149.96390     -0.50143506E-02
  -150.09602     -0.15690289E-01
  -150.22815     -0.11531053    
  -150.36028     -0.98864660E-01
  -150.49241     -0.50631627E-01
  -150.62453      0.30790791E-02
  -150.75666      0.32820068E-01
  -150.88879      0.14799459E-01
  -151.02092     -0.97566275E-02
  -151.15304     -0.58484245E-01
  -151.28517     -0.67649134E-01
  -151.41730     -0.67749292E-01
  -151.54942     -0.46258230E-01
  -151.68155      0.16600937E-02
  -151.81368      0.55627460E-02
  -151.94581     -0.33824779E-02
  -152.07793      0.12427852E-01
  -152.21006      0.30932195E-01
  -152.34219      0.27286934E-02
  -152.47431      0.45824349E-01
  -152.60644      0.34965545E-01
  -152.73857     -0.46183160E-02
  -152.87070      0.63532494E-01
  -153.00282      0.64191118E-01
  -153.13495      0.30506961E-02
  -153.26708     -0.10940011    
  -153.39920     -0.97647265E-01
  -153.53133      0.17295578E-01
  -153.66346      0.56265928E-01
  -153.79559      0.26342964E-01
  -153.92771      0.76756636E-02
  -154.05984     -0.13599368E-01
  -154.19197     -0.15466906E-01
  -154.32409     -0.71933866E-03
  -154.45622     -0.70762582E-01
  -154.58835     -0.14982550E-01
  -154.72048      0.23159871E-01
  -154.85260      0.24517279E-01
  -154.98473     -0.23258340E-01
  -155.11686     -0.33790171E-01
  -155.24898     -0.12255367E-02
  -155.38111     -0.16177841E-01
  -155.51324      0.41308179E-02
  -155.64537     -0.83824657E-01
  -155.77749     -0.47683317E-01
  -155.90962     -0.23971546E-01
  -156.04175      0.27835090E-02
  -156.17387     -0.64445818E-02
  -156.30600     -0.60796987E-01
  -156.43813     -0.42202305E-01
  -156.57026     -0.16318932E-02
  -156.70238      0.31626239E-01
  -156.83451     -0.15190430E-02
  -156.96664     -0.87532304E-01
  -157.09876     -0.25933506E-01
  -157.23089      0.77850901E-01
  -157.36302      0.16215319E-01
  -157.49515      0.54994330E-01
  -157.62727      0.79676077E-01
  -157.75940      0.49438965E-01
  -157.89153     -0.19093195E-01
  -158.02365      0.88527091E-02
  -158.15578      0.33653431E-01
  -158.28791      0.85841417E-02
  -158.42004      0.32540265E-01
  -158.55216      0.17363921E-01
  -158.68429     -0.12170944E-01
  -158.81642     -0.72291438E-02
  -158.94854      0.29658880E-01
  -159.08067      0.49882963E-01
  -159.21280      0.15004473E-01
  -159.34493     -0.70889369E-01
  -159.47705      0.97220428E-02
  -159.60918     -0.18549610E-01
  -159.74131      0.14313126E-01
  -159.87344      0.49834978E-01
  -160.00556     -0.46424270E-01
  -160.13769     -0.49547285E-01
  -160.26982     -0.48282288E-01
  -160.40194     -0.41857991E-01
  -160.53407     -0.53530954E-01
  -160.66620      0.31326368E-01
  -160.79833      0.75139977E-01
  -160.93045      0.67753100E-03
  -161.06258     -0.24554204E-01
  -161.19471      0.34794949E-01
  -161.32683      0.23294138E-01
  -161.45896     -0.35595033E-01
  -161.59109     -0.63936248E-01
  -161.72322      0.82983106E-01
  -161.85534      0.68421394E-01
  -161.98747     -0.92926592E-01
  -162.11960     -0.15241188    
  -162.25172     -0.12139270    
  -162.38385      0.23361411E-01
  -162.51598     -0.60029151E-02
  -162.64811      0.52262768E-02
  -162.78023      0.47795370E-01
  -162.91236     -0.43887354E-01
  -163.04449     -0.61280280E-01
  -163.17661      0.37215918E-01
  -163.30874      0.24006527E-01
  -163.44087     -0.87317050E-01
  -163.57300     -0.29243164E-01
  -163.70512      0.59958920E-02
  -163.83725      0.33171773E-02
  -163.96938     -0.10822924E-01
  -164.10150     -0.31626895E-01
  -164.23363      0.83585858E-01
  -164.36576      0.12052137E-01
  -164.49789     -0.45394957E-01
  -164.63001      0.13554981E-01
  -164.76214     -0.68638474E-01
  -164.89427     -0.90315111E-01
  -165.02639     -0.24153151E-01
  -165.15852     -0.85426606E-02
  -165.29065      0.93525678E-01
  -165.42278      0.94024621E-01
  -165.55490      0.55512108E-01
  -165.68703      0.24986759E-01
  -165.81916     -0.26211530E-01
  -165.95128      0.33259925E-01
  -166.08341      0.67000031E-01
  -166.21554      0.41161180E-01
  -166.34767     -0.11093559E-01
  -166.47979      0.43771692E-01
  -166.61192      0.89294039E-01
  -166.74405      0.64309537E-01
  -166.87617     -0.41255660E-01
  -167.00830     -0.75826801E-01
  -167.14043      0.22922751E-01
  -167.27256      0.29950768E-01
  -167.40468     -0.94680162E-02
  -167.53681     -0.10491645E-01
  -167.66894     -0.10392623E-01
  -167.80107      0.39531421E-02
  -167.93319      0.37563268E-01
  -168.06532      0.82628280E-01
  -168.19745      0.86570315E-01
  -168.32957      0.42169783E-02
  -168.46170     -0.65922230E-01
  -168.59383     -0.59473515E-02
  -168.72596      0.17481169E-01
  -168.85808      0.77912286E-02
  -168.99021      0.82478881E-01
  -169.12234      0.48672322E-01
  -169.25446     -0.14661938E-01
  -169.38659     -0.16780701E-02
  -169.51872     -0.25351509E-01
  -169.65085     -0.40898662E-01
  -169.78297     -0.27883518E-01
  -169.91510     -0.18477654E-02
  -170.04723     -0.36535397E-01
  -170.17935     -0.29453265E-01
  -170.31148      0.12476530E-01
  -170.44361     -0.37570320E-01
  -170.57574     -0.87719187E-01
  -170.70786     -0.12815140    
  -170.83999     -0.21809550E-01
  -170.97212      0.27996238E-01
  -171.10424     -0.36772728E-01
  -171.23637     -0.44723853E-01
  -171.36850     -0.46819247E-01
  -171.50063      0.40245615E-03
  -171.63275      0.86073279E-02
  -171.76488      0.25584402E-01
  -171.89701      0.79038972E-02
  -172.02913      0.31377301E-01
  -172.16126      0.36464639E-01
  -172.29339      0.16900785E-02
  -172.42552     -0.51312417E-01
  -172.55764     -0.15431063E-01
  -172.68977      0.11538116    
  -172.82190     -0.31177891E-01
  -172.95402     -0.12095273    
  -173.08615     -0.34023501E-01
  -173.21828      0.55684984E-01
  -173.35041      0.35988212E-01
  -173.48253     -0.41833583E-01
  -173.61466     -0.17475974E-01
  -173.74679     -0.41022237E-01
  -173.87891     -0.25497740E-01
  -174.01104      0.91487549E-01
  -174.14317      0.54775484E-01
  -174.27530     -0.34438815E-01
  -174.40742      0.38759969E-03
  -174.53955      0.97155623E-01
  -174.67168      0.15290821    
  -174.80380      0.86715877E-01
  -174.93593      0.52016363E-01
  -175.06806     -0.15760724E-01
  -175.20019     -0.22232939E-01
  -175.33231      0.55441912E-02
  -175.46444      0.14543291E-02
  -175.59657      0.79592526E-01
  -175.72870      0.94510570E-01
  -175.86082      0.19270133E-01
  -175.99295     -0.88536464E-01
  -176.12508     -0.64918034E-01
  -176.25720      0.44936582E-01
  -176.38933      0.18702697E-01
  -176.52146     -0.35766870E-01
  -176.65359     -0.14861431E-02
  -176.78571     -0.36408089E-01
  -176.91784     -0.24119463E-01
  -177.04997      0.12434123E-01
  -177.18209     -0.97277455E-01
  -177.31422     -0.15956910    
  -177.44635     -0.55312660E-01
  -177.57848     -0.24161255E-01
  -177.71060     -0.58721885E-01
  -177.84273     -0.21072410E-01
  -177.97486      0.45340404E-01
  -178.10698      0.17272994E-01
  -178.23911     -0.13776591    
  -178.37124     -0.12029742    
  -178.50337     -0.76671243E-01
  -178.63549     -0.62567219E-01
  -178.76762      0.16693767E-01
  -178.89975      0.68266958E-01
  -179.03187      0.12343994    
  -179.16400      0.11020212    
  -179.29613      0.74430086E-01
  -179.42826      0.20856369E-01
  -179.56038      0.75371549E-02
  -179.69251      0.11443485    
  -179.82464      0.94611570E-01
  -179.95676     -0.15664920E-01
  -180.08889      0.10951806E-01
  -180.22102     -0.79547592E-01
  -180.35315     -0.34338608E-03
  -180.48527      0.76157100E-01
  -180.61740     -0.37698813E-01
  -180.74953      0.38259029E-02
  -180.88165     -0.19984934E-02
  -181.01378      0.25389906E-01
  -181.14591     -0.82925325E-02
  -181.27804     -0.37081935E-01
