   125.26130      0.66843882E-01
   124.62621      0.15136324    
   123.99111      0.12302993    
   123.35602      0.15480666    
   122.72093     -0.29379737E-01
   122.08584     -0.17365282E-01
   121.45075      0.69269404E-01
   120.81565     -0.10151368E-01
   120.18056      0.40756568E-01
   119.54547     -0.18551737    
   118.91038     -0.10770778    
   118.27529      0.10926738E-01
   117.64019     -0.26462682E-01
   117.00510     -0.88239908E-02
   116.37001     -0.25255278    
   115.73492     -0.12582637    
   115.09983     -0.50188445E-01
   114.46473     -0.21103591    
   113.82964     -0.34549016    
   113.19455     -0.17700341E-01
   112.55946     -0.21215147    
   111.92436     -0.18723643    
   111.28927     -0.23477082    
   110.65418     -0.57326544E-01
   110.01909      0.86899906E-01
   109.38400     -0.16157848    
   108.74890     -0.24792260    
   108.11381      0.37997747E-02
   107.47872     -0.14207101    
   106.84363     -0.92642754E-03
   106.20854     -0.12024520    
   105.57344     -0.14252742    
   104.93835     -0.19628171E-01
   104.30326     -0.26792926    
   103.66817     -0.55670686E-01
   103.03307     -0.14343496    
   102.39798     -0.10110717    
   101.76289     -0.42018354E-01
   101.12780      0.67259789E-01
   100.49271     -0.21327469    
   99.857614      0.57563454E-01
   99.222522      0.75585984E-01
   98.587430      0.26024622    
   97.952338     -0.80494553E-01
   97.317246      0.65851346E-01
   96.682153     -0.16776225    
   96.047061     -0.19649291    
   95.411969     -0.15513308    
   94.776877     -0.25581670    
   94.141785     -0.50739363E-01
   93.506693      0.23153089    
   92.871601      0.85455082E-01
   92.236509     -0.12076157    
   91.601416      0.31972337    
   90.966324      0.30151832    
   90.331232      0.60768418E-01
   89.696140      0.63859992E-01
   89.061048      0.17903379    
   88.425956      0.68038054E-01
   87.790864     -0.19337863    
   87.155771     -0.99143967E-01
   86.520679     -0.23188737    
   85.885587     -0.21329755    
   85.250495     -0.22059388    
   84.615403      0.26127771E-02
   83.980311     -0.55372778E-01
   83.345219     -0.17004220    
   82.710127     -0.12129898    
   82.075034      0.88281013E-01
   81.439942      0.16145556    
   80.804850     -0.49693145E-01
   80.169758     -0.99523015E-01
   79.534666      0.12523597    
   78.899574     -0.10817026    
   78.264482      0.11220825    
   77.629390      0.85774906E-01
   76.994297     -0.20071119    
   76.359205     -0.27945185    
   75.724113      0.80177426E-01
   75.089021      0.71386226E-01
   74.453929      0.29489949    
   73.818837      0.44755761E-01
   73.183745      0.16954007E-01
   72.548653     -0.88499717E-01
   71.913560     -0.16181831    
   71.278468      0.33237189E-02
   70.643376     -0.24258831    
   70.008284     -0.19847696    
   69.373192     -0.78878671E-01
   68.738100     -0.19318445E-01
   68.103008     -0.58370721E-01
   67.467915      0.51228985E-01
   66.832823      0.10678694    
   66.197731      0.21444522    
   65.562639      0.20910999    
   64.927547      0.10661595    
   64.292455      0.12115894    
   63.657363      0.42495616E-01
   63.022271      0.22311069E-01
   62.387178     -0.95275477E-01
   61.752086     -0.20033538    
   61.116994     -0.29043597    
   60.481902     -0.21295910    
   59.846810      0.21556044    
   59.211718      0.31953144    
   58.576626      0.12174606    
   57.941534     -0.60199805E-01
   57.306441      0.11489483    
   56.671349     -0.27372088E-01
   56.036257      0.78459486E-01
   55.401165      0.10971882    
   54.766073     -0.67437649E-01
   54.130981     -0.25680089    
   53.495889      0.11433245    
   52.860797      0.20219393    
   52.225704      0.71212515E-01
   51.590612      0.15822075    
   50.955520     -0.78048334E-02
   50.320428      0.29582304    
   49.685336      0.29361507    
   49.050244      0.27704793    
   48.415152      0.24919224    
   47.780059      0.45289714E-01
   47.144967     -0.14786690    
   46.509875     -0.70614420E-01
   45.874783     -0.19693106    
   45.239691     -0.19139124    
   44.604599     -0.82337253E-01
   43.969507     -0.49830932E-01
   43.334415     -0.72556011E-01
   42.699322      0.18936512    
   42.064230      0.34182853    
   41.429138      0.15079361    
   40.794046      0.12903130    
   40.158954      0.73379442E-01
   39.523862      0.17859367    
   38.888770     -0.99029012E-01
   38.253678      0.10618491    
   37.618585      0.13458925    
   36.983493      0.17555431E-02
   36.348401      0.86154401E-01
   35.713309      0.16096285    
   35.078217     -0.11105046    
   34.443125     -0.23967326E-01
   33.808033      0.16086261    
   33.172940      0.31976143    
   32.537848      0.17784385    
   31.902756      0.38333121    
   31.267664      0.57186347E-01
   30.632572     -0.64101875E-01
   29.997480      0.18282363    
   29.362388      0.70448011E-01
   28.727296      0.20367080    
   28.092203      0.27787563    
   27.457111      0.19526742    
   26.822019      0.22498176    
   26.186927      0.12180171    
   25.551835     -0.38073093E-01
   24.916743      0.16207580    
   24.281651      0.13163227    
   23.646559      0.27038515    
   23.011466      0.31686640    
   22.376374      0.11646957    
   21.741282      0.10794654    
   21.106190      0.44834715    
   20.471098      0.40847969    
   19.836006      0.73263729    
   19.200914      0.71380478    
   18.565822      0.77758694    
   17.930729      0.91170955    
   17.295637       1.2183641    
   16.660545       1.3103489    
   16.025453       1.6204522    
   15.390361       1.8294768    
   14.755269       2.2836161    
   14.120177       2.7650445    
   13.485084       3.2718017    
   12.849992       3.6224127    
   12.214900       4.6744065    
   11.579808       6.3922482    
   10.944716       8.3436575    
   10.309624       9.8978806    
   9.6745317       6.3964596    
   9.0394396      0.90742713    
   8.4043474      0.71484137    
   7.7692553       1.4077954    
   7.1341632       5.3607635    
   6.4990711       7.1834249    
   5.8639789       6.3265953    
   5.2288868       5.4946103    
   4.5937947       4.5495667    
   3.9587025       4.1361537    
   3.3236104       3.6131506    
   2.6885183       2.9698746    
   2.0534262       2.5915799    
   1.4183340       2.3148911    
  0.78324190       2.1499903    
  0.14814977       1.8894361    
 -0.48694236       1.5648451    
  -1.1220345       1.3393829    
  -1.7571266       1.1793668    
  -2.3922188       1.0479413    
  -3.0273109      0.75539237    
  -3.6624030      0.66618031    
  -4.2974951      0.38963512    
  -4.9325873      0.28921667    
  -5.5676794      0.27321690    
  -6.2027715      0.40832976    
  -6.8378637      0.32918400    
  -7.4729558      0.23650052    
  -8.1080479      0.22392187    
  -8.7431400      0.37769726    
  -9.3782322      0.21393882    
  -10.013324      0.21543314    
  -10.648416      0.19217306    
  -11.283509      0.32855600E-01
  -11.918601     -0.10106465E-01
  -12.553693      0.10314770E-02
  -13.188785     -0.18043056    
  -13.823877      0.60605630E-01
  -14.458969     -0.61919708E-01
  -15.094061      0.11550752    
  -15.729153     -0.11220139E-01
  -16.364246      0.80573164E-01
  -16.999338      0.21050698    
  -17.634430     -0.10271756    
  -18.269522     -0.48983976E-01
  -18.904614      0.28778631E-01
  -19.539706     -0.79586640E-01
  -20.174798     -0.26044866E-01
  -20.809891     -0.13913715    
  -21.444983     -0.12292491    
  -22.080075     -0.10377842    
  -22.715167     -0.20011196    
  -23.350259     -0.15756528    
  -23.985351     -0.86741626E-01
  -24.620443     -0.29001182E-01
  -25.255535     -0.11380792E-01
  -25.890628     -0.16555864    
  -26.525720      0.19095869    
  -27.160812      0.34216553E-01
  -27.795904      0.14638525E-01
  -28.430996      0.62314644E-02
  -29.066088     -0.25828400    
  -29.701180     -0.14941832    
  -30.336272      0.17310897    
  -30.971365      0.45312323E-01
  -31.606457     -0.91293901E-01
  -32.241549     -0.13886610E-01
  -32.876641     -0.11473990    
  -33.511733     -0.11219580    
  -34.146825     -0.11170775    
  -34.781917      0.12852471    
  -35.417009     -0.62057912E-01
  -36.052102     -0.13200952    
  -36.687194     -0.35556695    
  -37.322286     -0.66648841E-01
  -37.957378     -0.25714213    
  -38.592470     -0.33338137E-01
  -39.227562      0.10096329    
  -39.862654     -0.84895082E-01
  -40.497747     -0.12256625    
  -41.132839     -0.21435231E-01
  -41.767931      0.56047887E-02
  -42.403023     -0.13210690    
  -43.038115     -0.25627976E-02
  -43.673207     -0.25131205    
  -44.308299     -0.13264275    
  -44.943391     -0.20706315    
  -45.578484     -0.16524962    
  -46.213576     -0.13811879    
  -46.848668     -0.14659701    
  -47.483760     -0.11390214    
  -48.118852     -0.10118386E-01
  -48.753944     -0.40094793E-01
  -49.389036     -0.35574995E-02
  -50.024128     -0.85731655E-01
  -50.659221     -0.11457783    
  -51.294313     -0.19354947    
  -51.929405      0.22857638E-01
  -52.564497     -0.73653720E-02
  -53.199589     -0.95297769E-01
  -53.834681     -0.72154075E-01
  -54.469773     -0.24077782    
  -55.104865     -0.36644295    
  -55.739958     -0.15268141    
  -56.375050     -0.49289033E-01
  -57.010142     -0.30684855E-01
  -57.645234     -0.94173595E-01
  -58.280326     -0.98122068E-01
  -58.915418     -0.23618244E-01
  -59.550510     -0.32833275    
  -60.185603     -0.23740333    
  -60.820695     -0.31046289    
  -61.455787     -0.24097393    
  -62.090879     -0.17458407E-01
  -62.725971      0.48071217E-01
  -63.361063      0.34087606E-01
  -63.996155     -0.11361462    
  -64.631247     -0.50345283E-01
  -65.266340     -0.18241729    
  -65.901432     -0.45178063E-01
  -66.536524      0.34986436E-02
  -67.171616     -0.12389033    
  -67.806708     -0.96266046E-01
  -68.441800      0.97715974E-01
  -69.076892     -0.16170686    
  -69.711984     -0.28039688    
  -70.347077      0.84218726E-01
  -70.982169     -0.10882710    
  -71.617261     -0.26645479    
  -72.252353     -0.13562146    
  -72.887445     -0.15901507    
  -73.522537     -0.74246265E-02
  -74.157629      0.88588245E-01
  -74.792721      0.34732811E-01
  -75.427814      0.77909343E-01
  -76.062906     -0.64813137E-01
  -76.697998     -0.13091119    
  -77.333090     -0.10990222    
  -77.968182     -0.14778134    
  -78.603274     -0.41814315    
  -79.238366     -0.23881257    
  -79.873459      0.47836747E-01
  -80.508551     -0.92078753E-01
  -81.143643     -0.18301181    
  -81.778735     -0.41695971E-01
  -82.413827      0.20398546E-01
  -83.048919     -0.26281285    
  -83.684011     -0.87357774E-01
  -84.319103     -0.29579114E-01
  -84.954196     -0.18749273    
  -85.589288     -0.14133534    
  -86.224380     -0.17756379    
  -86.859472      0.29810574E-02
  -87.494564     -0.16226809    
  -88.129656     -0.18662691    
  -88.764748     -0.24017453    
  -89.399840     -0.64276189E-01
  -90.034933     -0.19115099    
  -90.670025      0.12092033    
  -91.305117     -0.11266486    
  -91.940209      0.72236247E-01
  -92.575301     -0.15620686E-01
  -93.210393     -0.11622764    
  -93.845485     -0.15573645    
  -94.480578     -0.47638416    
  -95.115670     -0.25271866    
  -95.750762     -0.42202402E-01
  -96.385854     -0.17244563    
  -97.020946     -0.17748451    
  -97.656038     -0.54827116E-01
  -98.291130     -0.23157470E-01
  -98.926222      0.79358704E-01
  -99.561315     -0.57942834E-01
  -100.19641     -0.44406541E-01
  -100.83150      0.58621734E-01
  -101.46659      0.82599364E-01
  -102.10168     -0.10430187    
  -102.73678      0.37862815E-01
  -103.37187     -0.16939269    
  -104.00696     -0.18379076    
  -104.64205     -0.14703864    
  -105.27714     -0.26287842    
  -105.91224     -0.30079609    
  -106.54733     -0.49254637E-01
  -107.18242      0.40009046    
  -107.81751      0.27953053    
  -108.45260      0.15194027    
  -109.08770     -0.14416634    
  -109.72279     -0.18943574    
  -110.35788     -0.57071626E-01
  -110.99297     -0.36037052    
  -111.62806     -0.35342792    
  -112.26316     -0.22988909    
  -112.89825     -0.17569698E-02
  -113.53334      0.34107257E-01
  -114.16843     -0.22345852E-01
  -114.80353     -0.81722051E-01
  -115.43862     -0.11605529E-01
  -116.07371      0.33042446E-01
  -116.70880     -0.79444900E-01
  -117.34389     -0.14472365    
  -117.97899     -0.10216515    
  -118.61408     -0.14072290    
  -119.24917     -0.25623479    
  -119.88426     -0.19094624    
  -120.51935     -0.19279689    
  -121.15445      0.47230061E-01
  -121.78954     -0.18486586    
  -122.42463     -0.31229343E-01
  -123.05972     -0.19791214    
  -123.69482     -0.10363011    
  -124.32991     -0.44416897E-02
  -124.96500      0.37928719E-01
