   125.26130     -0.58184266E-02
   124.62621      0.22096273E-01
   123.99111      0.30610397E-01
   123.35602     -0.22518963    
   122.72093     -0.19558315    
   122.08584     -0.14119381    
   121.45075     -0.14575072E-01
   120.81565      0.11503945    
   120.18056     -0.15654069    
   119.54547     -0.28062230    
   118.91038     -0.93594022E-01
   118.27529     -0.97492397E-01
   117.64019     -0.25849143    
   117.00510     -0.16614810    
   116.37001      0.14144586    
   115.73492      0.27113333E-01
   115.09983     -0.24775755E-01
   114.46473     -0.36297534E-01
   113.82964     -0.29780492E-01
   113.19455      0.62971860E-02
   112.55946     -0.61156526E-01
   111.92436     -0.25164399    
   111.28927      0.65719008E-01
   110.65418     -0.10929140    
   110.01909     -0.46047501E-01
   109.38400      0.54855563E-01
   108.74890      0.14160310    
   108.11381      0.47440495E-01
   107.47872     -0.85959367E-01
   106.84363     -0.18866932    
   106.20854     -0.56846108E-01
   105.57344     -0.16890022    
   104.93835     -0.10665666    
   104.30326      0.33882402E-01
   103.66817     -0.45181379E-01
   103.03307     -0.10499004    
   102.39798      0.12425074    
   101.76289      0.15779155    
   101.12780     -0.67043461E-01
   100.49271     -0.10921399    
   99.857614      0.97738326E-01
   99.222522     -0.16703606E-01
   98.587430     -0.16732083    
   97.952338     -0.59307504E-01
   97.317246     -0.15440105    
   96.682153     -0.23514317    
   96.047061      0.47889672E-01
   95.411969     -0.68248678E-02
   94.776877      0.55312693E-01
   94.141785      0.22238469    
   93.506693      0.83073631E-01
   92.871601      0.13220794    
   92.236509      0.12272194    
   91.601416      0.55387415E-01
   90.966324     -0.73293224E-02
   90.331232      0.10628738E-02
   89.696140     -0.61808731E-02
   89.061048     -0.10044993    
   88.425956      0.16009514    
   87.790864      0.71771398E-01
   87.155771     -0.59242174E-02
   86.520679      0.10729145E-01
   85.885587     -0.12829664    
   85.250495      0.41381709E-01
   84.615403      0.13487296    
   83.980311     -0.33425029E-01
   83.345219      0.94742589E-02
   82.710127     -0.78250438E-01
   82.075034      0.26705286E-01
   81.439942     -0.59269972E-01
   80.804850     -0.16031793    
   80.169758     -0.68633303E-01
   79.534666     -0.20183823    
   78.899574     -0.22893630E-01
   78.264482      0.11557351    
   77.629390      0.80016509E-01
   76.994297      0.25667407E-01
   76.359205     -0.18665192    
   75.724113     -0.25019187    
   75.089021     -0.89321330E-01
   74.453929     -0.19269410    
   73.818837     -0.76711997E-02
   73.183745      0.22656305E-01
   72.548653      0.42109918E-01
   71.913560     -0.10838145    
   71.278468      0.21565178E-01
   70.643376      0.14703935    
   70.008284     -0.17420830    
   69.373192     -0.10139987    
   68.738100     -0.67558631E-01
   68.103008     -0.27377162E-01
   67.467915     -0.13118628    
   66.832823     -0.38808569E-01
   66.197731     -0.12443987    
   65.562639     -0.23078488    
   64.927547     -0.23806147    
   64.292455     -0.26833519    
   63.657363     -0.37588775E-01
   63.022271     -0.84420532E-01
   62.387178     -0.10959357E-01
   61.752086      0.65710425E-01
   61.116994      0.19686583    
   60.481902     -0.11286709    
   59.846810      0.13165094    
   59.211718     -0.58308791E-01
   58.576626      0.26013929E-01
   57.941534     -0.10805226    
   57.306441     -0.22004104    
   56.671349      0.37526973E-01
   56.036257     -0.25637782    
   55.401165     -0.11102809    
   54.766073     -0.98933727E-01
   54.130981     -0.10651372    
   53.495889     -0.10825570    
   52.860797     -0.15356687    
   52.225704     -0.46600308E-01
   51.590612      0.81262439E-01
   50.955520      0.15750315E-01
   50.320428      0.20252559E-01
   49.685336      0.41585341E-01
   49.050244      0.74763812E-01
   48.415152     -0.22124130E-01
   47.780059      0.19696566    
   47.144967      0.35602832    
   46.509875     -0.18138689    
   45.874783      0.95479183E-01
   45.239691      0.22555028    
   44.604599      0.19103587E-02
   43.969507     -0.54188065E-01
   43.334415      0.16997270E-01
   42.699322     -0.57476394E-01
   42.064230     -0.82937665E-01
   41.429138     -0.28701556    
   40.794046     -0.20183596    
   40.158954      0.70631184E-01
   39.523862     -0.29788490E-01
   38.888770     -0.23556477    
   38.253678      0.72464243E-01
   37.618585      0.10607222    
   36.983493      0.20328325    
   36.348401      0.63023686E-01
   35.713309     -0.12998605    
   35.078217     -0.65705501E-01
   34.443125     -0.47147758E-02
   33.808033     -0.10819287    
   33.172940      0.18719871E-01
   32.537848     -0.21377550    
   31.902756     -0.33695839E-01
   31.267664      0.31892516E-01
   30.632572      0.13741350    
   29.997480      0.14482486    
   29.362388      0.85309148E-04
   28.727296      0.23782879    
   28.092203      0.15236717    
   27.457111     -0.14771271    
   26.822019      0.78561969E-01
   26.186927      0.84544063E-01
   25.551835     -0.20774621    
   24.916743      0.12614980E-01
   24.281651     -0.20948473    
   23.646559     -0.13049564    
   23.011466     -0.83077848E-01
   22.376374     -0.13073333    
   21.741282      0.64728342E-01
   21.106190      0.80170795E-01
   20.471098      0.34060565    
   19.836006      0.59550736E-01
   19.200914      0.53721368E-01
   18.565822     -0.18356837E-01
   17.930729     -0.65905675E-02
   17.295637     -0.79069532E-01
   16.660545      0.15329655    
   16.025453     -0.10345066E-01
   15.390361      0.35693780E-01
   14.755269      0.10322003    
   14.120177      0.31128693    
   13.485084      0.64989352    
   12.849992      0.81273723    
   12.214900      0.99486661    
   11.579808       1.6691405    
   10.944716       2.4664443    
   10.309624       2.8194826    
   9.6745317       2.0384278    
   9.0394396       1.2999990    
   8.4043474       1.7909549    
   7.7692553       3.8280826    
   7.1341632       5.2637029    
   6.4990711       4.8905101    
   5.8639789       3.4751186    
   5.2288868       2.3270867    
   4.5937947       1.8996698    
   3.9587025       1.6060616    
   3.3236104       1.3086748    
   2.6885183      0.91769981    
   2.0534262      0.66440076    
   1.4183340      0.65804172    
  0.78324190      0.56128627    
  0.14814977      0.56004298    
 -0.48694236      0.60757732    
  -1.1220345      0.20547307    
  -1.7571266      0.40307009    
  -2.3922188      0.54450631    
  -3.0273109      0.34013748    
  -3.6624030      0.36120093    
  -4.2974951      0.35458630    
  -4.9325873      0.35150397    
  -5.5676794      0.36694294    
  -6.2027715      0.10317266    
  -6.8378637      0.64953506E-01
  -7.4729558      0.79876184E-01
  -8.1080479      0.60184203E-01
  -8.7431400      0.53048722E-01
  -9.3782322      0.54154661E-01
  -10.013324      0.18333504    
  -10.648416      0.17318186    
  -11.283509      0.13987762    
  -11.918601      0.25149673E-01
  -12.553693      0.25825471    
  -13.188785      0.72656661E-01
  -13.823877      0.89457415E-01
  -14.458969      0.24723953    
  -15.094061     -0.95445111E-01
  -15.729153     -0.66781737E-01
  -16.364246      0.16550688    
  -16.999338      0.21776856    
  -17.634430      0.74169934E-01
  -18.269522      0.39986193E-01
  -18.904614     -0.12333041    
  -19.539706     -0.13510442    
  -20.174798     -0.11309013E-01
  -20.809891      0.17940316    
  -21.444983      0.81699491E-01
  -22.080075      0.39853346E-01
  -22.715167     -0.65022886E-01
  -23.350259     -0.28655708    
  -23.985351     -0.25735748    
  -24.620443     -0.17403513    
  -25.255535      0.87983891E-01
  -25.890628      0.79440393E-01
  -26.525720     -0.65088019E-01
  -27.160812     -0.48686832E-01
  -27.795904     -0.15440324    
  -28.430996      0.68359897E-02
  -29.066088      0.15722388    
  -29.701180      0.31448416E-02
  -30.336272     -0.53911977E-01
  -30.971365      0.96132770E-01
  -31.606457      0.59019685E-01
  -32.241549     -0.72457552E-01
  -32.876641     -0.16907975    
  -33.511733      0.12110021E-01
  -34.146825     -0.16722068E-01
  -34.781917     -0.40785544E-01
  -35.417009     -0.80274619E-01
  -36.052102     -0.53852648E-02
  -36.687194      0.67189649E-01
  -37.322286     -0.87467462E-01
  -37.957378      0.10848159    
  -38.592470      0.23554698E-01
  -39.227562      0.17034712    
  -39.862654     -0.68175077E-01
  -40.497747     -0.16267820    
  -41.132839     -0.10817543E-01
  -41.767931     -0.25505430    
  -42.403023     -0.11677407    
  -43.038115      0.21321411    
  -43.673207     -0.70926413E-01
  -44.308299      0.69821030E-01
  -44.943391      0.21436192E-01
  -45.578484      0.18765296    
  -46.213576      0.13931319    
  -46.848668      0.75071126E-01
  -47.483760     -0.10838597    
  -48.118852      0.22128183E-01
  -48.753944      0.13573669E-01
  -49.389036     -0.51907707E-01
  -50.024128     -0.39792519E-01
  -50.659221     -0.11783063    
  -51.294313     -0.38082015E-01
  -51.929405     -0.24629636E-01
  -52.564497     -0.43397591E-01
  -53.199589      0.10933961    
  -53.834681      0.24135949E-01
  -54.469773      0.92596330E-01
  -55.104865      0.20361389    
  -55.739958      0.90588301E-01
  -56.375050     -0.43593612E-01
  -57.010142     -0.44301756E-01
  -57.645234     -0.11003383    
  -58.280326     -0.45397446E-01
  -58.915418     -0.18119194    
  -59.550510     -0.12696065    
  -60.185603     -0.29039636E-01
  -60.820695      0.12392907    
  -61.455787     -0.38152143E-01
  -62.090879     -0.13795713    
  -62.725971     -0.66353902E-01
  -63.361063      0.33108890E-03
  -63.996155     -0.47394142E-01
  -64.631247     -0.35643317E-01
  -65.266340     -0.14841177    
  -65.901432     -0.12015947    
  -66.536524     -0.11087524    
  -67.171616     -0.60115443E-02
  -67.806708     -0.13443033    
  -68.441800      0.28623559E-01
  -69.076892     -0.58667645E-01
  -69.711984     -0.35300676E-01
  -70.347077      0.10697243    
  -70.982169     -0.41805208E-03
  -71.617261     -0.12859404    
  -72.252353     -0.12110502    
  -72.887445      0.14141694E-01
  -73.522537     -0.90987369E-01
  -74.157629     -0.55279914E-01
  -74.792721     -0.23103666E-01
  -75.427814      0.11100310    
  -76.062906     -0.13712251    
  -76.697998      0.22712673    
  -77.333090     -0.86262837E-01
  -77.968182     -0.16063351E-01
  -78.603274     -0.58603942E-01
  -79.238366     -0.88753760E-01
  -79.873459      0.95059119E-01
  -80.508551      0.10643445    
  -81.143643      0.95847555E-01
  -81.778735     -0.14917317    
  -82.413827     -0.30975944    
  -83.048919     -0.48185430E-01
  -83.684011     -0.18855864    
  -84.319103      0.16190253    
  -84.954196     -0.22206657E-01
  -85.589288      0.36926877E-01
  -86.224380      0.21747115    
  -86.859472      0.46133660E-01
  -87.494564      0.72909892E-01
  -88.129656      0.24048781E-01
  -88.764748     -0.19926836    
  -89.399840     -0.11306249    
  -90.034933     -0.95620885E-01
  -90.670025     -0.88495076E-01
  -91.305117     -0.11734290E-01
  -91.940209     -0.18017958    
  -92.575301     -0.19259705    
  -93.210393      0.31006636E-01
  -93.845485      0.12471221E-01
  -94.480578     -0.36662012E-01
  -95.115670     -0.38074702E-03
  -95.750762     -0.24658185    
  -96.385854      0.72836325E-01
  -97.020946      0.84185302E-01
  -97.656038      0.18677384    
  -98.291130      0.18705368E-01
  -98.926222     -0.16115469    
  -99.561315      0.31439025E-01
  -100.19641      0.15417325    
  -100.83150     -0.18855333E-01
  -101.46659     -0.19006196    
  -102.10168     -0.12781036    
  -102.73678      0.23441650E-02
  -103.37187      0.26124075E-01
  -104.00696      0.64149410E-01
  -104.64205     -0.12994349    
  -105.27714     -0.85736252E-01
  -105.91224     -0.35457298E-01
  -106.54733     -0.80556326E-01
  -107.18242     -0.11568101    
  -107.81751     -0.18277556    
  -108.45260     -0.96703142E-01
  -109.08770     -0.25348151    
  -109.72279     -0.23792183    
  -110.35788     -0.23236507    
  -110.99297     -0.34315443    
  -111.62806      0.26367423    
  -112.26316     -0.15473801    
  -112.89825      0.20517008E-01
  -113.53334     -0.21785948E-01
  -114.16843      0.23057906    
  -114.80353     -0.43723013E-01
  -115.43862      0.23227196E-01
  -116.07371     -0.90830706E-01
  -116.70880      0.13694003    
  -117.34389     -0.50703123E-01
  -117.97899     -0.12165864    
  -118.61408     -0.13240063    
  -119.24917     -0.35908920    
  -119.88426     -0.16963711    
  -120.51935     -0.11700053    
  -121.15445     -0.40326363    
  -121.78954     -0.10058284E-05
  -122.42463      0.57350419E-01
  -123.05972      0.35911910E-01
  -123.69482     -0.10640247    
  -124.32991     -0.14636377    
  -124.96500     -0.21878496    
