19.914494 -0.13062878
19.811308 -0.073744342
19.708123 0.0039619873
19.604937 -0.022445122
19.501751 -0.05507328
19.398566 -0.044774964
19.29538 0.030222651
19.192194 -0.025079701
19.089009 0.013015932
18.985823 0.12031376
18.882637 0.088670604
18.779452 -0.012119504
18.676266 -0.047606543
18.57308 0.013917667
18.469895 0.03422267
18.366709 0.034553964
18.263523 0.026145022
18.160338 0.02145189
18.057152 0.069759265
17.953966 0.026670542
17.850781 0.04010924
17.747595 0.10608689
17.644409 0.042485774
17.541224 0.037397087
17.438038 0.049154557
17.334852 0.018340275
17.231667 0.15952203
17.128481 0.23015815
17.025295 0.15324217
16.92211 0.21721253
16.818924 0.22238348
16.715738 0.20877078
16.612553 0.26005366
16.509367 0.32335973
16.406181 0.40844202
16.302996 0.45857143
16.19981 0.38922703
16.096624 0.37240231
15.993439 0.39760414
15.890253 0.32940149
15.787067 0.46556807
15.683882 0.59658325
15.580696 0.69818127
15.47751 0.72156286
15.374325 0.64302516
15.271139 0.6360203
15.167953 0.67395782
15.064768 0.74272054
14.961582 0.80606234
14.858396 0.95448679
14.755211 1.1178479
14.652025 1.1282444
14.548839 1.0401223
14.445654 1.0846848
14.342468 1.0894964
14.239282 0.93866897
14.136097 0.79880255
14.032911 0.78555799
13.929725 0.77341354
13.82654 0.61376476
13.723354 0.38149238
13.620168 0.19473518
13.516982 0.097080812
13.413797 0.0065442417
13.310611 0.0044985195
13.207425 0.080279969
13.10424 0.06534861
13.001054 0.055281717
12.897868 0.089538656
12.794683 0.13561535
12.691497 0.10865625
12.588311 0.025852745
12.485126 0.011993646
12.38194 0.026289374
12.278754 0.027078371
12.175569 0.077002019
12.072383 0.17806178
11.969197 0.096731693
11.866012 0.010411737
11.762826 0.070007175
11.65964 0.042006839
11.556455 0.077785507
11.453269 0.10125209
11.350083 -0.0056908596
11.246898 0.099914454
11.143712 0.1867013
11.040526 0.069197401
10.937341 0.086053081
10.834155 0.18443471
10.730969 0.2187223
10.627784 0.17161536
10.524598 0.18737039
10.421412 0.3004407
10.318227 0.25515053
10.215041 0.20838954
10.111855 0.2572262
10.00867 0.24170107
9.9054841 0.28283805
9.8022984 0.33158785
9.6991128 0.34620082
9.5959271 0.28485635
9.4927414 0.21404293
9.3895558 0.20076762
9.2863701 0.17823552
9.1831844 0.21342559
9.0799987 0.28705293
8.9768131 0.21865821
8.8736274 0.27571201
8.7704417 0.39721417
8.6672561 0.37822798
8.5640704 0.43445945
8.4608847 0.55094695
8.3576991 0.60537899
8.2545134 0.70199668
8.1513277 0.89692402
8.0481421 1.0498037
7.9449564 1.2252665
7.8417707 1.3349038
7.7385851 1.3745567
7.6353994 1.4195441
7.5322137 1.5402924
7.429028 1.6492277
7.3258424 1.7654104
7.2226567 1.7238401
7.119471 1.6353179
7.0162854 1.7344534
6.9130997 1.8220878
6.809914 1.8483943
6.7067284 1.7293186
6.6035427 1.6061466
6.500357 1.4987304
6.3971714 1.2670274
6.2939857 1.0803318
6.1908 0.78294438
6.0876144 0.50475198
5.9844287 0.39984372
5.881243 0.2474049
5.7780574 0.18414754
5.6748717 0.14368606
5.571686 0.095030472
5.4685003 0.13808472
5.3653147 0.18731517
5.262129 0.14660877
5.1589433 0.079401881
5.0557577 0.045436203
4.952572 -0.013490999
4.8493863 0.052368663
4.7462007 0.089859307
4.643015 0.091825254
4.5398293 0.096881561
4.4366437 -0.02397576
4.333458 -0.047465067
4.2302723 0.069896951
4.1270867 0.17382084
4.023901 0.085056134
3.9207153 0.0055006379
3.8175296 -0.013532292
3.714344 0.023827003
3.6111583 0.048517168
3.5079726 0.10679363
3.404787 0.1727019
3.3016013 0.11772197
3.1984156 0.0082605425
3.09523 0.022969119
2.9920443 0.071540996
2.8888586 0.082705334
2.785673 0.14608352
2.6824873 0.14286889
2.5793016 0.13297421
2.476116 0.098363131
2.3729303 0.056473169
2.2697446 0.03085885
2.166559 -0.044689316
2.0633733 -0.10531718
1.9601876 0.012070008
1.8570019 -0.0087120272
1.7538163 -0.066142797
1.6506306 0.088320367
1.5474449 0.10086747
1.4442593 0.089629062
1.3410736 0.15026174
1.2378879 0.10298645
1.1347023 0.06722898
1.0315166 0.056484289
0.92833093 -0.038538434
0.82514526 -0.053803541
0.72195959 -0.030809972
0.61877392 -0.057777539
0.51558825 0.0090001561
0.41240258 -0.019792169
0.30921692 -0.083186857
0.20603125 -0.09590783
0.10284558 -0.072125383
