   181.97501      0.24728548E-01
   181.71076      0.42511504E-01
   181.44651      0.11215694E-02
   181.18225      0.24580844E-01
   180.91800     -0.22315156E-01
   180.65375      0.85763574E-01
   180.38949     -0.28644178E-01
   180.12524      0.39301746E-01
   179.86098      0.12811426E-01
   179.59673     -0.55760760E-01
   179.33248     -0.10341616    
   179.06822     -0.26474549E-01
   178.80397     -0.18858863E-02
   178.53972     -0.80381498E-01
   178.27546     -0.87307662E-01
   178.01121      0.21663453E-01
   177.74696      0.45479119E-01
   177.48270     -0.74310345E-02
   177.21845      0.18261869E-01
   176.95420      0.63451923E-01
   176.68994     -0.76634572E-02
   176.42569      0.21436092E-01
   176.16143      0.20881219E-01
   175.89718      0.33146301E-02
   175.63293      0.68535097E-03
   175.36867     -0.80388524E-02
   175.10442      0.59515208E-01
   174.84017      0.90742260E-01
   174.57591     -0.13120824E-01
   174.31166     -0.44172939E-01
   174.04741     -0.40473558E-01
   173.78315     -0.15134694E-01
   173.51890      0.28243134E-01
   173.25464     -0.12724700E-01
   172.99039      0.72964332E-02
   172.72614     -0.14885796E-01
   172.46188     -0.34727089E-01
   172.19763     -0.57466827E-01
   171.93338     -0.74324855E-02
   171.66912      0.54853708E-01
   171.40487      0.96779540E-01
   171.14062     -0.62593790E-02
   170.87636     -0.56927777E-02
   170.61211     -0.12721421E-01
   170.34785     -0.35502534E-01
   170.08360     -0.27504206E-01
   169.81935      0.31757191E-01
   169.55509      0.31166472E-01
   169.29084      0.19727916E-01
   169.02659      0.66858478E-01
   168.76233      0.11381900E-01
   168.49808     -0.58932722E-01
   168.23383      0.25213627E-01
   167.96957     -0.10811108    
   167.70532      0.78856461E-02
   167.44106      0.29323341E-01
   167.17681      0.84646657E-01
   166.91256      0.10654681E-01
   166.64830     -0.19258302E-01
   166.38405      0.36904164E-01
   166.11980     -0.88065863E-02
   165.85554      0.18742055E-01
   165.59129      0.28634960E-01
   165.32704      0.13167800E-01
   165.06278      0.32922372E-01
   164.79853      0.30130155E-01
   164.53428     -0.91544036E-02
   164.27002      0.34683961E-01
   164.00577      0.23589827E-01
   163.74151      0.35691336E-01
   163.47726      0.17523952E-03
   163.21301     -0.28913602E-01
   162.94875      0.59372340E-02
   162.68450      0.17407218E-01
   162.42025     -0.36074556E-01
   162.15599      0.42591900E-01
   161.89174      0.44756576E-01
   161.62749      0.12224999E-01
   161.36323     -0.78218721E-01
   161.09898     -0.38286865E-01
   160.83472     -0.25306966E-01
   160.57047      0.22851491E-01
   160.30622      0.41921150E-01
   160.04196      0.32542344E-01
   159.77771      0.70815571E-01
   159.51346      0.51458299E-01
   159.24920      0.93073130E-01
   158.98495      0.59815317E-01
   158.72070      0.37047692E-01
   158.45644      0.22573747E-01
   158.19219     -0.40823482E-01
   157.92793     -0.40675025E-01
   157.66368     -0.16352948E-01
   157.39943      0.96347332E-02
   157.13517      0.29854827E-01
   156.87092     -0.30896120E-01
   156.60667      0.79619497E-01
   156.34241      0.79178959E-02
   156.07816      0.45758702E-01
   155.81391      0.50940786E-01
   155.54965      0.88330973E-02
   155.28540      0.19166877E-01
   155.02115     -0.53593889E-02
   154.75689      0.51620983E-01
   154.49264     -0.58688406E-01
   154.22838     -0.95560867E-02
   153.96413      0.86043999E-01
   153.69988      0.91374218E-01
   153.43562     -0.31361960E-01
   153.17137     -0.29346336E-01
   152.90712     -0.36864910E-01
   152.64286      0.85024275E-01
   152.37861     -0.20131631E-01
   152.11436      0.35128266E-01
   151.85010      0.60732156E-01
   151.58585     -0.11644727E-01
   151.32159     -0.19770451E-01
   151.05734     -0.47573578E-01
   150.79309      0.11490448E-02
   150.52883     -0.10171108E-01
   150.26458      0.91440514E-01
   150.00033      0.67380056E-01
   149.73607      0.16067758E-01
   149.47182     -0.13363983E-01
   149.20757      0.24596708E-01
   148.94331     -0.26045170E-01
   148.67906     -0.77090198E-02
   148.41480      0.52280266E-01
   148.15055      0.13200486E-01
   147.88630     -0.24061620E-01
   147.62204     -0.39783336E-01
   147.35779     -0.77705793E-02
   147.09354      0.51756103E-01
   146.82928     -0.20151068E-01
   146.56503      0.16424501E-01
   146.30078     -0.72647817E-03
   146.03652      0.69035895E-01
   145.77227      0.33365469E-01
   145.50802     -0.78121242E-02
   145.24376     -0.55117659E-01
   144.97951     -0.14153180E-01
   144.71525     -0.49931988E-01
   144.45100      0.49375296E-01
   144.18675      0.37372768E-01
   143.92249      0.43718137E-01
   143.65824      0.64418361E-01
   143.39399      0.17861499E-01
   143.12973      0.15374850E-01
   142.86548     -0.19248949E-01
   142.60123      0.28644312E-01
   142.33697      0.21149430E-02
   142.07272      0.90819061E-01
   141.80846      0.17155522E-01
   141.54421     -0.34501534E-01
   141.27996     -0.93156531E-01
   141.01570      0.60650393E-01
   140.75145      0.41001804E-01
   140.48720     -0.34066912E-01
   140.22294     -0.45996409E-01
   139.95869     -0.47652505E-01
   139.69444      0.46068247E-01
   139.43018      0.22189524E-01
   139.16593     -0.73159258E-02
   138.90167      0.21011580E-01
   138.63742      0.10712238E-01
   138.37317     -0.99006575E-03
   138.10891     -0.13774224E-02
   137.84466      0.88347636E-01
   137.58041     -0.36908440E-01
   137.31615     -0.48475813E-01
   137.05190     -0.66420790E-02
   136.78765      0.28490044E-01
   136.52339      0.18325437E-01
   136.25914     -0.34597352E-01
   135.99489     -0.48838776E-01
   135.73063     -0.18486524E-01
   135.46638     -0.16272943E-01
   135.20212     -0.29120773E-01
   134.93787      0.30604035E-01
   134.67362      0.33559345E-01
   134.40936      0.58050333E-02
   134.14511      0.48845317E-01
   133.88086      0.24302177E-01
   133.61660     -0.34047473E-01
   133.35235     -0.17652107E-01
   133.08810      0.37480090E-01
   132.82384      0.21176629E-01
   132.55959      0.22655223E-01
   132.29533     -0.34309514E-01
   132.03108      0.28604612E-01
   131.76683      0.37318390E-01
   131.50257     -0.28849119E-01
   131.23832     -0.68020776E-01
   130.97407     -0.19045869E-01
   130.70981      0.37716199E-01
   130.44556     -0.65055765E-01
   130.18131     -0.21955892E-01
   129.91705     -0.63741934E-02
   129.65280     -0.69628030E-01
   129.38854     -0.70183322E-01
   129.12429     -0.43776713E-01
   128.86004      0.21443060E-01
   128.59578     -0.79481088E-01
   128.33153     -0.52517299E-01
   128.06728     -0.37556570E-01
   127.80302     -0.17078089E-01
   127.53877      0.28766258E-01
   127.27452     -0.41994743E-01
   127.01026     -0.12146033E-01
   126.74601     -0.34051083E-01
   126.48175     -0.58570195E-01
   126.21750      0.87130785E-01
   125.95325      0.32300837E-01
   125.68899      0.24611784E-01
   125.42474      0.54853417E-01
   125.16049      0.83837420E-01
   124.89623      0.64889476E-01
   124.63198     -0.35403136E-01
   124.36773      0.54855492E-01
   124.10347     -0.26466481E-01
   123.83922      0.39705552E-01
   123.57497      0.21766486E-01
   123.31071     -0.41502055E-01
   123.04646     -0.25406824E-01
   122.78220      0.37016150E-01
   122.51795     -0.88362381E-01
   122.25370      0.93263045E-01
   121.98944      0.62390447E-01
   121.72519      -1000.0000    
   121.46094      0.31051187E-01
   121.19668      0.39117888E-01
   120.93243      0.53893432E-01
   120.66818     -0.30566093E-01
   120.40392      0.10162580E-01
   120.13967     -0.56476280E-01
   119.87541     -0.33300027E-01
   119.61116     -0.38814325E-01
   119.34691     -0.52280162E-01
   119.08265      0.27137613E-02
   118.81840     -0.76655455E-01
   118.55415     -0.54737631E-01
   118.28989     -0.37251551E-01
   118.02564     -0.17471829E-01
   117.76139      0.10555577    
   117.49713     -0.11663570    
   117.23288     -0.52731216E-01
   116.96862     -0.50470799E-01
   116.70437     -0.84537789E-02
   116.44012      0.29693209E-01
   116.17586      0.15591588E-02
   115.91161      0.54753050E-01
   115.64736      0.25437335E-02
   115.38310     -0.69120325E-01
   115.11885      0.86329632E-01
   114.85460      0.49378868E-01
   114.59034     -0.44617850E-01
   114.32609     -0.64943656E-01
   114.06184     -0.23979401E-01
   113.79758     -0.39616816E-01
   113.53333      0.34645058E-01
   113.26907     -0.62682159E-01
   113.00482      0.30934116E-01
   112.74057      0.20597387E-01
   112.47631     -0.33875547E-01
   112.21206     -0.38954787E-01
   111.94781      0.13826730E-01
   111.68355      0.21959238E-01
   111.41930     -0.98834373E-02
   111.15505     -0.74509576E-01
   110.89079      0.12749542E-01
   110.62654      0.12649966E-01
   110.36228      0.70686281E-01
   110.09803      0.50517965E-01
   109.83378      0.57357058E-01
   109.56952      0.28295003E-01
   109.30527     -0.11613388E-02
   109.04102      0.49565360E-02
   108.77676     -0.27348675E-01
   108.51251      0.62064335E-01
   108.24826     -0.29081170E-01
   107.98400      0.43706559E-01
   107.71975      0.39242916E-01
   107.45549      0.66524178E-01
   107.19124      0.30183237E-01
   106.92699      0.39005917E-01
   106.66273      0.29419722E-01
   106.39848     -0.52447952E-01
   106.13423     -0.15313941E-01
   105.86997      0.23598617E-01
   105.60572     -0.10387536E-01
   105.34147      0.16077733E-01
   105.07721      0.61583836E-01
   104.81296      0.27689403E-01
   104.54871      0.36266252E-01
   104.28445      0.36890902E-01
   104.02020     -0.40145237E-02
   103.75594     -0.40809210E-01
   103.49169     -0.48137050E-01
   103.22744      0.27755369E-01
   102.96318     -0.13441673E-01
   102.69893      0.22507738E-02
   102.43468     -0.57590824E-01
   102.17042      0.11272839E-01
   101.90617      0.53343009E-02
   101.64192     -0.82503073E-03
   101.37766     -0.46176286E-02
   101.11341      0.19321801E-01
   100.84915     -0.10244326E-01
   100.58490      0.33001386E-01
   100.32065     -0.13704784E-03
   100.05639      0.36434278E-01
   99.792140      0.58636591E-01
   99.527886      0.52414536E-02
   99.263633     -0.27547333E-01
   98.999379      0.87750763E-01
   98.735126      0.32910660E-01
   98.470872      0.19610770E-01
   98.206618     -0.13361245E-01
   97.942365      0.33142527E-02
   97.678111     -0.71332723E-01
   97.413858     -0.85821994E-01
   97.149604     -0.71976949E-02
   96.885350     -0.30171040E-01
   96.621097      0.18660026E-02
   96.356843      0.24942851E-01
   96.092590      0.83557777E-02
   95.828336      0.12466835E-01
   95.564082      0.72540015E-01
   95.299829      0.35925720E-01
   95.035575      0.26478559E-01
   94.771321      0.59116796E-01
   94.507068     -0.56577772E-02
   94.242814     -0.29664744E-01
   93.978561     -0.33243250E-01
   93.714307     -0.56925442E-01
   93.450053     -0.40921513E-02
   93.185800      0.55805080E-01
   92.921546      0.89114755E-01
   92.657293      0.12656121    
   92.393039      0.63194893E-01
   92.128785      0.95139593E-01
   91.864532      0.11560773E-02
   91.600278      0.11473742E-01
   91.336024      0.19655637E-01
   91.071771      0.20763045E-01
   90.807517      0.52220216E-02
   90.543264     -0.24295982E-01
   90.279010      0.12069385E-01
   90.014756      0.31561267E-01
   89.750503      0.41674882E-01
   89.486249     -0.52184336E-01
   89.221996     -0.49924314E-01
   88.957742     -0.58140934E-01
   88.693488     -0.56906335E-01
   88.429235      0.44434622E-01
   88.164981      0.23617793E-01
   87.900728     -0.27881106E-01
   87.636474      0.10008114E-01
   87.372220     -0.18766612E-01
   87.107967     -0.51304411E-01
   86.843713      0.41552529E-01
   86.579459      0.54188155E-01
   86.315206      0.42712547E-01
   86.050952      0.48633292E-01
   85.786699     -0.11486737E-01
   85.522445      0.89988977E-01
   85.258191      0.62051542E-01
   84.993938      0.24650753E-01
   84.729684     -0.20777769E-01
   84.465431      0.33695757E-01
   84.201177      0.32512791E-01
   83.936923      0.38552660E-01
   83.672670      0.44710446E-01
   83.408416      0.29437553E-01
   83.144162      0.24854206E-01
   82.879909     -0.26349284E-01
   82.615655     -0.42453706E-01
   82.351402     -0.66903040E-01
   82.087148      0.35922259E-01
   81.822894      0.26335064E-01
   81.558641     -0.11487622E-01
   81.294387     -0.20435445E-01
   81.030134     -0.98559055E-02
   80.765880     -0.87206908E-01
   80.501626     -0.76508269E-01
   80.237373     -0.45870252E-01
   79.973119      0.57192974E-01
   79.708866      0.30383948E-01
   79.444612      0.50326061E-01
   79.180358      0.93518004E-01
   78.916105      0.26629299E-01
   78.651851     -0.32650616E-01
   78.387597     -0.17350105E-02
   78.123344     -0.46200022E-01
   77.859090     -0.43852072E-01
   77.594837     -0.26825247E-01
   77.330583     -0.66454701E-01
   77.066329      0.19419860E-01
   76.802076      0.36122195E-01
   76.537822     -0.12147050E-01
   76.273569      0.38797166E-01
   76.009315      0.23060342E-01
   75.745061      0.38065366E-01
   75.480808      0.40964898E-01
   75.216554      0.28789772E-01
   74.952300     -0.18130857E-01
   74.688047      0.60283162E-01
   74.423793      0.30796558E-01
   74.159540      0.90145543E-01
   73.895286     -0.12391159E-01
   73.631032      0.47363481E-02
   73.366779      0.34069046E-01
   73.102525     -0.71917381E-02
   72.838272      0.72793933E-02
   72.574018     -0.34592322E-02
   72.309764     -0.11133975E-01
   72.045511     -0.47719300E-01
   71.781257     -0.74933507E-01
   71.517004     -0.49788230E-02
   71.252750     -0.46826033E-02
   70.988496      0.20556226E-01
   70.724243     -0.25733545E-01
   70.459989     -0.37900344E-01
   70.195735      0.12860402E-01
   69.931482      0.61692744E-02
   69.667228     -0.39910085E-01
   69.402975     -0.63819952E-01
   69.138721     -0.99132061E-02
   68.874467     -0.82727060E-01
   68.610214      0.16537989E-02
   68.345960      0.21130871E-03
   68.081707     -0.15045216E-01
   67.817453     -0.13736242E-01
   67.553199      0.58868155E-01
   67.288946      0.79105966E-01
   67.024692     -0.19399894E-01
   66.760438      0.32630645E-01
   66.496185      0.30546211E-01
   66.231931      0.85265934E-02
   65.967678     -0.90280935E-01
   65.703424     -0.69425300E-01
   65.439170     -0.10798019    
   65.174917     -0.10389024    
   64.910663     -0.40948637E-01
   64.646410     -0.39608542E-01
   64.382156     -0.16619688E-01
   64.117902      0.21836471E-01
   63.853649     -0.51160291E-01
   63.589395     -0.31820834E-01
   63.325142     -0.12735598E-01
   63.060888     -0.62036198E-02
   62.796634      0.16443845E-01
   62.532381      0.52869730E-01
   62.268127      0.10103502    
   62.003873      0.33089276E-01
   61.739620     -0.27237516E-01
   61.475366      0.14085166E-01
   61.211113      0.63536577E-01
   60.946859     -0.10574119E-01
   60.682605     -0.29068762E-01
   60.418352      0.12488263E-01
   60.154098      0.30198047E-01
   59.889845      0.18292698E-02
   59.625591      0.24413271E-01
   59.361337      0.61599247E-01
   59.097084      0.55799965E-01
   58.832830     -0.10850315E-01
   58.568576      0.35263740E-01
   58.304323     -0.40886141E-01
   58.040069     -0.62843472E-01
   57.775816      0.95633734E-02
   57.511562      0.51871933E-01
   57.247308     -0.92205880E-02
   56.983055     -0.30891137E-01
   56.718801      0.20895746E-01
   56.454548     -0.25893098E-01
   56.190294     -0.18517973E-01
   55.926040     -0.12547765E-01
   55.661787     -0.69799781E-01
   55.397533     -0.68087997E-02
   55.133280     -0.38619116E-01
   54.869026     -0.42381249E-01
   54.604772      0.43915864E-02
   54.340519      0.11982784    
   54.076265      0.60898654E-01
   53.812011      0.47200218E-01
   53.547758      0.41317269E-01
   53.283504      0.30704232E-01
   53.019251      0.10338245E-01
   52.754997      0.27455855E-04
   52.490743      0.13923501E-02
   52.226490     -0.19393932E-01
   51.962236      0.10568410E-01
   51.697983      0.59941523E-01
   51.433729      0.58300659E-01
   51.169475      0.24042614E-01
   50.905222      0.10757075E-01
   50.640968      0.28971914E-01
   50.376714      0.41309565E-01
   50.112461      0.42026371E-01
   49.848207     -0.40651463E-01
   49.583954      0.26129453E-01
   49.319700     -0.32981087E-01
   49.055446      0.39902780E-01
   48.791193     -0.66963024E-04
   48.526939     -0.19406054E-01
   48.262686     -0.16566962E-02
   47.998432      0.30829836E-01
   47.734178      0.22624128E-01
   47.469925      0.53526433E-02
   47.205671     -0.47558676E-01
   46.941418     -0.12066066E-01
   46.677164     -0.19192971E-01
   46.412910     -0.50270885E-01
   46.148657      0.37430212E-01
   45.884403     -0.25769044E-03
   45.620149      0.10978703E-02
   45.355896     -0.16776908E-01
   45.091642      0.49165830E-01
   44.827389      0.11996362    
   44.563135      0.38382240E-01
   44.298881     -0.19084530E-01
   44.034628      0.95985383E-02
   43.770374     -0.25274733E-01
   43.506121     -0.56642152E-01
   43.241867     -0.28918659E-01
   42.977613     -0.30738100E-01
   42.713360      0.39057368E-02
   42.449106     -0.79678921E-02
   42.184852      0.32806326E-01
   41.920599      0.26934693E-01
   41.656345     -0.38186271E-01
   41.392092      0.94011668E-02
   41.127838      0.50498568E-01
   40.863584      0.35707120E-01
   40.599331      0.59154076E-02
   40.335077     -0.12739934E-03
   40.070824     -0.46325967E-01
   39.806570     -0.15170909E-02
   39.542316      0.27667776E-01
   39.278063     -0.70174993E-02
   39.013809     -0.23046963E-01
   38.749556     -0.71288245E-02
   38.485302      0.12701130E-01
   38.221048     -0.36529165E-01
   37.956795     -0.23434784E-01
   37.692541     -0.41938469E-01
   37.428287     -0.30220632E-01
   37.164034     -0.30240789E-01
   36.899780     -0.29917639E-01
   36.635527      0.42796697E-01
   36.371273      0.59244633E-02
   36.107019     -0.64439006E-01
   35.842766     -0.75088497E-02
   35.578512      0.19920472E-01
   35.314259     -0.85682357E-02
   35.050005     -0.45451105E-01
   34.785751     -0.12364313E-01
   34.521498      0.82796380E-01
   34.257244      0.75140849E-01
   33.992990     -0.17696880E-02
   33.728737      0.26718847E-01
   33.464483      0.13923998E-01
   33.200230      0.87686062E-01
   32.935976      0.88138655E-01
   32.671722      0.64014420E-01
   32.407469      0.65010553E-02
   32.143215      0.50575227E-01
   31.878962     -0.36775608E-01
   31.614708      0.16436847E-01
   31.350454      0.26275590E-01
   31.086201     -0.47938260E-02
   30.821947     -0.22804145E-01
   30.557694      0.96129570E-02
   30.293440     -0.73519275E-02
   30.029186      0.59252553E-01
   29.764933      0.14633772E-01
   29.500679      0.61308023E-01
   29.236425      0.86130530E-01
   28.972172      0.48110794E-01
   28.707918      0.42552736E-01
   28.443665      0.39307483E-01
   28.179411      0.21244897E-01
   27.915157      0.52097887E-01
   27.650904      0.93089812E-01
   27.386650     -0.36351617E-01
   27.122397      0.10157524    
   26.858143     -0.13016434E-02
   26.593889      0.78214034E-01
   26.329636      0.85808121E-01
   26.065382      0.10790601    
   25.801128      0.71558803E-01
   25.536875      0.10008588    
   25.272621      0.96774466E-01
   25.008368      0.12340745    
   24.744114      0.90788700E-01
   24.479860      0.92736788E-01
   24.215607      0.10853326    
   23.951353      0.16592759    
   23.687100      0.18479936    
   23.422846      0.17438801    
   23.158592      0.21081719    
   22.894339      0.19347255    
   22.630085      0.25999859    
   22.365832      0.20831463    
   22.101578      0.23405397    
   21.837324      0.14756726    
   21.573071      0.24182954    
   21.308817      0.28446016    
   21.044563      0.23908332    
   20.780310      0.28162634    
   20.516056      0.29764867    
   20.251803      0.38441443    
   19.987549      0.40918201    
   19.723295      0.37448481    
   19.459042      0.40014341    
   19.194788      0.35860810    
   18.930535      0.36614981    
   18.666281      0.36803463    
   18.402027      0.50309402    
   18.137774      0.50612873    
   17.873520      0.53024864    
   17.609266      0.52874792    
   17.345013      0.51749933    
   17.080759      0.56015307    
   16.816506      0.65662879    
   16.552252      0.73636615    
   16.287998      0.76919329    
   16.023745      0.80405903    
   15.759491      0.91086668    
   15.495238       1.0675410    
   15.230984       1.1997832    
   14.966730       1.4187949    
   14.702477       1.5847968    
   14.438223       1.6379936    
   14.173970       1.4870019    
   13.909716      0.96628135    
   13.645462      0.52649981    
   13.381209      0.36980140    
   13.116955      0.44850260    
   12.852701      0.63000435    
   12.588448      0.88393700    
   12.324194       1.2845770    
   12.059941       1.5422554    
   11.795687       1.6310437    
   11.531433       1.5991235    
   11.267180       1.5339313    
   11.002926       1.5805082    
   10.738673       1.7188014    
   10.474419       1.8342023    
   10.210165       1.9691154    
   9.9459117       2.2282760    
   9.6816581       2.4619527    
   9.4174045       2.1204858    
   9.1531509       1.5122943    
   8.8888973      0.76809406    
   8.6246437      0.52932751    
   8.3603900      0.68066967    
   8.0961364      0.95004416    
   7.8318828       1.2315710    
   7.5676292       1.5745345    
   7.3033756       1.8677886    
   7.0391220       1.7883726    
   6.7748684       1.6223336    
   6.5106148       1.4707052    
   6.2463611       1.2394654    
   5.9821075       1.0821885    
   5.7178539       1.0361248    
   5.4536003       1.0105073    
   5.1893467      0.86130655    
   4.9250931      0.85089791    
   4.6608395      0.79351556    
   4.3965859      0.74599481    
   4.1323322      0.72548974    
   3.8680786      0.57264346    
   3.6038250      0.60445476    
   3.3395714      0.56206775    
   3.0753178      0.56781864    
   2.8110642      0.71279985    
   2.5468106      0.95131278    
   2.2825569      0.88012499    
   2.0183033      0.62695789    
   1.7540497      0.45059949    
   1.4897961      0.43658525    
   1.2255425      0.46391988    
  0.96128888      0.28032607    
  0.69703527      0.35591775    
  0.43278166      0.61777341    
  0.16852805      0.38172740    
 -0.95725567E-01  0.39400065    
 -0.35997918      0.34239650    
 -0.62423279      0.34410596    
 -0.88848641      0.30381158    
  -1.1527400      0.27877858    
  -1.4169936      0.21291870    
  -1.6812472      0.18373789    
  -1.9455009      0.16119789    
  -2.2097545      0.20195256    
  -2.4740081      0.15943357    
  -2.7382617      0.11838722    
  -3.0025153      0.15008400    
  -3.2667689      0.17834470    
  -3.5310225      0.92049330E-01
  -3.7952761      0.70399113E-01
  -4.0595298      0.71067505E-01
  -4.3237834      0.10281334    
  -4.5880370      0.77374771E-01
  -4.8522906      0.75654283E-01
  -5.1165442      0.82789771E-01
  -5.3807978      0.12626684    
  -5.6450514      0.98445848E-01
  -5.9093050      0.14794543    
  -6.1735587      0.10071784    
  -6.4378123      0.58698229E-01
  -6.7020659      0.33522122E-01
  -6.9663195      0.16415447    
  -7.2305731      0.12357643    
  -7.4948267      0.86620003E-01
  -7.7590803     -0.39158436E-02
  -8.0233340      0.38010135E-01
  -8.2875876      0.70855424E-01
  -8.5518412      0.64777717E-01
  -8.8160948      0.21163065E-01
  -9.0803484     -0.34527067E-01
  -9.3446020      0.30693522E-01
  -9.6088556      0.41191373E-01
  -9.8731092      0.53128961E-01
  -10.137363      0.41804116E-01
  -10.401616     -0.60171029E-03
  -10.665870      0.20307807E-01
  -10.930124      0.51764451E-01
  -11.194377     -0.47255944E-01
  -11.458631      0.17658930E-01
  -11.722885      0.62846858E-03
  -11.987138     -0.44851791E-01
  -12.251392      0.17782906E-01
  -12.515645      0.35302065E-01
  -12.779899      0.76104999E-01
  -13.044153      0.56813441E-01
  -13.308406      0.37294962E-01
  -13.572660      0.28687350E-01
  -13.836913      0.31366471E-01
  -14.101167      0.31489827E-01
  -14.365421     -0.61437216E-01
  -14.629674      0.52393056E-01
  -14.893928      0.17518351E-01
  -15.158181     -0.28338838E-01
  -15.422435      0.20651892E-01
  -15.686689     -0.52758280E-01
  -15.950942      0.46023317E-02
  -16.215196     -0.76887198E-02
  -16.479450     -0.99790186E-01
  -16.743703     -0.42877607E-01
  -17.007957      0.64042516E-01
  -17.272210      0.20200947E-01
  -17.536464      0.58184706E-01
  -17.800718     -0.17134950E-01
  -18.064971     -0.23914186E-01
  -18.329225     -0.18139075E-01
  -18.593478     -0.17591141E-01
  -18.857732     -0.28103017E-02
  -19.121986     -0.39748522E-03
  -19.386239      0.13674467E-01
  -19.650493      0.10524087E-01
  -19.914747     -0.62527917E-02
  -20.179000     -0.55905346E-01
  -20.443254      0.15544649E-01
  -20.707507      0.52776631E-01
  -20.971761     -0.48689745E-01
  -21.236015     -0.70429206E-01
  -21.500268     -0.71679112E-02
  -21.764522     -0.10163253E-01
  -22.028775     -0.26425999E-01
  -22.293029      0.29488076E-01
  -22.557283      0.24312004E-01
  -22.821536     -0.33961035E-01
  -23.085790     -0.92808262E-01
  -23.350043     -0.35990279E-01
  -23.614297      0.37366569E-01
  -23.878551     -0.27756486E-01
  -24.142804      0.94844233E-02
  -24.407058      0.40925011E-01
  -24.671312      0.33523060E-01
  -24.935565      0.52450746E-02
  -25.199819      0.40804133E-01
  -25.464072     -0.15245110E-01
  -25.728326     -0.82618929E-02
  -25.992580     -0.13026748E-01
  -26.256833      0.45517385E-02
  -26.521087     -0.39778035E-01
  -26.785340      0.15510188E-01
  -27.049594      0.28995439E-01
  -27.313848      0.13255642E-01
  -27.578101      0.36638498E-01
  -27.842355      0.42930573E-01
  -28.106609      0.62997468E-01
  -28.370862      0.45993347E-01
  -28.635116      0.56505620E-01
  -28.899369     -0.63014567E-01
  -29.163623      0.24571724E-02
  -29.427877     -0.30913163E-01
  -29.692130      0.39257370E-01
  -29.956384      0.85562523E-02
  -30.220637      0.15483352E-01
  -30.484891      0.57578973E-01
  -30.749145      0.46431497E-01
  -31.013398      0.37547126E-01
  -31.277652      0.42974595E-01
  -31.541905     -0.18614795E-01
  -31.806159     -0.15363018E-01
  -32.070413     -0.25530618E-01
  -32.334666      0.18555485E-01
  -32.598920     -0.55446453E-01
  -32.863174     -0.18012542E-01
  -33.127427     -0.58678541E-01
  -33.391681      0.42020675E-01
  -33.655934      0.20739323E-01
  -33.920188      0.49695570E-01
  -34.184442      0.60486719E-02
  -34.448695      0.38849492E-01
  -34.712949     -0.15987664E-01
  -34.977202      0.22273904E-01
  -35.241456      0.24810635E-01
  -35.505710      0.25631793E-01
  -35.769963     -0.47706537E-01
  -36.034217     -0.27515344E-01
  -36.298471      0.14074780E-01
  -36.562724      0.46049058E-01
  -36.826978      0.21172214E-01
  -37.091231     -0.28567577E-01
  -37.355485     -0.55002924E-01
  -37.619739     -0.50414085E-01
  -37.883992      0.11200842E-01
  -38.148246      0.26858918E-01
  -38.412499      0.44833846E-01
  -38.676753     -0.14747275E-01
  -38.941007     -0.36627755E-01
  -39.205260      0.20433765E-01
  -39.469514      0.89481734E-01
  -39.733767     -0.11956180E-01
  -39.998021      0.74723735E-02
  -40.262275     -0.44442810E-01
  -40.526528     -0.17768459E-01
  -40.790782      0.97975628E-02
  -41.055036      0.31952769E-01
  -41.319289      0.39021786E-01
  -41.583543      0.17304735E-01
  -41.847796      0.96273888E-02
  -42.112050      0.51142976E-01
  -42.376304      0.26159454E-01
  -42.640557      0.57926578E-02
  -42.904811      0.71553171E-01
  -43.169064      0.30042496E-01
  -43.433318     -0.10860499E-01
  -43.697572     -0.23808671E-01
  -43.961825     -0.80980249E-01
  -44.226079      0.27223155E-01
  -44.490333      0.39680798E-01
  -44.754586      0.62929019E-01
  -45.018840      0.81206381E-01
  -45.283093      0.57762999E-01
  -45.547347     -0.42677838E-02
  -45.811601     -0.92385067E-02
  -46.075854     -0.35158347E-01
  -46.340108      0.24218723E-01
  -46.604361      0.31391010E-01
  -46.868615      0.40612221E-01
  -47.132869      0.40767968E-01
  -47.397122      0.47883350E-01
  -47.661376      0.38872276E-01
  -47.925629      0.64080454E-01
  -48.189883      0.30051548E-01
  -48.454137      0.45975704E-01
  -48.718390     -0.23117211E-01
  -48.982644      0.13963718E-01
  -49.246898      0.35457537E-01
  -49.511151      0.82471043E-01
  -49.775405      0.54507732E-01
  -50.039658     -0.23822300E-04
  -50.303912      0.18445300E-01
  -50.568166      0.40124699E-01
  -50.832419      0.61164737E-01
  -51.096673     -0.23865687E-01
  -51.360926     -0.25032565E-01
  -51.625180      0.32691576E-01
  -51.889434      0.36026761E-02
  -52.153687     -0.28888134E-01
  -52.417941      0.59215311E-01
  -52.682195      0.49336366E-01
  -52.946448      0.64910620E-01
  -53.210702      0.26858641E-01
  -53.474955     -0.88965021E-01
  -53.739209      0.24444789E-01
  -54.003463     -0.16218710E-02
  -54.267716     -0.21431947E-01
  -54.531970     -0.43216594E-01
  -54.796223     -0.37514307E-01
  -55.060477      0.17754991E-01
  -55.324731      0.44852316E-01
  -55.588984      0.36561757E-01
  -55.853238      0.57831462E-02
  -56.117491      0.15924409E-01
  -56.381745      0.41393038E-01
  -56.645999      0.43996584E-01
  -56.910252      0.21928657E-01
  -57.174506      0.20207662E-01
  -57.438760      0.79735434E-02
  -57.703013      0.93147047E-01
  -57.967267      0.51043238E-01
  -58.231520     -0.30572237E-01
  -58.495774     -0.28649300E-01
  -58.760028     -0.35897505E-01
  -59.024281     -0.42067063E-02
  -59.288535     -0.14281106E-01
  -59.552788      0.88265419E-01
  -59.817042     -0.11066522E-01
  -60.081296     -0.27297020E-02
  -60.345549     -0.36240865E-01
  -60.609803      0.22886556E-01
  -60.874057      0.67378007E-01
  -61.138310     -0.64353957E-02
  -61.402564     -0.23666725E-01
  -61.666817     -0.28595075E-01
  -61.931071     -0.25110675E-01
  -62.195325     -0.59530415E-01
  -62.459578     -0.38051605E-02
  -62.723832     -0.80438321E-02
  -62.988085     -0.51815476E-01
  -63.252339     -0.46811927E-01
  -63.516593     -0.57462275E-01
  -63.780846     -0.31526461E-01
  -64.045100     -0.47351368E-01
  -64.309353     -0.98117674E-02
  -64.573607      0.48227068E-01
  -64.837861      0.45096837E-01
  -65.102114     -0.71662575E-01
  -65.366368     -0.72191814E-02
  -65.630622      0.49627453E-01
  -65.894875      0.31134348E-01
  -66.159129     -0.16055269E-01
  -66.423382      0.46201069E-01
  -66.687636     -0.28674269E-01
  -66.951890     -0.52639738E-01
  -67.216143     -0.62617026E-01
  -67.480397     -0.30653939E-01
  -67.744650     -0.57318162E-01
  -68.008904     -0.71937248E-01
  -68.273158     -0.66325203E-01
  -68.537411      0.12108730E-03
  -68.801665      0.38039748E-01
  -69.065919      0.20546742E-01
  -69.330172     -0.88279229E-02
  -69.594426      0.86041845E-01
  -69.858679      0.78529157E-02
  -70.122933      0.27973134E-01
  -70.387187      0.74955136E-01
  -70.651440      0.12693740E-02
  -70.915694     -0.38258519E-01
  -71.179947      0.29403660E-02
  -71.444201      0.71179937E-02
  -71.708455      0.56707319E-01
  -71.972708     -0.31875245E-01
  -72.236962     -0.53941708E-01
  -72.501215     -0.81030056E-01
  -72.765469     -0.40522050E-01
  -73.029723     -0.37336752E-02
  -73.293976      0.65422631E-02
  -73.558230      0.42025581E-01
  -73.822484      0.29988922E-01
  -74.086737      0.12353886E-01
  -74.350991     -0.39140444E-01
  -74.615244     -0.12001486E-01
  -74.879498      0.16341066E-01
  -75.143752     -0.26873630E-02
  -75.408005     -0.84783286E-01
  -75.672259      0.39338361E-01
  -75.936512      0.33124927E-01
  -76.200766     -0.38357496E-01
  -76.465020     -0.13872542E-01
  -76.729273     -0.20889983E-01
  -76.993527     -0.16284224E-01
  -77.257781     -0.25244577E-01
  -77.522034     -0.38658202E-01
  -77.786288      0.33079274E-01
  -78.050541      0.46424083E-02
  -78.314795      0.57129031E-02
  -78.579049      0.51074430E-01
  -78.843302     -0.77103889E-02
  -79.107556     -0.10287274E-01
  -79.371809      0.30083716E-01
  -79.636063      0.12768004E-01
  -79.900317     -0.16901504E-01
  -80.164570     -0.29380148E-01
  -80.428824     -0.23404799E-01
  -80.693077     -0.34485385E-01
  -80.957331     -0.61822888E-01
  -81.221585     -0.89344747E-01
  -81.485838      0.79106614E-02
  -81.750092      0.29858060E-01
  -82.014346     -0.96618570E-03
  -82.278599     -0.27826795E-01
  -82.542853     -0.12173211E-01
  -82.807106      0.19621830E-01
  -83.071360     -0.46799774E-02
  -83.335614     -0.15483608E-01
  -83.599867     -0.43551475E-01
  -83.864121      0.20155923E-02
  -84.128374      0.41291326E-01
  -84.392628      0.16077599E-01
  -84.656882     -0.45588769E-01
  -84.921135     -0.42105950E-01
  -85.185389     -0.37123274E-01
  -85.449643     -0.65956146E-01
  -85.713896     -0.14926972E-01
  -85.978150      0.18211521E-01
  -86.242403     -0.20448629E-01
  -86.506657      0.29974807E-01
  -86.770911      0.74449899E-02
  -87.035164     -0.32081254E-01
  -87.299418     -0.34863647E-01
  -87.563671      0.17168697E-01
  -87.827925     -0.40271714E-01
  -88.092179     -0.40420078E-01
  -88.356432      0.27803155E-01
  -88.620686     -0.31834501E-02
  -88.884939     -0.48763014E-01
  -89.149193     -0.26621971E-01
  -89.413447     -0.50089797E-02
  -89.677700     -0.11626014E-01
  -89.941954     -0.47457591E-01
  -90.206208     -0.76056436E-01
  -90.470461     -0.75916730E-01
  -90.734715     -0.15788555E-01
  -90.998968     -0.56109395E-01
  -91.263222     -0.70778571E-01
  -91.527476     -0.54359328E-01
  -91.791729      0.36431134E-01
  -92.055983     -0.30436272E-01
  -92.320236     -0.67696720E-01
  -92.584490      0.37461244E-01
  -92.848744     -0.13591917E-01
  -93.112997     -0.17026581E-01
  -93.377251     -0.11650956E-01
  -93.641505     -0.23338953E-02
  -93.905758     -0.44457833E-02
  -94.170012     -0.50206862E-01
  -94.434265      0.38463853E-01
  -94.698519      0.37871536E-01
  -94.962773     -0.30434705E-01
  -95.227026     -0.27870948E-02
  -95.491280     -0.31099021E-01
  -95.755533     -0.19283082E-01
  -96.019787     -0.17163174E-01
  -96.284041     -0.46203271E-01
  -96.548294      0.13141087E-02
  -96.812548      0.45437627E-02
  -97.076801      0.27108310E-01
  -97.341055      0.18186074E-01
  -97.605309     -0.29322039E-01
  -97.869562     -0.36567241E-01
  -98.133816      0.47394231E-01
  -98.398070     -0.33006296E-01
  -98.662323     -0.39923765E-01
  -98.926577      0.35619393E-01
  -99.190830     -0.15951890E-01
  -99.455084     -0.42553470E-02
  -99.719338      0.12750497E-01
  -99.983591     -0.16598329E-01
  -100.24784     -0.27545273E-01
  -100.51210     -0.40657394E-01
  -100.77635     -0.32092284E-01
  -101.04061      0.71316145E-01
  -101.30486     -0.45041554E-04
  -101.56911     -0.91561805E-02
  -101.83337      0.23019742E-02
  -102.09762     -0.20610467E-01
  -102.36187      0.60151644E-01
  -102.62613      0.78823864E-02
  -102.89038      0.58574107E-01
  -103.15463      0.29280480E-01
  -103.41889      0.42074993E-02
  -103.68314     -0.52720621E-01
  -103.94740      0.51350985E-01
  -104.21165     -0.52740056E-01
  -104.47590      0.17769199E-01
  -104.74016      0.43031108E-01
  -105.00441      0.15883414E-01
  -105.26866      0.39053388E-01
  -105.53292     -0.14957022E-01
  -105.79717      0.63068949E-01
  -106.06142      0.46310499E-01
  -106.32568      0.76927431E-02
  -106.58993     -0.18430062E-01
  -106.85419      0.34789678E-01
  -107.11844     -0.21337846E-01
  -107.38269      0.22205364E-01
  -107.64695     -0.62037874E-01
  -107.91120     -0.17380383E-01
  -108.17545      0.32150611E-01
  -108.43971      0.57475427E-02
  -108.70396      0.10180028E-01
  -108.96821     -0.88274807E-01
  -109.23247      0.11781825E-01
  -109.49672      0.15320076E-01
  -109.76097      0.23932694E-01
  -110.02523     -0.13928034E-01
  -110.28948     -0.41170731E-01
  -110.55374     -0.59212670E-01
  -110.81799     -0.89142639E-02
  -111.08224     -0.31822879E-01
  -111.34650     -0.55821821E-01
  -111.61075     -0.36728121E-01
  -111.87500     -0.45767065E-01
  -112.13926     -0.71728816E-02
  -112.40351     -0.46751540E-01
  -112.66776      0.21494519E-01
  -112.93202      0.12000531E-01
  -113.19627     -0.51135883E-01
  -113.46053     -0.51877290E-01
  -113.72478      0.28163362E-01
  -113.98903     -0.41418325E-01
  -114.25329     -0.64703360E-01
  -114.51754     -0.90223849E-02
  -114.78179      0.48631690E-02
  -115.04605     -0.30633368E-01
  -115.31030      0.11500889E-01
  -115.57455     -0.74380413E-01
  -115.83881      0.84591568E-01
  -116.10306      0.66735327E-01
  -116.36732     -0.55469718E-01
  -116.63157     -0.94250534E-02
  -116.89582      0.11567699E-01
  -117.16008      0.31841584E-02
  -117.42433      0.78881467E-02
  -117.68858     -0.89618396E-02
  -117.95284      0.49229190E-02
  -118.21709     -0.10676063E-01
  -118.48134     -0.17996166E-01
  -118.74560     -0.67518637E-01
  -119.00985      0.16442556E-01
  -119.27410      0.88837862E-01
  -119.53836      0.71239486E-01
  -119.80261     -0.14454911E-01
  -120.06687      0.58308773E-01
  -120.33112      0.44698961E-01
  -120.59537      0.17309112E-01
  -120.85963     -0.86509604E-02
  -121.12388      0.10415482E-01
  -121.38813      0.78858761E-02
  -121.65239      0.38703363E-01
  -121.91664      0.40914088E-01
  -122.18089      0.47043890E-01
  -122.44515     -0.11568725E-01
  -122.70940      0.59376307E-01
  -122.97366      0.77602834E-01
  -123.23791      0.17093612E-01
  -123.50216     -0.66072188E-01
  -123.76642     -0.90136379E-01
  -124.03067     -0.31228781E-01
  -124.29492     -0.67372851E-01
  -124.55918      0.60248850E-02
  -124.82343     -0.71918964E-01
  -125.08768     -0.65813690E-01
  -125.35194     -0.43378342E-01
  -125.61619      0.31648874E-01
  -125.88045     -0.56146212E-01
  -126.14470     -0.27415827E-02
  -126.40895     -0.28927792E-02
  -126.67321      0.78573823E-04
  -126.93746      0.38487546E-01
  -127.20171     -0.62637165E-01
  -127.46597      0.43726638E-01
  -127.73022     -0.14405536E-01
  -127.99447     -0.27149953E-01
  -128.25873     -0.76983705E-01
  -128.52298     -0.41776404E-01
  -128.78724     -0.11683036E-01
  -129.05149     -0.18478666E-01
  -129.31574     -0.59422657E-01
  -129.58000     -0.10759192E-01
  -129.84425      0.28566826E-01
  -130.10850      0.37953284E-01
  -130.37276     -0.10865483E-01
  -130.63701      0.45571037E-01
  -130.90126      0.78769056E-02
  -131.16552      0.18239960E-01
  -131.42977      0.55436313E-01
  -131.69402      0.57623379E-01
  -131.95828      0.93972713E-01
  -132.22253      0.31066287E-01
  -132.48679     -0.34079637E-01
  -132.75104      0.21910956E-01
  -133.01529      0.38881399E-01
  -133.27955      0.44226620E-01
  -133.54380      0.13462014E-01
  -133.80805     -0.11649773    
  -134.07231     -0.69422200E-01
  -134.33656     -0.11036467E-01
  -134.60081     -0.46969816E-01
  -134.86507     -0.46306200E-01
  -135.12932     -0.36950391E-01
  -135.39358     -0.22651054E-01
  -135.65783     -0.38709387E-01
  -135.92208     -0.49663680E-02
  -136.18634      0.46975076E-01
  -136.45059      0.18919917E-01
  -136.71484     -0.95064919E-02
  -136.97910     -0.79042427E-01
  -137.24335     -0.38540866E-01
  -137.50760     -0.21443555E-01
  -137.77186     -0.24787681E-01
  -138.03611     -0.70308216E-01
  -138.30037      0.15220968E-01
  -138.56462      0.20331897E-01
  -138.82887     -0.53324256E-01
  -139.09313     -0.33063494E-01
  -139.35738     -0.47588926E-01
  -139.62163     -0.43577485E-01
  -139.88589      0.28799104E-02
  -140.15014     -0.35733644E-01
  -140.41439     -0.53577460E-02
  -140.67865     -0.91465324E-01
  -140.94290     -0.79431981E-01
  -141.20715      0.39309621E-01
  -141.47141      0.60133386E-01
  -141.73566      0.13064379E-01
  -141.99992     -0.53690462E-02
  -142.26417      0.34335919E-01
  -142.52842      0.82756728E-02
  -142.79268      0.70986100E-01
  -143.05693     -0.32481059E-01
  -143.32118      0.98981902E-01
  -143.58544     -0.10617367E-01
  -143.84969     -0.18942956E-01
  -144.11394     -0.31135451E-01
  -144.37820     -0.20884458E-01
  -144.64245      0.20498618E-01
  -144.90671      0.32014452E-01
  -145.17096     -0.20719578E-01
  -145.43521     -0.58698341E-01
  -145.69947     -0.76089747E-01
  -145.96372     -0.11636818E-01
  -146.22797     -0.82621813E-01
  -146.49223     -0.28175708E-01
  -146.75648      0.45486610E-01
  -147.02073     -0.91853961E-02
  -147.28499     -0.77734694E-01
  -147.54924      0.23345603E-02
  -147.81350      0.13074917E-01
  -148.07775     -0.95809922E-02
  -148.34200     -0.23996968E-01
  -148.60626      0.61398122E-01
  -148.87051     -0.36319201E-02
  -149.13476      0.46587139E-01
  -149.39902      0.27094316E-01
  -149.66327      0.17945064E-01
  -149.92752     -0.38052872E-01
  -150.19178     -0.34077402E-01
  -150.45603     -0.40021434E-01
  -150.72028     -0.43713413E-01
  -150.98454     -0.31544154E-02
  -151.24879     -0.94359396E-02
  -151.51305      0.55335082E-01
  -151.77730      0.70420310E-01
  -152.04155     -0.62168345E-01
  -152.30581     -0.45180444E-01
  -152.57006     -0.59461512E-01
  -152.83431     -0.56895353E-01
  -153.09857     -0.10138731    
  -153.36282     -0.77155188E-01
  -153.62707     -0.40284414E-01
  -153.89133     -0.25257383E-01
  -154.15558     -0.38160045E-01
  -154.41984     -0.35374202E-01
  -154.68409     -0.71268551E-01
  -154.94834     -0.50684512E-01
  -155.21260      0.10977898E-01
  -155.47685      0.67564793E-01
  -155.74110      0.11334463E-01
  -156.00536      0.10151658E-02
  -156.26961      0.13080736E-01
  -156.53386      0.21808941E-01
  -156.79812      0.24398077E-01
  -157.06237     -0.16411616E-01
  -157.32663     -0.14220420E-01
  -157.59088      0.47062468E-02
  -157.85513     -0.35680663E-01
  -158.11939     -0.14164115E-01
  -158.38364      0.87202480E-02
  -158.64789     -0.43340482E-01
  -158.91215     -0.51893611E-01
  -159.17640     -0.43733917E-01
  -159.44065     -0.10631555    
  -159.70491     -0.70760071E-01
  -159.96916     -0.58674432E-01
  -160.23341     -0.47557179E-01
  -160.49767      0.26383922E-01
  -160.76192      0.88058133E-03
  -161.02618      0.53940669E-01
  -161.29043      0.47438934E-01
  -161.55468      0.41151963E-01
  -161.81894      0.44024426E-01
  -162.08319      0.12333604E-01
  -162.34744      0.29045157E-01
  -162.61170     -0.43017048E-01
  -162.87595      0.28102089E-01
  -163.14020     -0.20165075E-01
  -163.40446      0.30771852E-01
  -163.66871      0.26683426E-01
  -163.93297      0.92257187E-01
  -164.19722      0.52304938E-04
  -164.46147      0.54547475E-02
  -164.72573     -0.51740699E-01
  -164.98998      0.46745293E-01
  -165.25423      0.82884252E-01
  -165.51849     -0.32711394E-01
  -165.78274     -0.49839519E-01
  -166.04699     -0.28352493E-01
  -166.31125      0.12255513E-01
  -166.57550     -0.28327571E-01
  -166.83976     -0.78570619E-02
  -167.10401     -0.38787723E-01
  -167.36826     -0.88013649E-01
  -167.63252     -0.46844907E-01
  -167.89677     -0.16211450E-01
  -168.16102      0.11241847E-01
  -168.42528      0.43654233E-01
  -168.68953      0.16407534E-01
  -168.95378      0.39301064E-01
  -169.21804      0.76859742E-02
  -169.48229     -0.15644424E-01
  -169.74655     -0.53786751E-01
  -170.01080     -0.27800896E-02
  -170.27505     -0.52797679E-01
  -170.53931     -0.51025979E-01
  -170.80356     -0.86120749E-02
  -171.06781      0.14609661E-01
  -171.33207      0.29044919E-01
  -171.59632     -0.48175637E-01
  -171.86057     -0.70538178E-01
  -172.12483      0.68554534E-02
  -172.38908      0.54321941E-01
  -172.65333      0.41264975E-02
  -172.91759      0.21385616E-01
  -173.18184      0.18859109E-01
  -173.44610     -0.59222911E-01
  -173.71035      0.82869083E-03
  -173.97460      0.46778198E-01
  -174.23886     -0.36053266E-02
  -174.50311      0.68212524E-01
  -174.76736      0.67230284E-01
  -175.03162      0.14846474E-01
  -175.29587      0.36563076E-01
  -175.56012      0.22463398E-01
  -175.82438     -0.56181509E-01
  -176.08863     -0.13676104E-01
  -176.35289      0.32626819E-02
  -176.61714     -0.98398872E-01
  -176.88139     -0.41136950E-01
  -177.14565      0.44994526E-01
  -177.40990      0.55068653E-01
  -177.67415      0.36857471E-01
  -177.93841     -0.10072575E-01
  -178.20266     -0.93284715E-02
  -178.46691      0.72792657E-02
  -178.73117      0.74854107E-02
  -178.99542      0.21142170E-01
  -179.25968     -0.46788454E-01
  -179.52393     -0.74984296E-02
  -179.78818     -0.11971709E-01
  -180.05244      0.83320923E-02
  -180.31669     -0.10582639E-01
