10.932147 0.0084744478
10.85117 0.053072564
10.770193 0.029236082
10.689216 -0.059451554
10.608239 0.023208132
10.527262 0.1101893
10.446286 0.043362197
10.365309 0.0090976823
10.284332 -0.075270452
10.203355 -0.058463745
10.122378 -0.080498472
10.041401 -0.1260162
9.9604242 -0.032898027
9.8794473 -0.016391931
9.7984704 -0.049353596
9.7174935 0.037900466
9.6365166 0.064553238
9.5555397 0.0053817416
9.4745629 0.12428968
9.393586 0.093589135
9.3126091 -0.020808578
9.2316322 -0.083185539
9.1506553 -0.046963252
9.0696784 -0.0018140413
8.9887015 0.045952614
8.9077246 0.21254061
8.8267477 0.19577385
8.7457709 0.16714397
8.664794 0.11221833
8.5838171 0.08457464
8.5028402 0.17180037
8.4218633 0.20353225
8.3408864 0.29971859
8.2599095 0.41610163
8.1789326 0.29528898
8.0979557 0.1388403
8.0169789 0.092225835
7.936002 0.022376532
7.8550251 -0.051166575
7.7740482 -0.014982078
7.6930713 0.17683537
7.6120944 0.16525628
7.5311175 0.036680117
7.4501406 -0.0009535054
7.3691637 0.038070738
7.2881869 0.18190292
7.20721 0.22271161
7.1262331 0.11552615
7.0452562 0.035241641
6.9642793 0.082674257
6.8833024 0.071432054
6.8023255 -0.0061479495
6.7213486 -0.0057867812
6.6403718 -0.090343289
6.5593949 -0.049599528
6.478418 0.096275814
6.3974411 0.040468112
6.3164642 -0.16238222
6.2354873 -0.17662008
6.1545104 -0.037289269
6.0735335 0.046888616
