99.888573 -0.0053368458
99.756446 0.0038229227
99.624318 -0.072525822
99.492191 -0.09695331
99.360064 0.027192727
99.227937 0.010142691
99.09581 0.028676361
98.963683 0.1395946
98.831555 0.10779988
98.699428 0.070869774
98.567301 0.015745314
98.435174 -0.0041454905
98.303047 -0.0033552807
98.17092 0.00073530152
98.038792 0.065448843
97.906665 0.030051092
97.774538 -0.016148677
97.642411 -0.016085606
97.510284 0.0004761098
97.378157 -0.048626542
97.24603 -0.022373924
97.113902 0.086761095
96.981775 0.066641189
96.849648 -0.0037698171
96.717521 -0.026460087
96.585394 -0.008662641
96.453267 -0.044171106
96.321139 -0.074860938
96.189012 -0.025943449
96.056885 0.053793743
95.924758 0.038488574
95.792631 0.049376294
95.660504 0.12118997
95.528376 0.080120482
95.396249 0.071363144
95.264122 0.0069646291
95.131995 0.00095567125
94.999868 0.072491914
94.867741 -0.014764282
94.735613 0.020625578
94.603486 0.084331743
94.471359 0.069239594
94.339232 0.033016898
94.207105 -0.025579497
94.074978 0.011748127
93.94285 0.026895842
93.810723 0.026756978
93.678596 0.0034717962
93.546469 -0.048208922
93.414342 -0.0071988092
93.282215 0.03566701
93.150087 0.0085686417
93.01796 -0.010872585
92.885833 0.050545279
92.753706 -0.0074546984
92.621579 -0.03795889
92.489452 0.059825089
92.357324 0.066788249
92.225197 0.037943564
92.09307 0.026356196
91.960943 -0.045321763
91.828816 -0.016947711
91.696689 0.05112328
91.564561 0.029632399
91.432434 0.064021468
91.300307 0.02069266
91.16818 -0.022821555
91.036053 -0.01868896
90.903926 0.011050371
90.771798 0.0046074032
90.639671 -0.058554098
90.507544 -0.01070831
90.375417 0.051939592
90.24329 -0.037573077
90.111163 -0.062161196
89.979035 0.046779085
89.846908 0.078903638
89.714781 0.054430068
89.582654 -0.0061117322
89.450527 -0.041868746
89.3184 0.025403472
89.186272 0.026021197
89.054145 -0.0042243223
88.922018 0.029536987
88.789891 -0.021858728
88.657764 0.021891149
88.525637 -0.025228625
88.393509 -0.042776331
88.261382 0.070101954
88.129255 0.034817535
87.997128 0.0056437789
87.865001 0.0043190732
87.732874 -0.020743394
87.600746 -0.0019178813
87.468619 0.01998516
87.336492 -0.017677693
87.204365 -0.019633166
87.072238 -0.016570995
86.940111 0.012350716
86.807983 0.024934212
86.675856 0.0018498997
86.543729 -0.00065475208
86.411602 -0.021896014
86.279475 -0.053964388
86.147348 0.0016355688
86.01522 0.04971002
85.883093 0.082689464
85.750966 0.089462452
85.618839 0.067690007
85.486712 0.028523764
85.354585 -0.018839404
85.222457 0.025649896
85.09033 -0.029202893
84.958203 -0.08007782
84.826076 -0.0045696851
84.693949 -0.0027124528
84.561822 0.0011678938
84.429694 0.016750308
84.297567 0.050262701
84.16544 0.072436646
84.033313 0.036259938
83.901186 -0.011996728
83.769059 -0.033858795
83.636931 0.03528437
83.504804 0.066233374
83.372677 -0.011575609
83.24055 -0.065840021
83.108423 0.018669434
82.976296 0.021077625
82.844168 0.005391676
82.712041 0.037499879
82.579914 0.032131642
82.447787 -0.034803707
82.31566 -0.049140841
82.183533 0.00093823421
82.051405 -0.0092225103
81.919278 -0.055763453
81.787151 -0.079636209
81.655024 -0.0087207695
81.522897 -0.0083933547
81.39077 0.0082422607
81.258642 0.040669557
81.126515 0.030748814
80.994388 0.046586279
80.862261 0.064843103
80.730134 0.064200073
80.598007 0.020253113
80.465879 0.020055139
80.333752 0.0030766353
80.201625 0.016502218
80.069498 0.047275562
79.937371 0.03438383
79.805244 0.089258403
79.673116 0.030410314
79.540989 -0.062779419
79.408862 -0.034126636
79.276735 -0.026230099
79.144608 -0.0031354178
79.012481 0.020543629
78.880353 0.050247222
78.748226 0.033629078
78.616099 0.040417418
78.483972 0.047250047
78.351845 -0.022588432
78.219718 -0.029239452
78.08759 0.01196734
77.955463 0.046042353
77.823336 0.0056307153
77.691209 -0.033782165
77.559082 -0.004994195
77.426955 0.045506865
77.294827 0.028483294
77.1627 0.0037113484
77.030573 -0.011547104
76.898446 -0.058518857
76.766319 -0.072274737
76.634192 -0.022096455
76.502064 -0.03298403
76.369937 0.016987475
76.23781 0.044630092
76.105683 0.0059904102
75.973556 0.01750247
75.841429 0.022607952
75.709301 -0.01000103
75.577174 -0.050702676
75.445047 -0.028727362
75.31292 -0.010300298
75.180793 0.025136044
75.048666 0.076010577
74.916538 0.056162503
74.784411 0.04396778
74.652284 0.04694657
74.520157 0.0083660074
74.38803 -0.0049704411
74.255903 -0.017022626
74.123775 -0.0080835391
73.991648 0.0090630455
73.859521 0.058163594
73.727394 0.079555988
73.595267 -0.00041184449
73.46314 -0.018801505
73.331012 0.035205539
73.198885 0.0042178133
73.066758 -0.046638336
72.934631 -0.013607507
72.802504 0.021587759
72.670377 0.074434824
72.538249 0.079839379
72.406122 0.052524727
72.273995 0.037667409
72.141868 0.017697457
72.009741 -0.0030467808
71.877614 0.037243932
71.745487 0.04243958
71.613359 0.0084805517
71.481232 0.096053034
71.349105 0.062450904
71.216978 0.039725915
71.084851 0.080878899
70.952724 0.078160904
70.820596 0.032261901
70.688469 -0.010739114
70.556342 -0.02264292
70.424215 -0.068144061
70.292088 -0.088894658
70.159961 -0.046716124
70.027833 0.013291347
69.895706 0.0016224729
69.763579 -0.029521102
69.631452 -0.061411019
69.499325 -0.051868875
69.367198 -0.0032374405
69.23507 0.027299119
69.102943 0.00031653667
68.970816 -0.0076247454
68.838689 0.085591048
68.706562 0.03083572
68.574435 -0.060411666
68.442307 -0.041484106
68.31018 -0.034223691
68.178053 -0.0090398612
68.045926 0.032038275
67.913799 0.084147252
67.781672 0.068882667
67.649544 -0.021414617
67.517417 0.030329613
67.38529 0.045708876
67.253163 0.0099677416
67.121036 0.059027478
66.988909 0.10874318
66.856781 0.074459411
66.724654 0.051550653
66.592527 0.0049040639
66.4604 -0.075760268
66.328273 -0.053829417
66.196146 0.016789833
66.064018 0.025499215
65.931891 -0.041889489
65.799764 0.020334171
65.667637 0.029015927
65.53551 -0.020136287
65.403383 0.022262206
65.271255 0.063258216
65.139128 0.054763082
65.007001 -0.028329285
64.874874 0.0092523731
64.742747 0.041762441
64.61062 -0.06668628
64.478492 -0.045625929
64.346365 -0.046216924
64.214238 -0.068438508
64.082111 0.0017546316
63.949984 -0.00026520094
63.817857 0.053708483
63.685729 0.087148361
63.553602 0.0050863451
63.421475 0.056382474
63.289348 0.063316979
63.157221 0.0123344
63.025094 -0.038390934
62.892966 -0.0087166792
62.760839 0.061324816
62.628712 -0.0010576478
62.496585 0.027176805
62.364458 0.046833236
62.232331 0.022816529
62.100203 0.0346664
61.968076 0.020687312
61.835949 0.074624524
61.703822 0.090977825
61.571695 0.048029821
61.439568 -0.036943261
61.30744 -0.059079409
61.175313 0.0025397816
61.043186 0.0029955145
60.911059 -0.037561864
60.778932 -0.036369715
60.646805 0.00057663891
60.514677 0.047424782
60.38255 -0.015129853
60.250423 -0.05649187
60.118296 -0.0019407719
59.986169 0.014543291
59.854042 0.033521261
59.721914 0.031054167
59.589787 0.023796806
59.45766 0.056345165
59.325533 0.061499324
59.193406 0.046174955
59.061279 -0.035764243
58.929151 0.037884448
58.797024 0.094687141
58.664897 -0.010132172
58.53277 -0.029628592
58.400643 -0.0083326986
58.268516 -0.0014487691
58.136388 -0.029602123
58.004261 -0.02583758
57.872134 -0.0023790516
57.740007 0.03748126
57.60788 0.011523868
57.475753 0.0099348007
57.343625 0.05382872
57.211498 0.041780893
57.079371 -0.014702444
56.947244 -0.019227345
56.815117 0.093624569
56.68299 0.094814621
56.550862 -0.0080825696
56.418735 -0.036030084
56.286608 -0.029957918
56.154481 -0.021392308
56.022354 0.024127675
55.890227 0.055204466
55.758099 0.061699003
55.625972 0.073544331
55.493845 0.056308318
55.361718 0.029705979
55.229591 -0.0013864985
55.097464 -0.035698753
54.965336 -0.0051347204
54.833209 0.018982658
54.701082 -0.067520536
54.568955 -0.054419968
54.436828 -0.038701642
54.304701 -0.062887378
54.172573 -0.019489653
54.040446 0.043735195
53.908319 0.057933692
53.776192 0.00024496266
53.644065 -0.033824205
53.511938 -0.00094622123
53.37981 -0.076814286
53.247683 -0.053357136
53.115556 0.084967047
52.983429 0.041344162
52.851302 -0.015230238
52.719175 -0.0031559456
52.587047 0.0049274177
52.45492 0.056768879
52.322793 -0.035749212
52.190666 -0.10124013
52.058539 -0.018998161
51.926412 -0.020934964
51.794284 0.017875187
51.662157 0.045276761
51.53003 0.031830385
51.397903 0.00430123
51.265776 -0.0028045997
51.133649 0.039684009
51.001521 0.032739315
50.869394 -0.054103527
50.737267 -0.08843147
50.60514 -0.037994325
50.473013 -0.053392604
50.340886 -0.058160942
50.208758 -0.017443774
50.076631 -0.0061736424
49.944504 0.054685134
49.812377 0.10522738
49.68025 0.075016193
49.548123 0.054246712
49.415995 0.026154796
49.283868 -0.037705071
49.151741 -0.064074688
49.019614 0.0075027696
48.887487 0.025585877
48.75536 0.015547014
48.623232 0.0041929544
48.491105 -0.037649494
48.358978 0.032767456
48.226851 0.041231189
48.094724 -0.022569356
47.962597 -0.020368414
47.830469 -0.04070415
47.698342 -0.059624571
47.566215 -0.041039035
47.434088 -0.06688302
47.301961 0.020202398
47.169834 0.037710339
47.037707 -0.00058628496
46.905579 0.042885553
46.773452 0.022673404
46.641325 0.011741565
46.509198 -0.026947314
46.377071 -0.012115706
46.244944 0.075525299
46.112816 0.049468931
45.980689 0.032102864
45.848562 0.07933452
45.716435 0.085448392
45.584308 0.043994635
45.452181 -0.028658187
45.320053 -0.01621316
45.187926 0.027675236
45.055799 -0.026581017
44.923672 -0.018437862
44.791545 -0.017952716
44.659418 -0.091757141
44.52729 -0.049086113
44.395163 -0.041779876
44.263036 -0.047875851
44.130909 -0.019275783
43.998782 -0.013868404
43.866655 -0.043744925
43.734527 -0.078044638
43.6024 -0.020647302
43.470273 0.014542555
43.338146 -0.034024637
43.206019 -0.056590397
43.073892 -0.035683464
42.941764 -0.0095929122
42.809637 0.017879674
42.67751 0.05210175
42.545383 0.04455499
42.413256 0.015923142
42.281129 -0.031209223
42.149001 -0.051914442
42.016874 -0.002988993
41.884747 -0.03550246
41.75262 -0.051154822
41.620493 -0.066923551
41.488366 0.0076849903
41.356238 0.084722184
41.224111 0.031916764
41.091984 0.0074271522
40.959857 -0.00064663851
40.82773 0.013670431
40.695603 0.058189463
40.563475 0.033206344
40.431348 -0.046313081
40.299221 0.021662896
40.167094 0.052850056
40.034967 0.051514458
39.90284 0.022113593
39.770712 -0.043644723
39.638585 -0.0037458688
39.506458 -0.028911039
39.374331 0.024252551
39.242204 0.026909528
39.110077 -0.021517405
38.977949 -0.00014465924
38.845822 0.0091130855
38.713695 0.10016342
38.581568 0.077995196
38.449441 -0.0013048263
38.317314 -0.010257064
38.185186 -0.0050305077
38.053059 0.025641786
37.920932 -0.013747477
37.788805 0.0039403294
37.656678 0.054816574
37.524551 0.059723213
37.392423 0.093232445
37.260296 0.086263217
37.128169 0.079156891
36.996042 0.03496797
36.863915 0.039335635
36.731788 0.051653277
36.59966 0.02241911
36.467533 0.029040627
36.335406 0.014638267
36.203279 0.024570728
36.071152 0.044283342
35.939025 0.045210276
35.806897 0.055863459
35.67477 0.072011106
35.542643 0.0031989005
35.410516 -0.042448848
35.278389 -0.0064264569
35.146262 0.035217386
35.014134 0.0097749336
34.882007 -0.0011167824
34.74988 0.035802271
34.617753 0.022798175
34.485626 0.058334339
34.353499 0.084126495
34.221371 0.055852871
34.089244 0.023521895
33.957117 0.0066999611
33.82499 0.053926129
33.692863 -0.037316848
33.560736 -0.10743482
33.428608 0.013386852
33.296481 0.016541516
33.164354 -0.024329921
33.032227 -0.021017075
32.9001 0.038195595
32.767973 0.071699344
32.635845 0.022884956
32.503718 0.02848459
32.371591 0.058771137
32.239464 0.072372839
32.107337 0.017679842
31.97521 0.020610182
31.843082 0.088648506
31.710955 0.054815035
31.578828 -0.0038729124
31.446701 -0.002308239
31.314574 0.038441442
31.182447 0.024619816
31.050319 0.013625438
30.918192 0.042245254
30.786065 0.024414742
30.653938 -0.0041984171
30.521811 0.049015064
30.389684 0.070462905
30.257556 0.0046943557
30.125429 -0.00073865551
29.993302 0.052450892
29.861175 0.0034521699
29.729048 0.014878146
29.596921 0.087977521
29.464793 0.043708455
29.332666 0.071282625
29.200539 0.038283132
29.068412 -0.022879237
28.936285 0.0042875088
28.804158 0.0088611068
28.67203 0.0049405298
28.539903 0.078147098
28.407776 0.055645537
28.275649 -0.001563107
28.143522 0.038452443
28.011395 0.026570052
27.879267 0.043366373
27.74714 -0.0068200673
27.615013 0.0063667209
27.482886 0.032322232
27.350759 -0.034536198
27.218632 -0.035330478
27.086504 -0.050758954
26.954377 0.060716867
26.82225 0.13630404
26.690123 0.070899107
26.557996 0.057135835
26.425869 0.0055361637
26.293741 0.0050502643
26.161614 0.019481052
26.029487 0.065229051
25.89736 0.081184112
25.765233 0.033457685
25.633106 0.11745758
25.500978 0.093909077
25.368851 -0.01134864
25.236724 0.07853765
25.104597 0.1475503
24.97247 0.038589094
24.840343 0.038524423
24.708215 0.03509682
24.576088 0.00080788881
24.443961 0.063489608
24.311834 0.034700949
24.179707 -0.0035530168
24.04758 0.0059164572
23.915452 0.020192703
23.783325 0.072081022
23.651198 0.060297798
23.519071 0.057027448
23.386944 0.077368565
23.254817 0.013382631
23.122689 -0.01263692
22.990562 0.044708263
22.858435 0.12921295
22.726308 0.056794029
22.594181 -6.7855079e-05
22.462054 0.10213044
22.329926 0.093542568
22.197799 0.098804615
22.065672 0.12137724
21.933545 0.051420778
21.801418 -0.04096102
21.669291 0.036655854
21.537164 0.11280905
21.405036 0.072444566
21.272909 0.028010642
21.140782 0.0053582839
21.008655 0.011203473
20.876528 0.012107161
20.744401 0.10897782
20.612273 0.094083369
20.480146 0.041147444
20.348019 0.072445042
20.215892 0.084030785
20.083765 0.052368801
19.951638 0.055614561
19.81951 0.039424691
19.687383 0.066007622
19.555256 0.1074462
19.423129 0.053999603
19.291002 0.045046132
19.158875 0.0067975367
19.026747 -0.0096730506
18.89462 0.035818089
18.762493 0.088218093
18.630366 0.11074653
18.498239 0.11034926
18.366112 0.11199371
18.233984 0.093225695
18.101857 0.077711485
17.96973 0.081980295
17.837603 0.087841295
17.705476 0.1495797
17.573349 0.17405565
17.441221 0.075108752
17.309094 0.049931124
17.176967 0.071301125
17.04484 0.11550763
16.912713 0.13944839
16.780586 0.10684995
16.648458 0.085685454
16.516331 0.071360625
16.384204 0.073528394
16.252077 0.12684326
16.11995 0.18954743
15.987823 0.22082718
15.855695 0.14291669
15.723568 0.11239459
15.591441 0.13176318
15.459314 0.16832823
15.327187 0.24851434
15.19506 0.29517034
15.062932 0.30064872
14.930805 0.24340908
14.798678 0.28151557
14.666551 0.32010183
14.534424 0.38095322
14.402297 0.40561327
14.270169 0.46387193
14.138042 0.59871912
14.005915 0.70365053
13.873788 0.7939288
13.741661 0.90214849
13.609534 0.91138005
13.477406 0.79485369
13.345279 0.69880015
13.213152 0.55288202
13.081025 0.47733703
12.948898 0.44711196
12.816771 0.35876867
12.684643 0.29244614
12.552516 0.24647784
12.420389 0.26934424
12.288262 0.52664286
12.156135 0.7757948
12.024008 0.93772864
11.89188 1.047515
11.759753 0.93296605
11.627626 0.80478001
11.495499 0.82129842
11.363372 0.85378724
11.231245 0.83826369
11.099117 0.8056981
10.96699 0.7973693
10.834863 0.76371914
10.702736 0.6325261
10.570609 0.62934583
10.438482 0.67264938
10.306354 0.60516793
10.174227 0.57824749
10.0421 0.56177431
9.9099729 0.64313686
9.7778457 0.66005868
9.6457186 0.60167533
9.5135914 0.7264908
9.3814642 0.91163659
9.2493371 0.99024653
9.1172099 1.2031479
8.9850828 1.5114912
8.8529556 1.5357161
8.7208284 1.4313082
8.5887013 1.3038312
8.4565741 1.0686008
8.3244469 0.8666746
8.1923198 0.73078173
8.0601926 0.58068186
7.9280654 0.43189499
7.7959383 0.34687281
7.6638111 0.3012501
7.5316839 0.48678896
7.3995568 0.8822329
7.2674296 1.3087029
7.1353024 1.678473
7.0031753 1.7642022
6.8710481 1.7267009
6.7389209 1.6399212
6.6067938 1.6035075
6.4746666 1.5324637
6.3425394 1.3791684
6.2104123 1.278627
6.0782851 1.2079951
5.9461579 1.1405755
5.8140308 0.97627062
5.6819036 0.85602498
5.5497764 0.70453048
5.4176493 0.55830508
5.2855221 0.52440214
5.1533949 0.45988503
5.0212678 0.37184379
4.8891406 0.2724129
4.7570134 0.30103809
4.6248863 0.31591126
4.4927591 0.24048369
4.3606319 0.26000935
4.2285048 0.19700406
4.0963776 0.19084047
3.9642505 0.23380877
3.8321233 0.18760109
3.6999961 0.20257497
3.567869 0.16899471
3.4357418 0.12312532
3.3036146 0.15699066
3.1714875 0.22095925
3.0393603 0.22547956
2.9072331 0.14358282
2.775106 0.096925616
2.6429788 0.13684705
2.5108516 0.14895764
2.3787245 0.18013062
2.2465973 0.24203174
2.1144701 0.22205596
1.982343 0.28148207
1.8502158 0.39102936
1.7180886 0.37222609
1.5859615 0.43290576
1.4538343 0.51283723
1.3217071 0.41270196
1.18958 0.30947298
1.0574528 0.33595571
0.92532564 0.35380217
0.79319847 0.32560483
0.66107131 0.36963665
0.52894414 0.4650335
0.39681698 0.49744645
0.26468981 0.49889135
0.13256264 0.55244809
0.00043547772 -0.11081225
-0.13169169 -0.0
-0.26381885 0.5204789
-0.39594602 -0.037856501
-0.52807319 0.33762345
-0.66020035 0.32719895
-0.79232752 0.36030617
-0.92445468 0.26218858
-1.0565818 0.30489117
-1.188709 0.15417321
-1.3208362 0.141351
-1.4529633 0.12237928
-1.5850905 0.056707408
-1.7172177 0.065194488
-1.8493448 0.076617144
-1.981472 0.067246549
-2.1135992 0.10844392
-2.2457263 0.037643742
-2.3778535 -0.016076358
-2.5099807 -0.0080704829
-2.6421078 0.01869067
-2.774235 0.037874665
-2.9063622 0.027955728
-3.0384893 -0.0089935316
-3.1706165 0.049384683
-3.3027437 -0.013715821
-3.4348708 -0.031766534
-3.566998 -0.0078280577
-3.6991252 -0.02115733
-3.8312523 -0.0028053436
-3.9633795 0.012772043
-4.0955067 0.086635895
-4.2276338 0.06608884
-4.359761 0.0061997925
-4.4918882 -0.030540192
-4.6240153 -0.063461624
-4.7561425 -0.024299378
-4.8882697 -0.04670902
-5.0203968 -0.060780749
-5.152524 0.018435977
-5.2846512 0.033435833
-5.4167783 -0.028155759
-5.5489055 0.0090330541
-5.6810327 0.10294682
-5.8131598 0.072830155
-5.945287 0.029229229
-6.0774141 0.031876907
-6.2095413 0.013136907
-6.3416685 0.066531308
-6.4737956 0.05484274
-6.6059228 0.040482391
-6.73805 -0.016114606
-6.8701771 -0.042003915
-7.0023043 0.038143843
-7.1344315 0.093488596
-7.2665586 0.047649633
-7.3986858 -0.02384063
-7.530813 0.015872478
-7.6629401 0.10300142
-7.7950673 0.077746406
-7.9271945 -0.0010738136
-8.0593216 -0.012850101
-8.1914488 0.020700892
-8.323576 0.047978837
-8.4557031 0.03518527
-8.5878303 0.014147382
-8.7199575 0.093671702
-8.8520846 0.12118465
-8.9842118 0.061685432
-9.116339 0.026994511
-9.2484661 0.053662587
-9.3805933 0.065485939
-9.5127205 -0.011400658
-9.6448476 0.029993689
-9.7769748 0.09970925
-9.909102 0.063736133
-10.041229 0.029107368
-10.173356 0.053564657
-10.305483 0.11476705
-10.437611 0.09907344
-10.569738 0.093942828
-10.701865 0.093661167
-10.833992 -0.015371907
-10.966119 0.043532964
-11.098246 0.10727644
-11.230374 0.0061993171
-11.362501 -0.0080740713
-11.494628 -0.037650887
-11.626755 -0.015253079
-11.758882 0.040081795
-11.891009 -0.013959426
-12.023137 -0.034891613
-12.155264 -0.028939486
-12.287391 -0.01012282
-12.419518 0.010519803
-12.551645 -0.032732088
-12.683772 -0.068376295
-12.8159 0.021598242
-12.948027 0.1076097
-13.080154 0.091234438
-13.212281 0.025271885
-13.344408 0.0082573928
-13.476535 -0.0056945072
-13.608663 -0.023144746
-13.74079 0.0035579524
-13.872917 0.019342838
-14.005044 0.010423335
-14.137171 0.063569322
-14.269298 0.11386603
-14.401426 0.065375693
-14.533553 0.044065814
-14.66568 0.055870298
-14.797807 0.042058244
-14.929934 0.0079328297
-15.062061 -0.073407494
-15.194189 -0.084985673
-15.326316 -0.0018782628
-15.458443 -0.0078557497
-15.59057 0.0043937187
-15.722697 -0.0031899009
-15.854824 -0.016425649
-15.986952 -0.011944219
-16.119079 0.023806913
-16.251206 0.058532823
-16.383333 0.044881582
-16.51546 0.022873687
-16.647587 -0.0054245689
-16.779715 -0.045052905
-16.911842 0.0087387981
-17.043969 0.049862176
-17.176096 0.0045140763
-17.308223 0.024446169
-17.44035 0.048170377
-17.572478 0.013845443
-17.704605 -0.045396637
-17.836732 -0.0085215261
-17.968859 0.017121671
-18.100986 0.021671312
-18.233113 -0.013084087
-18.365241 -0.017242406
-18.497368 -0.03640949
-18.629495 -0.05170111
-18.761622 0.025372282
-18.893749 0.087831371
-19.025876 0.032976832
-19.158004 -0.041835766
-19.290131 -0.037107766
-19.422258 -0.058201686
-19.554385 -0.0059416648
-19.686512 0.088644229
-19.818639 0.07202477
-19.950767 0.046667229
-20.082894 -0.024819793
-20.215021 -0.043600798
-20.347148 0.037101138
-20.479275 -0.011212503
-20.611402 0.0052102953
-20.74353 0.073802143
-20.875657 0.014480553
-21.007784 -0.0060830847
-21.139911 0.014434003
-21.272038 -0.0088600265
-21.404165 -0.017472925
-21.536293 0.054631669
-21.66842 0.07253357
-21.800547 -0.0075732619
-21.932674 -0.011754818
-22.064801 -0.030906482
-22.196928 0.010068946
-22.329056 0.026574202
-22.461183 -0.042822104
-22.59331 -0.061519448
-22.725437 -0.017042348
-22.857564 -0.025467269
-22.989691 -0.071841009
-23.121819 -0.098619007
-23.253946 0.0052781305
-23.386073 0.045631558
-23.5182 -0.096258827
-23.650327 -0.039589126
-23.782454 0.08005733
-23.914582 0.018946836
-24.046709 -0.033463191
-24.178836 0.030398926
-24.310963 0.075482257
-24.44309 0.059358705
-24.575217 0.027394719
-24.707345 0.035230655
-24.839472 0.058552835
-24.971599 0.046779048
-25.103726 0.060068827
-25.235853 0.0169663
-25.36798 0.056145579
-25.500108 0.11236372
-25.632235 0.079948507
-25.764362 0.065760367
-25.896489 0.04150895
-26.028616 0.0084082214
-26.160743 0.013222977
-26.292871 0.017196311
-26.424998 -0.0067458004
-26.557125 -0.019861998
-26.689252 0.021477552
-26.821379 0.017516483
-26.953506 -0.013128382
-27.085634 0.031656127
-27.217761 -0.00254974
-27.349888 0.0014005309
-27.482015 0.024899425
-27.614142 0.031913213
-27.746269 0.053946614
-27.878397 0.026575843
-28.010524 -0.047618151
-28.142651 -0.071215793
-28.274778 -0.012288223
-28.406905 -0.033596203
-28.539032 -0.03869528
-28.671159 0.01315252
-28.803287 0.034926545
-28.935414 -0.010343889
-29.067541 0.0095060198
-29.199668 -0.050719425
-29.331795 -0.078855328
-29.463922 0.020452799
-29.59605 -0.0086200023
-29.728177 -0.029569162
-29.860304 -0.028723478
-29.992431 0.00050223147
-30.124558 -0.0063897483
-30.256685 -0.0095899524
-30.388813 -0.0030544691
-30.52094 0.0030694094
-30.653067 0.035577934
-30.785194 0.070026107
-30.917321 0.063058034
-31.049448 0.0069453903
-31.181576 -0.020346718
-31.313703 -0.050704271
-31.44583 -0.011451609
-31.577957 0.018787529
-31.710084 -0.023383966
-31.842211 0.052662134
-31.974339 0.038908724
-32.106466 -0.032015804
-32.238593 -0.037944242
-32.37072 -0.092257492
-32.502847 -0.080921106
-32.634974 -0.054177005
-32.767102 -0.022044634
-32.899229 0.025483504
-33.031356 0.036787167
-33.163483 0.06304314
-33.29561 0.063684717
-33.427737 -0.032289926
-33.559865 -0.029149229
-33.691992 0.020326691
-33.824119 -0.032011509
-33.956246 0.015873969
-34.088373 0.1222987
-34.2205 0.06932909
-34.352628 0.047114927
-34.484755 0.071209662
-34.616882 0.037931044
-34.749009 0.01699709
-34.881136 0.0031279128
-35.013263 -0.0038909565
-35.145391 0.001719789
-35.277518 0.058296014
-35.409645 0.040583659
-35.541772 0.010848125
-35.673899 -0.0027435136
-35.806026 0.036663502
-35.938154 0.071359806
-36.070281 0.012876458
-36.202408 -0.039073061
-36.334535 -0.0029031977
-36.466662 0.033199996
-36.598789 -0.014716956
-36.730917 -0.00019172828
-36.863044 0.035083104
-36.995171 0.019970682
-37.127298 0.010011812
-37.259425 0.0090173343
-37.391552 -0.021523552
-37.52368 0.0077796825
-37.655807 0.0057331175
-37.787934 -0.014299343
-37.920061 -0.02518478
-38.052188 -0.01946594
-38.184315 0.054699223
-38.316443 0.075658076
-38.44857 0.077557616
-38.580697 -0.011673897
-38.712824 -0.09692619
-38.844951 -0.086630911
-38.977078 -0.027323587
-39.109206 -0.050772071
-39.241333 -0.042421822
-39.37346 -0.01872368
-39.505587 -0.049516037
-39.637714 -0.010686751
-39.769841 -0.035083134
-39.901969 -0.043497819
-40.034096 -0.0047115465
-40.166223 -0.044491906
-40.29835 0.0043832236
-40.430477 0.061548904
-40.562604 -0.00893455
-40.694732 -0.029106623
-40.826859 -0.056401774
-40.958986 0.0080937259
-41.091113 0.073687382
-41.22324 0.057880614
-41.355367 0.083869658
-41.487495 0.070190653
-41.619622 -0.021804927
-41.751749 -0.026631126
-41.883876 0.0076268264
-42.016003 -0.0056385281
-42.14813 -0.0012177179
-42.280258 -0.0078883255
-42.412385 -0.039291143
-42.544512 -0.062793978
-42.676639 -0.074915051
-42.808766 -0.01323913
-42.940893 0.0513524
-43.073021 0.081342652
-43.205148 0.011890066
-43.337275 -0.044520188
-43.469402 0.041937832
-43.601529 0.037909497
-43.733656 0.010367774
-43.865784 0.019370519
-43.997911 0.021696115
-44.130038 0.056987744
-44.262165 0.04166254
-44.394292 -0.024734668
-44.526419 -0.031229734
-44.658547 -0.0027990018
-44.790674 0.043135453
-44.922801 0.021925444
-45.054928 -0.043524247
-45.187055 -0.0031255607
-45.319182 0.0058292705
-45.45131 0.011832497
-45.583437 0.043777999
-45.715564 0.037848715
-45.847691 0.0034326483
-45.979818 0.074752085
-46.111945 0.1165479
-46.244073 -0.030184558
-46.3762 -0.019378485
-46.508327 0.016422335
-46.640454 -0.0093886135
-46.772581 -0.011592805
-46.904708 -0.035215437
-47.036836 0.014668462
-47.168963 0.039365228
-47.30109 -0.065641858
-47.433217 -0.035838332
-47.565344 0.024150506
-47.697471 0.012561182
-47.829599 -0.038654584
-47.961726 -0.057946905
-48.093853 0.021338267
-48.22598 0.056866705
-48.358107 0.029364698
-48.490234 0.00030019693
-48.622362 0.04300718
-48.754489 0.052357163
-48.886616 0.037886783
-49.018743 -0.036155943
-49.15087 -0.014973647
-49.282997 0.020758741
-49.415125 -0.023480624
-49.547252 0.0027924639
-49.679379 0.0452458
-49.811506 0.006111294
-49.943633 -0.015011896
-50.07576 0.038962375
-50.207888 0.01868955
-50.340015 -0.030882841
-50.472142 -0.02836982
-50.604269 -0.03465743
-50.736396 -0.026084522
-50.868523 -0.0050063115
-51.000651 -0.022374609
-51.132778 -0.020312121
-51.264905 -0.033541113
-51.397032 -0.0051319548
-51.529159 0.010534556
-51.661286 0.016050471
-51.793414 0.01730838
-51.925541 -8.7047619e-07
-52.057668 0.043853801
-52.189795 0.045222729
-52.321922 0.00069958222
-52.454049 -0.0033390634
-52.586177 0.018503711
-52.718304 0.031767204
-52.850431 0.0074980929
-52.982558 0.029530374
-53.114685 0.10602722
-53.246812 0.13352075
-53.37894 0.10417563
-53.511067 0.11434969
-53.643194 0.096794806
-53.775321 0.045785788
-53.907448 0.068481036
-54.039575 0.087088965
-54.171702 -0.012029029
-54.30383 -0.063022561
-54.435957 0.057607148
-54.568084 0.0029693663
-54.700211 -0.015216312
-54.832338 0.014919245
-54.964465 0.06551861
-55.096593 0.067351885
-55.22872 -0.049467996
-55.360847 -0.044852812
-55.492974 -0.069265991
-55.625101 0.0211842
-55.757228 0.047453325
-55.889356 -0.030646788
-56.021483 -0.047111213
-56.15361 -0.025181962
-56.285737 0.056482542
-56.417864 0.08242318
-56.549991 0.017916525
-56.682119 -0.051295426
-56.814246 -0.042837542
-56.946373 0.057643309
-57.0785 0.11941893
-57.210627 0.0448201
-57.342754 0.037015341
-57.474882 0.047793489
-57.607009 0.024070911
-57.739136 0.019867375
-57.871263 0.050526842
-58.00339 0.13129087
-58.135517 0.13288476
-58.267645 0.00011495253
-58.399772 -0.048201885
-58.531899 0.031371925
-58.664026 0.031296365
-58.796153 0.05345859
-58.92828 0.028008146
-59.060408 -0.054592136
-59.192535 -0.022512535
-59.324662 0.024516746
-59.456789 -0.028203731
-59.588916 -0.0048946054
-59.721043 0.0073130019
-59.853171 -0.0046676756
-59.985298 -0.00043987483
-60.117425 -0.018278435
-60.249552 0.0060478454
-60.381679 -0.067449756
-60.513806 -0.06932456
-60.645934 0.05168109
-60.778061 0.087713279
-60.910188 0.030958012
-61.042315 0.033168461
-61.174442 0.034683228
-61.306569 -0.019150263
-61.438697 -0.006942241
-61.570824 0.016893463
-61.702951 -0.019963412
-61.835078 -0.023890823
-61.967205 0.042573418
-62.099332 0.070332289
-62.23146 0.0065620844
-62.363587 -0.045100722
-62.495714 -0.019909011
-62.627841 0.04229109
-62.759968 -0.0063822102
-62.892095 -0.031642791
-63.024223 -0.00022072096
-63.15635 0.042146951
-63.288477 0.084761299
-63.420604 0.015368003
-63.552731 -0.038677592
-63.684858 -0.046856571
-63.816986 -0.037978876
-63.949113 -0.058313724
-64.08124 -0.026564086
-64.213367 0.049524885
-64.345494 0.033538539
-64.477621 0.050810967
-64.609749 0.040064786
-64.741876 -0.021802088
-64.874003 0.00062294508
-65.00613 -0.023505433
-65.138257 -0.053480085
-65.270384 -0.057409395
-65.402512 -0.073424816
-65.534639 -0.0063459971
-65.666766 0.039836247
-65.798893 -0.011738998
-65.93102 -0.025224054
-66.063147 0.0018415538
-66.195275 0.01565857
-66.327402 0.037285443
-66.459529 0.074353494
-66.591656 0.020474732
-66.723783 0.0011659948
-66.85591 0.061013382
-66.988038 0.075326256
-67.120165 0.042197511
-67.252292 -0.0076779984
-67.384419 -0.0012460289
-67.516546 -0.024289733
-67.648673 0.0081975162
-67.780801 0.017212102
-67.912928 -0.002891111
-68.045055 0.003885512
-68.177182 -0.0069911522
-68.309309 -0.057295393
-68.441436 0.0066651725
-68.573564 0.064182051
-68.705691 -0.064435549
-68.837818 -0.017134251
-68.969945 0.028480632
-69.102072 0.02109055
-69.234199 -0.03850203
-69.366327 -0.076485194
-69.498454 -0.029655883
-69.630581 0.011144396
-69.762708 0.056672528
-69.894835 0.0072932672
-70.026962 -0.049810782
-70.15909 -0.086580127
-70.291217 -0.035036962
-70.423344 0.035929862
-70.555471 0.048068527
-70.687598 0.070782073
-70.819725 0.019924195
-70.951853 -0.043040961
-71.08398 0.035552468
-71.216107 0.047262207
-71.348234 0.012237788
-71.480361 -0.0037337418
-71.612488 -0.057695597
-71.744616 -0.028800458
-71.876743 -0.01699326
-72.00887 -0.035892446
-72.140997 -0.018140877
-72.273124 0.00039900342
-72.405251 -0.013303742
-72.537379 -0.034680318
-72.669506 -0.03199685
-72.801633 -0.024636457
-72.93376 0.020902092
-73.065887 0.032283932
-73.198014 -0.03010042
-73.330142 -0.0098232673
-73.462269 0.025484471
-73.594396 0.00012845483
-73.726523 0.0084577054
-73.85865 -0.036305849
-73.990777 -0.054863501
-74.122905 -0.035783857
-74.255032 -0.026675189
-74.387159 -0.0019271616
-74.519286 0.046983972
-74.651413 0.077694863
-74.78354 0.016333668
-74.915668 0.03763447
-75.047795 0.096892871
-75.179922 0.056165207
-75.312049 0.026842708
-75.444176 -0.0028690149
-75.576303 -0.018996326
-75.708431 -0.014684985
-75.840558 0.069210403
-75.972685 0.10313671
-76.104812 0.018274428
-76.236939 0.00035489225
-76.369066 -0.0046833432
-76.501194 -0.028251462
-76.633321 -0.022674417
-76.765448 0.0056279623
-76.897575 -0.015781356
-77.029702 0.032283284
-77.161829 0.086989112
-77.293957 0.030533642
-77.426084 0.056049883
-77.558211 0.15658727
-77.690338 0.030299464
-77.822465 -0.036085602
-77.954592 0.047458697
-78.08672 0.064351149
-78.218847 0.045459598
-78.350974 0.018543148
-78.483101 0.0093806228
-78.615228 -0.027940802
-78.747355 -0.038291227
-78.879483 0.01116449
-79.01161 0.03066662
-79.143737 -0.0058372826
-79.275864 -0.029518107
-79.407991 0.021367678
-79.540118 -0.00062779168
-79.672245 -0.022167606
-79.804373 -0.065241672
-79.9365 -0.07933531
-80.068627 0.04769348
-80.200754 0.066656552
-80.332881 0.011709389
-80.465008 -0.017039297
-80.597136 -0.056123737
-80.729263 -0.12473548
-80.86139 -0.065511771
-80.993517 -0.03192931
-81.125644 -0.033798758
-81.257771 0.04787666
-81.389899 0.045157045
-81.522026 0.036540769
-81.654153 0.069646396
-81.78628 0.025757691
-81.918407 -0.024331495
-82.050534 -0.014281921
-82.182662 0.01820671
-82.314789 -0.0010726327
-82.446916 0.0012415597
-82.579043 -0.01836024
-82.71117 -0.026789313
-82.843297 -0.0073031872
-82.975425 -0.034388427
-83.107552 -0.016722254
-83.239679 -0.016843816
-83.371806 -0.044037376
-83.503933 -0.10092741
-83.63606 -0.10884196
-83.768188 0.010431253
-83.900315 0.058187824
-84.032442 0.019889487
-84.164569 -0.044481475
-84.296696 -0.078498617
-84.428823 -0.021199435
-84.560951 -0.02616108
-84.693078 -0.012841274
-84.825205 -0.0045839748
-84.957332 -0.014323444
-85.089459 0.025194483
-85.221586 0.0066002575
-85.353714 -0.027389733
-85.485841 -0.015999138
-85.617968 -0.0042140149
-85.750095 -0.026337424
-85.882222 -0.019745389
-86.014349 -0.011666822
-86.146477 -0.022538414
-86.278604 -0.015705956
-86.410731 -0.038345944
-86.542858 -0.078278482
-86.674985 -0.069592156
-86.807112 -0.016885072
-86.93924 0.0097132986
-87.071367 -0.0061784629
-87.203494 0.0038537979
-87.335621 0.040717188
-87.467748 0.017053409
-87.599875 -0.031696375
-87.732003 -0.027163357
-87.86413 0.001803269
-87.996257 -0.02165027
-88.128384 -0.029693186
-88.260511 0.0097219637
-88.392638 -0.024246678
-88.524766 -0.023040628
-88.656893 0.028600695
-88.78902 0.0071385219
-88.921147 -0.014044194
-89.053274 0.031566083
-89.185401 0.085279696
-89.317529 0.07856115
-89.449656 -0.0061715208
-89.581783 0.021268057
-89.71391 0.0022773573
-89.846037 -0.049427718
-89.978164 -0.023461929
-90.110292 -0.039127283
-90.242419 -0.055060055
-90.374546 -0.021434331
-90.506673 0.015267864
-90.6388 0.018622218
-90.770927 0.012609457
-90.903055 -0.00094904442
-91.035182 -0.028464073
-91.167309 -0.046914104
-91.299436 -0.035371032
-91.431563 -0.074635841
-91.56369 -0.042773128
-91.695818 0.0090071848
-91.827945 0.012289598
-91.960072 -0.0077711246
-92.092199 -0.027703069
-92.224326 0.0098723918
-92.356453 -0.041750144
-92.488581 -0.091181308
-92.620708 -0.032959659
-92.752835 -0.00793311
-92.884962 -0.074525386
-93.017089 -0.061602149
-93.149216 -0.0073733181
-93.281344 0.027566509
-93.413471 -0.015437587
-93.545598 -0.067950137
-93.677725 -0.050238401
-93.809852 -0.077782802
-93.941979 -0.059112072
-94.074107 -0.024291331
-94.206234 0.030208439
-94.338361 0.038044035
-94.470488 0.014544797
-94.602615 -0.047462199
-94.734742 -0.076658905
-94.86687 -0.0057612876
-94.998997 -0.053878706
-95.131124 -0.038752627
-95.263251 0.023812884
-95.395378 0.089093566
-95.527505 0.077438794
-95.659633 0.030055376
-95.79176 0.03068316
-95.923887 -0.033316016
-96.056014 0.031897321
-96.188141 0.034292582
-96.320268 0.012954812
-96.452396 -0.049888719
-96.584523 -0.096911609
-96.71665 0.0021001145
-96.848777 -0.0036310141
-96.980904 -0.071958855
-97.113031 0.0016956236
-97.245159 0.042664129
-97.377286 -0.010692492
-97.509413 0.036851984
-97.64154 0.063384987
-97.773667 0.042681038
-97.905794 0.055034563
-98.037922 0.063267231
-98.170049 0.057409447
-98.302176 0.035133667
-98.434303 -0.0099670254
-98.56643 -0.045107484
-98.698557 -0.10484727
-98.830685 -0.058647111
-98.962812 0.040457513
-99.094939 0.065529704
-99.227066 0.01783531
-99.359193 -0.053888913
-99.49132 -0.048830375
-99.623448 0.0023360702
-99.755575 0.049251158
-99.887702 -0.0014366383
