118.35043436202669	1.374153898535878
118.365184285558	1.4670879203982294
118.3799342090893	1.3800681751797603
118.3946841326206	1.2939981806689138
118.40943405615191	1.2710406606674352
118.4241839796832	1.18542993966454
118.43893390321452	0.9781466433492167
118.45368382674582	0.9735116428984809
118.46843375027711	1.136883900510847
118.48318367380843	1.1710907700462538
118.49793359733972	1.0987154072613678
118.51268352087104	1.108251379813113
118.52743344440233	1.1830522434847686
118.54218336793363	1.2400681551083301
118.55693329146494	1.3458270615473755
118.57168321499624	1.4426952964501931
118.58643313852755	1.4362793448165148
118.60118306205885	1.2086416748596822
118.61593298559015	0.8788870352542247
118.63068290912146	0.6867443084836251
118.64543283265276	0.7091425163258269
118.66018275618407	0.982873732347971
118.67493267971537	1.232864695657518
118.68968260324668	1.4095831449048093
118.70443252677798	1.4677473313033411
118.71918245030928	1.5680401639876667
118.73393237384059	1.551902620481272
118.74868229737189	1.326017880589659
118.7634322209032	1.0456551196657589
118.7781821444345	1.0016882109029763
118.7929320679658	1.1123243107730467
118.8076819914971	1.2844672804936128
118.8224319150284	1.2944170070685206
