118.35043436202669	1.4428869490426444
118.365184285558	1.4631792142134379
118.3799342090893	1.5706657886161757
118.3946841326206	1.6585824296698952
118.40943405615191	1.6883061849651966
118.4241839796832	1.636516873133123
118.43893390321452	1.6152090073983656
118.45368382674582	1.6205914659673863
118.46843375027711	1.6597310414977071
118.48318367380843	1.7180088848547692
118.49793359733972	1.736396091404603
118.51268352087104	1.8071902137723208
118.52743344440233	1.855919337426208
118.54218336793363	1.8647080065530612
118.55693329146494	1.822623327990605
118.57168321499624	1.778773009861918
118.58643313852755	1.8307039671014702
118.60118306205885	1.9243327920756805
118.61593298559015	1.9668938231096251
118.63068290912146	1.9106540334319144
118.64543283265276	1.7884928139550353
118.66018275618407	1.6408136406654574
118.67493267971537	1.603027003975866
118.68968260324668	1.640164815461642
118.70443252677798	1.694780391497634
118.71918245030928	1.7270344824631272
118.73393237384059	1.6418885308788882
118.74868229737189	1.5192356077934648
118.7634322209032	1.4277611337514018
118.7781821444345	1.3791559423652868
118.7929320679658	1.3739985444942975
118.8076819914971	1.4450639406724013
118.8224319150284	1.6106490105273
