118.35043436202669	0.8070557448663267
118.365184285558	0.7305206742509126
118.3799342090893	0.792799880234278
118.3946841326206	0.8888989796931323
118.40943405615191	0.8361990208053861
118.4241839796832	0.7081466121211714
118.43893390321452	0.686844092067048
118.45368382674582	0.7914610002509382
118.46843375027711	0.8754801604825173
118.48318367380843	0.910630066750302
118.49793359733972	0.9397643988970992
118.51268352087104	0.929548801003725
118.52743344440233	0.8341055398439803
118.54218336793363	0.7292289672889329
118.55693329146494	0.7163112137372238
118.57168321499624	0.7287124604420446
118.58643313852755	0.7142988966567972
118.60118306205885	0.684979818614005
118.61593298559015	0.7447878196558847
118.63068290912146	0.8952480680282929
118.64543283265276	0.9229578382947913
118.66018275618407	0.8112110546223343
118.67493267971537	0.8008198161879203
118.68968260324668	0.9508338326609121
118.70443252677798	1.09349766689211
118.71918245030928	1.0867157761492185
118.73393237384059	1.0004058411938743
118.74868229737189	0.9905790249865785
118.7634322209032	0.9830262195435818
118.7781821444345	0.9229398917051759
118.7929320679658	0.8315152732915195
118.8076819914971	0.7168879942896301
118.8224319150284	0.5318786285558003
