118.35043436202669	1.507125149377685
118.365184285558	1.615578391261256
118.3799342090893	1.531639726240887
118.3946841326206	1.4686379482190943
118.40943405615191	1.5061996954533667
118.4241839796832	1.5407246197006206
118.43893390321452	1.4508461406731277
118.45368382674582	1.455774117393608
118.46843375027711	1.4756874870744006
118.48318367380843	1.3686000359583104
118.49793359733972	1.3058678492023763
118.51268352087104	1.4102721182718685
118.52743344440233	1.5151004055337929
118.54218336793363	1.573744133075692
118.55693329146494	1.7891482291437104
118.57168321499624	2.0074259446607683
118.58643313852755	1.9659831026231112
118.60118306205885	1.664521314974947
118.61593298559015	1.2458328861722825
118.63068290912146	1.069125880806199
118.64543283265276	1.1595209046533472
118.66018275618407	1.3858737704003985
118.67493267971537	1.620214227871337
118.68968260324668	1.7334369150532307
118.70443252677798	1.7724874496193945
118.71918245030928	1.7679159734227698
118.73393237384059	1.6466009138954942
118.74868229737189	1.3741830148204113
118.7634322209032	1.1450447683939067
118.7781821444345	1.187441995140036
118.7929320679658	1.3465878125831303
118.8076819914971	1.5027788569614882
118.8224319150284	1.4953394514372498
