118.35043436202669	1.4224940615920505
118.365184285558	1.6100659832806947
118.3799342090893	1.671711283755895
118.3946841326206	1.6664865078486482
118.40943405615191	1.7305205353850586
118.4241839796832	1.7293243038214763
118.43893390321452	1.6391283536956525
118.45368382674582	1.5183815908183236
118.46843375027711	1.5486646625097824
118.48318367380843	1.6372211905819507
118.49793359733972	1.5947427075564955
118.51268352087104	1.5444899672066845
118.52743344440233	1.5979394171883528
118.54218336793363	1.7099005246140906
118.55693329146494	1.765034429766053
118.57168321499624	1.7729017953886628
118.58643313852755	1.751324429066564
118.60118306205885	1.7344039789651517
118.61593298559015	1.7370520559790668
118.63068290912146	1.6850528151140305
118.64543283265276	1.6686933127379158
118.66018275618407	1.672292030576224
118.67493267971537	1.571127208876238
118.68968260324668	1.4699459375507011
118.70443252677798	1.4808402882418417
118.71918245030928	1.567576633876909
118.73393237384059	1.65221976310288
118.74868229737189	1.6916566079348696
118.7634322209032	1.649568753174292
118.7781821444345	1.686194380477292
118.7929320679658	1.7350188085771276
118.8076819914971	1.677753445622248
118.8224319150284	1.5759907692400712
