118.35043436202669	0.05913017093732733
118.365184285558	0.21544803110973665
118.3799342090893	0.2795405569266246
118.3946841326206	0.3163715830062216
118.40943405615191	0.3729538509106284
118.4241839796832	0.33297298329996905
118.43893390321452	0.2354466647029543
118.45368382674582	0.1850889261322729
118.46843375027711	0.31122273089081354
118.48318367380843	0.41689529296090655
118.49793359733972	0.39412722005926104
118.51268352087104	0.2498105148215957
118.52743344440233	0.17323239165114065
118.54218336793363	0.1742112704469538
118.55693329146494	0.2967959378377032
118.57168321499624	0.4659998836671006
118.58643313852755	0.5250793672069525
118.60118306205885	0.44017837030719387
118.61593298559015	0.369221933408481
118.63068290912146	0.3309824513475718
118.64543283265276	0.3758412290503636
118.66018275618407	0.4524104830343689
118.67493267971537	0.4284024949197788
118.68968260324668	0.40720208676193415
118.70443252677798	0.4460236448369209
118.71918245030928	0.4716754704964161
118.73393237384059	0.5264689652482405
118.74868229737189	0.5303807479534712
118.7634322209032	0.4468750008846667
118.7781821444345	0.3752907647276664
118.7929320679658	0.3496785855276926
118.8076819914971	0.3403016563622364
118.8224319150284	0.35615818880136657
