118.35043436202669	-0.3752972581703941
118.365184285558	-0.5382494833158539
118.3799342090893	-0.7243595629075935
118.3946841326206	-0.7464517460824701
118.40943405615191	-0.8877470394763662
118.4241839796832	-1.0780468863809662
118.43893390321452	-1.0091576121985224
118.45368382674582	-0.763639629896133
118.46843375027711	-0.45344826408309286
118.48318367380843	-0.37755440943015417
118.49793359733972	-0.49217403151887634
118.51268352087104	-0.6165617947088797
118.52743344440233	-0.38723707063550156
118.54218336793363	-0.0323026172129436
118.55693329146494	0.14386202915711943
118.57168321499624	0.08101516102966484
118.58643313852755	-0.01514175374162047
118.60118306205885	-0.09036252975791369
118.61593298559015	-0.3105031069269138
118.63068290912146	-0.41599756056527676
118.64543283265276	-0.24435440695256797
118.66018275618407	-0.09404192162917736
118.67493267971537	-0.2523183657138595
118.68968260324668	-0.591185440551241
118.70443252677798	-0.854080147280927
118.71918245030928	-0.889514365119834
118.73393237384059	-0.5912634775555055
118.74868229737189	-0.2671103525886169
118.7634322209032	-0.1761448160712289
118.7781821444345	-0.21785274366181404
118.7929320679658	0.007770717231353424
118.8076819914971	0.34536673128557177
118.8224319150284	0.36812545597666707
