118.35043436202669	1.1440608493066988
118.365184285558	1.32690594114154
118.3799342090893	1.3926807094514853
118.3946841326206	1.3929772721891887
118.40943405615191	1.3929060701446099
118.4241839796832	1.3279891930840404
118.43893390321452	1.2601665263739956
118.45368382674582	1.276961746528188
118.46843375027711	1.4016472248110097
118.48318367380843	1.5274016973347966
118.49793359733972	1.5041308784650604
118.51268352087104	1.4222710090835236
118.52743344440233	1.4683921537735691
118.54218336793363	1.585406790073456
118.55693329146494	1.5698723629267333
118.57168321499624	1.397358761200848
118.58643313852755	1.320869727321388
118.60118306205885	1.3325151640867927
118.61593298559015	1.399712828655264
118.63068290912146	1.5073916468538835
118.64543283265276	1.605511113795652
118.66018275618407	1.562691947347626
118.67493267971537	1.402115385081112
118.68968260324668	1.352527242526504
118.70443252677798	1.3921276633798128
118.71918245030928	1.383725139559277
118.73393237384059	1.391682279048342
118.74868229737189	1.412522539544522
118.7634322209032	1.365305432993538
118.7781821444345	1.2905341919541427
118.7929320679658	1.263670728479116
118.8076819914971	1.206934378016177
118.8224319150284	1.1891030341736413
