118.35043436202669	0.35324788585229006
118.365184285558	0.23307992689750234
118.3799342090893	0.30949896496156154
118.3946841326206	0.39518527961316463
118.40943405615191	0.34172711315101206
118.4241839796832	0.30344639952608726
118.43893390321452	0.4040596129530304
118.45368382674582	0.5540995454062593
118.46843375027711	0.584195963369767
118.48318367380843	0.4924350321580046
118.49793359733972	0.4141058696100511
118.51268352087104	0.4109911995458033
118.52743344440233	0.41251754809245206
118.54218336793363	0.35793477206202784
118.55693329146494	0.30275522013439765
118.57168321499624	0.3371087652465208
118.58643313852755	0.5180216045844444
118.60118306205885	0.5731023822172365
118.61593298559015	0.42769468315858167
118.63068290912146	0.30128950374319247
118.64543283265276	0.4082351429154297
118.66018275618407	0.5846486364996132
118.67493267971537	0.7651212596100643
118.68968260324668	0.8753882014769794
118.70443252677798	0.8371188551196797
118.71918245030928	0.6945873671077694
118.73393237384059	0.6095244504056786
118.74868229737189	0.6718353839736407
118.7634322209032	0.6751513870642618
118.7781821444345	0.42228224129262587
118.7929320679658	0.1496401062031687
118.8076819914971	0.12461956345656526
118.8224319150284	0.26406543298922486
