118.35043436202669	1.6623688389635827
118.365184285558	1.8401435901950576
118.3799342090893	1.9138813228100662
118.3946841326206	1.9616873029154587
118.40943405615191	1.9593041652579282
118.4241839796832	1.838508985666915
118.43893390321452	1.7561076994771472
118.45368382674582	1.78278331206422
118.46843375027711	1.9078287568025845
118.48318367380843	2.009655706127381
118.49793359733972	2.0029386977195136
118.51268352087104	1.9669216748002714
118.52743344440233	2.0382227690372976
118.54218336793363	2.190013157706216
118.55693329146494	2.191831892844031
118.57168321499624	2.0375591608281267
118.58643313852755	1.8757718593069097
118.60118306205885	1.8429286543898211
118.61593298559015	1.9185136195816213
118.63068290912146	2.0527921272836034
118.64543283265276	2.127329760657181
118.66018275618407	2.0498489258323405
118.67493267971537	1.9317807907568703
118.68968260324668	1.9019309663282076
118.70443252677798	1.951163145708571
118.71918245030928	1.9717069096694517
118.73393237384059	1.9730012945193045
118.74868229737189	1.9975112816522103
118.7634322209032	1.9512775727786003
118.7781821444345	1.8904956865464297
118.7929320679658	1.8774806802770982
118.8076819914971	1.808004941492414
118.8224319150284	1.683173378213619
