118.35043436202669	1.4957670477286031
118.365184285558	1.0729929570791203
118.3799342090893	0.8651049392789039
118.3946841326206	0.9374803154223308
118.40943405615191	1.1145761320848027
118.4241839796832	1.0944903198179476
118.43893390321452	1.0259142883624128
118.45368382674582	1.0627407892691814
118.46843375027711	1.269446319966837
118.48318367380843	1.3582560621309687
118.49793359733972	1.2084356908150609
118.51268352087104	1.084893960530495
118.52743344440233	1.0062866659473682
118.54218336793363	0.8385232241305373
118.55693329146494	0.6285782198945246
118.57168321499624	0.6393188770672409
118.58643313852755	0.8261934189984992
118.60118306205885	0.9928365537211062
118.61593298559015	1.0746559829845699
118.63068290912146	1.0982615248046623
118.64543283265276	0.9708609665817067
118.66018275618407	0.7278728368938073
118.67493267971537	0.6234534235130789
118.68968260324668	0.5687836624366714
118.70443252677798	0.45315870496882943
118.71918245030928	0.449424616638264
118.73393237384059	0.6062363700928952
118.74868229737189	0.7969619198190607
118.7634322209032	0.9911318818276337
118.7781821444345	1.0329334905624947
118.7929320679658	0.9730433929289533
118.8076819914971	1.1335588258244467
118.8224319150284	1.4907661131723646
