0.11D+08                                              +-  H  He C  O  S  G    
 JSPACE =            1
   1 H           0  1  0  0  0  0  0  0  0  0  0  0  0  0  0.86661208D+00
   2 C           0  0  0  1  0  0  0  0  0  0  0  0  0  0  0.50702931D-04
   3 Fe          0  0  0  0  0  0  0  0  1  0  0  0  0  0  0.10463077D-10
   4 Mg          0  0  0  0  0  0  0  0  0  0  1  0  0  0  0.58600939D-10
   5 S           0  0  0  0  0  0  0  1  0  0  0  0  0  0  0.48642853D-09
   6 Si          0  0  0  0  0  0  1  0  0  0  0  0  0  0  0.38905793D-10
   7 O           0  0  0  0  0  1  0  0  0  0  0  0  0  0  0.23983836D-03
   8 N           0  0  0  0  1  0  0  0  0  0  0  0  0  0  0.61999264D-04
   9 He          0  0  1  0  0  0  0  0  0  0  0  0  0  0  0.89999999D-01
  10 Cl          0  0  0  0  0  0  0  0  0  0  0  1  0  0  0.99994846D-09
  11 Na          0  0  0  0  0  0  0  0  0  1  0  0  0  0  0.12899324D-10
  12 P           0  0  0  0  0  0  0  0  0  0  0  0  1  0  0.11900479D-13
  13 F           0  0  0  0  0  0  0  0  0  0  0  0  0  1  0.46326458D-08
  14 OH          0  1  0  0  0  1  0  0  0  0  0  0  0  0  0.67383780D-09
  15 CO          0  0  0  1  0  1  0  0  0  0  0  0  0  0  0.16082297D-06
  16 CS          0  0  0  1  0  0  0  1  0  0  0  0  0  0  0.22628214D-12
  17 HS          0  1  0  0  0  0  0  1  0  0  0  0  0  0  0.47858865D-15
  18 N2          0  0  0  0  2  0  0  0  0  0  0  0  0  0  0.26605646D-09
  19 NH          0  1  0  0  1  0  0  0  0  0  0  0  0  0  0.21295581D-11
  20 SiH         0  1  0  0  0  0  1  0  0  0  0  0  0  0  0.71711636D-13
  21 SiO         0  0  0  0  0  1  1  0  0  0  0  0  0  0  0.56173909D-14
  22 SO          0  0  0  0  0  1  0  1  0  0  0  0  0  0  0.50784517D-16
  23 CH          0  1  0  1  0  0  0  0  0  0  0  0  0  0  0.44210803D-10
  24 O2          0  0  0  0  0  2  0  0  0  0  0  0  0  0  0.52692757D-10
  25 H2          0  2  0  0  0  0  0  0  0  0  0  0  0  0  0.66693883D-01
  26 C2          0  0  0  2  0  0  0  0  0  0  0  0  0  0  0.14121526D-09
  27 CN          0  0  0  1  1  0  0  0  0  0  0  0  0  0  0.19147412D-09
  28 MgH         0  1  0  0  0  0  0  0  0  0  1  0  0  0  0.12597804D-20
  29 NaH         0  1  0  0  0  0  0  0  0  1  0  0  0  0  0.49686777D-17
  30 NO          0  0  0  0  1  1  0  0  0  0  0  0  0  0  0.73629919D-11
  31 NS          0  0  0  0  1  0  0  1  0  0  0  0  0  0  0.42560504D-17
  32 PH          0  1  0  0  0  0  0  0  0  0  0  0  1  0  0.10588556D-14
  33 PN          0  0  0  0  1  0  0  0  0  0  0  0  1  0  0.91349943D-15
  34 PO          0  0  0  0  0  1  0  0  0  0  0  0  1  0  0.43531577D-16
  35 S2          0  0  0  0  0  0  0  2  0  0  0  0  0  0  0.44952770D-19
  36 SiC         0  0  0  1  0  0  1  0  0  0  0  0  0  0  0.11095221D-13
  37 SiN         0  0  0  0  1  0  1  0  0  0  0  0  0  0  0.92763862D-15
  38 SiS         0  0  0  0  0  0  1  1  0  0  0  0  0  0  0.18347724D-18
  39 CCl         0  0  0  1  0  0  0  0  0  0  0  1  0  0  0.31060841D-20
  40 ClO         0  0  0  0  0  1  0  0  0  0  0  1  0  0  0.00000000D+00
  41 CP          0  0  0  1  0  0  0  0  0  0  0  0  1  0  0.16955879D-16
  42 HCl         0  1  0  0  0  0  0  0  0  0  0  1  0  0  0.41688415D-13
  43 HF          0  1  0  0  0  0  0  0  0  0  0  0  0  1  0.20193169D-08
  44 CCH         0  1  0  2  0  0  0  0  0  0  0  0  0  0  0.81027651D-11
  45 C3          0  0  0  3  0  0  0  0  0  0  0  0  0  0  0.11326027D-10
  46 CH2         0  2  0  1  0  0  0  0  0  0  0  0  0  0  0.49563676D-11
  47 SO2         0  0  0  0  0  2  0  1  0  0  0  0  0  0  0.63229370D-22
  48 H2O         0  2  0  0  0  1  0  0  0  0  0  0  0  0  0.23122783D-10
  49 HCN         0  1  0  1  1  0  0  0  0  0  0  0  0  0  0.21625817D-12
  50 HCSi        0  1  0  1  0  0  1  0  0  0  0  0  0  0  0.91005793D-14
  51 CCN         0  0  0  2  1  0  0  0  0  0  0  0  0  0  0.34408205D-15
  52 CCS         0  0  0  2  0  0  0  1  0  0  0  0  0  0  0.23310124D-17
  53 CCO         0  0  0  2  0  1  0  0  0  0  0  0  0  0  0.23076863D-15
  54 CCP         0  0  0  2  0  0  0  0  0  0  0  0  1  0  0.54714424D-20
  55 CO2         0  0  0  1  0  2  0  0  0  0  0  0  0  0  0.91452060D-16
  56 H2S         0  2  0  0  0  0  0  1  0  0  0  0  0  0  0.22310090D-16
  57 HCO         0  1  0  1  0  1  0  0  0  0  0  0  0  0  0.43187873D-16
  58 HCP         0  1  0  1  0  0  0  0  0  0  0  0  1  0  0.51441601D-17
  59 HCS         0  1  0  1  0  0  0  1  0  0  0  0  0  0  0.50328544D-20
  60 HNC         0  1  0  1  1  0  0  0  0  0  0  0  0  0  0.14950241D-12
  61 HNO         0  1  0  0  1  1  0  0  0  0  0  0  0  0  0.17191141D-14
  62 HNSi        0  1  0  0  1  0  1  0  0  0  0  0  0  0  0.27202580D-17
  63 HPO         0  1  0  0  0  1  0  0  0  0  0  0  1  0  0.38701712D-22
  64 HSS         0  1  0  0  0  0  0  2  0  0  0  0  0  0  0.36250217D-23
  65 N2O         0  0  0  0  2  1  0  0  0  0  0  0  0  0  0.38378603D-20
  66 NaOH        0  1  0  0  0  1  0  0  0  1  0  0  0  0  0.14679568D-23
  67 NH2         0  2  0  0  1  0  0  0  0  0  0  0  0  0  0.18923060D-12
  68 NO2         0  0  0  0  1  2  0  0  0  0  0  0  0  0  0.00000000D+00
  69 O2H         0  1  0  0  0  2  0  0  0  0  0  0  0  0  0.69604291D-20
  70 OCN         0  0  0  1  1  1  0  0  0  0  0  0  0  0  0.21509076D-16
  71 OCS         0  0  0  1  0  1  0  1  0  0  0  0  0  0  0.68172254D-19
  72 PH2         0  2  0  0  0  0  0  0  0  0  0  0  1  0  0.16295739D-20
  73 c-SiC2      0  0  0  2  0  0  1  0  0  0  0  0  0  0  0.10658463D-14
  74 SiH2        0  2  0  0  0  0  1  0  0  0  0  0  0  0  0.45153293D-21
  75 SiNC        0  0  0  1  1  0  1  0  0  0  0  0  0  0  0.51939561D-20
  76 SiO2        0  0  0  0  0  2  1  0  0  0  0  0  0  0  0.27346290D-22
  77 C4          0  0  0  4  0  0  0  0  0  0  0  0  0  0  0.20890778D-15
  78 c-C3H       0  1  0  3  0  0  0  0  0  0  0  0  0  0  0.23491135D-14
  79 l-C3H       0  1  0  3  0  0  0  0  0  0  0  0  0  0  0.11210025D-14
  80 CH3         0  3  0  1  0  0  0  0  0  0  0  0  0  0  0.10393235D-11
  81 C2H2        0  2  0  2  0  0  0  0  0  0  0  0  0  0  0.30390911D-13
  82 NH3         0  3  0  0  1  0  0  0  0  0  0  0  0  0  0.55163157D-16
  83 SiCH2       0  2  0  1  0  0  1  0  0  0  0  0  0  0  0.14413202D-19
  84 C3N         0  0  0  3  1  0  0  0  0  0  0  0  0  0  0.21629433D-15
  85 C3O         0  0  0  3  0  1  0  0  0  0  0  0  0  0  0.17598874D-16
  86 C3P         0  0  0  3  0  0  0  0  0  0  0  0  1  0  0.95168813D-28
  87 C3S         0  0  0  3  0  0  0  1  0  0  0  0  0  0  0.48546143D-18
  88 H2CO        0  2  0  1  0  1  0  0  0  0  0  0  0  0  0.40195807D-13
  89 H2CS        0  2  0  1  0  0  0  1  0  0  0  0  0  0  0.12526918D-18
  90 HOOH        0  2  0  0  0  2  0  0  0  0  0  0  0  0  0.87527070D-21
  91 HSSH        0  2  0  0  0  0  0  2  0  0  0  0  0  0  0.18424390D-23
  92 H2SiO       0  2  0  0  0  1  1  0  0  0  0  0  0  0  0.26271777D-31
  93 HCCP        0  1  0  2  0  0  0  0  0  0  0  0  1  0  0.25343467D-21
  94 HCCSi       0  1  0  2  0  0  1  0  0  0  0  0  0  0  0.32649658D-20
  95 l-SiC3      0  0  0  3  0  0  1  0  0  0  0  0  0  0  0.31963941D-19
  96 SiH3        0  3  0  0  0  0  1  0  0  0  0  0  0  0  0.96867469D-30
  97 H2CN        0  2  0  1  1  0  0  0  0  0  0  0  0  0  0.45676613D-16
  98 C5          0  0  0  5  0  0  0  0  0  0  0  0  0  0  0.30643297D-16
  99 c-C3H2      0  2  0  3  0  0  0  0  0  0  0  0  0  0  0.10727231D-14
 100 l-C3H2      0  2  0  3  0  0  0  0  0  0  0  0  0  0  0.86635461D-15
 101 C4H         0  1  0  4  0  0  0  0  0  0  0  0  0  0  0.30896724D-15
 102 CH4         0  4  0  1  0  0  0  0  0  0  0  0  0  0  0.16922953D-14
 103 HC3N        0  1  0  3  1  0  0  0  0  0  0  0  0  0  0.83460345D-17
 104 H2CCN       0  2  0  2  1  0  0  0  0  0  0  0  0  0  0.23586173D-19
 105 H2CCO       0  2  0  2  0  1  0  0  0  0  0  0  0  0  0.23335296D-17
 106 C2H3        0  3  0  2  0  0  0  0  0  0  0  0  0  0  0.19813167D-17
 107 C4N         0  0  0  4  1  0  0  0  0  0  0  0  0  0  0.41481081D-17
 108 C4P         0  0  0  4  0  0  0  0  0  0  0  0  1  0  0.42887749D-28
 109 C4S         0  0  0  4  0  0  0  1  0  0  0  0  0  0  0.11070115D-19
 110 HCOOH       0  2  0  1  0  2  0  0  0  0  0  0  0  0  0.39193272D-20
 111 CH2PH       0  3  0  1  0  0  0  0  0  0  0  0  1  0  0.61482931D-30
 112 CH2NH       0  3  0  1  1  0  0  0  0  0  0  0  0  0  0.42462196D-20
 113 c-HCCHSi    0  2  0  2  0  0  1  0  0  0  0  0  0  0  0.13964162D-20
 114 SiC3H       0  1  0  3  0  0  1  0  0  0  0  0  0  0  0.70852565D-24
 115 SiC4        0  0  0  4  0  0  1  0  0  0  0  0  0  0  0.55453859D-24
 116 SiCH3       0  3  0  1  0  0  1  0  0  0  0  0  0  0  0.74196370D-24
 117 SiH4        0  4  0  0  0  0  1  0  0  0  0  0  0  0  0.10165480D-29
 118 HCNCC       0  1  0  3  1  0  0  0  0  0  0  0  0  0  0.14898464D-21
 119 HCCNC       0  1  0  3  1  0  0  0  0  0  0  0  0  0  0.28359068D-20
 120 HNCCC       0  1  0  3  1  0  0  0  0  0  0  0  0  0  0.48660895D-22
 121 NH2CN       0  2  0  1  2  0  0  0  0  0  0  0  0  0  0.00000000D+00
 122 C6          0  0  0  6  0  0  0  0  0  0  0  0  0  0  0.17283518D-17
 123 CH3CN       0  3  0  2  1  0  0  0  0  0  0  0  0  0  0.24215895D-19
 124 CH2CCH      0  3  0  3  0  0  0  0  0  0  0  0  0  0  0.32251869D-25
 125 C2H4        0  4  0  2  0  0  0  0  0  0  0  0  0  0  0.11079948D-21
 126 NC4N        0  0  0  4  2  0  0  0  0  0  0  0  0  0  0.34460843D-20
 127 H2CSiCH     0  3  0  2  0  0  1  0  0  0  0  0  0  0  0.12215114D-26
 128 SiC4H       0  1  0  4  0  0  1  0  0  0  0  0  0  0  0.16306096D-19
 129 HC4N        0  1  0  4  1  0  0  0  0  0  0  0  0  0  0.10518627D-21
 130 C4H2        0  2  0  4  0  0  0  0  0  0  0  0  0  0  0.13330863D-14
 131 C5H         0  1  0  5  0  0  0  0  0  0  0  0  0  0  0.28352109D-16
 132 C5N         0  0  0  5  1  0  0  0  0  0  0  0  0  0  0.26243000D-17
 133 CH3OH       0  4  0  1  0  1  0  0  0  0  0  0  0  0  0.27843992D-22
 134 NH2CHO      0  3  0  1  1  1  0  0  0  0  0  0  0  0  0.59070943D-24
 135 C5O         0  0  0  5  0  1  0  0  0  0  0  0  0  0  0.44704333D-17
 136 C7          0  0  0  7  0  0  0  0  0  0  0  0  0  0  0.15967027D-18
 137 HC5N        0  1  0  5  1  0  0  0  0  0  0  0  0  0  0.12153723D-19
 138 SiC2CH3     0  3  0  3  0  0  1  0  0  0  0  0  0  0  0.12929161D-29
 139 CH3CHO      0  4  0  2  0  1  0  0  0  0  0  0  0  0  0.16083786D-26
 140 C2H5        0  5  0  2  0  0  0  0  0  0  0  0  0  0  0.11917845D-36
 141 CH2CHCN     0  3  0  3  1  0  0  0  0  0  0  0  0  0  0.91615687D-29
 142 CH3CCH      0  4  0  3  0  0  0  0  0  0  0  0  0  0  0.10570088D-24
 143 C5H2        0  2  0  5  0  0  0  0  0  0  0  0  0  0  0.34602996D-15
 144 C6H         0  1  0  6  0  0  0  0  0  0  0  0  0  0  0.54125670D-17
 145 CH3NH2      0  5  0  1  1  0  0  0  0  0  0  0  0  0  0.26368761D-23
 146 C4H3        0  3  0  4  0  0  0  0  0  0  0  0  0  0  0.10016291D-20
 147 C6N         0  0  0  6  1  0  0  0  0  0  0  0  0  0  0.75952665D-19
 148 C8          0  0  0  8  0  0  0  0  0  0  0  0  0  0  0.14260831D-18
 149 HC6N        0  1  0  6  1  0  0  0  0  0  0  0  0  0  0.15383437D-24
 150 NC6N        0  0  0  6  2  0  0  0  0  0  0  0  0  0  0.49715927D-23
 151 SiC6H       0  1  0  6  0  0  1  0  0  0  0  0  0  0  0.28343789D-20
 152 CH2CHC2H    0  4  0  4  0  0  0  0  0  0  0  0  0  0  0.14601889D-28
 153 C6H2        0  2  0  6  0  0  0  0  0  0  0  0  0  0  0.23172141D-15
 154 C7H         0  1  0  7  0  0  0  0  0  0  0  0  0  0  0.56482619D-18
 155 C7N         0  0  0  7  1  0  0  0  0  0  0  0  0  0  0.93873404D-19
 156 CH3C3N      0  3  0  4  1  0  0  0  0  0  0  0  0  0  0.23060935D-25
 157 HCOOCH3     0  4  0  2  0  2  0  0  0  0  0  0  0  0  0.44832304D-33
 158 C2H6        0  6  0  2  0  0  0  0  0  0  0  0  0  0  0.36376462D-66
 159 C7O         0  0  0  7  0  1  0  0  0  0  0  0  0  0  0.89059256D-19
 160 C9          0  0  0  9  0  0  0  0  0  0  0  0  0  0  0.13291316D-19
 161 HC7N        0  1  0  7  1  0  0  0  0  0  0  0  0  0  0.12945893D-20
 162 SiC3H5      0  5  0  3  0  0  1  0  0  0  0  0  0  0  0.00000000D+00
 163 CH3CH2OH    0  6  0  2  0  1  0  0  0  0  0  0  0  0  0.88576835D-34
 164 C7H2        0  2  0  7  0  0  0  0  0  0  0  0  0  0  0.33478576D-16
 165 C8H         0  1  0  8  0  0  0  0  0  0  0  0  0  0  0.49587212D-18
 166 CH3C4H      0  4  0  5  0  0  0  0  0  0  0  0  0  0  0.78272742D-29
 167 CH3OCH3     0  6  0  2  0  1  0  0  0  0  0  0  0  0  0.34192399D-32
 168 CH3CHCH2    0  6  0  3  0  0  0  0  0  0  0  0  0  0  0.00000000D+00
 169 C8N         0  0  0  8  1  0  0  0  0  0  0  0  0  0  0.42196120D-20
 170 C10         0  0  0 10  0  0  0  0  0  0  0  0  0  0  0.19529098D-20
 171 CH3COCH3    0  6  0  3  0  1  0  0  0  0  0  0  0  0  0.17281078D-35
 172 C8H2        0  2  0  8  0  0  0  0  0  0  0  0  0  0  0.21667473D-16
 173 C9H         0  1  0  9  0  0  0  0  0  0  0  0  0  0  0.38959691D-19
 174 C9N         0  0  0  9  1  0  0  0  0  0  0  0  0  0  0.66980355D-20
 175 CH3C5N      0  3  0  6  1  0  0  0  0  0  0  0  0  0  0.30527999D-28
 176 HC8N        0  1  0  8  1  0  0  0  0  0  0  0  0  0  0.16386117D-25
 177 NC8N        0  0  0  8  2  0  0  0  0  0  0  0  0  0  0.52956372D-24
 178 SiC8H       0  1  0  8  0  0  1  0  0  0  0  0  0  0  0.26503303D-21
 179 CH2CHCHCH2  0  6  0  4  0  0  0  0  0  0  0  0  0  0  0.00000000D+00
 180 C9O         0  0  0  9  0  1  0  0  0  0  0  0  0  0  0.61429891D-20
 181 HC9N        0  1  0  9  1  0  0  0  0  0  0  0  0  0  0.16941770D-22
 182 C10H        0  1  0 10  0  0  0  0  0  0  0  0  0  0  0.66603670D-20
 183 C9H2        0  2  0  9  0  0  0  0  0  0  0  0  0  0  0.21688195D-17
 184 CH3C6H      0  4  0  7  0  0  0  0  0  0  0  0  0  0  0.84155016D-30
 185 C11         0  0  0 11  0  0  0  0  0  0  0  0  0  0  0.26945744D-20
 186 C10N        0  0  0 10  1  0  0  0  0  0  0  0  0  0  0.53419230D-22
 187 CH3C7N      0  3  0  8  1  0  0  0  0  0  0  0  0  0  0.31512533D-29
 188 C10H2       0  2  0 10  0  0  0  0  0  0  0  0  0  0  0.78839212D-19
 189 C6H6        0  6  0  6  0  0  0  0  0  0  0  0  0  0  0.16282491D-26
 190 Si+         1  0  0  0  0  0  1  0  0  0  0  0  0  0  0.79609916D-08
 191 C+          1  0  0  1  0  0  0  0  0  0  0  0  0  0  0.11913560D-03
 192 C-         -1  0  0  1  0  0  0  0  0  0  0  0  0  0  0.37000675D-13
 193 H-         -1  1  0  0  0  0  0  0  0  0  0  0  0  0  0.65524247D-11
 194 O-         -1  0  0  0  0  1  0  0  0  0  0  0  0  0  0.88647618D-13
 195 S-         -1  0  0  0  0  0  0  1  0  0  0  0  0  0  0.20162863D-17
 196 He+         1  0  1  0  0  0  0  0  0  0  0  0  0  0  0.13854286D-08
 197 H+          1  1  0  0  0  0  0  0  0  0  0  0  0  0  0.15244880D-06
 198 Fe+         1  0  0  0  0  0  0  0  1  0  0  0  0  0  0.29895370D-08
 199 Mg+         1  0  0  0  0  0  0  0  0  0  1  0  0  0  0.69413991D-08
 200 N+          1  0  0  0  1  0  0  0  0  0  0  0  0  0  0.18077866D-11
 201 Na+         1  0  0  0  0  0  0  0  0  1  0  0  0  0  0.19871007D-08
 202 O+          1  0  0  0  0  1  0  0  0  0  0  0  0  0  0.16313057D-11
 203 S+          1  0  0  0  0  0  0  1  0  0  0  0  0  0  0.79513338D-07
 204 Cl+         1  0  0  0  0  0  0  0  0  0  0  1  0  0  0.49509342D-14
 205 F+          1  0  0  0  0  0  0  0  0  0  0  0  0  1  0.35138747D-15
 206 P+          1  0  0  0  0  0  0  0  0  0  0  0  1  0  0.19998602D-09
 207 e-         -1  0  0  0  0  0  0  0  0  0  0  0  0  0  0.11938910D-03
 208 CH+         1  1  0  1  0  0  0  0  0  0  0  0  0  0  0.23706262D-11
 209 H2+         1  2  0  0  0  0  0  0  0  0  0  0  0  0  0.11166847D-13
 210 OH+         1  1  0  0  0  1  0  0  0  0  0  0  0  0  0.23383141D-11
 211 SiH+        1  1  0  0  0  0  1  0  0  0  0  0  0  0  0.31888663D-15
 212 C2+         1  0  0  2  0  0  0  0  0  0  0  0  0  0  0.13273029D-12
 213 CN-        -1  0  0  1  1  0  0  0  0  0  0  0  0  0  0.54782703D-22
 214 OH-        -1  1  0  0  0  1  0  0  0  0  0  0  0  0  0.14589568D-15
 215 CF+         1  0  0  1  0  0  0  0  0  0  0  0  0  1  0.28034997D-10
 216 HS+         1  1  0  0  0  0  0  1  0  0  0  0  0  0  0.35007777D-15
 217 SO+         1  0  0  0  0  1  0  1  0  0  0  0  0  0  0.47918875D-14
 218 CCl+        1  0  0  1  0  0  0  0  0  0  0  1  0  0  0.24510561D-15
 219 ClO+        1  0  0  0  0  1  0  0  0  0  0  1  0  0  0.00000000D+00
 220 CN+         1  0  0  1  1  0  0  0  0  0  0  0  0  0  0.18341472D-14
 221 CO+         1  0  0  1  0  1  0  0  0  0  0  0  0  0  0.83762665D-12
 222 CP+         1  0  0  1  0  0  0  0  0  0  0  0  1  0  0.77131979D-19
 223 CS+         1  0  0  1  0  0  0  1  0  0  0  0  0  0  0.31129361D-15
 224 HCl+        1  1  0  0  0  0  0  0  0  0  0  1  0  0  0.20858596D-14
 225 HF+         1  1  0  0  0  0  0  0  0  0  0  0  0  1  0.17429569D-15
 226 HeH+        1  1  1  0  0  0  0  0  0  0  0  0  0  0  0.17628063D-24
 227 N2+         1  0  0  0  2  0  0  0  0  0  0  0  0  0  0.14046020D-16
 228 NH+         1  1  0  0  1  0  0  0  0  0  0  0  0  0  0.42490354D-13
 229 NO+         1  0  0  0  1  1  0  0  0  0  0  0  0  0  0.61306480D-14
 230 NS+         1  0  0  0  1  0  0  1  0  0  0  0  0  0  0.15983027D-16
 231 O2+         1  0  0  0  0  2  0  0  0  0  0  0  0  0  0.74745947D-14
 232 PH+         1  1  0  0  0  0  0  0  0  0  0  0  1  0  0.11269491D-16
 233 PN+         1  0  0  0  1  0  0  0  0  0  0  0  1  0  0.79261566D-19
 234 PO+         1  0  0  0  0  1  0  0  0  0  0  0  1  0  0.14588904D-16
 235 S2+         1  0  0  0  0  0  0  2  0  0  0  0  0  0  0.68350951D-22
 236 SiC+        1  0  0  1  0  0  1  0  0  0  0  0  0  0  0.15037676D-15
 237 SiN+        1  0  0  0  1  0  1  0  0  0  0  0  0  0  0.10404412D-16
 238 SiO+        1  0  0  0  0  1  1  0  0  0  0  0  0  0  0.34017821D-15
 239 SiS+        1  0  0  0  0  0  1  1  0  0  0  0  0  0  0.23602605D-20
 240 SiF+        1  0  0  0  0  0  1  0  0  0  0  0  0  1  0.15006666D-14
 241 CH2+        1  2  0  1  0  0  0  0  0  0  0  0  0  0  0.28551295D-10
 242 C2N+        1  0  0  2  1  0  0  0  0  0  0  0  0  0  0.43663083D-17
 243 CNC+        1  0  0  2  1  0  0  0  0  0  0  0  0  0  0.35192452D-14
 244 HSiO+       1  1  0  0  0  1  1  0  0  0  0  0  0  0  0.11473424D-15
 245 N2H+        1  1  0  0  2  0  0  0  0  0  0  0  0  0  0.18026629D-16
 246 C2H+        1  1  0  2  0  0  0  0  0  0  0  0  0  0  0.79397855D-13
 247 H3+         1  3  0  0  0  0  0  0  0  0  0  0  0  0  0.12828543D-12
 248 C3-        -1  0  0  3  0  0  0  0  0  0  0  0  0  0  0.68915314D-20
 249 HCO+        1  1  0  1  0  1  0  0  0  0  0  0  0  0  0.61587710D-12
 250 HSO+        1  1  0  0  0  1  0  1  0  0  0  0  0  0  0.52406680D-20
 251 H2S+        1  2  0  0  0  0  0  1  0  0  0  0  0  0  0.28934002D-15
 252 HCS+        1  1  0  1  0  0  0  1  0  0  0  0  0  0  0.42507253D-16
 253 HPO+        1  1  0  0  0  1  0  0  0  0  0  0  1  0  0.15329807D-18
 254 C2O+        1  0  0  2  0  1  0  0  0  0  0  0  0  0  0.30284370D-17
 255 C2S+        1  0  0  2  0  0  0  1  0  0  0  0  0  0  0.22545497D-16
 256 C3+         1  0  0  3  0  0  0  0  0  0  0  0  0  0  0.34856994D-13
 257 CCP+        1  0  0  2  0  0  0  0  0  0  0  0  1  0  0.96164425D-20
 258 CHSi+       1  1  0  1  0  0  1  0  0  0  0  0  0  0  0.88362931D-16
 259 CO2+        1  0  0  1  0  2  0  0  0  0  0  0  0  0  0.29035613D-25
 260 H2Cl+       1  2  0  0  0  0  0  0  0  0  0  1  0  0  0.25246295D-14
 261 H2F+        1  2  0  0  0  0  0  0  0  0  0  0  0  1  0.90427690D-16
 262 H2O+        1  2  0  0  0  1  0  0  0  0  0  0  0  0  0.11965298D-11
 263 HCN+        1  1  0  1  1  0  0  0  0  0  0  0  0  0  0.59458978D-14
 264 HCP+        1  1  0  1  0  0  0  0  0  0  0  0  1  0  0.42173116D-19
 265 HNC+        1  1  0  1  1  0  0  0  0  0  0  0  0  0  0.98655679D-15
 266 HNO+        1  1  0  0  1  1  0  0  0  0  0  0  0  0  0.20532566D-15
 267 HNS+        1  1  0  0  1  0  0  1  0  0  0  0  0  0  0.10632029D-21
 268 HNSi+       1  1  0  0  1  0  1  0  0  0  0  0  0  0  0.20323591D-19
 269 HOC+        1  1  0  1  0  1  0  0  0  0  0  0  0  0  0.78421787D-12
 270 HPN+        1  1  0  0  1  0  0  0  0  0  0  0  1  0  0.10819248D-24
 271 HSiS+       1  1  0  0  0  0  1  1  0  0  0  0  0  0  0.32996440D-20
 272 NaH2+       1  2  0  0  0  0  0  0  0  1  0  0  0  0  0.74003106D-18
 273 NCO+        1  0  0  1  1  1  0  0  0  0  0  0  0  0  0.27071092D-19
 274 NH2+        1  2  0  0  1  0  0  0  0  0  0  0  0  0  0.35584384D-13
 275 NO2+        1  0  0  0  1  2  0  0  0  0  0  0  0  0  0.20008122D-21
 276 HO2+        1  1  0  0  0  2  0  0  0  0  0  0  0  0  0.62274449D-22
 277 OCS+        1  0  0  1  0  1  0  1  0  0  0  0  0  0  0.51919782D-19
 278 PH2+        1  2  0  0  0  0  0  0  0  0  0  0  1  0  0.84665989D-17
 279 HS2+        1  1  0  0  0  0  0  2  0  0  0  0  0  0  0.14076444D-22
 280 SiC2+       1  0  0  2  0  0  1  0  0  0  0  0  0  0  0.18498921D-16
 281 SiH2+       1  2  0  0  0  0  1  0  0  0  0  0  0  0  0.45323134D-15
 282 SiNC+       1  0  0  1  1  0  1  0  0  0  0  0  0  0  0.29442366D-18
 283 SO2+        1  0  0  0  0  2  0  1  0  0  0  0  0  0  0.41956839D-30
 284 HCNH+       1  2  0  1  1  0  0  0  0  0  0  0  0  0  0.48468537D-14
 285 HC2N+       1  1  0  2  1  0  0  0  0  0  0  0  0  0  0.30568784D-17
 286 C3H+        1  1  0  3  0  0  0  0  0  0  0  0  0  0  0.78605846D-14
 287 C4+         1  0  0  4  0  0  0  0  0  0  0  0  0  0  0.41052755D-16
 288 H2CO+       1  2  0  1  0  1  0  0  0  0  0  0  0  0  0.68541792D-16
 289 CH3+        1  3  0  1  0  0  0  0  0  0  0  0  0  0  0.12608413D-10
 290 C3N-       -1  0  0  3  1  0  0  0  0  0  0  0  0  0  0.21245803D-19
 291 C4-        -1  0  0  4  0  0  0  0  0  0  0  0  0  0  0.98806384D-18
 292 H3O+        1  3  0  0  0  1  0  0  0  0  0  0  0  0  0.46800960D-12
 293 H2NO+       1  2  0  0  1  1  0  0  0  0  0  0  0  0  0.12879600D-18
 294 H3S+        1  3  0  0  0  0  0  1  0  0  0  0  0  0  0.64933013D-22
 295 HC2S+       1  1  0  2  0  0  0  1  0  0  0  0  0  0  0.32054075D-19
 296 HOCS+       1  1  0  1  0  1  0  1  0  0  0  0  0  0  0.29294943D-25
 297 PCH2+       1  2  0  1  0  0  0  0  0  0  0  0  1  0  0.39271645D-19
 298 H2S2+       1  2  0  0  0  0  0  2  0  0  0  0  0  0  0.48407147D-28
 299 C2H2+       1  2  0  2  0  0  0  0  0  0  0  0  0  0  0.48782386D-13
 300 C2HO+       1  1  0  2  0  1  0  0  0  0  0  0  0  0  0.97998597D-17
 301 C2N2+       1  0  0  2  2  0  0  0  0  0  0  0  0  0  0.53348887D-27
 302 C3N+        1  0  0  3  1  0  0  0  0  0  0  0  0  0  0.34324177D-21
 303 C3O+        1  0  0  3  0  1  0  0  0  0  0  0  0  0  0.71823334D-19
 304 C3S+        1  0  0  3  0  0  0  1  0  0  0  0  0  0  0.28442749D-19
 305 CH2Si+      1  2  0  1  0  0  1  0  0  0  0  0  0  0  0.67212537D-16
 306 H2CCl+      1  2  0  1  0  0  0  0  0  0  0  1  0  0  0.24057375D-22
 307 H2CS+       1  2  0  1  0  0  0  1  0  0  0  0  0  0  0.57691711D-20
 308 H2NC+       1  2  0  1  1  0  0  0  0  0  0  0  0  0  0.10137151D-14
 309 H2PO+       1  2  0  0  0  1  0  0  0  0  0  0  1  0  0.57322667D-26
 310 H2SiO+      1  2  0  0  0  1  1  0  0  0  0  0  0  0  0.25192024D-26
 311 HOCO+       1  1  0  1  0  2  0  0  0  0  0  0  0  0  0.46623411D-20
 312 HNCO+       1  1  0  1  1  1  0  0  0  0  0  0  0  0  0.64778360D-24
 313 HSiO2+      1  1  0  0  0  2  1  0  0  0  0  0  0  0  0.31761818D-33
 314 HSO2+       1  1  0  0  0  2  0  1  0  0  0  0  0  0  0.22541545D-32
 315 NaH2O+      1  2  0  0  0  1  0  0  0  1  0  0  0  0  0.93412095D-25
 316 NH3+        1  3  0  0  1  0  0  0  0  0  0  0  0  0  0.38466356D-14
 317 PC2H+       1  1  0  2  0  0  0  0  0  0  0  0  1  0  0.10522293D-21
 318 PH3+        1  3  0  0  0  0  0  0  0  0  0  0  1  0  0.17537579D-23
 319 PNH2+       1  2  0  0  1  0  0  0  0  0  0  0  1  0  0.32201593D-24
 320 SiC2H+      1  1  0  2  0  0  1  0  0  0  0  0  0  0  0.25835077D-16
 321 l-SiC3+     1  0  0  3  0  0  1  0  0  0  0  0  0  0  0.86134075D-20
 322 SiH3+       1  3  0  0  0  0  1  0  0  0  0  0  0  0  0.37620994D-23
 323 SiNCH+      1  1  0  1  1  0  1  0  0  0  0  0  0  0  0.24929478D-23
 324 HSiNH+      1  2  0  0  1  0  1  0  0  0  0  0  0  0  0.18945611D-19
 325 HN2O+       1  1  0  0  2  1  0  0  0  0  0  0  0  0  0.51335746D-32
 326 C2H3+       1  3  0  2  0  0  0  0  0  0  0  0  0  0  0.11973397D-16
 327 c-C3H2+     1  2  0  3  0  0  0  0  0  0  0  0  0  0  0.16703601D-16
 328 l-C3H2+     1  2  0  3  0  0  0  0  0  0  0  0  0  0  0.13245908D-16
 329 C4H+        1  1  0  4  0  0  0  0  0  0  0  0  0  0  0.19216759D-16
 330 C5+         1  0  0  5  0  0  0  0  0  0  0  0  0  0  0.39390368D-17
 331 HC3O+       1  1  0  3  0  1  0  0  0  0  0  0  0  0  0.29558147D-23
 332 C4H-       -1  1  0  4  0  0  0  0  0  0  0  0  0  0  0.11005025D-17
 333 C5-        -1  0  0  5  0  0  0  0  0  0  0  0  0  0  0.43471611D-18
 334 NH4+        1  4  0  0  1  0  0  0  0  0  0  0  0  0  0.14140887D-18
 335 H3CS+       1  3  0  1  0  0  0  1  0  0  0  0  0  0  0.13150652D-21
 336 H2COH+      1  3  0  1  0  1  0  0  0  0  0  0  0  0  0.26992293D-19
 337 H3S2+       1  3  0  0  0  0  0  2  0  0  0  0  0  0  0.52423151D-27
 338 HC3S+       1  1  0  3  0  0  0  1  0  0  0  0  0  0  0.16676916D-19
 339 PC3H+       1  1  0  3  0  0  0  0  0  0  0  0  1  0  0.49755172D-29
 340 PCH3+       1  3  0  1  0  0  0  0  0  0  0  0  1  0  0.14643598D-30
 341 PNH3+       1  3  0  0  1  0  0  0  0  0  0  0  1  0  0.12085266D-31
 342 SiC2H2+     1  2  0  2  0  0  1  0  0  0  0  0  0  0  0.20741823D-23
 343 SiC3H+      1  1  0  3  0  0  1  0  0  0  0  0  0  0  0.11667178D-20
 344 SiC4+       1  0  0  4  0  0  1  0  0  0  0  0  0  0  0.86426467D-22
 345 SiCH3+      1  3  0  1  0  0  1  0  0  0  0  0  0  0  0.10935127D-25
 346 SiH4+       1  4  0  0  0  0  1  0  0  0  0  0  0  0  0.74585720D-36
 347 CH2CN+      1  2  0  2  1  0  0  0  0  0  0  0  0  0  0.22219126D-17
 348 H2CCO+      1  2  0  2  0  1  0  0  0  0  0  0  0  0  0.11814138D-19
 349 HC3N+       1  1  0  3  1  0  0  0  0  0  0  0  0  0  0.40048681D-20
 350 C4N+        1  0  0  4  1  0  0  0  0  0  0  0  0  0  0.23023897D-19
 351 C4P+        1  0  0  4  0  0  0  0  0  0  0  0  1  0  0.35413844D-33
 352 C4S+        1  0  0  4  0  0  0  1  0  0  0  0  0  0  0.94539057D-21
 353 HCOOH+      1  2  0  1  0  2  0  0  0  0  0  0  0  0  0.20087482D-24
 354 CH4+        1  4  0  1  0  0  0  0  0  0  0  0  0  0  0.12120435D-18
 355 H3SiO+      1  3  0  0  0  1  1  0  0  0  0  0  0  0  0.10369944D-34
 356 PC2H2+      1  2  0  2  0  0  0  0  0  0  0  0  1  0  0.50907257D-23
 357 C6+         1  0  0  6  0  0  0  0  0  0  0  0  0  0  0.46871897D-18
 358 HC4N+       1  1  0  4  1  0  0  0  0  0  0  0  0  0  0.41717114D-28
 359 C5H-       -1  1  0  5  0  0  0  0  0  0  0  0  0  0  0.31377908D-18
 360 C6-        -1  0  0  6  0  0  0  0  0  0  0  0  0  0  0.12832712D-18
 361 CH3CO+      1  3  0  2  0  1  0  0  0  0  0  0  0  0  0.34898360D-19
 362 C2H4+       1  4  0  2  0  0  0  0  0  0  0  0  0  0  0.16794152D-17
 363 HC3NH+      1  2  0  3  1  0  0  0  0  0  0  0  0  0  0.21025552D-22
 364 HC4S+       1  1  0  4  0  0  0  1  0  0  0  0  0  0  0.71030212D-21
 365 CH5+        1  5  0  1  0  0  0  0  0  0  0  0  0  0  0.85509599D-16
 366 C4H2+       1  2  0  4  0  0  0  0  0  0  0  0  0  0  0.27238012D-17
 367 C5H+        1  1  0  5  0  0  0  0  0  0  0  0  0  0  0.11099786D-17
 368 CH3CN+      1  3  0  2  1  0  0  0  0  0  0  0  0  0  0.21967780D-21
 369 c-C3H3+     1  3  0  3  0  0  0  0  0  0  0  0  0  0  0.16992493D-16
 370 l-C3H3+     1  3  0  3  0  0  0  0  0  0  0  0  0  0  0.16992114D-16
 371 C5N+        1  0  0  5  1  0  0  0  0  0  0  0  0  0  0.80172588D-22
 372 CH3O2+      1  3  0  1  0  2  0  0  0  0  0  0  0  0  0.81673138D-24
 373 CH2NH2+     1  4  0  1  1  0  0  0  0  0  0  0  0  0  0.88968958D-22
 374 CH3OH+      1  4  0  1  0  1  0  0  0  0  0  0  0  0  0.46995446D-25
 375 H2C3O+      1  2  0  3  0  1  0  0  0  0  0  0  0  0  0.17348039D-23
 376 HC2NCH+     1  2  0  3  1  0  0  0  0  0  0  0  0  0  0.11104982D-21
 377 HC4O+       1  1  0  4  0  1  0  0  0  0  0  0  0  0  0.82542740D-21
 378 NH2CNH+     1  3  0  1  2  0  0  0  0  0  0  0  0  0  0.00000000D+00
 379 PC2H3+      1  3  0  2  0  0  0  0  0  0  0  0  1  0  0.44618651D-36
 380 PC4H+       1  1  0  4  0  0  0  0  0  0  0  0  1  0  0.36200446D-30
 381 PCH4+       1  4  0  1  0  0  0  0  0  0  0  0  1  0  0.73214522D-32
 382 SiC2H3+     1  3  0  2  0  0  1  0  0  0  0  0  0  0  0.28860414D-22
 383 SiC3H2+     1  2  0  3  0  0  1  0  0  0  0  0  0  0  0.77760297D-26
 384 SiC4H+      1  1  0  4  0  0  1  0  0  0  0  0  0  0  0.29719202D-27
 385 SiCH4+      1  4  0  1  0  0  1  0  0  0  0  0  0  0  0.98888844D-26
 386 SiH5+       1  5  0  0  0  0  1  0  0  0  0  0  0  0  0.70027167D-32
 387 C7+         1  0  0  7  0  0  0  0  0  0  0  0  0  0  0.13773801D-18
 388 H2C4N+      1  2  0  4  1  0  0  0  0  0  0  0  0  0  0.30857767D-28
 389 C6H-       -1  1  0  6  0  0  0  0  0  0  0  0  0  0  0.17177515D-18
 390 C7-        -1  0  0  7  0  0  0  0  0  0  0  0  0  0  0.30941826D-19
 391 C4H3+       1  3  0  4  0  0  0  0  0  0  0  0  0  0  0.19819780D-17
 392 C5H2+       1  2  0  5  0  0  0  0  0  0  0  0  0  0  0.11686371D-20
 393 CH3CNH+     1  4  0  2  1  0  0  0  0  0  0  0  0  0  0.10534677D-20
 394 C2H4O+      1  4  0  2  0  1  0  0  0  0  0  0  0  0  0.10655489D-28
 395 C2H5+       1  5  0  2  0  0  0  0  0  0  0  0  0  0  0.20163251D-24
 396 C3H3N+      1  3  0  3  1  0  0  0  0  0  0  0  0  0  0.23434989D-30
 397 C3H4+       1  4  0  3  0  0  0  0  0  0  0  0  0  0  0.91331832D-28
 398 HC5N+       1  1  0  5  1  0  0  0  0  0  0  0  0  0  0.75923061D-22
 399 C6H+        1  1  0  6  0  0  0  0  0  0  0  0  0  0  0.35333357D-18
 400 CH3NH2+     1  5  0  1  1  0  0  0  0  0  0  0  0  0  0.98465328D-26
 401 CH3OH2+     1  5  0  1  0  1  0  0  0  0  0  0  0  0  0.22558902D-23
 402 H3C3O+      1  3  0  3  0  1  0  0  0  0  0  0  0  0  0.31605773D-26
 403 NH2CH2O+    1  4  0  1  1  1  0  0  0  0  0  0  0  0  0.38293506D-34
 404 PC2H4+      1  4  0  2  0  0  0  0  0  0  0  0  1  0  0.14405339D-37
 405 PC4H2+      1  2  0  4  0  0  0  0  0  0  0  0  1  0  0.40623710D-34
 406 HC5O+       1  1  0  5  0  1  0  0  0  0  0  0  0  0  0.28152783D-27
 407 C6N+        1  0  0  6  1  0  0  0  0  0  0  0  0  0  0.99312020D-22
 408 H2C5N+      1  2  0  5  1  0  0  0  0  0  0  0  0  0  0.40179081D-25
 409 C8+         1  0  0  8  0  0  0  0  0  0  0  0  0  0  0.37778828D-19
 410 C7H-       -1  1  0  7  0  0  0  0  0  0  0  0  0  0  0.40910940D-19
 411 C8-        -1  0  0  8  0  0  0  0  0  0  0  0  0  0  0.88955600D-20
 412 C5H3+       1  3  0  5  0  0  0  0  0  0  0  0  0  0  0.16383854D-25
 413 C3H5+       1  5  0  3  0  0  0  0  0  0  0  0  0  0  0.91995727D-27
 414 C6H2+       1  2  0  6  0  0  0  0  0  0  0  0  0  0  0.13661887D-20
 415 C7H+        1  1  0  7  0  0  0  0  0  0  0  0  0  0  0.96480320D-19
 416 CH3CHOH+    1  5  0  2  0  1  0  0  0  0  0  0  0  0  0.37711292D-28
 417 C2H6+       1  6  0  2  0  0  0  0  0  0  0  0  0  0  0.13979396D-47
 418 C3H3NH+     1  4  0  3  1  0  0  0  0  0  0  0  0  0  0.43997127D-32
 419 C4H4+       1  4  0  4  0  0  0  0  0  0  0  0  0  0  0.91854506D-21
 420 C7N+        1  0  0  7  1  0  0  0  0  0  0  0  0  0  0.80622942D-23
 421 CH3NH3+     1  6  0  1  1  0  0  0  0  0  0  0  0  0  0.31781578D-25
 422 COOCH4+     1  4  0  2  0  2  0  0  0  0  0  0  0  0  0.32491511D-35
 423 H3C4N+      1  3  0  4  1  0  0  0  0  0  0  0  0  0  0.14877928D-28
 424 HC6N+       1  1  0  6  1  0  0  0  0  0  0  0  0  0  0.15038135D-29
 425 C9+         1  0  0  9  0  0  0  0  0  0  0  0  0  0  0.13031047D-19
 426 C8H-       -1  1  0  8  0  0  0  0  0  0  0  0  0  0  0.80841117D-20
 427 C9-        -1  0  0  9  0  0  0  0  0  0  0  0  0  0  0.24710460D-20
 428 C4H5+       1  5  0  4  0  0  0  0  0  0  0  0  0  0  0.93805437D-31
 429 C6H3+       1  3  0  6  0  0  0  0  0  0  0  0  0  0  0.52500784D-25
 430 C7H2+       1  2  0  7  0  0  0  0  0  0  0  0  0  0  0.24147518D-21
 431 C2H5OH+     1  6  0  2  0  1  0  0  0  0  0  0  0  0  0.11095636D-36
 432 H3C4NH+     1  4  0  4  1  0  0  0  0  0  0  0  0  0  0.17686164D-27
 433 C5H3N+      1  3  0  5  1  0  0  0  0  0  0  0  0  0  0.96776839D-31
 434 C5H4+       1  4  0  5  0  0  0  0  0  0  0  0  0  0  0.15253150D-30
 435 HC7N+       1  1  0  7  1  0  0  0  0  0  0  0  0  0  0.22882276D-23
 436 C8H+        1  1  0  8  0  0  0  0  0  0  0  0  0  0  0.27970216D-19
 437 CH3OCH3+    1  6  0  2  0  1  0  0  0  0  0  0  0  0  0.92265927D-35
 438 H5C2O2+     1  5  0  2  0  2  0  0  0  0  0  0  0  0  0.66711640D-35
 439 HC7O+       1  1  0  7  0  1  0  0  0  0  0  0  0  0  0.56085523D-29
 440 C8N+        1  0  0  8  1  0  0  0  0  0  0  0  0  0  0.97485840D-23
 441 H2C6N+      1  2  0  6  1  0  0  0  0  0  0  0  0  0  0.20861731D-29
 442 C2H7+       1  7  0  2  0  0  0  0  0  0  0  0  0  0  0.37582218D-78
 443 C10+        1  0  0 10  0  0  0  0  0  0  0  0  0  0  0.45766109D-20
 444 CH3OCH4+    1  7  0  2  0  1  0  0  0  0  0  0  0  0  0.36694191D-34
 445 C9H-       -1  1  0  9  0  0  0  0  0  0  0  0  0  0  0.21031686D-20
 446 C10-       -1  0  0 10  0  0  0  0  0  0  0  0  0  0  0.11865577D-21
 447 C7H2N+      1  2  0  7  1  0  0  0  0  0  0  0  0  0  0.79903716D-26
 448 C7H3+       1  3  0  7  0  0  0  0  0  0  0  0  0  0  0.75966428D-26
 449 C5H5+       1  5  0  5  0  0  0  0  0  0  0  0  0  0  0.32952893D-31
 450 C8H2+       1  2  0  8  0  0  0  0  0  0  0  0  0  0  0.39679056D-20
 451 C9H+        1  1  0  9  0  0  0  0  0  0  0  0  0  0  0.86658850D-20
 452 C2H5OH2+    1  7  0  2  0  1  0  0  0  0  0  0  0  0  0.13853953D-35
 453 C2H6CO+     1  6  0  3  0  1  0  0  0  0  0  0  0  0  0.19901984D-37
 454 C5H4N+      1  4  0  5  1  0  0  0  0  0  0  0  0  0  0.98122340D-35
 455 C6H4+       1  4  0  6  0  0  0  0  0  0  0  0  0  0  0.43635387D-30
 456 C9N+        1  0  0  9  1  0  0  0  0  0  0  0  0  0  0.70395966D-24
 457 HC8N+       1  1  0  8  1  0  0  0  0  0  0  0  0  0  0.12256060D-30
 458 C10H+       1  1  0 10  0  0  0  0  0  0  0  0  0  0  0.27706299D-21
 459 C10H-      -1  1  0 10  0  0  0  0  0  0  0  0  0  0  0.54487514D-22
 460 C8H3+       1  3  0  8  0  0  0  0  0  0  0  0  0  0  0.48010075D-26
 461 C9H2+       1  2  0  9  0  0  0  0  0  0  0  0  0  0  0.15628896D-22
 462 C3H6OH+     1  7  0  3  0  1  0  0  0  0  0  0  0  0  0.40287215D-37
 463 C4H7+       1  7  0  4  0  0  0  0  0  0  0  0  0  0  0.18703048D-39
 464 H3C6NH+     1  4  0  6  1  0  0  0  0  0  0  0  0  0  0.25356162D-30
 465 C6H5+       1  5  0  6  0  0  0  0  0  0  0  0  0  0  0.16465523D-30
 466 H3C7N+      1  3  0  7  1  0  0  0  0  0  0  0  0  0  0.14563361D-33
 467 C7H4+       1  4  0  7  0  0  0  0  0  0  0  0  0  0  0.68138034D-31
 468 C9HN+       1  1  0  9  1  0  0  0  0  0  0  0  0  0  0.19566907D-24
 469 C11+        1  0  0 11  0  0  0  0  0  0  0  0  0  0  0.84369917D-22
 470 HC9O+       1  1  0  9  0  1  0  0  0  0  0  0  0  0  0.38685789D-30
 471 C10N+       1  0  0 10  1  0  0  0  0  0  0  0  0  0  0.12611038D-24
 472 H2C8N+      1  2  0  8  1  0  0  0  0  0  0  0  0  0  0.17002283D-30
 473 C9H2N+      1  2  0  9  1  0  0  0  0  0  0  0  0  0  0.13521736D-27
 474 C9H3+       1  3  0  9  0  0  0  0  0  0  0  0  0  0  0.70165837D-27
 475 C10H2+      1  2  0 10  0  0  0  0  0  0  0  0  0  0  0.48952778D-24
 476 C7H5+       1  5  0  7  0  0  0  0  0  0  0  0  0  0  0.47166294D-32
 477 C8H4+       1  4  0  8  0  0  0  0  0  0  0  0  0  0  0.53354165D-31
 478 HC10N+      1  1  0 10  1  0  0  0  0  0  0  0  0  0  0.15515865D-32
 479 C6H7+       1  7  0  6  0  0  0  0  0  0  0  0  0  0  0.27594378D-32
 480 C9H4+       1  4  0  9  0  0  0  0  0  0  0  0  0  0  0.38796144D-32
 481 C8H4N+      1  4  0  8  1  0  0  0  0  0  0  0  0  0  0.27008556D-31
 482 C8H5+       1  5  0  8  0  0  0  0  0  0  0  0  0  0  0.11802966D-33
 483 C9H3N+      1  3  0  9  1  0  0  0  0  0  0  0  0  0  0.15023723D-34
 484 C10H3+      1  3  0 10  0  0  0  0  0  0  0  0  0  0  0.31631268D-29
 485 H2C10N+     1  2  0 10  1  0  0  0  0  0  0  0  0  0  0.32286695D-32
 486 C9H5+       1  5  0  9  0  0  0  0  0  0  0  0  0  0  0.97568222D-42
 487 GRAIN0      0  0  0  0  0  0  0  0  0  0  0  0  0  0  0.89041441D-14
 488 GRAIN-     -1  0  0  0  0  0  0  0  0  0  0  0  0  0  0.13125958D-11
 489 XH          0  1  0  0  0  0  0  0  0  0  0  0  0  0  0.22524494D-14
