0.11D+08                                              +-  H  He C  O  S  G    
 JSPACE =            1
   1 H           0  1  0  0  0  0  0  0  0  0  0  0  0  0  0.18266001D-03
   2 C           0  0  0  1  0  0  0  0  0  0  0  0  0  0  0.31507948D-04
   3 Fe          0  0  0  0  0  0  0  0  1  0  0  0  0  0  0.14360181D-10
   4 Mg          0  0  0  0  0  0  0  0  0  0  1  0  0  0  0.76857075D-10
   5 S           0  0  0  0  0  0  0  1  0  0  0  0  0  0  0.17022308D-08
   6 Si          0  0  0  0  0  0  1  0  0  0  0  0  0  0  0.20314638D-09
   7 O           0  0  0  0  0  1  0  0  0  0  0  0  0  0  0.11238136D-03
   8 N           0  0  0  0  1  0  0  0  0  0  0  0  0  0  0.55732895D-04
   9 He          0  0  1  0  0  0  0  0  0  0  0  0  0  0  0.90000000D-01
  10 Cl          0  0  0  0  0  0  0  0  0  0  0  1  0  0  0.99316897D-09
  11 Na          0  0  0  0  0  0  0  0  0  1  0  0  0  0  0.21619124D-10
  12 P           0  0  0  0  0  0  0  0  0  0  0  0  1  0  0.17431007D-11
  13 F           0  0  0  0  0  0  0  0  0  0  0  0  0  1  0.82872480D-10
  14 OH          0  1  0  0  0  1  0  0  0  0  0  0  0  0  0.99674907D-09
  15 CO          0  0  0  1  0  1  0  0  0  0  0  0  0  0  0.12761585D-03
  16 CS          0  0  0  1  0  0  0  1  0  0  0  0  0  0  0.19529231D-08
  17 HS          0  1  0  0  0  0  0  1  0  0  0  0  0  0  0.54500120D-11
  18 N2          0  0  0  0  2  0  0  0  0  0  0  0  0  0  0.30929317D-05
  19 NH          0  1  0  0  1  0  0  0  0  0  0  0  0  0  0.13677441D-10
  20 SiH         0  1  0  0  0  0  1  0  0  0  0  0  0  0  0.25422950D-10
  21 SiO         0  0  0  0  0  1  1  0  0  0  0  0  0  0  0.74096415D-11
  22 SO          0  0  0  0  0  1  0  1  0  0  0  0  0  0  0.18549818D-11
  23 CH          0  1  0  1  0  0  0  0  0  0  0  0  0  0  0.15457251D-07
  24 O2          0  0  0  0  0  2  0  0  0  0  0  0  0  0  0.40601532D-09
  25 H2          0  2  0  0  0  0  0  0  0  0  0  0  0  0  0.49990860D+00
  26 C2          0  0  0  2  0  0  0  0  0  0  0  0  0  0  0.13718481D-07
  27 CN          0  0  0  1  1  0  0  0  0  0  0  0  0  0  0.70980488D-07
  28 MgH         0  1  0  0  0  0  0  0  0  0  1  0  0  0  0.16830434D-17
  29 NaH         0  1  0  0  0  0  0  0  0  1  0  0  0  0  0.60289342D-15
  30 NO          0  0  0  0  1  1  0  0  0  0  0  0  0  0  0.99528615D-10
  31 NS          0  0  0  0  1  0  0  1  0  0  0  0  0  0  0.51859444D-12
  32 PH          0  1  0  0  0  0  0  0  0  0  0  0  1  0  0.18624399D-13
  33 PN          0  0  0  0  1  0  0  0  0  0  0  0  1  0  0.15867035D-11
  34 PO          0  0  0  0  0  1  0  0  0  0  0  0  1  0  0.64102510D-14
  35 S2          0  0  0  0  0  0  0  2  0  0  0  0  0  0  0.89777494D-16
  36 SiC         0  0  0  1  0  0  1  0  0  0  0  0  0  0  0.15598060D-10
  37 SiN         0  0  0  0  1  0  1  0  0  0  0  0  0  0  0.44647154D-11
  38 SiS         0  0  0  0  0  0  1  1  0  0  0  0  0  0  0.23327592D-13
  39 CCl         0  0  0  1  0  0  0  0  0  0  0  1  0  0  0.63852963D-16
  40 ClO         0  0  0  0  0  1  0  0  0  0  0  1  0  0  0.53807952D-51
  41 CP          0  0  0  1  0  0  0  0  0  0  0  0  1  0  0.17675342D-12
  42 HCl         0  1  0  0  0  0  0  0  0  0  0  1  0  0  0.67781729D-11
  43 HF          0  1  0  0  0  0  0  0  0  0  0  0  0  1  0.65026195D-08
  44 CCH         0  1  0  2  0  0  0  0  0  0  0  0  0  0  0.24894596D-07
  45 C3          0  0  0  3  0  0  0  0  0  0  0  0  0  0  0.52213309D-07
  46 CH2         0  2  0  1  0  0  0  0  0  0  0  0  0  0  0.20110259D-07
  47 SO2         0  0  0  0  0  2  0  1  0  0  0  0  0  0  0.70018999D-17
  48 H2O         0  2  0  0  0  1  0  0  0  0  0  0  0  0  0.49193436D-09
  49 HCN         0  1  0  1  1  0  0  0  0  0  0  0  0  0  0.41673192D-08
  50 HCSi        0  1  0  1  0  0  1  0  0  0  0  0  0  0  0.15076154D-10
  51 CCN         0  0  0  2  1  0  0  0  0  0  0  0  0  0  0.29023121D-08
  52 CCS         0  0  0  2  0  0  0  1  0  0  0  0  0  0  0.36543655D-10
  53 CCO         0  0  0  2  0  1  0  0  0  0  0  0  0  0  0.29990360D-11
  54 CCP         0  0  0  2  0  0  0  0  0  0  0  0  1  0  0.24084586D-13
  55 CO2         0  0  0  1  0  2  0  0  0  0  0  0  0  0  0.24458858D-10
  56 H2S         0  2  0  0  0  0  0  1  0  0  0  0  0  0  0.64044032D-14
  57 HCO         0  1  0  1  0  1  0  0  0  0  0  0  0  0  0.51008966D-10
  58 HCP         0  1  0  1  0  0  0  0  0  0  0  0  1  0  0.15033790D-12
  59 HCS         0  1  0  1  0  0  0  1  0  0  0  0  0  0  0.77906506D-13
  60 HNC         0  1  0  1  1  0  0  0  0  0  0  0  0  0  0.64670551D-09
  61 HNO         0  1  0  0  1  1  0  0  0  0  0  0  0  0  0.70668656D-11
  62 HNSi        0  1  0  0  1  0  1  0  0  0  0  0  0  0  0.66912579D-13
  63 HPO         0  1  0  0  0  1  0  0  0  0  0  0  1  0  0.78619913D-19
  64 HSS         0  1  0  0  0  0  0  2  0  0  0  0  0  0  0.11675118D-18
  65 N2O         0  0  0  0  2  1  0  0  0  0  0  0  0  0  0.16216664D-16
  66 NaOH        0  1  0  0  0  1  0  0  0  1  0  0  0  0  0.11832594D-20
  67 NH2         0  2  0  0  1  0  0  0  0  0  0  0  0  0  0.92501187D-11
  68 NO2         0  0  0  0  1  2  0  0  0  0  0  0  0  0  0.45173258D-49
  69 O2H         0  1  0  0  0  2  0  0  0  0  0  0  0  0  0.78139382D-17
  70 OCN         0  0  0  1  1  1  0  0  0  0  0  0  0  0  0.81025011D-11
  71 OCS         0  0  0  1  0  1  0  1  0  0  0  0  0  0  0.21761508D-13
  72 PH2         0  2  0  0  0  0  0  0  0  0  0  0  1  0  0.16125313D-18
  73 c-SiC2      0  0  0  2  0  0  1  0  0  0  0  0  0  0  0.11839650D-10
  74 SiH2        0  2  0  0  0  0  1  0  0  0  0  0  0  0  0.79449187D-17
  75 SiNC        0  0  0  1  1  0  1  0  0  0  0  0  0  0  0.25993785D-15
  76 SiO2        0  0  0  0  0  2  1  0  0  0  0  0  0  0  0.10472350D-17
  77 C4          0  0  0  4  0  0  0  0  0  0  0  0  0  0  0.12152731D-08
  78 c-C3H       0  1  0  3  0  0  0  0  0  0  0  0  0  0  0.34724903D-08
  79 l-C3H       0  1  0  3  0  0  0  0  0  0  0  0  0  0  0.27304822D-08
  80 CH3         0  3  0  1  0  0  0  0  0  0  0  0  0  0  0.11646153D-10
  81 C2H2        0  2  0  2  0  0  0  0  0  0  0  0  0  0  0.80439348D-08
  82 NH3         0  3  0  0  1  0  0  0  0  0  0  0  0  0  0.47358208D-12
  83 SiCH2       0  2  0  1  0  0  1  0  0  0  0  0  0  0  0.82658485D-17
  84 C3N         0  0  0  3  1  0  0  0  0  0  0  0  0  0  0.16143219D-08
  85 C3O         0  0  0  3  0  1  0  0  0  0  0  0  0  0  0.17274675D-09
  86 C3P         0  0  0  3  0  0  0  0  0  0  0  0  1  0  0.61902894D-18
  87 C3S         0  0  0  3  0  0  0  1  0  0  0  0  0  0  0.18972189D-10
  88 H2CO        0  2  0  1  0  1  0  0  0  0  0  0  0  0  0.37286038D-11
  89 H2CS        0  2  0  1  0  0  0  1  0  0  0  0  0  0  0.63488705D-15
  90 HOOH        0  2  0  0  0  2  0  0  0  0  0  0  0  0  0.81441651D-21
  91 HSSH        0  2  0  0  0  0  0  2  0  0  0  0  0  0  0.69737016D-19
  92 H2SiO       0  2  0  0  0  1  1  0  0  0  0  0  0  0  0.32520371D-24
  93 HCCP        0  1  0  2  0  0  0  0  0  0  0  0  1  0  0.90745681D-15
  94 HCCSi       0  1  0  2  0  0  1  0  0  0  0  0  0  0  0.17470441D-13
  95 l-SiC3      0  0  0  3  0  0  1  0  0  0  0  0  0  0  0.13218254D-11
  96 SiH3        0  3  0  0  0  0  1  0  0  0  0  0  0  0  0.15085341D-23
  97 H2CN        0  2  0  1  1  0  0  0  0  0  0  0  0  0  0.15098483D-11
  98 C5          0  0  0  5  0  0  0  0  0  0  0  0  0  0  0.29591195D-09
  99 c-C3H2      0  2  0  3  0  0  0  0  0  0  0  0  0  0  0.39460742D-08
 100 l-C3H2      0  2  0  3  0  0  0  0  0  0  0  0  0  0  0.25500486D-08
 101 C4H         0  1  0  4  0  0  0  0  0  0  0  0  0  0  0.35342920D-08
 102 CH4         0  4  0  1  0  0  0  0  0  0  0  0  0  0  0.43614858D-11
 103 HC3N        0  1  0  3  1  0  0  0  0  0  0  0  0  0  0.15978391D-09
 104 H2CCN       0  2  0  2  1  0  0  0  0  0  0  0  0  0  0.33537727D-12
 105 H2CCO       0  2  0  2  0  1  0  0  0  0  0  0  0  0  0.61030637D-11
 106 C2H3        0  3  0  2  0  0  0  0  0  0  0  0  0  0  0.13040279D-10
 107 C4N         0  0  0  4  1  0  0  0  0  0  0  0  0  0  0.35353600D-09
 108 C4P         0  0  0  4  0  0  0  0  0  0  0  0  1  0  0.40094221D-17
 109 C4S         0  0  0  4  0  0  0  1  0  0  0  0  0  0  0.44963692D-12
 110 HCOOH       0  2  0  1  0  2  0  0  0  0  0  0  0  0  0.11806670D-16
 111 CH2PH       0  3  0  1  0  0  0  0  0  0  0  0  1  0  0.45023975D-24
 112 CH2NH       0  3  0  1  1  0  0  0  0  0  0  0  0  0  0.42911486D-16
 113 c-HCCHSi    0  2  0  2  0  0  1  0  0  0  0  0  0  0  0.68223420D-15
 114 SiC3H       0  1  0  3  0  0  1  0  0  0  0  0  0  0  0.20279972D-14
 115 SiC4        0  0  0  4  0  0  1  0  0  0  0  0  0  0  0.52179173D-15
 116 SiCH3       0  3  0  1  0  0  1  0  0  0  0  0  0  0  0.13693252D-19
 117 SiH4        0  4  0  0  0  0  1  0  0  0  0  0  0  0  0.28625902D-23
 118 HCNCC       0  1  0  3  1  0  0  0  0  0  0  0  0  0  0.11878454D-13
 119 HCCNC       0  1  0  3  1  0  0  0  0  0  0  0  0  0  0.27742424D-13
 120 HNCCC       0  1  0  3  1  0  0  0  0  0  0  0  0  0  0.29339311D-13
 121 NH2CN       0  2  0  1  2  0  0  0  0  0  0  0  0  0  0.00000000D+00
 122 C6          0  0  0  6  0  0  0  0  0  0  0  0  0  0  0.11485458D-10
 123 CH3CN       0  3  0  2  1  0  0  0  0  0  0  0  0  0  0.47725304D-13
 124 CH2CCH      0  3  0  3  0  0  0  0  0  0  0  0  0  0  0.11157597D-10
 125 C2H4        0  4  0  2  0  0  0  0  0  0  0  0  0  0  0.29078074D-15
 126 NC4N        0  0  0  4  2  0  0  0  0  0  0  0  0  0  0.49523590D-10
 127 H2CSiCH     0  3  0  2  0  0  1  0  0  0  0  0  0  0  0.74035402D-19
 128 SiC4H       0  1  0  4  0  0  1  0  0  0  0  0  0  0  0.93048614D-12
 129 HC4N        0  1  0  4  1  0  0  0  0  0  0  0  0  0  0.90093844D-12
 130 C4H2        0  2  0  4  0  0  0  0  0  0  0  0  0  0  0.32617036D-08
 131 C5H         0  1  0  5  0  0  0  0  0  0  0  0  0  0  0.36729556D-09
 132 C5N         0  0  0  5  1  0  0  0  0  0  0  0  0  0  0.83940293D-10
 133 CH3OH       0  4  0  1  0  1  0  0  0  0  0  0  0  0  0.13332195D-18
 134 NH2CHO      0  3  0  1  1  1  0  0  0  0  0  0  0  0  0.47513192D-19
 135 C5O         0  0  0  5  0  1  0  0  0  0  0  0  0  0  0.43666834D-10
 136 C7          0  0  0  7  0  0  0  0  0  0  0  0  0  0  0.11874212D-11
 137 HC5N        0  1  0  5  1  0  0  0  0  0  0  0  0  0  0.34901071D-11
 138 SiC2CH3     0  3  0  3  0  0  1  0  0  0  0  0  0  0  0.18214474D-19
 139 CH3CHO      0  4  0  2  0  1  0  0  0  0  0  0  0  0  0.16748306D-18
 140 C2H5        0  5  0  2  0  0  0  0  0  0  0  0  0  0  0.32483950D-25
 141 CH2CHCN     0  3  0  3  1  0  0  0  0  0  0  0  0  0  0.10415164D-18
 142 CH3CCH      0  4  0  3  0  0  0  0  0  0  0  0  0  0  0.63848578D-16
 143 C5H2        0  2  0  5  0  0  0  0  0  0  0  0  0  0  0.68242270D-09
 144 C6H         0  1  0  6  0  0  0  0  0  0  0  0  0  0  0.58834001D-10
 145 CH3NH2      0  5  0  1  1  0  0  0  0  0  0  0  0  0  0.20229837D-17
 146 C4H3        0  3  0  4  0  0  0  0  0  0  0  0  0  0  0.77795480D-16
 147 C6N         0  0  0  6  1  0  0  0  0  0  0  0  0  0  0.81262562D-11
 148 C8          0  0  0  8  0  0  0  0  0  0  0  0  0  0  0.25697266D-12
 149 HC6N        0  1  0  6  1  0  0  0  0  0  0  0  0  0  0.19682776D-13
 150 NC6N        0  0  0  6  2  0  0  0  0  0  0  0  0  0  0.10197982D-11
 151 SiC6H       0  1  0  6  0  0  1  0  0  0  0  0  0  0  0.48439068D-13
 152 CH2CHC2H    0  4  0  4  0  0  0  0  0  0  0  0  0  0  0.21590775D-15
 153 C6H2        0  2  0  6  0  0  0  0  0  0  0  0  0  0  0.16979714D-09
 154 C7H         0  1  0  7  0  0  0  0  0  0  0  0  0  0  0.64782430D-11
 155 C7N         0  0  0  7  1  0  0  0  0  0  0  0  0  0  0.27928350D-11
 156 CH3C3N      0  3  0  4  1  0  0  0  0  0  0  0  0  0  0.89835110D-15
 157 HCOOCH3     0  4  0  2  0  2  0  0  0  0  0  0  0  0  0.29643665D-26
 158 C2H6        0  6  0  2  0  0  0  0  0  0  0  0  0  0  0.64479583D-36
 159 C7O         0  0  0  7  0  1  0  0  0  0  0  0  0  0  0.77018181D-12
 160 C9          0  0  0  9  0  0  0  0  0  0  0  0  0  0  0.57603903D-13
 161 HC7N        0  1  0  7  1  0  0  0  0  0  0  0  0  0  0.22989729D-12
 162 SiC3H5      0  5  0  3  0  0  1  0  0  0  0  0  0  0  0.00000000D+00
 163 CH3CH2OH    0  6  0  2  0  1  0  0  0  0  0  0  0  0  0.74510238D-25
 164 C7H2        0  2  0  7  0  0  0  0  0  0  0  0  0  0  0.31527306D-10
 165 C8H         0  1  0  8  0  0  0  0  0  0  0  0  0  0  0.37345511D-11
 166 CH3C4H      0  4  0  5  0  0  0  0  0  0  0  0  0  0  0.50180279D-16
 167 CH3OCH3     0  6  0  2  0  1  0  0  0  0  0  0  0  0  0.34251866D-26
 168 CH3CHCH2    0  6  0  3  0  0  0  0  0  0  0  0  0  0  0.00000000D+00
 169 C8N         0  0  0  8  1  0  0  0  0  0  0  0  0  0  0.32935543D-12
 170 C10         0  0  0 10  0  0  0  0  0  0  0  0  0  0  0.13976257D-12
 171 CH3COCH3    0  6  0  3  0  1  0  0  0  0  0  0  0  0  0.23415237D-25
 172 C8H2        0  2  0  8  0  0  0  0  0  0  0  0  0  0  0.16146685D-10
 173 C9H         0  1  0  9  0  0  0  0  0  0  0  0  0  0  0.44738755D-12
 174 C9N         0  0  0  9  1  0  0  0  0  0  0  0  0  0  0.20765942D-12
 175 CH3C5N      0  3  0  6  1  0  0  0  0  0  0  0  0  0  0.57490993D-18
 176 HC8N        0  1  0  8  1  0  0  0  0  0  0  0  0  0  0.12965266D-14
 177 NC8N        0  0  0  8  2  0  0  0  0  0  0  0  0  0  0.67175254D-13
 178 SiC8H       0  1  0  8  0  0  1  0  0  0  0  0  0  0  0.46062636D-14
 179 CH2CHCHCH2  0  6  0  4  0  0  0  0  0  0  0  0  0  0  0.00000000D+00
 180 C9O         0  0  0  9  0  1  0  0  0  0  0  0  0  0  0.53188766D-13
 181 HC9N        0  1  0  9  1  0  0  0  0  0  0  0  0  0  0.15339205D-13
 182 C10H        0  1  0 10  0  0  0  0  0  0  0  0  0  0  0.22769617D-12
 183 C9H2        0  2  0  9  0  0  0  0  0  0  0  0  0  0  0.25154535D-11
 184 CH3C6H      0  4  0  7  0  0  0  0  0  0  0  0  0  0  0.46234392D-17
 185 C11         0  0  0 11  0  0  0  0  0  0  0  0  0  0  0.70377964D-12
 186 C10N        0  0  0 10  1  0  0  0  0  0  0  0  0  0  0.17420475D-13
 187 CH3C7N      0  3  0  8  1  0  0  0  0  0  0  0  0  0  0.36466617D-19
 188 C10H2       0  2  0 10  0  0  0  0  0  0  0  0  0  0  0.56594996D-12
 189 C6H6        0  6  0  6  0  0  0  0  0  0  0  0  0  0  0.26252847D-13
 190 Si+         1  0  0  0  0  0  1  0  0  0  0  0  0  0  0.77133026D-08
 191 C+          1  0  0  1  0  0  0  0  0  0  0  0  0  0  0.10413917D-04
 192 C-         -1  0  0  1  0  0  0  0  0  0  0  0  0  0  0.19285086D-12
 193 H-         -1  1  0  0  0  0  0  0  0  0  0  0  0  0  0.79054671D-13
 194 O-         -1  0  0  0  0  1  0  0  0  0  0  0  0  0  0.48269386D-14
 195 S-         -1  0  0  0  0  0  0  1  0  0  0  0  0  0  0.17937934D-16
 196 He+         1  0  1  0  0  0  0  0  0  0  0  0  0  0  0.48081118D-10
 197 H+          1  1  0  0  0  0  0  0  0  0  0  0  0  0  0.21889205D-08
 198 Fe+         1  0  0  0  0  0  0  0  1  0  0  0  0  0  0.29856399D-08
 199 Mg+         1  0  0  0  0  0  0  0  0  0  1  0  0  0  0.69231429D-08
 200 N+          1  0  0  0  1  0  0  0  0  0  0  0  0  0  0.44282020D-14
 201 Na+         1  0  0  0  0  0  0  0  0  1  0  0  0  0  0.19783802D-08
 202 O+          1  0  0  0  0  1  0  0  0  0  0  0  0  0  0.69975645D-13
 203 S+          1  0  0  0  0  0  0  1  0  0  0  0  0  0  0.76277192D-07
 204 Cl+         1  0  0  0  0  0  0  0  0  0  0  1  0  0  0.60621516D-16
 205 F+          1  0  0  0  0  0  0  0  0  0  0  0  0  1  0.33811272D-17
 206 P+          1  0  0  0  0  0  0  0  0  0  0  0  1  0  0.19628918D-09
 207 e-         -1  0  0  0  0  0  0  0  0  0  0  0  0  0  0.10512148D-04
 208 CH+         1  1  0  1  0  0  0  0  0  0  0  0  0  0  0.62148865D-12
 209 H2+         1  2  0  0  0  0  0  0  0  0  0  0  0  0  0.11590417D-12
 210 OH+         1  1  0  0  0  1  0  0  0  0  0  0  0  0  0.11658773D-12
 211 SiH+        1  1  0  0  0  0  1  0  0  0  0  0  0  0  0.38254501D-13
 212 C2+         1  0  0  2  0  0  0  0  0  0  0  0  0  0  0.47177380D-12
 213 CN-        -1  0  0  1  1  0  0  0  0  0  0  0  0  0  0.61437743D-12
 214 OH-        -1  1  0  0  0  1  0  0  0  0  0  0  0  0  0.32430775D-13
 215 CF+         1  0  0  1  0  0  0  0  0  0  0  0  0  1  0.94451351D-10
 216 HS+         1  1  0  0  0  0  0  1  0  0  0  0  0  0  0.53254351D-14
 217 SO+         1  0  0  0  0  1  0  1  0  0  0  0  0  0  0.90402162D-13
 218 CCl+        1  0  0  1  0  0  0  0  0  0  0  1  0  0  0.45010405D-13
 219 ClO+        1  0  0  0  0  1  0  0  0  0  0  1  0  0  0.59451113D-53
 220 CN+         1  0  0  1  1  0  0  0  0  0  0  0  0  0  0.66615049D-15
 221 CO+         1  0  0  1  0  1  0  0  0  0  0  0  0  0  0.51020523D-13
 222 CP+         1  0  0  1  0  0  0  0  0  0  0  0  1  0  0.10307676D-16
 223 CS+         1  0  0  1  0  0  0  1  0  0  0  0  0  0  0.22320432D-13
 224 HCl+        1  1  0  0  0  0  0  0  0  0  0  1  0  0  0.46657232D-16
 225 HF+         1  1  0  0  0  0  0  0  0  0  0  0  0  1  0.25906026D-17
 226 HeH+        1  1  1  0  0  0  0  0  0  0  0  0  0  0  0.48919287D-20
 227 N2+         1  0  0  0  2  0  0  0  0  0  0  0  0  0  0.70010497D-16
 228 NH+         1  1  0  0  1  0  0  0  0  0  0  0  0  0  0.23767110D-14
 229 NO+         1  0  0  0  1  1  0  0  0  0  0  0  0  0  0.18529221D-12
 230 NS+         1  0  0  0  1  0  0  1  0  0  0  0  0  0  0.72193071D-14
 231 O2+         1  0  0  0  0  2  0  0  0  0  0  0  0  0  0.88571347D-14
 232 PH+         1  1  0  0  0  0  0  0  0  0  0  0  1  0  0.25796631D-15
 233 PN+         1  0  0  0  1  0  0  0  0  0  0  0  1  0  0.24197556D-16
 234 PO+         1  0  0  0  0  1  0  0  0  0  0  0  1  0  0.44464090D-15
 235 S2+         1  0  0  0  0  0  0  2  0  0  0  0  0  0  0.12188847D-17
 236 SiC+        1  0  0  1  0  0  1  0  0  0  0  0  0  0  0.17056276D-14
 237 SiN+        1  0  0  0  1  0  1  0  0  0  0  0  0  0  0.43899894D-13
 238 SiO+        1  0  0  0  0  1  1  0  0  0  0  0  0  0  0.18383335D-15
 239 SiS+        1  0  0  0  0  0  1  1  0  0  0  0  0  0  0.24720239D-17
 240 SiF+        1  0  0  0  0  0  1  0  0  0  0  0  0  1  0.56040819D-13
 241 CH2+        1  2  0  1  0  0  0  0  0  0  0  0  0  0  0.35981734D-11
 242 C2N+        1  0  0  2  1  0  0  0  0  0  0  0  0  0  0.31577052D-13
 243 CNC+        1  0  0  2  1  0  0  0  0  0  0  0  0  0  0.57771627D-10
 244 HSiO+       1  1  0  0  0  1  1  0  0  0  0  0  0  0  0.20259567D-13
 245 N2H+        1  1  0  0  2  0  0  0  0  0  0  0  0  0  0.13563377D-12
 246 C2H+        1  1  0  2  0  0  0  0  0  0  0  0  0  0  0.85024146D-12
 247 H3+         1  3  0  0  0  0  0  0  0  0  0  0  0  0  0.85843826D-10
 248 C3-        -1  0  0  3  0  0  0  0  0  0  0  0  0  0  0.40828435D-11
 249 HCO+        1  1  0  1  0  1  0  0  0  0  0  0  0  0  0.19913851D-10
 250 HSO+        1  1  0  0  0  1  0  1  0  0  0  0  0  0  0.46782226D-18
 251 H2S+        1  2  0  0  0  0  0  1  0  0  0  0  0  0  0.12622444D-12
 252 HCS+        1  1  0  1  0  0  0  1  0  0  0  0  0  0  0.60081466D-12
 253 HPO+        1  1  0  0  0  1  0  0  0  0  0  0  1  0  0.38831814D-16
 254 C2O+        1  0  0  2  0  1  0  0  0  0  0  0  0  0  0.38945228D-13
 255 C2S+        1  0  0  2  0  0  0  1  0  0  0  0  0  0  0.12090295D-11
 256 C3+         1  0  0  3  0  0  0  0  0  0  0  0  0  0  0.50766608D-11
 257 CCP+        1  0  0  2  0  0  0  0  0  0  0  0  1  0  0.52221969D-15
 258 CHSi+       1  1  0  1  0  0  1  0  0  0  0  0  0  0  0.20559222D-14
 259 CO2+        1  0  0  1  0  2  0  0  0  0  0  0  0  0  0.33507104D-21
 260 H2Cl+       1  2  0  0  0  0  0  0  0  0  0  1  0  0  0.76362206D-14
 261 H2F+        1  2  0  0  0  0  0  0  0  0  0  0  0  1  0.56280410D-15
 262 H2O+        1  2  0  0  0  1  0  0  0  0  0  0  0  0  0.21766484D-12
 263 HCN+        1  1  0  1  1  0  0  0  0  0  0  0  0  0  0.22940706D-14
 264 HCP+        1  1  0  1  0  0  0  0  0  0  0  0  1  0  0.13317041D-16
 265 HNC+        1  1  0  1  1  0  0  0  0  0  0  0  0  0  0.12227804D-14
 266 HNO+        1  1  0  0  1  1  0  0  0  0  0  0  0  0  0.69452604D-15
 267 HNS+        1  1  0  0  1  0  0  1  0  0  0  0  0  0  0.89917864D-19
 268 HNSi+       1  1  0  0  1  0  1  0  0  0  0  0  0  0  0.57625464D-17
 269 HOC+        1  1  0  1  0  1  0  0  0  0  0  0  0  0  0.47945036D-11
 270 HPN+        1  1  0  0  1  0  0  0  0  0  0  0  1  0  0.38800418D-18
 271 HSiS+       1  1  0  0  0  0  1  1  0  0  0  0  0  0  0.48018431D-15
 272 NaH2+       1  2  0  0  0  0  0  0  0  1  0  0  0  0  0.10242402D-15
 273 NCO+        1  0  0  1  1  1  0  0  0  0  0  0  0  0  0.21582648D-16
 274 NH2+        1  2  0  0  1  0  0  0  0  0  0  0  0  0  0.18645074D-13
 275 NO2+        1  0  0  0  1  2  0  0  0  0  0  0  0  0  0.99171367D-21
 276 HO2+        1  1  0  0  0  2  0  0  0  0  0  0  0  0  0.13652435D-18
 277 OCS+        1  0  0  1  0  1  0  1  0  0  0  0  0  0  0.71901704D-14
 278 PH2+        1  2  0  0  0  0  0  0  0  0  0  0  1  0  0.32278198D-15
 279 HS2+        1  1  0  0  0  0  0  2  0  0  0  0  0  0  0.51420500D-19
 280 SiC2+       1  0  0  2  0  0  1  0  0  0  0  0  0  0  0.12207723D-14
 281 SiH2+       1  2  0  0  0  0  1  0  0  0  0  0  0  0  0.52027976D-12
 282 SiNC+       1  0  0  1  1  0  1  0  0  0  0  0  0  0  0.43485336D-13
 283 SO2+        1  0  0  0  0  2  0  1  0  0  0  0  0  0  0.79144540D-25
 284 HCNH+       1  2  0  1  1  0  0  0  0  0  0  0  0  0  0.47461517D-11
 285 HC2N+       1  1  0  2  1  0  0  0  0  0  0  0  0  0  0.68987663D-15
 286 C3H+        1  1  0  3  0  0  0  0  0  0  0  0  0  0  0.96571527D-10
 287 C4+         1  0  0  4  0  0  0  0  0  0  0  0  0  0  0.53926440D-11
 288 H2CO+       1  2  0  1  0  1  0  0  0  0  0  0  0  0  0.81941671D-14
 289 CH3+        1  3  0  1  0  0  0  0  0  0  0  0  0  0  0.17975636D-09
 290 C3N-       -1  0  0  3  1  0  0  0  0  0  0  0  0  0  0.34932109D-11
 291 C4-        -1  0  0  4  0  0  0  0  0  0  0  0  0  0  0.15260715D-09
 292 H3O+        1  3  0  0  0  1  0  0  0  0  0  0  0  0  0.11833499D-10
 293 H2NO+       1  2  0  0  1  1  0  0  0  0  0  0  0  0  0.80977617D-16
 294 H3S+        1  3  0  0  0  0  0  1  0  0  0  0  0  0  0.19461528D-17
 295 HC2S+       1  1  0  2  0  0  0  1  0  0  0  0  0  0  0.15140103D-12
 296 HOCS+       1  1  0  1  0  1  0  1  0  0  0  0  0  0  0.19477214D-18
 297 PCH2+       1  2  0  1  0  0  0  0  0  0  0  0  1  0  0.17238902D-14
 298 H2S2+       1  2  0  0  0  0  0  2  0  0  0  0  0  0  0.37550667D-24
 299 C2H2+       1  2  0  2  0  0  0  0  0  0  0  0  0  0  0.62021181D-10
 300 C2HO+       1  1  0  2  0  1  0  0  0  0  0  0  0  0  0.10827523D-12
 301 C2N2+       1  0  0  2  2  0  0  0  0  0  0  0  0  0  0.37006180D-21
 302 C3N+        1  0  0  3  1  0  0  0  0  0  0  0  0  0  0.21145119D-17
 303 C3O+        1  0  0  3  0  1  0  0  0  0  0  0  0  0  0.76161062D-12
 304 C3S+        1  0  0  3  0  0  0  1  0  0  0  0  0  0  0.70600939D-12
 305 CH2Si+      1  2  0  1  0  0  1  0  0  0  0  0  0  0  0.21229891D-12
 306 H2CCl+      1  2  0  1  0  0  0  0  0  0  0  1  0  0  0.72053338D-18
 307 H2CS+       1  2  0  1  0  0  0  1  0  0  0  0  0  0  0.14012094D-17
 308 H2NC+       1  2  0  1  1  0  0  0  0  0  0  0  0  0  0.24094771D-12
 309 H2PO+       1  2  0  0  0  1  0  0  0  0  0  0  1  0  0.33874120D-22
 310 H2SiO+      1  2  0  0  0  1  1  0  0  0  0  0  0  0  0.12357056D-20
 311 HOCO+       1  1  0  1  0  2  0  0  0  0  0  0  0  0  0.20076473D-17
 312 HNCO+       1  1  0  1  1  1  0  0  0  0  0  0  0  0  0.60708371D-22
 313 HSiO2+      1  1  0  0  0  2  1  0  0  0  0  0  0  0  0.35393570D-25
 314 HSO2+       1  1  0  0  0  2  0  1  0  0  0  0  0  0  0.77839040D-24
 315 NaH2O+      1  2  0  0  0  1  0  0  0  1  0  0  0  0  0.78475071D-22
 316 NH3+        1  3  0  0  1  0  0  0  0  0  0  0  0  0  0.27464200D-12
 317 PC2H+       1  1  0  2  0  0  0  0  0  0  0  0  1  0  0.50694282D-15
 318 PH3+        1  3  0  0  0  0  0  0  0  0  0  0  1  0  0.14136375D-20
 319 PNH2+       1  2  0  0  1  0  0  0  0  0  0  0  1  0  0.33767163D-19
 320 SiC2H+      1  1  0  2  0  0  1  0  0  0  0  0  0  0  0.24066301D-12
 321 l-SiC3+     1  0  0  3  0  0  1  0  0  0  0  0  0  0  0.82883743D-13
 322 SiH3+       1  3  0  0  0  0  1  0  0  0  0  0  0  0  0.21234743D-18
 323 SiNCH+      1  1  0  1  1  0  1  0  0  0  0  0  0  0  0.69738528D-18
 324 HSiNH+      1  2  0  0  1  0  1  0  0  0  0  0  0  0  0.74733466D-15
 325 HN2O+       1  1  0  0  2  1  0  0  0  0  0  0  0  0  0.21033006D-24
 326 C2H3+       1  3  0  2  0  0  0  0  0  0  0  0  0  0  0.25666218D-12
 327 c-C3H2+     1  2  0  3  0  0  0  0  0  0  0  0  0  0  0.90709808D-11
 328 l-C3H2+     1  2  0  3  0  0  0  0  0  0  0  0  0  0  0.26248411D-12
 329 C4H+        1  1  0  4  0  0  0  0  0  0  0  0  0  0  0.67894450D-11
 330 C5+         1  0  0  5  0  0  0  0  0  0  0  0  0  0  0.53496011D-12
 331 HC3O+       1  1  0  3  0  1  0  0  0  0  0  0  0  0  0.40034830D-16
 332 C4H-       -1  1  0  4  0  0  0  0  0  0  0  0  0  0  0.41356294D-09
 333 C5-        -1  0  0  5  0  0  0  0  0  0  0  0  0  0  0.10474013D-09
 334 NH4+        1  4  0  0  1  0  0  0  0  0  0  0  0  0  0.14039017D-14
 335 H3CS+       1  3  0  1  0  0  0  1  0  0  0  0  0  0  0.60306816D-17
 336 H2COH+      1  3  0  1  0  1  0  0  0  0  0  0  0  0  0.26190648D-17
 337 H3S2+       1  3  0  0  0  0  0  2  0  0  0  0  0  0  0.99837283D-22
 338 HC3S+       1  1  0  3  0  0  0  1  0  0  0  0  0  0  0.64093129D-12
 339 PC3H+       1  1  0  3  0  0  0  0  0  0  0  0  1  0  0.42123970D-20
 340 PCH3+       1  3  0  1  0  0  0  0  0  0  0  0  1  0  0.16021551D-24
 341 PNH3+       1  3  0  0  1  0  0  0  0  0  0  0  1  0  0.29555278D-25
 342 SiC2H2+     1  2  0  2  0  0  1  0  0  0  0  0  0  0  0.52414133D-16
 343 SiC3H+      1  1  0  3  0  0  1  0  0  0  0  0  0  0  0.44886397D-13
 344 SiC4+       1  0  0  4  0  0  1  0  0  0  0  0  0  0  0.13834941D-13
 345 SiCH3+      1  3  0  1  0  0  1  0  0  0  0  0  0  0  0.25095838D-21
 346 SiH4+       1  4  0  0  0  0  1  0  0  0  0  0  0  0  0.19471888D-31
 347 CH2CN+      1  2  0  2  1  0  0  0  0  0  0  0  0  0  0.78142770D-13
 348 H2CCO+      1  2  0  2  0  1  0  0  0  0  0  0  0  0  0.27967464D-13
 349 HC3N+       1  1  0  3  1  0  0  0  0  0  0  0  0  0  0.13561623D-13
 350 C4N+        1  0  0  4  1  0  0  0  0  0  0  0  0  0  0.17442249D-13
 351 C4P+        1  0  0  4  0  0  0  0  0  0  0  0  1  0  0.53988441D-23
 352 C4S+        1  0  0  4  0  0  0  1  0  0  0  0  0  0  0.13556070D-12
 353 HCOOH+      1  2  0  1  0  2  0  0  0  0  0  0  0  0  0.12252521D-20
 354 CH4+        1  4  0  1  0  0  0  0  0  0  0  0  0  0  0.36549385D-17
 355 H3SiO+      1  3  0  0  0  1  1  0  0  0  0  0  0  0  0.16234242D-27
 356 PC2H2+      1  2  0  2  0  0  0  0  0  0  0  0  1  0  0.24529539D-16
 357 C6+         1  0  0  6  0  0  0  0  0  0  0  0  0  0  0.92724950D-12
 358 HC4N+       1  1  0  4  1  0  0  0  0  0  0  0  0  0  0.17580413D-18
 359 C5H-       -1  1  0  5  0  0  0  0  0  0  0  0  0  0  0.16229635D-09
 360 C6-        -1  0  0  6  0  0  0  0  0  0  0  0  0  0  0.21749222D-10
 361 CH3CO+      1  3  0  2  0  1  0  0  0  0  0  0  0  0  0.73207350D-14
 362 C2H4+       1  4  0  2  0  0  0  0  0  0  0  0  0  0  0.79893866D-12
 363 HC3NH+      1  2  0  3  1  0  0  0  0  0  0  0  0  0  0.99501491D-14
 364 HC4S+       1  1  0  4  0  0  0  1  0  0  0  0  0  0  0.30970226D-13
 365 CH5+        1  5  0  1  0  0  0  0  0  0  0  0  0  0  0.20355087D-13
 366 C4H2+       1  2  0  4  0  0  0  0  0  0  0  0  0  0  0.11683738D-09
 367 C5H+        1  1  0  5  0  0  0  0  0  0  0  0  0  0  0.91950695D-11
 368 CH3CN+      1  3  0  2  1  0  0  0  0  0  0  0  0  0  0.17094310D-14
 369 c-C3H3+     1  3  0  3  0  0  0  0  0  0  0  0  0  0  0.30125383D-10
 370 l-C3H3+     1  3  0  3  0  0  0  0  0  0  0  0  0  0  0.30125840D-10
 371 C5N+        1  0  0  5  1  0  0  0  0  0  0  0  0  0  0.13598266D-15
 372 CH3O2+      1  3  0  1  0  2  0  0  0  0  0  0  0  0  0.10420048D-19
 373 CH2NH2+     1  4  0  1  1  0  0  0  0  0  0  0  0  0  0.79081704D-18
 374 CH3OH+      1  4  0  1  0  1  0  0  0  0  0  0  0  0  0.25688694D-21
 375 H2C3O+      1  2  0  3  0  1  0  0  0  0  0  0  0  0  0.32459474D-16
 376 HC2NCH+     1  2  0  3  1  0  0  0  0  0  0  0  0  0  0.22965342D-15
 377 HC4O+       1  1  0  4  0  1  0  0  0  0  0  0  0  0  0.30679925D-12
 378 NH2CNH+     1  3  0  1  2  0  0  0  0  0  0  0  0  0  0.00000000D+00
 379 PC2H3+      1  3  0  2  0  0  0  0  0  0  0  0  1  0  0.17238747D-26
 380 PC4H+       1  1  0  4  0  0  0  0  0  0  0  0  1  0  0.42182963D-19
 381 PCH4+       1  4  0  1  0  0  0  0  0  0  0  0  1  0  0.80107516D-26
 382 SiC2H3+     1  3  0  2  0  0  1  0  0  0  0  0  0  0  0.14003224D-16
 383 SiC3H2+     1  2  0  3  0  0  1  0  0  0  0  0  0  0  0.31871578D-16
 384 SiC4H+      1  1  0  4  0  0  1  0  0  0  0  0  0  0  0.12913231D-17
 385 SiCH4+      1  4  0  1  0  0  1  0  0  0  0  0  0  0  0.22016152D-21
 386 SiH5+       1  5  0  0  0  0  1  0  0  0  0  0  0  0  0.33511310D-25
 387 C7+         1  0  0  7  0  0  0  0  0  0  0  0  0  0  0.10868956D-12
 388 H2C4N+      1  2  0  4  1  0  0  0  0  0  0  0  0  0  0.25993989D-18
 389 C6H-       -1  1  0  6  0  0  0  0  0  0  0  0  0  0  0.39486971D-10
 390 C7-        -1  0  0  7  0  0  0  0  0  0  0  0  0  0  0.63530750D-11
 391 C4H3+       1  3  0  4  0  0  0  0  0  0  0  0  0  0  0.81219042D-12
 392 C5H2+       1  2  0  5  0  0  0  0  0  0  0  0  0  0  0.85589624D-15
 393 CH3CNH+     1  4  0  2  1  0  0  0  0  0  0  0  0  0  0.22450834D-14
 394 C2H4O+      1  4  0  2  0  1  0  0  0  0  0  0  0  0  0.66966161D-21
 395 C2H5+       1  5  0  2  0  0  0  0  0  0  0  0  0  0  0.78676746D-19
 396 C3H3N+      1  3  0  3  1  0  0  0  0  0  0  0  0  0  0.19905583D-20
 397 C3H4+       1  4  0  3  0  0  0  0  0  0  0  0  0  0  0.17417846D-18
 398 HC5N+       1  1  0  5  1  0  0  0  0  0  0  0  0  0  0.12353050D-13
 399 C6H+        1  1  0  6  0  0  0  0  0  0  0  0  0  0  0.15687793D-11
 400 CH3NH2+     1  5  0  1  1  0  0  0  0  0  0  0  0  0  0.78449781D-20
 401 CH3OH2+     1  5  0  1  0  1  0  0  0  0  0  0  0  0  0.14992746D-19
 402 H3C3O+      1  3  0  3  0  1  0  0  0  0  0  0  0  0  0.99706851D-18
 403 NH2CH2O+    1  4  0  1  1  1  0  0  0  0  0  0  0  0  0.62241905D-26
 404 PC2H4+      1  4  0  2  0  0  0  0  0  0  0  0  1  0  0.26730634D-28
 405 PC4H2+      1  2  0  4  0  0  0  0  0  0  0  0  1  0  0.96075037D-21
 406 HC5O+       1  1  0  5  0  1  0  0  0  0  0  0  0  0  0.62290153D-17
 407 C6N+        1  0  0  6  1  0  0  0  0  0  0  0  0  0  0.48147235D-15
 408 H2C5N+      1  2  0  5  1  0  0  0  0  0  0  0  0  0  0.11061714D-14
 409 C8+         1  0  0  8  0  0  0  0  0  0  0  0  0  0  0.63997147D-13
 410 C7H-       -1  1  0  7  0  0  0  0  0  0  0  0  0  0  0.14418930D-10
 411 C8-        -1  0  0  8  0  0  0  0  0  0  0  0  0  0  0.47985109D-12
 412 C5H3+       1  3  0  5  0  0  0  0  0  0  0  0  0  0  0.28704468D-15
 413 C3H5+       1  5  0  3  0  0  0  0  0  0  0  0  0  0  0.54732181D-19
 414 C6H2+       1  2  0  6  0  0  0  0  0  0  0  0  0  0  0.41637708D-13
 415 C7H+        1  1  0  7  0  0  0  0  0  0  0  0  0  0  0.52375145D-12
 416 CH3CHOH+    1  5  0  2  0  1  0  0  0  0  0  0  0  0  0.46794628D-20
 417 C2H6+       1  6  0  2  0  0  0  0  0  0  0  0  0  0  0.22675980D-32
 418 C3H3NH+     1  4  0  3  1  0  0  0  0  0  0  0  0  0  0.17669293D-22
 419 C4H4+       1  4  0  4  0  0  0  0  0  0  0  0  0  0  0.74055686D-18
 420 C7N+        1  0  0  7  1  0  0  0  0  0  0  0  0  0  0.89621993D-17
 421 CH3NH3+     1  6  0  1  1  0  0  0  0  0  0  0  0  0  0.29842409D-19
 422 COOCH4+     1  4  0  2  0  2  0  0  0  0  0  0  0  0  0.21256080D-28
 423 H3C4N+      1  3  0  4  1  0  0  0  0  0  0  0  0  0  0.25794694D-18
 424 HC6N+       1  1  0  6  1  0  0  0  0  0  0  0  0  0  0.55477616D-20
 425 C9+         1  0  0  9  0  0  0  0  0  0  0  0  0  0  0.19636326D-13
 426 C8H-       -1  1  0  8  0  0  0  0  0  0  0  0  0  0  0.24392298D-11
 427 C9-        -1  0  0  9  0  0  0  0  0  0  0  0  0  0  0.31796918D-12
 428 C4H5+       1  5  0  4  0  0  0  0  0  0  0  0  0  0  0.77567827D-18
 429 C6H3+       1  3  0  6  0  0  0  0  0  0  0  0  0  0  0.80878207D-16
 430 C7H2+       1  2  0  7  0  0  0  0  0  0  0  0  0  0  0.44864942D-15
 431 C2H5OH+     1  6  0  2  0  1  0  0  0  0  0  0  0  0  0.10546746D-27
 432 H3C4NH+     1  4  0  4  1  0  0  0  0  0  0  0  0  0  0.56072169D-17
 433 C5H3N+      1  3  0  5  1  0  0  0  0  0  0  0  0  0  0.98883816D-20
 434 C5H4+       1  4  0  5  0  0  0  0  0  0  0  0  0  0  0.32621123D-18
 435 HC7N+       1  1  0  7  1  0  0  0  0  0  0  0  0  0  0.26034196D-15
 436 C8H+        1  1  0  8  0  0  0  0  0  0  0  0  0  0  0.14420307D-14
 437 CH3OCH3+    1  6  0  2  0  1  0  0  0  0  0  0  0  0  0.94688266D-29
 438 H5C2O2+     1  5  0  2  0  2  0  0  0  0  0  0  0  0  0.50024579D-28
 439 HC7O+       1  1  0  7  0  1  0  0  0  0  0  0  0  0  0.10986540D-18
 440 C8N+        1  0  0  8  1  0  0  0  0  0  0  0  0  0  0.32320012D-16
 441 H2C6N+      1  2  0  6  1  0  0  0  0  0  0  0  0  0  0.10698831D-17
 442 C2H7+       1  7  0  2  0  0  0  0  0  0  0  0  0  0  0.40301005D-45
 443 C10+        1  0  0 10  0  0  0  0  0  0  0  0  0  0  0.41661759D-14
 444 CH3OCH4+    1  7  0  2  0  1  0  0  0  0  0  0  0  0  0.56525320D-28
 445 C9H-       -1  1  0  9  0  0  0  0  0  0  0  0  0  0  0.96254946D-12
 446 C10-       -1  0  0 10  0  0  0  0  0  0  0  0  0  0  0.25212518D-12
 447 C7H2N+      1  2  0  7  1  0  0  0  0  0  0  0  0  0  0.12675157D-15
 448 C7H3+       1  3  0  7  0  0  0  0  0  0  0  0  0  0  0.12369779D-15
 449 C5H5+       1  5  0  5  0  0  0  0  0  0  0  0  0  0  0.30136864D-18
 450 C8H2+       1  2  0  8  0  0  0  0  0  0  0  0  0  0  0.22921229D-13
 451 C9H+        1  1  0  9  0  0  0  0  0  0  0  0  0  0  0.25490706D-13
 452 C2H5OH2+    1  7  0  2  0  1  0  0  0  0  0  0  0  0  0.17035637D-26
 453 C2H6CO+     1  6  0  3  0  1  0  0  0  0  0  0  0  0  0.26815342D-27
 454 C5H4N+      1  4  0  5  1  0  0  0  0  0  0  0  0  0  0.22794626D-19
 455 C6H4+       1  4  0  6  0  0  0  0  0  0  0  0  0  0  0.44559232D-16
 456 C9N+        1  0  0  9  1  0  0  0  0  0  0  0  0  0  0.46743431D-18
 457 HC8N+       1  1  0  8  1  0  0  0  0  0  0  0  0  0  0.32605857D-21
 458 C10H+       1  1  0 10  0  0  0  0  0  0  0  0  0  0  0.31976270D-14
 459 C10H-      -1  1  0 10  0  0  0  0  0  0  0  0  0  0  0.12751815D-12
 460 C8H3+       1  3  0  8  0  0  0  0  0  0  0  0  0  0  0.21216407D-16
 461 C9H2+       1  2  0  9  0  0  0  0  0  0  0  0  0  0  0.35785237D-16
 462 C3H6OH+     1  7  0  3  0  1  0  0  0  0  0  0  0  0  0.58062455D-27
 463 C4H7+       1  7  0  4  0  0  0  0  0  0  0  0  0  0  0.43306513D-26
 464 H3C6NH+     1  4  0  6  1  0  0  0  0  0  0  0  0  0  0.40338038D-20
 465 C6H5+       1  5  0  6  0  0  0  0  0  0  0  0  0  0  0.12973838D-18
 466 H3C7N+      1  3  0  7  1  0  0  0  0  0  0  0  0  0  0.45885649D-20
 467 C7H4+       1  4  0  7  0  0  0  0  0  0  0  0  0  0  0.80291083D-18
 468 C9HN+       1  1  0  9  1  0  0  0  0  0  0  0  0  0  0.13648788D-16
 469 C11+        1  0  0 11  0  0  0  0  0  0  0  0  0  0  0.12636643D-14
 470 HC9O+       1  1  0  9  0  1  0  0  0  0  0  0  0  0  0.75873061D-20
 471 C10N+       1  0  0 10  1  0  0  0  0  0  0  0  0  0  0.20436594D-17
 472 H2C8N+      1  2  0  8  1  0  0  0  0  0  0  0  0  0  0.62880233D-19
 473 C9H2N+      1  2  0  9  1  0  0  0  0  0  0  0  0  0  0.10813632D-17
 474 C9H3+       1  3  0  9  0  0  0  0  0  0  0  0  0  0  0.69567948D-17
 475 C10H2+      1  2  0 10  0  0  0  0  0  0  0  0  0  0  0.46388324D-17
 476 C7H5+       1  5  0  7  0  0  0  0  0  0  0  0  0  0  0.47498094D-19
 477 C8H4+       1  4  0  8  0  0  0  0  0  0  0  0  0  0  0.16384649D-17
 478 HC10N+      1  1  0 10  1  0  0  0  0  0  0  0  0  0  0.17246096D-22
 479 C6H7+       1  7  0  6  0  0  0  0  0  0  0  0  0  0  0.30304558D-18
 480 C9H4+       1  4  0  9  0  0  0  0  0  0  0  0  0  0  0.20844252D-19
 481 C8H4N+      1  4  0  8  1  0  0  0  0  0  0  0  0  0  0.26370788D-21
 482 C8H5+       1  5  0  8  0  0  0  0  0  0  0  0  0  0  0.18900450D-21
 483 C9H3N+      1  3  0  9  1  0  0  0  0  0  0  0  0  0  0.10320432D-21
 484 C10H3+      1  3  0 10  0  0  0  0  0  0  0  0  0  0  0.51286630D-19
 485 H2C10N+     1  2  0 10  1  0  0  0  0  0  0  0  0  0  0.49888514D-20
 486 C9H5+       1  5  0  9  0  0  0  0  0  0  0  0  0  0  0.66798052D-25
 487 GRAIN0      0  0  0  0  0  0  0  0  0  0  0  0  0  0  0.88531745D-14
 488 GRAIN-     -1  0  0  0  0  0  0  0  0  0  0  0  0  0  0.13126468D-11
 489 XH          0  1  0  0  0  0  0  0  0  0  0  0  0  0  0.11571523D-16
