0.11D+08                                              +-  H  He C  O  S  G    
 JSPACE =            1
   1 H           0  1  0  0  0  0  0  0  0  0  0  0  0  0  0.44826506D-03
   2 C           0  0  0  1  0  0  0  0  0  0  0  0  0  0  0.50769064D-04
   3 Fe          0  0  0  0  0  0  0  0  1  0  0  0  0  0  0.68678944D-11
   4 Mg          0  0  0  0  0  0  0  0  0  0  1  0  0  0  0.33695410D-10
   5 S           0  0  0  0  0  0  0  1  0  0  0  0  0  0  0.68149394D-09
   6 Si          0  0  0  0  0  0  1  0  0  0  0  0  0  0  0.78082076D-10
   7 O           0  0  0  0  0  1  0  0  0  0  0  0  0  0  0.15247283D-03
   8 N           0  0  0  0  1  0  0  0  0  0  0  0  0  0  0.57249489D-04
   9 He          0  0  1  0  0  0  0  0  0  0  0  0  0  0  0.90000000D-01
  10 Cl          0  0  0  0  0  0  0  0  0  0  0  1  0  0  0.99767124D-09
  11 Na          0  0  0  0  0  0  0  0  0  1  0  0  0  0  0.90552604D-11
  12 P           0  0  0  0  0  0  0  0  0  0  0  0  1  0  0.28860797D-12
  13 F           0  0  0  0  0  0  0  0  0  0  0  0  0  1  0.24237877D-09
  14 OH          0  1  0  0  0  1  0  0  0  0  0  0  0  0  0.14612480D-08
  15 CO          0  0  0  1  0  1  0  0  0  0  0  0  0  0  0.87524359D-04
  16 CS          0  0  0  1  0  0  0  1  0  0  0  0  0  0  0.79178221D-09
  17 HS          0  1  0  0  0  0  0  1  0  0  0  0  0  0  0.23292968D-11
  18 N2          0  0  0  0  2  0  0  0  0  0  0  0  0  0  0.23324363D-05
  19 NH          0  1  0  0  1  0  0  0  0  0  0  0  0  0  0.12092758D-10
  20 SiH         0  1  0  0  0  0  1  0  0  0  0  0  0  0  0.11270594D-10
  21 SiO         0  0  0  0  0  1  1  0  0  0  0  0  0  0  0.14639611D-11
  22 SO          0  0  0  0  0  1  0  1  0  0  0  0  0  0  0.37806114D-12
  23 CH          0  1  0  1  0  0  0  0  0  0  0  0  0  0  0.20013463D-07
  24 O2          0  0  0  0  0  2  0  0  0  0  0  0  0  0  0.28559595D-09
  25 H2          0  2  0  0  0  0  0  0  0  0  0  0  0  0  0.49977580D+00
  26 C2          0  0  0  2  0  0  0  0  0  0  0  0  0  0  0.31942904D-07
  27 CN          0  0  0  1  1  0  0  0  0  0  0  0  0  0  0.81522660D-07
  28 MgH         0  1  0  0  0  0  0  0  0  0  1  0  0  0  0.18370152D-18
  29 NaH         0  1  0  0  0  0  0  0  0  1  0  0  0  0  0.19690062D-15
  30 NO          0  0  0  0  1  1  0  0  0  0  0  0  0  0  0.55759234D-10
  31 NS          0  0  0  0  1  0  0  1  0  0  0  0  0  0  0.92469242D-13
  32 PH          0  1  0  0  0  0  0  0  0  0  0  0  1  0  0.84323920D-14
  33 PN          0  0  0  0  1  0  0  0  0  0  0  0  1  0  0.22679657D-12
  34 PO          0  0  0  0  0  1  0  0  0  0  0  0  1  0  0.16986606D-14
  35 S2          0  0  0  0  0  0  0  2  0  0  0  0  0  0  0.92358520D-17
  36 SiC         0  0  0  1  0  0  1  0  0  0  0  0  0  0  0.63112941D-11
  37 SiN         0  0  0  0  1  0  1  0  0  0  0  0  0  0  0.74238894D-12
  38 SiS         0  0  0  0  0  0  1  1  0  0  0  0  0  0  0.35220993D-14
  39 CCl         0  0  0  1  0  0  0  0  0  0  0  1  0  0  0.84622747D-17
  40 ClO         0  0  0  0  0  1  0  0  0  0  0  1  0  0  0.34850485D-52
  41 CP          0  0  0  1  0  0  0  0  0  0  0  0  1  0  0.41203565D-13
  42 HCl         0  1  0  0  0  0  0  0  0  0  0  1  0  0  0.23077634D-11
  43 HF          0  1  0  0  0  0  0  0  0  0  0  0  0  1  0.63448785D-08
  44 CCH         0  1  0  2  0  0  0  0  0  0  0  0  0  0  0.30383889D-07
  45 C3          0  0  0  3  0  0  0  0  0  0  0  0  0  0  0.53980207D-07
  46 CH2         0  2  0  1  0  0  0  0  0  0  0  0  0  0  0.19124322D-07
  47 SO2         0  0  0  0  0  2  0  1  0  0  0  0  0  0  0.70269122D-18
  48 H2O         0  2  0  0  0  1  0  0  0  0  0  0  0  0  0.57812549D-09
  49 HCN         0  1  0  1  1  0  0  0  0  0  0  0  0  0  0.15938188D-08
  50 HCSi        0  1  0  1  0  0  1  0  0  0  0  0  0  0  0.61640544D-11
  51 CCN         0  0  0  2  1  0  0  0  0  0  0  0  0  0  0.14610331D-08
  52 CCS         0  0  0  2  0  0  0  1  0  0  0  0  0  0  0.58814472D-11
  53 CCO         0  0  0  2  0  1  0  0  0  0  0  0  0  0  0.15638938D-11
  54 CCP         0  0  0  2  0  0  0  0  0  0  0  0  1  0  0.42239191D-14
  55 CO2         0  0  0  1  0  2  0  0  0  0  0  0  0  0  0.57481784D-11
  56 H2S         0  2  0  0  0  0  0  1  0  0  0  0  0  0  0.21912463D-14
  57 HCO         0  1  0  1  0  1  0  0  0  0  0  0  0  0  0.25173075D-10
  58 HCP         0  1  0  1  0  0  0  0  0  0  0  0  1  0  0.33647677D-13
  59 HCS         0  1  0  1  0  0  0  1  0  0  0  0  0  0  0.14765973D-13
  60 HNC         0  1  0  1  1  0  0  0  0  0  0  0  0  0  0.22839678D-09
  61 HNO         0  1  0  0  1  1  0  0  0  0  0  0  0  0  0.36283362D-11
  62 HNSi        0  1  0  0  1  0  1  0  0  0  0  0  0  0  0.78849177D-14
  63 HPO         0  1  0  0  0  1  0  0  0  0  0  0  1  0  0.70089341D-20
  64 HSS         0  1  0  0  0  0  0  2  0  0  0  0  0  0  0.42095275D-20
  65 N2O         0  0  0  0  2  1  0  0  0  0  0  0  0  0  0.27264041D-17
  66 NaOH        0  1  0  0  0  1  0  0  0  1  0  0  0  0  0.29945000D-21
  67 NH2         0  2  0  0  1  0  0  0  0  0  0  0  0  0  0.81707123D-11
  68 NO2         0  0  0  0  1  2  0  0  0  0  0  0  0  0  0.15641794D-49
  69 O2H         0  1  0  0  0  2  0  0  0  0  0  0  0  0  0.25095492D-17
  70 OCN         0  0  0  1  1  1  0  0  0  0  0  0  0  0  0.18203293D-11
  71 OCS         0  0  0  1  0  1  0  1  0  0  0  0  0  0  0.31356304D-14
  72 PH2         0  2  0  0  0  0  0  0  0  0  0  0  1  0  0.52152726D-19
  73 c-SiC2      0  0  0  2  0  0  1  0  0  0  0  0  0  0  0.35101204D-11
  74 SiH2        0  2  0  0  0  0  1  0  0  0  0  0  0  0  0.11754754D-17
  75 SiNC        0  0  0  1  1  0  1  0  0  0  0  0  0  0  0.21308169D-16
  76 SiO2        0  0  0  0  0  2  1  0  0  0  0  0  0  0  0.10163959D-18
  77 C4          0  0  0  4  0  0  0  0  0  0  0  0  0  0  0.54154609D-09
  78 c-C3H       0  1  0  3  0  0  0  0  0  0  0  0  0  0  0.20772490D-08
  79 l-C3H       0  1  0  3  0  0  0  0  0  0  0  0  0  0  0.15338850D-08
  80 CH3         0  3  0  1  0  0  0  0  0  0  0  0  0  0  0.99499285D-11
  81 C2H2        0  2  0  2  0  0  0  0  0  0  0  0  0  0  0.41312185D-08
  82 NH3         0  3  0  0  1  0  0  0  0  0  0  0  0  0  0.11982140D-12
  83 SiCH2       0  2  0  1  0  0  1  0  0  0  0  0  0  0  0.90593345D-18
  84 C3N         0  0  0  3  1  0  0  0  0  0  0  0  0  0  0.59982766D-09
  85 C3O         0  0  0  3  0  1  0  0  0  0  0  0  0  0  0.45224737D-10
  86 C3P         0  0  0  3  0  0  0  0  0  0  0  0  1  0  0.11912226D-19
  87 C3S         0  0  0  3  0  0  0  1  0  0  0  0  0  0  0.23371313D-11
  88 H2CO        0  2  0  1  0  1  0  0  0  0  0  0  0  0  0.13937883D-11
  89 H2CS        0  2  0  1  0  0  0  1  0  0  0  0  0  0  0.78754589D-16
  90 HOOH        0  2  0  0  0  2  0  0  0  0  0  0  0  0  0.60067391D-21
  91 HSSH        0  2  0  0  0  0  0  2  0  0  0  0  0  0  0.28270624D-20
  92 H2SiO       0  2  0  0  0  1  1  0  0  0  0  0  0  0  0.71588513D-26
  93 HCCP        0  1  0  2  0  0  0  0  0  0  0  0  1  0  0.16974965D-15
  94 HCCSi       0  1  0  2  0  0  1  0  0  0  0  0  0  0  0.14645308D-14
  95 l-SiC3      0  0  0  3  0  0  1  0  0  0  0  0  0  0  0.17489441D-12
  96 SiH3        0  3  0  0  0  0  1  0  0  0  0  0  0  0  0.73711470D-25
  97 H2CN        0  2  0  1  1  0  0  0  0  0  0  0  0  0  0.65802764D-12
  98 C5          0  0  0  5  0  0  0  0  0  0  0  0  0  0  0.10143314D-09
  99 c-C3H2      0  2  0  3  0  0  0  0  0  0  0  0  0  0  0.13440174D-08
 100 l-C3H2      0  2  0  3  0  0  0  0  0  0  0  0  0  0  0.89714094D-09
 101 C4H         0  1  0  4  0  0  0  0  0  0  0  0  0  0  0.16904601D-08
 102 CH4         0  4  0  1  0  0  0  0  0  0  0  0  0  0  0.16066912D-11
 103 HC3N        0  1  0  3  1  0  0  0  0  0  0  0  0  0  0.27139020D-10
 104 H2CCN       0  2  0  2  1  0  0  0  0  0  0  0  0  0  0.54140524D-13
 105 H2CCO       0  2  0  2  0  1  0  0  0  0  0  0  0  0  0.12842279D-11
 106 C2H3        0  3  0  2  0  0  0  0  0  0  0  0  0  0  0.60455120D-11
 107 C4N         0  0  0  4  1  0  0  0  0  0  0  0  0  0  0.72845054D-10
 108 C4P         0  0  0  4  0  0  0  0  0  0  0  0  1  0  0.80714569D-19
 109 C4S         0  0  0  4  0  0  0  1  0  0  0  0  0  0  0.35619993D-13
 110 HCOOH       0  2  0  1  0  2  0  0  0  0  0  0  0  0  0.41379791D-17
 111 CH2PH       0  3  0  1  0  0  0  0  0  0  0  0  1  0  0.28445906D-25
 112 CH2NH       0  3  0  1  1  0  0  0  0  0  0  0  0  0  0.93047657D-17
 113 c-HCCHSi    0  2  0  2  0  0  1  0  0  0  0  0  0  0  0.75511006D-16
 114 SiC3H       0  1  0  3  0  0  1  0  0  0  0  0  0  0  0.11562563D-15
 115 SiC4        0  0  0  4  0  0  1  0  0  0  0  0  0  0  0.46355052D-16
 116 SiCH3       0  3  0  1  0  0  1  0  0  0  0  0  0  0  0.64848155D-21
 117 SiH4        0  4  0  0  0  0  1  0  0  0  0  0  0  0  0.96913565D-25
 118 HCNCC       0  1  0  3  1  0  0  0  0  0  0  0  0  0  0.10604413D-14
 119 HCCNC       0  1  0  3  1  0  0  0  0  0  0  0  0  0  0.24184653D-14
 120 HNCCC       0  1  0  3  1  0  0  0  0  0  0  0  0  0  0.24558578D-14
 121 NH2CN       0  2  0  1  2  0  0  0  0  0  0  0  0  0  0.00000000D+00
 122 C6          0  0  0  6  0  0  0  0  0  0  0  0  0  0  0.16478852D-11
 123 CH3CN       0  3  0  2  1  0  0  0  0  0  0  0  0  0  0.61215985D-14
 124 CH2CCH      0  3  0  3  0  0  0  0  0  0  0  0  0  0  0.18559508D-11
 125 C2H4        0  4  0  2  0  0  0  0  0  0  0  0  0  0  0.51345315D-16
 126 NC4N        0  0  0  4  2  0  0  0  0  0  0  0  0  0  0.31395744D-11
 127 H2CSiCH     0  3  0  2  0  0  1  0  0  0  0  0  0  0  0.19984589D-20
 128 SiC4H       0  1  0  4  0  0  1  0  0  0  0  0  0  0  0.32866751D-13
 129 HC4N        0  1  0  4  1  0  0  0  0  0  0  0  0  0  0.11545249D-12
 130 C4H2        0  2  0  4  0  0  0  0  0  0  0  0  0  0  0.75365182D-09
 131 C5H         0  1  0  5  0  0  0  0  0  0  0  0  0  0  0.80996902D-10
 132 C5N         0  0  0  5  1  0  0  0  0  0  0  0  0  0  0.14637313D-10
 133 CH3OH       0  4  0  1  0  1  0  0  0  0  0  0  0  0  0.53803927D-19
 134 NH2CHO      0  3  0  1  1  1  0  0  0  0  0  0  0  0  0.52281855D-20
 135 C5O         0  0  0  5  0  1  0  0  0  0  0  0  0  0  0.81081270D-11
 136 C7          0  0  0  7  0  0  0  0  0  0  0  0  0  0  0.10266065D-12
 137 HC5N        0  1  0  5  1  0  0  0  0  0  0  0  0  0  0.21127534D-12
 138 SiC2CH3     0  3  0  3  0  0  1  0  0  0  0  0  0  0  0.92563379D-22
 139 CH3CHO      0  4  0  2  0  1  0  0  0  0  0  0  0  0  0.35777476D-19
 140 C2H5        0  5  0  2  0  0  0  0  0  0  0  0  0  0  0.21327330D-26
 141 CH2CHCN     0  3  0  3  1  0  0  0  0  0  0  0  0  0  0.70784368D-20
 142 CH3CCH      0  4  0  3  0  0  0  0  0  0  0  0  0  0  0.21225268D-17
 143 C5H2        0  2  0  5  0  0  0  0  0  0  0  0  0  0  0.12697194D-09
 144 C6H         0  1  0  6  0  0  0  0  0  0  0  0  0  0  0.76564859D-11
 145 CH3NH2      0  5  0  1  1  0  0  0  0  0  0  0  0  0  0.17218821D-18
 146 C4H3        0  3  0  4  0  0  0  0  0  0  0  0  0  0  0.11212803D-16
 147 C6N         0  0  0  6  1  0  0  0  0  0  0  0  0  0  0.44656439D-12
 148 C8          0  0  0  8  0  0  0  0  0  0  0  0  0  0  0.15482633D-13
 149 HC6N        0  1  0  6  1  0  0  0  0  0  0  0  0  0  0.89952973D-15
 150 NC6N        0  0  0  6  2  0  0  0  0  0  0  0  0  0  0.23482101D-13
 151 SiC6H       0  1  0  6  0  0  1  0  0  0  0  0  0  0  0.67826220D-15
 152 CH2CHC2H    0  4  0  4  0  0  0  0  0  0  0  0  0  0  0.33392119D-17
 153 C6H2        0  2  0  6  0  0  0  0  0  0  0  0  0  0  0.15552908D-10
 154 C7H         0  1  0  7  0  0  0  0  0  0  0  0  0  0  0.51862096D-12
 155 C7N         0  0  0  7  1  0  0  0  0  0  0  0  0  0  0.15205810D-12
 156 CH3C3N      0  3  0  4  1  0  0  0  0  0  0  0  0  0  0.11643982D-15
 157 HCOOCH3     0  4  0  2  0  2  0  0  0  0  0  0  0  0  0.14612591D-27
 158 C2H6        0  6  0  2  0  0  0  0  0  0  0  0  0  0  0.14103724D-37
 159 C7O         0  0  0  7  0  1  0  0  0  0  0  0  0  0  0.51916117D-13
 160 C9          0  0  0  9  0  0  0  0  0  0  0  0  0  0  0.17461348D-14
 161 HC7N        0  1  0  7  1  0  0  0  0  0  0  0  0  0  0.53271906D-14
 162 SiC3H5      0  5  0  3  0  0  1  0  0  0  0  0  0  0  0.00000000D+00
 163 CH3CH2OH    0  6  0  2  0  1  0  0  0  0  0  0  0  0  0.55703724D-26
 164 C7H2        0  2  0  7  0  0  0  0  0  0  0  0  0  0  0.24816356D-11
 165 C8H         0  1  0  8  0  0  0  0  0  0  0  0  0  0  0.20300816D-12
 166 CH3C4H      0  4  0  5  0  0  0  0  0  0  0  0  0  0  0.27573378D-17
 167 CH3OCH3     0  6  0  2  0  1  0  0  0  0  0  0  0  0  0.46140773D-27
 168 CH3CHCH2    0  6  0  3  0  0  0  0  0  0  0  0  0  0  0.00000000D+00
 169 C8N         0  0  0  8  1  0  0  0  0  0  0  0  0  0  0.68288773D-14
 170 C10         0  0  0 10  0  0  0  0  0  0  0  0  0  0  0.36007227D-14
 171 CH3COCH3    0  6  0  3  0  1  0  0  0  0  0  0  0  0  0.16743676D-26
 172 C8H2        0  2  0  8  0  0  0  0  0  0  0  0  0  0  0.68944237D-12
 173 C9H         0  1  0  9  0  0  0  0  0  0  0  0  0  0  0.13599347D-13
 174 C9N         0  0  0  9  1  0  0  0  0  0  0  0  0  0  0.39488504D-14
 175 CH3C5N      0  3  0  6  1  0  0  0  0  0  0  0  0  0  0.11622696D-19
 176 HC8N        0  1  0  8  1  0  0  0  0  0  0  0  0  0  0.22681143D-16
 177 NC8N        0  0  0  8  2  0  0  0  0  0  0  0  0  0  0.59208816D-15
 178 SiC8H       0  1  0  8  0  0  1  0  0  0  0  0  0  0  0.30066577D-16
 179 CH2CHCHCH2  0  6  0  4  0  0  0  0  0  0  0  0  0  0  0.00000000D+00
 180 C9O         0  0  0  9  0  1  0  0  0  0  0  0  0  0  0.13613512D-14
 181 HC9N        0  1  0  9  1  0  0  0  0  0  0  0  0  0  0.15748119D-15
 182 C10H        0  1  0 10  0  0  0  0  0  0  0  0  0  0  0.51070790D-14
 183 C9H2        0  2  0  9  0  0  0  0  0  0  0  0  0  0  0.77447684D-13
 184 CH3C6H      0  4  0  7  0  0  0  0  0  0  0  0  0  0  0.15190371D-18
 185 C11         0  0  0 11  0  0  0  0  0  0  0  0  0  0  0.19099778D-13
 186 C10N        0  0  0 10  1  0  0  0  0  0  0  0  0  0  0.16196732D-15
 187 CH3C7N      0  3  0  8  1  0  0  0  0  0  0  0  0  0  0.28262634D-21
 188 C10H2       0  2  0 10  0  0  0  0  0  0  0  0  0  0  0.96405027D-14
 189 C6H6        0  6  0  6  0  0  0  0  0  0  0  0  0  0  0.41033588D-15
 190 Si+         1  0  0  0  0  0  1  0  0  0  0  0  0  0  0.78917142D-08
 191 C+          1  0  0  1  0  0  0  0  0  0  0  0  0  0  0.31248825D-04
 192 C-         -1  0  0  1  0  0  0  0  0  0  0  0  0  0  0.28623805D-12
 193 H-         -1  1  0  0  0  0  0  0  0  0  0  0  0  0  0.17553448D-12
 194 O-         -1  0  0  0  0  1  0  0  0  0  0  0  0  0  0.19244058D-13
 195 S-         -1  0  0  0  0  0  0  1  0  0  0  0  0  0  0.65239596D-17
 196 He+         1  0  1  0  0  0  0  0  0  0  0  0  0  0  0.34492782D-09
 197 H+          1  1  0  0  0  0  0  0  0  0  0  0  0  0  0.67043977D-08
 198 Fe+         1  0  0  0  0  0  0  0  1  0  0  0  0  0  0.29931322D-08
 199 Mg+         1  0  0  0  0  0  0  0  0  0  1  0  0  0  0.69663046D-08
 200 N+          1  0  0  0  1  0  0  0  0  0  0  0  0  0  0.10888035D-13
 201 Na+         1  0  0  0  0  0  0  0  0  1  0  0  0  0  0.19909445D-08
 202 O+          1  0  0  0  0  1  0  0  0  0  0  0  0  0  0.28617279D-12
 203 S+          1  0  0  0  0  0  0  1  0  0  0  0  0  0  0.78514446D-07
 204 Cl+         1  0  0  0  0  0  0  0  0  0  0  1  0  0  0.12488027D-15
 205 F+          1  0  0  0  0  0  0  0  0  0  0  0  0  1  0.23673668D-16
 206 P+          1  0  0  0  0  0  0  0  0  0  0  0  1  0  0.19939418D-09
 207 e-         -1  0  0  0  0  0  0  0  0  0  0  0  0  0  0.31354932D-04
 208 CH+         1  1  0  1  0  0  0  0  0  0  0  0  0  0  0.21722553D-11
 209 H2+         1  2  0  0  0  0  0  0  0  0  0  0  0  0  0.57383210D-12
 210 OH+         1  1  0  0  0  1  0  0  0  0  0  0  0  0  0.45901186D-12
 211 SiH+        1  1  0  0  0  0  1  0  0  0  0  0  0  0  0.11283039D-13
 212 C2+         1  0  0  2  0  0  0  0  0  0  0  0  0  0  0.17622647D-11
 213 CN-        -1  0  0  1  1  0  0  0  0  0  0  0  0  0  0.66473030D-13
 214 OH-        -1  1  0  0  0  1  0  0  0  0  0  0  0  0  0.35570279D-13
 215 CF+         1  0  0  1  0  0  0  0  0  0  0  0  0  1  0.92716869D-10
 216 HS+         1  1  0  0  0  0  0  1  0  0  0  0  0  0  0.11456582D-14
 217 SO+         1  0  0  0  0  1  0  1  0  0  0  0  0  0  0.43243275D-13
 218 CCl+        1  0  0  1  0  0  0  0  0  0  0  1  0  0  0.15416778D-13
 219 ClO+        1  0  0  0  0  1  0  0  0  0  0  1  0  0  0.38737138D-54
 220 CN+         1  0  0  1  1  0  0  0  0  0  0  0  0  0  0.17553044D-14
 221 CO+         1  0  0  1  0  1  0  0  0  0  0  0  0  0  0.21563076D-12
 222 CP+         1  0  0  1  0  0  0  0  0  0  0  0  1  0  0.70174883D-17
 223 CS+         1  0  0  1  0  0  0  1  0  0  0  0  0  0  0.32194127D-13
 224 HCl+        1  1  0  0  0  0  0  0  0  0  0  1  0  0  0.94839590D-16
 225 HF+         1  1  0  0  0  0  0  0  0  0  0  0  0  1  0.17997758D-16
 226 HeH+        1  1  1  0  0  0  0  0  0  0  0  0  0  0  0.17304310D-19
 227 N2+         1  0  0  0  2  0  0  0  0  0  0  0  0  0  0.37631477D-15
 228 NH+         1  1  0  0  1  0  0  0  0  0  0  0  0  0  0.58657642D-14
 229 NO+         1  0  0  0  1  1  0  0  0  0  0  0  0  0  0.10403085D-12
 230 NS+         1  0  0  0  1  0  0  1  0  0  0  0  0  0  0.13211820D-14
 231 O2+         1  0  0  0  0  2  0  0  0  0  0  0  0  0  0.87497717D-14
 232 PH+         1  1  0  0  0  0  0  0  0  0  0  0  1  0  0.12280014D-15
 233 PN+         1  0  0  0  1  0  0  0  0  0  0  0  1  0  0.35516291D-17
 234 PO+         1  0  0  0  0  1  0  0  0  0  0  0  1  0  0.18111811D-15
 235 S2+         1  0  0  0  0  0  0  2  0  0  0  0  0  0  0.77544661D-19
 236 SiC+        1  0  0  1  0  0  1  0  0  0  0  0  0  0  0.20725127D-14
 237 SiN+        1  0  0  0  1  0  1  0  0  0  0  0  0  0  0.74999606D-14
 238 SiO+        1  0  0  0  0  1  1  0  0  0  0  0  0  0  0.21148859D-15
 239 SiS+        1  0  0  0  0  0  1  1  0  0  0  0  0  0  0.11160692D-17
 240 SiF+        1  0  0  0  0  0  1  0  0  0  0  0  0  1  0.18756683D-13
 241 CH2+        1  2  0  1  0  0  0  0  0  0  0  0  0  0  0.10710871D-10
 242 C2N+        1  0  0  2  1  0  0  0  0  0  0  0  0  0  0.44921721D-13
 243 CNC+        1  0  0  2  1  0  0  0  0  0  0  0  0  0  0.22259434D-10
 244 HSiO+       1  1  0  0  0  1  1  0  0  0  0  0  0  0  0.56959986D-14
 245 N2H+        1  1  0  0  2  0  0  0  0  0  0  0  0  0  0.94401053D-13
 246 C2H+        1  1  0  2  0  0  0  0  0  0  0  0  0  0  0.27870567D-11
 247 H3+         1  3  0  0  0  0  0  0  0  0  0  0  0  0  0.18282348D-09
 248 C3-        -1  0  0  3  0  0  0  0  0  0  0  0  0  0  0.96080685D-12
 249 HCO+        1  1  0  1  0  1  0  0  0  0  0  0  0  0  0.16780944D-10
 250 HSO+        1  1  0  0  0  1  0  1  0  0  0  0  0  0  0.87224120D-19
 251 H2S+        1  2  0  0  0  0  0  1  0  0  0  0  0  0  0.44488242D-13
 252 HCS+        1  1  0  1  0  0  0  1  0  0  0  0  0  0  0.26252400D-12
 253 HPO+        1  1  0  0  0  1  0  0  0  0  0  0  1  0  0.15539844D-16
 254 C2O+        1  0  0  2  0  1  0  0  0  0  0  0  0  0  0.20431055D-13
 255 C2S+        1  0  0  2  0  0  0  1  0  0  0  0  0  0  0.43377557D-12
 256 C3+         1  0  0  3  0  0  0  0  0  0  0  0  0  0  0.17153743D-10
 257 CCP+        1  0  0  2  0  0  0  0  0  0  0  0  1  0  0.11178962D-15
 258 CHSi+       1  1  0  1  0  0  1  0  0  0  0  0  0  0  0.23773648D-14
 259 CO2+        1  0  0  1  0  2  0  0  0  0  0  0  0  0  0.54313230D-21
 260 H2Cl+       1  2  0  0  0  0  0  0  0  0  0  1  0  0  0.53143170D-14
 261 H2F+        1  2  0  0  0  0  0  0  0  0  0  0  0  1  0.69747932D-15
 262 H2O+        1  2  0  0  0  1  0  0  0  0  0  0  0  0  0.81633386D-12
 263 HCN+        1  1  0  1  1  0  0  0  0  0  0  0  0  0  0.48519912D-14
 264 HCP+        1  1  0  1  0  0  0  0  0  0  0  0  1  0  0.89028036D-17
 265 HNC+        1  1  0  1  1  0  0  0  0  0  0  0  0  0  0.24214914D-14
 266 HNO+        1  1  0  0  1  1  0  0  0  0  0  0  0  0  0.82998850D-15
 267 HNS+        1  1  0  0  1  0  0  1  0  0  0  0  0  0  0.11494640D-19
 268 HNSi+       1  1  0  0  1  0  1  0  0  0  0  0  0  0  0.20266817D-17
 269 HOC+        1  1  0  1  0  1  0  0  0  0  0  0  0  0  0.10003353D-10
 270 HPN+        1  1  0  0  1  0  0  0  0  0  0  0  1  0  0.36797843D-19
 271 HSiS+       1  1  0  0  0  0  1  1  0  0  0  0  0  0  0.72636961D-16
 272 NaH2+       1  2  0  0  0  0  0  0  0  1  0  0  0  0  0.34547893D-16
 273 NCO+        1  0  0  1  1  1  0  0  0  0  0  0  0  0  0.12247935D-16
 274 NH2+        1  2  0  0  1  0  0  0  0  0  0  0  0  0  0.41071795D-13
 275 NO2+        1  0  0  0  1  2  0  0  0  0  0  0  0  0  0.14636444D-20
 276 HO2+        1  1  0  0  0  2  0  0  0  0  0  0  0  0  0.19647051D-18
 277 OCS+        1  0  0  1  0  1  0  1  0  0  0  0  0  0  0.14276876D-14
 278 PH2+        1  2  0  0  0  0  0  0  0  0  0  0  1  0  0.10989969D-15
 279 HS2+        1  1  0  0  0  0  0  2  0  0  0  0  0  0  0.60788629D-20
 280 SiC2+       1  0  0  2  0  0  1  0  0  0  0  0  0  0  0.12172923D-14
 281 SiH2+       1  2  0  0  0  0  1  0  0  0  0  0  0  0  0.18078470D-12
 282 SiNC+       1  0  0  1  1  0  1  0  0  0  0  0  0  0  0.56493464D-14
 283 SO2+        1  0  0  0  0  2  0  1  0  0  0  0  0  0  0.27178776D-25
 284 HCNH+       1  2  0  1  1  0  0  0  0  0  0  0  0  0  0.21321256D-11
 285 HC2N+       1  1  0  2  1  0  0  0  0  0  0  0  0  0  0.77838390D-15
 286 C3H+        1  1  0  3  0  0  0  0  0  0  0  0  0  0  0.14896286D-09
 287 C4+         1  0  0  4  0  0  0  0  0  0  0  0  0  0  0.62445225D-11
 288 H2CO+       1  2  0  1  0  1  0  0  0  0  0  0  0  0  0.30879297D-14
 289 CH3+        1  3  0  1  0  0  0  0  0  0  0  0  0  0  0.18030741D-09
 290 C3N-       -1  0  0  3  1  0  0  0  0  0  0  0  0  0  0.13813309D-11
 291 C4-        -1  0  0  4  0  0  0  0  0  0  0  0  0  0  0.70287864D-10
 292 H3O+        1  3  0  0  0  1  0  0  0  0  0  0  0  0  0.14876663D-10
 293 H2NO+       1  2  0  0  1  1  0  0  0  0  0  0  0  0  0.27565623D-16
 294 H3S+        1  3  0  0  0  0  0  1  0  0  0  0  0  0  0.22031118D-18
 295 HC2S+       1  1  0  2  0  0  0  1  0  0  0  0  0  0  0.26824979D-13
 296 HOCS+       1  1  0  1  0  1  0  1  0  0  0  0  0  0  0.13397189D-19
 297 PCH2+       1  2  0  1  0  0  0  0  0  0  0  0  1  0  0.38624751D-15
 298 H2S2+       1  2  0  0  0  0  0  2  0  0  0  0  0  0  0.15304594D-25
 299 C2H2+       1  2  0  2  0  0  0  0  0  0  0  0  0  0  0.68860070D-10
 300 C2HO+       1  1  0  2  0  1  0  0  0  0  0  0  0  0  0.54681482D-13
 301 C2N2+       1  0  0  2  2  0  0  0  0  0  0  0  0  0  0.12566671D-21
 302 C3N+        1  0  0  3  1  0  0  0  0  0  0  0  0  0  0.23612849D-17
 303 C3O+        1  0  0  3  0  1  0  0  0  0  0  0  0  0  0.20059599D-12
 304 C3S+        1  0  0  3  0  0  0  1  0  0  0  0  0  0  0.12711213D-12
 305 CH2Si+      1  2  0  1  0  0  1  0  0  0  0  0  0  0  0.83431828D-13
 306 H2CCl+      1  2  0  1  0  0  0  0  0  0  0  1  0  0  0.82498808D-19
 307 H2CS+       1  2  0  1  0  0  0  1  0  0  0  0  0  0  0.37505984D-18
 308 H2NC+       1  2  0  1  1  0  0  0  0  0  0  0  0  0  0.83233407D-13
 309 H2PO+       1  2  0  0  0  1  0  0  0  0  0  0  1  0  0.63513654D-23
 310 H2SiO+      1  2  0  0  0  1  1  0  0  0  0  0  0  0  0.56364263D-22
 311 HOCO+       1  1  0  1  0  2  0  0  0  0  0  0  0  0  0.79229733D-18
 312 HNCO+       1  1  0  1  1  1  0  0  0  0  0  0  0  0  0.63027379D-22
 313 HSiO2+      1  1  0  0  0  2  1  0  0  0  0  0  0  0  0.23314412D-26
 314 HSO2+       1  1  0  0  0  2  0  1  0  0  0  0  0  0  0.57445789D-25
 315 NaH2O+      1  2  0  0  0  1  0  0  0  1  0  0  0  0  0.19980081D-22
 316 NH3+        1  3  0  0  1  0  0  0  0  0  0  0  0  0  0.20549258D-12
 317 PC2H+       1  1  0  2  0  0  0  0  0  0  0  0  1  0  0.88665507D-16
 318 PH3+        1  3  0  0  0  0  0  0  0  0  0  0  1  0  0.22555175D-21
 319 PNH2+       1  2  0  0  1  0  0  0  0  0  0  0  1  0  0.29096128D-20
 320 SiC2H+      1  1  0  2  0  0  1  0  0  0  0  0  0  0  0.79855062D-13
 321 l-SiC3+     1  0  0  3  0  0  1  0  0  0  0  0  0  0  0.14652505D-13
 322 SiH3+       1  3  0  0  0  0  1  0  0  0  0  0  0  0  0.21293797D-19
 323 SiNCH+      1  1  0  1  1  0  1  0  0  0  0  0  0  0  0.50718131D-19
 324 HSiNH+      1  2  0  0  1  0  1  0  0  0  0  0  0  0  0.88077758D-16
 325 HN2O+       1  1  0  0  2  1  0  0  0  0  0  0  0  0  0.24767012D-25
 326 C2H3+       1  3  0  2  0  0  0  0  0  0  0  0  0  0  0.91481121D-13
 327 c-C3H2+     1  2  0  3  0  0  0  0  0  0  0  0  0  0  0.46584444D-11
 328 l-C3H2+     1  2  0  3  0  0  0  0  0  0  0  0  0  0  0.73908575D-13
 329 C4H+        1  1  0  4  0  0  0  0  0  0  0  0  0  0  0.69102447D-11
 330 C5+         1  0  0  5  0  0  0  0  0  0  0  0  0  0  0.58768843D-12
 331 HC3O+       1  1  0  3  0  1  0  0  0  0  0  0  0  0  0.10915985D-16
 332 C4H-       -1  1  0  4  0  0  0  0  0  0  0  0  0  0  0.21011484D-09
 333 C5-        -1  0  0  5  0  0  0  0  0  0  0  0  0  0  0.38245323D-10
 334 NH4+        1  4  0  0  1  0  0  0  0  0  0  0  0  0  0.35213790D-15
 335 H3CS+       1  3  0  1  0  0  0  1  0  0  0  0  0  0  0.76658446D-18
 336 H2COH+      1  3  0  1  0  1  0  0  0  0  0  0  0  0  0.13240202D-17
 337 H3S2+       1  3  0  0  0  0  0  2  0  0  0  0  0  0  0.39558783D-23
 338 HC3S+       1  1  0  3  0  0  0  1  0  0  0  0  0  0  0.76419241D-13
 339 PC3H+       1  1  0  3  0  0  0  0  0  0  0  0  1  0  0.11855581D-21
 340 PCH3+       1  3  0  1  0  0  0  0  0  0  0  0  1  0  0.94194225D-26
 341 PNH3+       1  3  0  0  1  0  0  0  0  0  0  0  1  0  0.11934264D-26
 342 SiC2H2+     1  2  0  2  0  0  1  0  0  0  0  0  0  0  0.83810361D-17
 343 SiC3H+      1  1  0  3  0  0  1  0  0  0  0  0  0  0  0.53220993D-14
 344 SiC4+       1  0  0  4  0  0  1  0  0  0  0  0  0  0  0.22606843D-14
 345 SiCH3+      1  3  0  1  0  0  1  0  0  0  0  0  0  0  0.11463709D-22
 346 SiH4+       1  4  0  0  0  0  1  0  0  0  0  0  0  0  0.19896239D-32
 347 CH2CN+      1  2  0  2  1  0  0  0  0  0  0  0  0  0  0.28324411D-13
 348 H2CCO+      1  2  0  2  0  1  0  0  0  0  0  0  0  0  0.58866333D-14
 349 HC3N+       1  1  0  3  1  0  0  0  0  0  0  0  0  0  0.33463323D-14
 350 C4N+        1  0  0  4  1  0  0  0  0  0  0  0  0  0  0.90645128D-14
 351 C4P+        1  0  0  4  0  0  0  0  0  0  0  0  1  0  0.11160569D-24
 352 C4S+        1  0  0  4  0  0  0  1  0  0  0  0  0  0  0.21936129D-13
 353 HCOOH+      1  2  0  1  0  2  0  0  0  0  0  0  0  0  0.33403476D-21
 354 CH4+        1  4  0  1  0  0  0  0  0  0  0  0  0  0  0.18924528D-17
 355 H3SiO+      1  3  0  0  0  1  1  0  0  0  0  0  0  0  0.30265240D-29
 356 PC2H2+      1  2  0  2  0  0  0  0  0  0  0  0  1  0  0.42902463D-17
 357 C6+         1  0  0  6  0  0  0  0  0  0  0  0  0  0  0.30390857D-12
 358 HC4N+       1  1  0  4  1  0  0  0  0  0  0  0  0  0  0.71788388D-19
 359 C5H-       -1  1  0  5  0  0  0  0  0  0  0  0  0  0  0.37078444D-10
 360 C6-        -1  0  0  6  0  0  0  0  0  0  0  0  0  0  0.32781970D-11
 361 CH3CO+      1  3  0  2  0  1  0  0  0  0  0  0  0  0  0.16884163D-14
 362 C2H4+       1  4  0  2  0  0  0  0  0  0  0  0  0  0  0.29955332D-12
 363 HC3NH+      1  2  0  3  1  0  0  0  0  0  0  0  0  0  0.82536638D-15
 364 HC4S+       1  1  0  4  0  0  0  1  0  0  0  0  0  0  0.24677335D-14
 365 CH5+        1  5  0  1  0  0  0  0  0  0  0  0  0  0  0.71401193D-14
 366 C4H2+       1  2  0  4  0  0  0  0  0  0  0  0  0  0  0.39104352D-10
 367 C5H+        1  1  0  5  0  0  0  0  0  0  0  0  0  0  0.30810464D-11
 368 CH3CN+      1  3  0  2  1  0  0  0  0  0  0  0  0  0  0.22293561D-15
 369 c-C3H3+     1  3  0  3  0  0  0  0  0  0  0  0  0  0  0.15633269D-10
 370 l-C3H3+     1  3  0  3  0  0  0  0  0  0  0  0  0  0  0.15633292D-10
 371 C5N+        1  0  0  5  1  0  0  0  0  0  0  0  0  0  0.46345765D-16
 372 CH3O2+      1  3  0  1  0  2  0  0  0  0  0  0  0  0  0.34595953D-20
 373 CH2NH2+     1  4  0  1  1  0  0  0  0  0  0  0  0  0  0.22822660D-18
 374 CH3OH+      1  4  0  1  0  1  0  0  0  0  0  0  0  0  0.10257624D-21
 375 H2C3O+      1  2  0  3  0  1  0  0  0  0  0  0  0  0  0.82866469D-17
 376 HC2NCH+     1  2  0  3  1  0  0  0  0  0  0  0  0  0  0.29633752D-16
 377 HC4O+       1  1  0  4  0  1  0  0  0  0  0  0  0  0  0.46877466D-13
 378 NH2CNH+     1  3  0  1  2  0  0  0  0  0  0  0  0  0  0.00000000D+00
 379 PC2H3+      1  3  0  2  0  0  0  0  0  0  0  0  1  0  0.47371267D-28
 380 PC4H+       1  1  0  4  0  0  0  0  0  0  0  0  1  0  0.78370300D-21
 381 PCH4+       1  4  0  1  0  0  0  0  0  0  0  0  1  0  0.47096896D-27
 382 SiC2H3+     1  3  0  2  0  0  1  0  0  0  0  0  0  0  0.15579739D-17
 383 SiC3H2+     1  2  0  3  0  0  1  0  0  0  0  0  0  0  0.18261480D-17
 384 SiC4H+      1  1  0  4  0  0  1  0  0  0  0  0  0  0  0.55205564D-19
 385 SiCH4+      1  4  0  1  0  0  1  0  0  0  0  0  0  0  0.10478235D-22
 386 SiH5+       1  5  0  0  0  0  1  0  0  0  0  0  0  0  0.11289613D-26
 387 C7+         1  0  0  7  0  0  0  0  0  0  0  0  0  0  0.28863779D-13
 388 H2C4N+      1  2  0  4  1  0  0  0  0  0  0  0  0  0  0.10455458D-18
 389 C6H-       -1  1  0  6  0  0  0  0  0  0  0  0  0  0  0.54288733D-11
 390 C7-        -1  0  0  7  0  0  0  0  0  0  0  0  0  0  0.58496569D-12
 391 C4H3+       1  3  0  4  0  0  0  0  0  0  0  0  0  0  0.14053288D-12
 392 C5H2+       1  2  0  5  0  0  0  0  0  0  0  0  0  0  0.12331757D-15
 393 CH3CNH+     1  4  0  2  1  0  0  0  0  0  0  0  0  0  0.28578400D-15
 394 C2H4O+      1  4  0  2  0  1  0  0  0  0  0  0  0  0  0.14057659D-21
 395 C2H5+       1  5  0  2  0  0  0  0  0  0  0  0  0  0  0.98745710D-20
 396 C3H3N+      1  3  0  3  1  0  0  0  0  0  0  0  0  0  0.12792888D-21
 397 C3H4+       1  4  0  3  0  0  0  0  0  0  0  0  0  0  0.21673637D-19
 398 HC5N+       1  1  0  5  1  0  0  0  0  0  0  0  0  0  0.17617897D-14
 399 C6H+        1  1  0  6  0  0  0  0  0  0  0  0  0  0  0.21856462D-12
 400 CH3NH2+     1  5  0  1  1  0  0  0  0  0  0  0  0  0  0.66504619D-21
 401 CH3OH2+     1  5  0  1  0  1  0  0  0  0  0  0  0  0  0.59253095D-20
 402 H3C3O+      1  3  0  3  0  1  0  0  0  0  0  0  0  0  0.81715518D-19
 403 NH2CH2O+    1  4  0  1  1  1  0  0  0  0  0  0  0  0  0.45412524D-27
 404 PC2H4+      1  4  0  2  0  0  0  0  0  0  0  0  1  0  0.53878716D-30
 405 PC4H2+      1  2  0  4  0  0  0  0  0  0  0  0  1  0  0.28933537D-22
 406 HC5O+       1  1  0  5  0  1  0  0  0  0  0  0  0  0  0.73704613D-18
 407 C6N+        1  0  0  6  1  0  0  0  0  0  0  0  0  0  0.82914751D-16
 408 H2C5N+      1  2  0  5  1  0  0  0  0  0  0  0  0  0  0.52875979D-16
 409 C8+         1  0  0  8  0  0  0  0  0  0  0  0  0  0  0.54262632D-14
 410 C7H-       -1  1  0  7  0  0  0  0  0  0  0  0  0  0  0.11986038D-11
 411 C8-        -1  0  0  8  0  0  0  0  0  0  0  0  0  0  0.30232287D-13
 412 C5H3+       1  3  0  5  0  0  0  0  0  0  0  0  0  0  0.42462826D-16
 413 C3H5+       1  5  0  3  0  0  0  0  0  0  0  0  0  0  0.75914966D-20
 414 C6H2+       1  2  0  6  0  0  0  0  0  0  0  0  0  0  0.20923671D-14
 415 C7H+        1  1  0  7  0  0  0  0  0  0  0  0  0  0  0.46904249D-13
 416 CH3CHOH+    1  5  0  2  0  1  0  0  0  0  0  0  0  0  0.10129283D-20
 417 C2H6+       1  6  0  2  0  0  0  0  0  0  0  0  0  0  0.10048660D-33
 418 C3H3NH+     1  4  0  3  1  0  0  0  0  0  0  0  0  0  0.13666094D-23
 419 C4H4+       1  4  0  4  0  0  0  0  0  0  0  0  0  0  0.10542784D-18
 420 C7N+        1  0  0  7  1  0  0  0  0  0  0  0  0  0  0.86045857D-18
 421 CH3NH3+     1  6  0  1  1  0  0  0  0  0  0  0  0  0  0.25391422D-20
 422 COOCH4+     1  4  0  2  0  2  0  0  0  0  0  0  0  0  0.10541192D-29
 423 H3C4N+      1  3  0  4  1  0  0  0  0  0  0  0  0  0  0.10219876D-18
 424 HC6N+       1  1  0  6  1  0  0  0  0  0  0  0  0  0  0.60980055D-21
 425 C9+         1  0  0  9  0  0  0  0  0  0  0  0  0  0  0.14743891D-14
 426 C8H-       -1  1  0  8  0  0  0  0  0  0  0  0  0  0  0.13774053D-12
 427 C9-        -1  0  0  9  0  0  0  0  0  0  0  0  0  0  0.10091170D-13
 428 C4H5+       1  5  0  4  0  0  0  0  0  0  0  0  0  0  0.44953141D-19
 429 C6H3+       1  3  0  6  0  0  0  0  0  0  0  0  0  0  0.40663921D-17
 430 C7H2+       1  2  0  7  0  0  0  0  0  0  0  0  0  0  0.28911085D-16
 431 C2H5OH+     1  6  0  2  0  1  0  0  0  0  0  0  0  0  0.76881865D-29
 432 H3C4NH+     1  4  0  4  1  0  0  0  0  0  0  0  0  0  0.73116938D-18
 433 C5H3N+      1  3  0  5  1  0  0  0  0  0  0  0  0  0  0.67233237D-21
 434 C5H4+       1  4  0  5  0  0  0  0  0  0  0  0  0  0  0.21016432D-19
 435 HC7N+       1  1  0  7  1  0  0  0  0  0  0  0  0  0  0.88917283D-17
 436 C8H+        1  1  0  8  0  0  0  0  0  0  0  0  0  0  0.27240134D-15
 437 CH3OCH3+    1  6  0  2  0  1  0  0  0  0  0  0  0  0  0.12742405D-29
 438 H5C2O2+     1  5  0  2  0  2  0  0  0  0  0  0  0  0  0.24776980D-29
 439 HC7O+       1  1  0  7  0  1  0  0  0  0  0  0  0  0  0.47192864D-20
 440 C8N+        1  0  0  8  1  0  0  0  0  0  0  0  0  0  0.21382249D-17
 441 H2C6N+      1  2  0  6  1  0  0  0  0  0  0  0  0  0  0.39416364D-19
 442 C2H7+       1  7  0  2  0  0  0  0  0  0  0  0  0  0  0.24757256D-47
 443 C10+        1  0  0 10  0  0  0  0  0  0  0  0  0  0  0.17876974D-15
 444 CH3OCH4+    1  7  0  2  0  1  0  0  0  0  0  0  0  0  0.76713206D-29
 445 C9H-       -1  1  0  9  0  0  0  0  0  0  0  0  0  0  0.30610573D-13
 446 C10-       -1  0  0 10  0  0  0  0  0  0  0  0  0  0  0.69668692D-14
 447 C7H2N+      1  2  0  7  1  0  0  0  0  0  0  0  0  0  0.14522951D-17
 448 C7H3+       1  3  0  7  0  0  0  0  0  0  0  0  0  0  0.51020295D-17
 449 C5H5+       1  5  0  5  0  0  0  0  0  0  0  0  0  0  0.13046469D-19
 450 C8H2+       1  2  0  8  0  0  0  0  0  0  0  0  0  0  0.14474370D-14
 451 C9H+        1  1  0  9  0  0  0  0  0  0  0  0  0  0  0.79261896D-15
 452 C2H5OH2+    1  7  0  2  0  1  0  0  0  0  0  0  0  0  0.12678095D-27
 453 C2H6CO+     1  6  0  3  0  1  0  0  0  0  0  0  0  0  0.19260158D-28
 454 C5H4N+      1  4  0  5  1  0  0  0  0  0  0  0  0  0  0.32557038D-21
 455 C6H4+       1  4  0  6  0  0  0  0  0  0  0  0  0  0  0.26022200D-17
 456 C9N+        1  0  0  9  1  0  0  0  0  0  0  0  0  0  0.15945781D-19
 457 HC8N+       1  1  0  8  1  0  0  0  0  0  0  0  0  0  0.13542417D-22
 458 C10H+       1  1  0 10  0  0  0  0  0  0  0  0  0  0  0.55503937D-16
 459 C10H-      -1  1  0 10  0  0  0  0  0  0  0  0  0  0  0.30505059D-14
 460 C8H3+       1  3  0  8  0  0  0  0  0  0  0  0  0  0  0.51073651D-18
 461 C9H2+       1  2  0  9  0  0  0  0  0  0  0  0  0  0  0.89324689D-18
 462 C3H6OH+     1  7  0  3  0  1  0  0  0  0  0  0  0  0  0.41710745D-28
 463 C4H7+       1  7  0  4  0  0  0  0  0  0  0  0  0  0  0.96124639D-28
 464 H3C6NH+     1  4  0  6  1  0  0  0  0  0  0  0  0  0  0.82044188D-22
 465 C6H5+       1  5  0  6  0  0  0  0  0  0  0  0  0  0  0.61350157D-20
 466 H3C7N+      1  3  0  7  1  0  0  0  0  0  0  0  0  0  0.85182203D-22
 467 C7H4+       1  4  0  7  0  0  0  0  0  0  0  0  0  0  0.16161457D-19
 468 C9HN+       1  1  0  9  1  0  0  0  0  0  0  0  0  0  0.16584557D-18
 469 C11+        1  0  0 11  0  0  0  0  0  0  0  0  0  0  0.25393243D-16
 470 HC9O+       1  1  0  9  0  1  0  0  0  0  0  0  0  0  0.12374975D-21
 471 C10N+       1  0  0 10  1  0  0  0  0  0  0  0  0  0  0.60311206D-19
 472 H2C8N+      1  2  0  8  1  0  0  0  0  0  0  0  0  0  0.87535647D-21
 473 C9H2N+      1  2  0  9  1  0  0  0  0  0  0  0  0  0  0.44156214D-20
 474 C9H3+       1  3  0  9  0  0  0  0  0  0  0  0  0  0  0.14329423D-18
 475 C10H2+      1  2  0 10  0  0  0  0  0  0  0  0  0  0  0.52959122D-19
 476 C7H5+       1  5  0  7  0  0  0  0  0  0  0  0  0  0  0.12037963D-20
 477 C8H4+       1  4  0  8  0  0  0  0  0  0  0  0  0  0  0.51848800D-19
 478 HC10N+      1  1  0 10  1  0  0  0  0  0  0  0  0  0  0.32119906D-24
 479 C6H7+       1  7  0  6  0  0  0  0  0  0  0  0  0  0  0.47988001D-20
 480 C9H4+       1  4  0  9  0  0  0  0  0  0  0  0  0  0  0.22384741D-21
 481 C8H4N+      1  4  0  8  1  0  0  0  0  0  0  0  0  0  0.20562030D-23
 482 C8H5+       1  5  0  8  0  0  0  0  0  0  0  0  0  0  0.25334020D-23
 483 C9H3N+      1  3  0  9  1  0  0  0  0  0  0  0  0  0  0.69105370D-24
 484 C10H3+      1  3  0 10  0  0  0  0  0  0  0  0  0  0  0.73971276D-21
 485 H2C10N+     1  2  0 10  1  0  0  0  0  0  0  0  0  0  0.31142558D-22
 486 C9H5+       1  5  0  9  0  0  0  0  0  0  0  0  0  0  0.76548212D-27
 487 GRAIN0      0  0  0  0  0  0  0  0  0  0  0  0  0  0  0.88734393D-14
 488 GRAIN-     -1  0  0  0  0  0  0  0  0  0  0  0  0  0  0.13126266D-11
 489 XH          0  1  0  0  0  0  0  0  0  0  0  0  0  0  0.81068329D-17
