0.11D+08                                              +-  H  He C  O  S  G    
 JSPACE =            1
   1 H           0  1  0  0  0  0  0  0  0  0  0  0  0  0  0.32174522D-03
   2 C           0  0  0  1  0  0  0  0  0  0  0  0  0  0  0.33249691D-04
   3 Fe          0  0  0  0  0  0  0  0  1  0  0  0  0  0  0.58434437D-10
   4 Mg          0  0  0  0  0  0  0  0  0  0  1  0  0  0  0.42484979D-09
   5 S           0  0  0  0  0  0  0  1  0  0  0  0  0  0  0.98788929D-08
   6 Si          0  0  0  0  0  0  1  0  0  0  0  0  0  0  0.80904969D-09
   7 O           0  0  0  0  0  1  0  0  0  0  0  0  0  0  0.10524137D-03
   8 N           0  0  0  0  1  0  0  0  0  0  0  0  0  0  0.59429061D-04
   9 He          0  0  1  0  0  0  0  0  0  0  0  0  0  0  0.90000000D-01
  10 Cl          0  0  0  0  0  0  0  0  0  0  0  1  0  0  0.41618867D-09
  11 Na          0  0  0  0  0  0  0  0  0  1  0  0  0  0  0.87000003D-10
  12 P           0  0  0  0  0  0  0  0  0  0  0  0  1  0  0.31265550D-10
  13 F           0  0  0  0  0  0  0  0  0  0  0  0  0  1  0.54947675D-09
  14 OH          0  1  0  0  0  1  0  0  0  0  0  0  0  0  0.28081777D-09
  15 CO          0  0  0  1  0  1  0  0  0  0  0  0  0  0  0.13475720D-03
  16 CS          0  0  0  1  0  0  0  1  0  0  0  0  0  0  0.36524659D-08
  17 HS          0  1  0  0  0  0  0  1  0  0  0  0  0  0  0.13961644D-10
  18 N2          0  0  0  0  2  0  0  0  0  0  0  0  0  0  0.12695846D-05
  19 NH          0  1  0  0  1  0  0  0  0  0  0  0  0  0  0.36678502D-11
  20 SiH         0  1  0  0  0  0  1  0  0  0  0  0  0  0  0.31891496D-10
  21 SiO         0  0  0  0  0  1  1  0  0  0  0  0  0  0  0.17734947D-10
  22 SO          0  0  0  0  0  1  0  1  0  0  0  0  0  0  0.16865832D-11
  23 CH          0  1  0  1  0  0  0  0  0  0  0  0  0  0  0.19891690D-07
  24 O2          0  0  0  0  0  2  0  0  0  0  0  0  0  0  0.18266746D-09
  25 H2          0  2  0  0  0  0  0  0  0  0  0  0  0  0  0.49983908D+00
  26 C2          0  0  0  2  0  0  0  0  0  0  0  0  0  0  0.11911326D-07
  27 CN          0  0  0  1  1  0  0  0  0  0  0  0  0  0  0.29952480D-07
  28 MgH         0  1  0  0  0  0  0  0  0  0  1  0  0  0  0.10995981D-16
  29 NaH         0  1  0  0  0  0  0  0  0  1  0  0  0  0  0.73755361D-15
  30 NO          0  0  0  0  1  1  0  0  0  0  0  0  0  0  0.40821254D-10
  31 NS          0  0  0  0  1  0  0  1  0  0  0  0  0  0  0.13998447D-11
  32 PH          0  1  0  0  0  0  0  0  0  0  0  0  1  0  0.10166784D-11
  33 PN          0  0  0  0  1  0  0  0  0  0  0  0  1  0  0.63343551D-11
  34 PO          0  0  0  0  0  1  0  0  0  0  0  0  1  0  0.26091065D-12
  35 S2          0  0  0  0  0  0  0  2  0  0  0  0  0  0  0.14118276D-14
  36 SiC         0  0  0  1  0  0  1  0  0  0  0  0  0  0  0.31518864D-10
  37 SiN         0  0  0  0  1  0  1  0  0  0  0  0  0  0  0.11196331D-10
  38 SiS         0  0  0  0  0  0  1  1  0  0  0  0  0  0  0.48078792D-13
  39 CCl         0  0  0  1  0  0  0  0  0  0  0  1  0  0  0.49726208D-13
  40 ClO         0  0  0  0  0  1  0  0  0  0  0  1  0  0  0.00000000D+00
  41 CP          0  0  0  1  0  0  0  0  0  0  0  0  1  0  0.46963957D-12
  42 HCl         0  1  0  0  0  0  0  0  0  0  0  1  0  0  0.58087938D-09
  43 HF          0  1  0  0  0  0  0  0  0  0  0  0  0  1  0.60548436D-08
  44 CCH         0  1  0  2  0  0  0  0  0  0  0  0  0  0  0.45344610D-08
  45 C3          0  0  0  3  0  0  0  0  0  0  0  0  0  0  0.18197230D-07
  46 CH2         0  2  0  1  0  0  0  0  0  0  0  0  0  0  0.85245715D-08
  47 SO2         0  0  0  0  0  2  0  1  0  0  0  0  0  0  0.50746705D-15
  48 H2O         0  2  0  0  0  1  0  0  0  0  0  0  0  0  0.17204408D-09
  49 HCN         0  1  0  1  1  0  0  0  0  0  0  0  0  0  0.87130400D-09
  50 HCSi        0  1  0  1  0  0  1  0  0  0  0  0  0  0  0.75614817D-10
  51 CCN         0  0  0  2  1  0  0  0  0  0  0  0  0  0  0.28781663D-09
  52 CCS         0  0  0  2  0  0  0  1  0  0  0  0  0  0  0.21569895D-10
  53 CCO         0  0  0  2  0  1  0  0  0  0  0  0  0  0  0.16757965D-11
  54 CCP         0  0  0  2  0  0  0  0  0  0  0  0  1  0  0.98926559D-14
  55 CO2         0  0  0  1  0  2  0  0  0  0  0  0  0  0  0.56046815D-10
  56 H2S         0  2  0  0  0  0  0  1  0  0  0  0  0  0  0.28805386D-13
  57 HCO         0  1  0  1  0  1  0  0  0  0  0  0  0  0  0.25665475D-10
  58 HCP         0  1  0  1  0  0  0  0  0  0  0  0  1  0  0.53318802D-12
  59 HCS         0  1  0  1  0  0  0  1  0  0  0  0  0  0  0.13397884D-12
  60 HNC         0  1  0  1  1  0  0  0  0  0  0  0  0  0  0.21583432D-09
  61 HNO         0  1  0  0  1  1  0  0  0  0  0  0  0  0  0.13430090D-11
  62 HNSi        0  1  0  0  1  0  1  0  0  0  0  0  0  0  0.27013240D-12
  63 HPO         0  1  0  0  0  1  0  0  0  0  0  0  1  0  0.64939144D-16
  64 HSS         0  1  0  0  0  0  0  2  0  0  0  0  0  0  0.37971510D-16
  65 N2O         0  0  0  0  2  1  0  0  0  0  0  0  0  0  0.63495693D-18
  66 NaOH        0  1  0  0  0  1  0  0  0  1  0  0  0  0  0.33446231D-20
  67 NH2         0  2  0  0  1  0  0  0  0  0  0  0  0  0  0.10888355D-11
  68 NO2         0  0  0  0  1  2  0  0  0  0  0  0  0  0  0.00000000D+00
  69 O2H         0  1  0  0  0  2  0  0  0  0  0  0  0  0  0.10586332D-17
  70 OCN         0  0  0  1  1  1  0  0  0  0  0  0  0  0  0.64156406D-11
  71 OCS         0  0  0  1  0  1  0  1  0  0  0  0  0  0  0.45968871D-13
  72 PH2         0  2  0  0  0  0  0  0  0  0  0  0  1  0  0.29553679D-15
  73 c-SiC2      0  0  0  2  0  0  1  0  0  0  0  0  0  0  0.12944546D-10
  74 SiH2        0  2  0  0  0  0  1  0  0  0  0  0  0  0  0.49585470D-15
  75 SiNC        0  0  0  1  1  0  1  0  0  0  0  0  0  0  0.10584591D-14
  76 SiO2        0  0  0  0  0  2  1  0  0  0  0  0  0  0  0.68935227D-18
  77 C4          0  0  0  4  0  0  0  0  0  0  0  0  0  0  0.22033767D-09
  78 c-C3H       0  1  0  3  0  0  0  0  0  0  0  0  0  0  0.76121545D-09
  79 l-C3H       0  1  0  3  0  0  0  0  0  0  0  0  0  0  0.39686060D-09
  80 CH3         0  3  0  1  0  0  0  0  0  0  0  0  0  0  0.60305244D-09
  81 C2H2        0  2  0  2  0  0  0  0  0  0  0  0  0  0  0.31786526D-08
  82 NH3         0  3  0  0  1  0  0  0  0  0  0  0  0  0  0.49550090D-12
  83 SiCH2       0  2  0  1  0  0  1  0  0  0  0  0  0  0  0.55482940D-14
  84 C3N         0  0  0  3  1  0  0  0  0  0  0  0  0  0  0.21592036D-09
  85 C3O         0  0  0  3  0  1  0  0  0  0  0  0  0  0  0.44609494D-10
  86 C3P         0  0  0  3  0  0  0  0  0  0  0  0  1  0  0.16136272D-17
  87 C3S         0  0  0  3  0  0  0  1  0  0  0  0  0  0  0.95623158D-11
  88 H2CO        0  2  0  1  0  1  0  0  0  0  0  0  0  0  0.23240607D-09
  89 H2CS        0  2  0  1  0  0  0  1  0  0  0  0  0  0  0.17512423D-12
  90 HOOH        0  2  0  0  0  2  0  0  0  0  0  0  0  0  0.44373814D-19
  91 HSSH        0  2  0  0  0  0  0  2  0  0  0  0  0  0  0.27445556D-16
  92 H2SiO       0  2  0  0  0  1  1  0  0  0  0  0  0  0  0.14847726D-21
  93 HCCP        0  1  0  2  0  0  0  0  0  0  0  0  1  0  0.50387730D-15
  94 HCCSi       0  1  0  2  0  0  1  0  0  0  0  0  0  0  0.36337405D-12
  95 l-SiC3      0  0  0  3  0  0  1  0  0  0  0  0  0  0  0.68388199D-12
  96 SiH3        0  3  0  0  0  0  1  0  0  0  0  0  0  0  0.52286040D-21
  97 H2CN        0  2  0  1  1  0  0  0  0  0  0  0  0  0  0.34216708D-10
  98 C5          0  0  0  5  0  0  0  0  0  0  0  0  0  0  0.28810325D-10
  99 c-C3H2      0  2  0  3  0  0  0  0  0  0  0  0  0  0  0.38199254D-09
 100 l-C3H2      0  2  0  3  0  0  0  0  0  0  0  0  0  0  0.28625463D-09
 101 C4H         0  1  0  4  0  0  0  0  0  0  0  0  0  0  0.43839168D-09
 102 CH4         0  4  0  1  0  0  0  0  0  0  0  0  0  0  0.79340982D-09
 103 HC3N        0  1  0  3  1  0  0  0  0  0  0  0  0  0  0.19673844D-10
 104 H2CCN       0  2  0  2  1  0  0  0  0  0  0  0  0  0  0.33780638D-11
 105 H2CCO       0  2  0  2  0  1  0  0  0  0  0  0  0  0  0.11056739D-09
 106 C2H3        0  3  0  2  0  0  0  0  0  0  0  0  0  0  0.14974237D-09
 107 C4N         0  0  0  4  1  0  0  0  0  0  0  0  0  0  0.64641075D-10
 108 C4P         0  0  0  4  0  0  0  0  0  0  0  0  1  0  0.86606519D-17
 109 C4S         0  0  0  4  0  0  0  1  0  0  0  0  0  0  0.87456487D-13
 110 HCOOH       0  2  0  1  0  2  0  0  0  0  0  0  0  0  0.26739321D-16
 111 CH2PH       0  3  0  1  0  0  0  0  0  0  0  0  1  0  0.36674096D-20
 112 CH2NH       0  3  0  1  1  0  0  0  0  0  0  0  0  0  0.12957867D-15
 113 c-HCCHSi    0  2  0  2  0  0  1  0  0  0  0  0  0  0  0.16927853D-13
 114 SiC3H       0  1  0  3  0  0  1  0  0  0  0  0  0  0  0.19891790D-15
 115 SiC4        0  0  0  4  0  0  1  0  0  0  0  0  0  0  0.13979464D-15
 116 SiCH3       0  3  0  1  0  0  1  0  0  0  0  0  0  0  0.37683853D-16
 117 SiH4        0  4  0  0  0  0  1  0  0  0  0  0  0  0  0.30156549D-20
 118 HCNCC       0  1  0  3  1  0  0  0  0  0  0  0  0  0  0.80231941D-14
 119 HCCNC       0  1  0  3  1  0  0  0  0  0  0  0  0  0  0.21626178D-13
 120 HNCCC       0  1  0  3  1  0  0  0  0  0  0  0  0  0  0.13497527D-13
 121 NH2CN       0  2  0  1  2  0  0  0  0  0  0  0  0  0  0.00000000D+00
 122 C6          0  0  0  6  0  0  0  0  0  0  0  0  0  0  0.19359136D-11
 123 CH3CN       0  3  0  2  1  0  0  0  0  0  0  0  0  0  0.12615757D-12
 124 CH2CCH      0  3  0  3  0  0  0  0  0  0  0  0  0  0  0.18623578D-13
 125 C2H4        0  4  0  2  0  0  0  0  0  0  0  0  0  0  0.79439054D-13
 126 NC4N        0  0  0  4  2  0  0  0  0  0  0  0  0  0  0.33492902D-11
 127 H2CSiCH     0  3  0  2  0  0  1  0  0  0  0  0  0  0  0.22948057D-15
 128 SiC4H       0  1  0  4  0  0  1  0  0  0  0  0  0  0  0.15499853D-11
 129 HC4N        0  1  0  4  1  0  0  0  0  0  0  0  0  0  0.43522130D-13
 130 C4H2        0  2  0  4  0  0  0  0  0  0  0  0  0  0  0.49344006D-09
 131 C5H         0  1  0  5  0  0  0  0  0  0  0  0  0  0  0.49948501D-10
 132 C5N         0  0  0  5  1  0  0  0  0  0  0  0  0  0  0.10342079D-10
 133 CH3OH       0  4  0  1  0  1  0  0  0  0  0  0  0  0  0.21438925D-18
 134 NH2CHO      0  3  0  1  1  1  0  0  0  0  0  0  0  0  0.48614376D-18
 135 C5O         0  0  0  5  0  1  0  0  0  0  0  0  0  0  0.52692134D-11
 136 C7          0  0  0  7  0  0  0  0  0  0  0  0  0  0  0.19762016D-12
 137 HC5N        0  1  0  5  1  0  0  0  0  0  0  0  0  0  0.49138309D-12
 138 SiC2CH3     0  3  0  3  0  0  1  0  0  0  0  0  0  0  0.98763172D-18
 139 CH3CHO      0  4  0  2  0  1  0  0  0  0  0  0  0  0  0.34449235D-18
 140 C2H5        0  5  0  2  0  0  0  0  0  0  0  0  0  0  0.11914027D-21
 141 CH2CHCN     0  3  0  3  1  0  0  0  0  0  0  0  0  0  0.60376320D-17
 142 CH3CCH      0  4  0  3  0  0  0  0  0  0  0  0  0  0  0.31441399D-15
 143 C5H2        0  2  0  5  0  0  0  0  0  0  0  0  0  0  0.10690361D-09
 144 C6H         0  1  0  6  0  0  0  0  0  0  0  0  0  0  0.10398945D-10
 145 CH3NH2      0  5  0  1  1  0  0  0  0  0  0  0  0  0  0.76602115D-16
 146 C4H3        0  3  0  4  0  0  0  0  0  0  0  0  0  0  0.16772839D-15
 147 C6N         0  0  0  6  1  0  0  0  0  0  0  0  0  0  0.22334931D-11
 148 C8          0  0  0  8  0  0  0  0  0  0  0  0  0  0  0.78183648D-13
 149 HC6N        0  1  0  6  1  0  0  0  0  0  0  0  0  0  0.10874470D-14
 150 NC6N        0  0  0  6  2  0  0  0  0  0  0  0  0  0  0.78414857D-13
 151 SiC6H       0  1  0  6  0  0  1  0  0  0  0  0  0  0  0.11504439D-12
 152 CH2CHC2H    0  4  0  4  0  0  0  0  0  0  0  0  0  0  0.22607218D-16
 153 C6H2        0  2  0  6  0  0  0  0  0  0  0  0  0  0  0.36624549D-10
 154 C7H         0  1  0  7  0  0  0  0  0  0  0  0  0  0  0.12617665D-11
 155 C7N         0  0  0  7  1  0  0  0  0  0  0  0  0  0  0.57007880D-12
 156 CH3C3N      0  3  0  4  1  0  0  0  0  0  0  0  0  0  0.74725411D-15
 157 HCOOCH3     0  4  0  2  0  2  0  0  0  0  0  0  0  0  0.43815685D-24
 158 C2H6        0  6  0  2  0  0  0  0  0  0  0  0  0  0  0.00000000D+00
 159 C7O         0  0  0  7  0  1  0  0  0  0  0  0  0  0  0.13310744D-12
 160 C9          0  0  0  9  0  0  0  0  0  0  0  0  0  0  0.16566212D-13
 161 HC7N        0  1  0  7  1  0  0  0  0  0  0  0  0  0  0.55486318D-13
 162 SiC3H5      0  5  0  3  0  0  1  0  0  0  0  0  0  0  0.00000000D+00
 163 CH3CH2OH    0  6  0  2  0  1  0  0  0  0  0  0  0  0  0.74444776D-21
 164 C7H2        0  2  0  7  0  0  0  0  0  0  0  0  0  0  0.10908714D-10
 165 C8H         0  1  0  8  0  0  0  0  0  0  0  0  0  0  0.10750614D-11
 166 CH3C4H      0  4  0  5  0  0  0  0  0  0  0  0  0  0  0.19273679D-15
 167 CH3OCH3     0  6  0  2  0  1  0  0  0  0  0  0  0  0  0.78981738D-25
 168 CH3CHCH2    0  6  0  3  0  0  0  0  0  0  0  0  0  0  0.00000000D+00
 169 C8N         0  0  0  8  1  0  0  0  0  0  0  0  0  0  0.13996214D-12
 170 C10         0  0  0 10  0  0  0  0  0  0  0  0  0  0  0.52440143D-13
 171 CH3COCH3    0  6  0  3  0  1  0  0  0  0  0  0  0  0  0.81306544D-24
 172 C8H2        0  2  0  8  0  0  0  0  0  0  0  0  0  0  0.65646143D-11
 173 C9H         0  1  0  9  0  0  0  0  0  0  0  0  0  0  0.15342662D-12
 174 C9N         0  0  0  9  1  0  0  0  0  0  0  0  0  0  0.70780544D-13
 175 CH3C5N      0  3  0  6  1  0  0  0  0  0  0  0  0  0  0.12278116D-16
 176 HC8N        0  1  0  8  1  0  0  0  0  0  0  0  0  0  0.12279305D-15
 177 NC8N        0  0  0  8  2  0  0  0  0  0  0  0  0  0  0.88545003D-14
 178 SiC8H       0  1  0  8  0  0  1  0  0  0  0  0  0  0  0.20620651D-13
 179 CH2CHCHCH2  0  6  0  4  0  0  0  0  0  0  0  0  0  0  0.00000000D+00
 180 C9O         0  0  0  9  0  1  0  0  0  0  0  0  0  0  0.16185423D-13
 181 HC9N        0  1  0  9  1  0  0  0  0  0  0  0  0  0  0.56807497D-14
 182 C10H        0  1  0 10  0  0  0  0  0  0  0  0  0  0  0.10321319D-12
 183 C9H2        0  2  0  9  0  0  0  0  0  0  0  0  0  0  0.13903766D-11
 184 CH3C6H      0  4  0  7  0  0  0  0  0  0  0  0  0  0  0.54328601D-16
 185 C11         0  0  0 11  0  0  0  0  0  0  0  0  0  0  0.37052406D-12
 186 C10N        0  0  0 10  1  0  0  0  0  0  0  0  0  0  0.11429539D-13
 187 CH3C7N      0  3  0  8  1  0  0  0  0  0  0  0  0  0  0.13442632D-17
 188 C10H2       0  2  0 10  0  0  0  0  0  0  0  0  0  0  0.71556058D-12
 189 C6H6        0  6  0  6  0  0  0  0  0  0  0  0  0  0  0.27078095D-14
 190 Si+         1  0  0  0  0  0  1  0  0  0  0  0  0  0  0.70051400D-08
 191 C+          1  0  0  1  0  0  0  0  0  0  0  0  0  0  0.18192405D-05
 192 C-         -1  0  0  1  0  0  0  0  0  0  0  0  0  0  0.45488462D-13
 193 H-         -1  1  0  0  0  0  0  0  0  0  0  0  0  0  0.99870133D-14
 194 O-         -1  0  0  0  0  1  0  0  0  0  0  0  0  0  0.82719460D-15
 195 S-         -1  0  0  0  0  0  0  1  0  0  0  0  0  0  0.23750912D-16
 196 He+         1  0  1  0  0  0  0  0  0  0  0  0  0  0  0.36668530D-10
 197 H+          1  1  0  0  0  0  0  0  0  0  0  0  0  0  0.16791139D-07
 198 Fe+         1  0  0  0  0  0  0  0  1  0  0  0  0  0  0.29415656D-08
 199 Mg+         1  0  0  0  0  0  0  0  0  0  1  0  0  0  0.65751502D-08
 200 N+          1  0  0  0  1  0  0  0  0  0  0  0  0  0  0.43797104D-13
 201 Na+         1  0  0  0  0  0  0  0  0  1  0  0  0  0  0.19129992D-08
 202 O+          1  0  0  0  0  1  0  0  0  0  0  0  0  0  0.28444049D-15
 203 S+          1  0  0  0  0  0  0  1  0  0  0  0  0  0  0.66416377D-07
 204 Cl+         1  0  0  0  0  0  0  0  0  0  0  1  0  0  0.10982175D-16
 205 F+          1  0  0  0  0  0  0  0  0  0  0  0  0  1  0.96395188D-17
 206 P+          1  0  0  0  0  0  0  0  0  0  0  0  1  0  0.16007479D-09
 207 e-         -1  0  0  0  0  0  0  0  0  0  0  0  0  0  0.19215674D-05
 208 CH+         1  1  0  1  0  0  0  0  0  0  0  0  0  0  0.45854144D-12
 209 H2+         1  2  0  0  0  0  0  0  0  0  0  0  0  0  0.11538412D-12
 210 OH+         1  1  0  0  0  1  0  0  0  0  0  0  0  0  0.20254469D-13
 211 SiH+        1  1  0  0  0  0  1  0  0  0  0  0  0  0  0.77874946D-13
 212 C2+         1  0  0  2  0  0  0  0  0  0  0  0  0  0  0.36511528D-12
 213 CN-        -1  0  0  1  1  0  0  0  0  0  0  0  0  0  0.10051735D-12
 214 OH-        -1  1  0  0  0  1  0  0  0  0  0  0  0  0  0.62055612D-14
 215 CF+         1  0  0  1  0  0  0  0  0  0  0  0  0  1  0.75443895D-10
 216 HS+         1  1  0  0  0  0  0  1  0  0  0  0  0  0  0.15153897D-13
 217 SO+         1  0  0  0  0  1  0  1  0  0  0  0  0  0  0.10502122D-12
 218 CCl+        1  0  0  1  0  0  0  0  0  0  0  1  0  0  0.27932166D-11
 219 ClO+        1  0  0  0  0  1  0  0  0  0  0  1  0  0  0.00000000D+00
 220 CN+         1  0  0  1  1  0  0  0  0  0  0  0  0  0  0.12452778D-15
 221 CO+         1  0  0  1  0  1  0  0  0  0  0  0  0  0  0.99072478D-14
 222 CP+         1  0  0  1  0  0  0  0  0  0  0  0  1  0  0.13483371D-16
 223 CS+         1  0  0  1  0  0  0  1  0  0  0  0  0  0  0.71725453D-13
 224 HCl+        1  1  0  0  0  0  0  0  0  0  0  1  0  0  0.38845583D-15
 225 HF+         1  1  0  0  0  0  0  0  0  0  0  0  0  1  0.73910713D-17
 226 HeH+        1  1  1  0  0  0  0  0  0  0  0  0  0  0  0.69043897D-20
 227 N2+         1  0  0  0  2  0  0  0  0  0  0  0  0  0  0.21902063D-16
 228 NH+         1  1  0  0  1  0  0  0  0  0  0  0  0  0  0.24957692D-15
 229 NO+         1  0  0  0  1  1  0  0  0  0  0  0  0  0  0.61995243D-14
 230 NS+         1  0  0  0  1  0  0  1  0  0  0  0  0  0  0.14943486D-13
 231 O2+         1  0  0  0  0  2  0  0  0  0  0  0  0  0  0.17777429D-14
 232 PH+         1  1  0  0  0  0  0  0  0  0  0  0  1  0  0.66098964D-14
 233 PN+         1  0  0  0  1  0  0  0  0  0  0  0  1  0  0.34676465D-14
 234 PO+         1  0  0  0  0  1  0  0  0  0  0  0  1  0  0.44437280D-14
 235 S2+         1  0  0  0  0  0  0  2  0  0  0  0  0  0  0.96261469D-17
 236 SiC+        1  0  0  1  0  0  1  0  0  0  0  0  0  0  0.29221947D-14
 237 SiN+        1  0  0  0  1  0  1  0  0  0  0  0  0  0  0.93554388D-13
 238 SiO+        1  0  0  0  0  1  1  0  0  0  0  0  0  0  0.35557801D-15
 239 SiS+        1  0  0  0  0  0  1  1  0  0  0  0  0  0  0.30908339D-17
 240 SiF+        1  0  0  0  0  0  1  0  0  0  0  0  0  1  0.23271065D-12
 241 CH2+        1  2  0  1  0  0  0  0  0  0  0  0  0  0  0.30382138D-11
 242 C2N+        1  0  0  2  1  0  0  0  0  0  0  0  0  0  0.15758299D-14
 243 CNC+        1  0  0  2  1  0  0  0  0  0  0  0  0  0  0.77886882D-11
 244 HSiO+       1  1  0  0  0  1  1  0  0  0  0  0  0  0  0.34445610D-13
 245 N2H+        1  1  0  0  2  0  0  0  0  0  0  0  0  0  0.23577354D-13
 246 C2H+        1  1  0  2  0  0  0  0  0  0  0  0  0  0  0.46842417D-12
 247 H3+         1  3  0  0  0  0  0  0  0  0  0  0  0  0  0.86475946D-10
 248 C3-        -1  0  0  3  0  0  0  0  0  0  0  0  0  0  0.46810095D-12
 249 HCO+        1  1  0  1  0  1  0  0  0  0  0  0  0  0  0.93736587D-11
 250 HSO+        1  1  0  0  0  1  0  1  0  0  0  0  0  0  0.16450556D-17
 251 H2S+        1  2  0  0  0  0  0  1  0  0  0  0  0  0  0.22548498D-12
 252 HCS+        1  1  0  1  0  0  0  1  0  0  0  0  0  0  0.15226904D-11
 253 HPO+        1  1  0  0  0  1  0  0  0  0  0  0  1  0  0.53736732D-16
 254 C2O+        1  0  0  2  0  1  0  0  0  0  0  0  0  0  0.21369643D-13
 255 C2S+        1  0  0  2  0  0  0  1  0  0  0  0  0  0  0.66451529D-12
 256 C3+         1  0  0  3  0  0  0  0  0  0  0  0  0  0  0.49026663D-12
 257 CCP+        1  0  0  2  0  0  0  0  0  0  0  0  1  0  0.66607191D-15
 258 CHSi+       1  1  0  1  0  0  1  0  0  0  0  0  0  0  0.33325529D-14
 259 CO2+        1  0  0  1  0  2  0  0  0  0  0  0  0  0  0.58615980D-21
 260 H2Cl+       1  2  0  0  0  0  0  0  0  0  0  1  0  0  0.76660977D-13
 261 H2F+        1  2  0  0  0  0  0  0  0  0  0  0  0  1  0.23850496D-14
 262 H2O+        1  2  0  0  0  1  0  0  0  0  0  0  0  0  0.51199885D-13
 263 HCN+        1  1  0  1  1  0  0  0  0  0  0  0  0  0  0.18009255D-14
 264 HCP+        1  1  0  1  0  0  0  0  0  0  0  0  1  0  0.17491291D-16
 265 HNC+        1  1  0  1  1  0  0  0  0  0  0  0  0  0  0.36497624D-14
 266 HNO+        1  1  0  0  1  1  0  0  0  0  0  0  0  0  0.19098516D-15
 267 HNS+        1  1  0  0  1  0  0  1  0  0  0  0  0  0  0.99533369D-18
 268 HNSi+       1  1  0  0  1  0  1  0  0  0  0  0  0  0  0.66893327D-17
 269 HOC+        1  1  0  1  0  1  0  0  0  0  0  0  0  0  0.15744063D-11
 270 HPN+        1  1  0  0  1  0  0  0  0  0  0  0  1  0  0.67065259D-17
 271 HSiS+       1  1  0  0  0  0  1  1  0  0  0  0  0  0  0.73588840D-15
 272 NaH2+       1  2  0  0  0  0  0  0  0  1  0  0  0  0  0.12113431D-15
 273 NCO+        1  0  0  1  1  1  0  0  0  0  0  0  0  0  0.36992030D-17
 274 NH2+        1  2  0  0  1  0  0  0  0  0  0  0  0  0  0.19893388D-14
 275 NO2+        1  0  0  0  1  2  0  0  0  0  0  0  0  0  0.25753809D-21
 276 HO2+        1  1  0  0  0  2  0  0  0  0  0  0  0  0  0.62134175D-19
 277 OCS+        1  0  0  1  0  1  0  1  0  0  0  0  0  0  0.14543410D-13
 278 PH2+        1  2  0  0  0  0  0  0  0  0  0  0  1  0  0.15817601D-13
 279 HS2+        1  1  0  0  0  0  0  2  0  0  0  0  0  0  0.75365426D-18
 280 SiC2+       1  0  0  2  0  0  1  0  0  0  0  0  0  0  0.10000106D-14
 281 SiH2+       1  2  0  0  0  0  1  0  0  0  0  0  0  0  0.55723778D-12
 282 SiNC+       1  0  0  1  1  0  1  0  0  0  0  0  0  0  0.43713571D-13
 283 SO2+        1  0  0  0  0  2  0  1  0  0  0  0  0  0  0.16984136D-22
 284 HCNH+       1  2  0  1  1  0  0  0  0  0  0  0  0  0  0.60394275D-12
 285 HC2N+       1  1  0  2  1  0  0  0  0  0  0  0  0  0  0.37800446D-15
 286 C3H+        1  1  0  3  0  0  0  0  0  0  0  0  0  0  0.17584991D-11
 287 C4+         1  0  0  4  0  0  0  0  0  0  0  0  0  0  0.49347651D-12
 288 H2CO+       1  2  0  1  0  1  0  0  0  0  0  0  0  0  0.23938327D-12
 289 CH3+        1  3  0  1  0  0  0  0  0  0  0  0  0  0  0.33018750D-09
 290 C3N-       -1  0  0  3  1  0  0  0  0  0  0  0  0  0  0.42560501D-12
 291 C4-        -1  0  0  4  0  0  0  0  0  0  0  0  0  0  0.24830867D-10
 292 H3O+        1  3  0  0  0  1  0  0  0  0  0  0  0  0  0.34315393D-11
 293 H2NO+       1  2  0  0  1  1  0  0  0  0  0  0  0  0  0.11564225D-16
 294 H3S+        1  3  0  0  0  0  0  1  0  0  0  0  0  0  0.19384871D-17
 295 HC2S+       1  1  0  2  0  0  0  1  0  0  0  0  0  0  0.89784264D-13
 296 HOCS+       1  1  0  1  0  1  0  1  0  0  0  0  0  0  0.14110279D-17
 297 PCH2+       1  2  0  1  0  0  0  0  0  0  0  0  1  0  0.28109132D-14
 298 H2S2+       1  2  0  0  0  0  0  2  0  0  0  0  0  0  0.40050376D-20
 299 C2H2+       1  2  0  2  0  0  0  0  0  0  0  0  0  0  0.31788310D-10
 300 C2HO+       1  1  0  2  0  1  0  0  0  0  0  0  0  0  0.63573484D-13
 301 C2N2+       1  0  0  2  2  0  0  0  0  0  0  0  0  0  0.68373171D-22
 302 C3N+        1  0  0  3  1  0  0  0  0  0  0  0  0  0  0.91041306D-18
 303 C3O+        1  0  0  3  0  1  0  0  0  0  0  0  0  0  0.16713254D-12
 304 C3S+        1  0  0  3  0  0  0  1  0  0  0  0  0  0  0.46491524D-12
 305 CH2Si+      1  2  0  1  0  0  1  0  0  0  0  0  0  0  0.41939684D-12
 306 H2CCl+      1  2  0  1  0  0  0  0  0  0  0  1  0  0  0.47011512D-15
 307 H2CS+       1  2  0  1  0  0  0  1  0  0  0  0  0  0  0.85989125D-16
 308 H2NC+       1  2  0  1  1  0  0  0  0  0  0  0  0  0  0.57730713D-12
 309 H2PO+       1  2  0  0  0  1  0  0  0  0  0  0  1  0  0.15056878D-20
 310 H2SiO+      1  2  0  0  0  1  1  0  0  0  0  0  0  0  0.67825019D-19
 311 HOCO+       1  1  0  1  0  2  0  0  0  0  0  0  0  0  0.11927048D-17
 312 HNCO+       1  1  0  1  1  1  0  0  0  0  0  0  0  0  0.18946510D-22
 313 HSiO2+      1  1  0  0  0  2  1  0  0  0  0  0  0  0  0.12279623D-24
 314 HSO2+       1  1  0  0  0  2  0  1  0  0  0  0  0  0  0.24504634D-21
 315 NaH2O+      1  2  0  0  0  1  0  0  0  1  0  0  0  0  0.20486845D-21
 316 NH3+        1  3  0  0  1  0  0  0  0  0  0  0  0  0  0.32038782D-13
 317 PC2H+       1  1  0  2  0  0  0  0  0  0  0  0  1  0  0.20022140D-15
 318 PH3+        1  3  0  0  0  0  0  0  0  0  0  0  1  0  0.29368320D-17
 319 PNH2+       1  2  0  0  1  0  0  0  0  0  0  0  1  0  0.13004194D-18
 320 SiC2H+      1  1  0  2  0  0  1  0  0  0  0  0  0  0  0.23942299D-12
 321 l-SiC3+     1  0  0  3  0  0  1  0  0  0  0  0  0  0  0.55531302D-13
 322 SiH3+       1  3  0  0  0  0  1  0  0  0  0  0  0  0  0.10174102D-16
 323 SiNCH+      1  1  0  1  1  0  1  0  0  0  0  0  0  0  0.30118881D-17
 324 HSiNH+      1  2  0  0  1  0  1  0  0  0  0  0  0  0  0.10683654D-14
 325 HN2O+       1  1  0  0  2  1  0  0  0  0  0  0  0  0  0.49683553D-26
 326 C2H3+       1  3  0  2  0  0  0  0  0  0  0  0  0  0  0.19501297D-12
 327 c-C3H2+     1  2  0  3  0  0  0  0  0  0  0  0  0  0  0.44184859D-12
 328 l-C3H2+     1  2  0  3  0  0  0  0  0  0  0  0  0  0  0.24135309D-12
 329 C4H+        1  1  0  4  0  0  0  0  0  0  0  0  0  0  0.57472145D-12
 330 C5+         1  0  0  5  0  0  0  0  0  0  0  0  0  0  0.24941007D-13
 331 HC3O+       1  1  0  3  0  1  0  0  0  0  0  0  0  0  0.32693032D-16
 332 C4H-       -1  1  0  4  0  0  0  0  0  0  0  0  0  0  0.44333602D-10
 333 C5-        -1  0  0  5  0  0  0  0  0  0  0  0  0  0  0.91279356D-11
 334 NH4+        1  4  0  0  1  0  0  0  0  0  0  0  0  0  0.11951084D-14
 335 H3CS+       1  3  0  1  0  0  0  1  0  0  0  0  0  0  0.11683195D-14
 336 H2COH+      1  3  0  1  0  1  0  0  0  0  0  0  0  0  0.50757947D-15
 337 H3S2+       1  3  0  0  0  0  0  2  0  0  0  0  0  0  0.35804311D-19
 338 HC3S+       1  1  0  3  0  0  0  1  0  0  0  0  0  0  0.27822588D-12
 339 PC3H+       1  1  0  3  0  0  0  0  0  0  0  0  1  0  0.67675623D-20
 340 PCH3+       1  3  0  1  0  0  0  0  0  0  0  0  1  0  0.91374052D-21
 341 PNH3+       1  3  0  0  1  0  0  0  0  0  0  0  1  0  0.35761641D-23
 342 SiC2H2+     1  2  0  2  0  0  1  0  0  0  0  0  0  0  0.28748265D-14
 343 SiC3H+      1  1  0  3  0  0  1  0  0  0  0  0  0  0  0.20423486D-13
 344 SiC4+       1  0  0  4  0  0  1  0  0  0  0  0  0  0  0.51839125D-14
 345 SiCH3+      1  3  0  1  0  0  1  0  0  0  0  0  0  0  0.34020904D-18
 346 SiH4+       1  4  0  0  0  0  1  0  0  0  0  0  0  0  0.15122445D-27
 347 CH2CN+      1  2  0  2  1  0  0  0  0  0  0  0  0  0  0.11172069D-12
 348 H2CCO+      1  2  0  2  0  1  0  0  0  0  0  0  0  0  0.37187193D-12
 349 HC3N+       1  1  0  3  1  0  0  0  0  0  0  0  0  0  0.49109576D-14
 350 C4N+        1  0  0  4  1  0  0  0  0  0  0  0  0  0  0.12093890D-14
 351 C4P+        1  0  0  4  0  0  0  0  0  0  0  0  1  0  0.48939056D-21
 352 C4S+        1  0  0  4  0  0  0  1  0  0  0  0  0  0  0.47611328D-13
 353 HCOOH+      1  2  0  1  0  2  0  0  0  0  0  0  0  0  0.39266693D-20
 354 CH4+        1  4  0  1  0  0  0  0  0  0  0  0  0  0  0.86265162D-15
 355 H3SiO+      1  3  0  0  0  1  1  0  0  0  0  0  0  0  0.31243446D-25
 356 PC2H2+      1  2  0  2  0  0  0  0  0  0  0  0  1  0  0.97049706D-17
 357 C6+         1  0  0  6  0  0  0  0  0  0  0  0  0  0  0.12611352D-12
 358 HC4N+       1  1  0  4  1  0  0  0  0  0  0  0  0  0  0.32537029D-19
 359 C5H-       -1  1  0  5  0  0  0  0  0  0  0  0  0  0  0.18779108D-10
 360 C6-        -1  0  0  6  0  0  0  0  0  0  0  0  0  0  0.32590054D-11
 361 CH3CO+      1  3  0  2  0  1  0  0  0  0  0  0  0  0  0.14080113D-12
 362 C2H4+       1  4  0  2  0  0  0  0  0  0  0  0  0  0  0.52403414D-11
 363 HC3NH+      1  2  0  3  1  0  0  0  0  0  0  0  0  0  0.44111358D-14
 364 HC4S+       1  1  0  4  0  0  0  1  0  0  0  0  0  0  0.50183771D-14
 365 CH5+        1  5  0  1  0  0  0  0  0  0  0  0  0  0  0.53607513D-11
 366 C4H2+       1  2  0  4  0  0  0  0  0  0  0  0  0  0  0.11473533D-10
 367 C5H+        1  1  0  5  0  0  0  0  0  0  0  0  0  0  0.87508468D-12
 368 CH3CN+      1  3  0  2  1  0  0  0  0  0  0  0  0  0  0.14490242D-13
 369 c-C3H3+     1  3  0  3  0  0  0  0  0  0  0  0  0  0  0.61168622D-11
 370 l-C3H3+     1  3  0  3  0  0  0  0  0  0  0  0  0  0  0.61167368D-11
 371 C5N+        1  0  0  5  1  0  0  0  0  0  0  0  0  0  0.13814411D-16
 372 CH3O2+      1  3  0  1  0  2  0  0  0  0  0  0  0  0  0.17777568D-19
 373 CH2NH2+     1  4  0  1  1  0  0  0  0  0  0  0  0  0  0.10984714D-17
 374 CH3OH+      1  4  0  1  0  1  0  0  0  0  0  0  0  0  0.32509901D-21
 375 H2C3O+      1  2  0  3  0  1  0  0  0  0  0  0  0  0  0.53725083D-15
 376 HC2NCH+     1  2  0  3  1  0  0  0  0  0  0  0  0  0  0.51757603D-15
 377 HC4O+       1  1  0  4  0  1  0  0  0  0  0  0  0  0  0.34913576D-13
 378 NH2CNH+     1  3  0  1  2  0  0  0  0  0  0  0  0  0  0.00000000D+00
 379 PC2H3+      1  3  0  2  0  0  0  0  0  0  0  0  1  0  0.18544884D-23
 380 PC4H+       1  1  0  4  0  0  0  0  0  0  0  0  1  0  0.90891172D-19
 381 PCH4+       1  4  0  1  0  0  0  0  0  0  0  0  1  0  0.45676646D-22
 382 SiC2H3+     1  3  0  2  0  0  1  0  0  0  0  0  0  0  0.34085810D-15
 383 SiC3H2+     1  2  0  3  0  0  1  0  0  0  0  0  0  0  0.14111239D-17
 384 SiC4H+      1  1  0  4  0  0  1  0  0  0  0  0  0  0  0.59610963D-18
 385 SiCH4+      1  4  0  1  0  0  1  0  0  0  0  0  0  0  0.38961492D-18
 386 SiH5+       1  5  0  0  0  0  1  0  0  0  0  0  0  0  0.87979000D-23
 387 C7+         1  0  0  7  0  0  0  0  0  0  0  0  0  0  0.14952098D-13
 388 H2C4N+      1  2  0  4  1  0  0  0  0  0  0  0  0  0  0.48175860D-19
 389 C6H-       -1  1  0  6  0  0  0  0  0  0  0  0  0  0  0.63144690D-11
 390 C7-        -1  0  0  7  0  0  0  0  0  0  0  0  0  0  0.93364596D-12
 391 C4H3+       1  3  0  4  0  0  0  0  0  0  0  0  0  0  0.86848408D-13
 392 C5H2+       1  2  0  5  0  0  0  0  0  0  0  0  0  0  0.35766672D-14
 393 CH3CNH+     1  4  0  2  1  0  0  0  0  0  0  0  0  0  0.50948701D-14
 394 C2H4O+      1  4  0  2  0  1  0  0  0  0  0  0  0  0  0.84028257D-20
 395 C2H5+       1  5  0  2  0  0  0  0  0  0  0  0  0  0  0.31964372D-16
 396 C3H3N+      1  3  0  3  1  0  0  0  0  0  0  0  0  0  0.11461597D-18
 397 C3H4+       1  4  0  3  0  0  0  0  0  0  0  0  0  0  0.52356303D-17
 398 HC5N+       1  1  0  5  1  0  0  0  0  0  0  0  0  0  0.16929229D-14
 399 C6H+        1  1  0  6  0  0  0  0  0  0  0  0  0  0  0.44494538D-12
 400 CH3NH2+     1  5  0  1  1  0  0  0  0  0  0  0  0  0  0.28324663D-18
 401 CH3OH2+     1  5  0  1  0  1  0  0  0  0  0  0  0  0  0.70800489D-20
 402 H3C3O+      1  3  0  3  0  1  0  0  0  0  0  0  0  0  0.54704096D-16
 403 NH2CH2O+    1  4  0  1  1  1  0  0  0  0  0  0  0  0  0.28754532D-24
 404 PC2H4+      1  4  0  2  0  0  0  0  0  0  0  0  1  0  0.43775373D-24
 405 PC4H2+      1  2  0  4  0  0  0  0  0  0  0  0  1  0  0.18342454D-21
 406 HC5O+       1  1  0  5  0  1  0  0  0  0  0  0  0  0  0.31210375D-17
 407 C6N+        1  0  0  6  1  0  0  0  0  0  0  0  0  0  0.40386318D-16
 408 H2C5N+      1  2  0  5  1  0  0  0  0  0  0  0  0  0  0.10195961D-15
 409 C8+         1  0  0  8  0  0  0  0  0  0  0  0  0  0  0.25350017D-13
 410 C7H-       -1  1  0  7  0  0  0  0  0  0  0  0  0  0  0.24621513D-11
 411 C8-        -1  0  0  8  0  0  0  0  0  0  0  0  0  0  0.12734312D-12
 412 C5H3+       1  3  0  5  0  0  0  0  0  0  0  0  0  0  0.73885604D-16
 413 C3H5+       1  5  0  3  0  0  0  0  0  0  0  0  0  0  0.62099014D-17
 414 C6H2+       1  2  0  6  0  0  0  0  0  0  0  0  0  0  0.24075609D-13
 415 C7H+        1  1  0  7  0  0  0  0  0  0  0  0  0  0  0.14085591D-12
 416 CH3CHOH+    1  5  0  2  0  1  0  0  0  0  0  0  0  0  0.90119832D-20
 417 C2H6+       1  6  0  2  0  0  0  0  0  0  0  0  0  0  0.43355082D-28
 418 C3H3NH+     1  4  0  3  1  0  0  0  0  0  0  0  0  0  0.48748277D-22
 419 C4H4+       1  4  0  4  0  0  0  0  0  0  0  0  0  0  0.13892384D-17
 420 C7N+        1  0  0  7  1  0  0  0  0  0  0  0  0  0  0.23410369D-17
 421 CH3NH3+     1  6  0  1  1  0  0  0  0  0  0  0  0  0  0.10399683D-17
 422 COOCH4+     1  4  0  2  0  2  0  0  0  0  0  0  0  0  0.30886225D-26
 423 H3C4N+      1  3  0  4  1  0  0  0  0  0  0  0  0  0  0.47873446D-19
 424 HC6N+       1  1  0  6  1  0  0  0  0  0  0  0  0  0  0.18278986D-20
 425 C9+         1  0  0  9  0  0  0  0  0  0  0  0  0  0  0.52898466D-14
 426 C8H-       -1  1  0  8  0  0  0  0  0  0  0  0  0  0  0.60077821D-12
 427 C9-        -1  0  0  9  0  0  0  0  0  0  0  0  0  0  0.81032168D-13
 428 C4H5+       1  5  0  4  0  0  0  0  0  0  0  0  0  0  0.10595925D-17
 429 C6H3+       1  3  0  6  0  0  0  0  0  0  0  0  0  0  0.42368317D-16
 430 C7H2+       1  2  0  7  0  0  0  0  0  0  0  0  0  0  0.49530202D-15
 431 C2H5OH+     1  6  0  2  0  1  0  0  0  0  0  0  0  0  0.97746049D-24
 432 H3C4NH+     1  4  0  4  1  0  0  0  0  0  0  0  0  0  0.83470260D-17
 433 C5H3N+      1  3  0  5  1  0  0  0  0  0  0  0  0  0  0.60734862D-18
 434 C5H4+       1  4  0  5  0  0  0  0  0  0  0  0  0  0  0.30033523D-17
 435 HC7N+       1  1  0  7  1  0  0  0  0  0  0  0  0  0  0.15129044D-15
 436 C8H+        1  1  0  8  0  0  0  0  0  0  0  0  0  0  0.44129563D-15
 437 CH3OCH3+    1  6  0  2  0  1  0  0  0  0  0  0  0  0  0.20822030D-27
 438 H5C2O2+     1  5  0  2  0  2  0  0  0  0  0  0  0  0  0.69862847D-26
 439 HC7O+       1  1  0  7  0  1  0  0  0  0  0  0  0  0  0.78841618D-19
 440 C8N+        1  0  0  8  1  0  0  0  0  0  0  0  0  0  0.48575620D-17
 441 H2C6N+      1  2  0  6  1  0  0  0  0  0  0  0  0  0  0.43115265D-18
 442 C2H7+       1  7  0  2  0  0  0  0  0  0  0  0  0  0  0.00000000D+00
 443 C10+        1  0  0 10  0  0  0  0  0  0  0  0  0  0  0.20729255D-14
 444 CH3OCH4+    1  7  0  2  0  1  0  0  0  0  0  0  0  0  0.65887711D-27
 445 C9H-       -1  1  0  9  0  0  0  0  0  0  0  0  0  0  0.27896110D-12
 446 C10-       -1  0  0 10  0  0  0  0  0  0  0  0  0  0  0.82364801D-13
 447 C7H2N+      1  2  0  7  1  0  0  0  0  0  0  0  0  0  0.90015128D-16
 448 C7H3+       1  3  0  7  0  0  0  0  0  0  0  0  0  0  0.15157810D-16
 449 C5H5+       1  5  0  5  0  0  0  0  0  0  0  0  0  0  0.23746751D-17
 450 C8H2+       1  2  0  8  0  0  0  0  0  0  0  0  0  0  0.15548653D-13
 451 C9H+        1  1  0  9  0  0  0  0  0  0  0  0  0  0  0.11610770D-13
 452 C2H5OH2+    1  7  0  2  0  1  0  0  0  0  0  0  0  0  0.14956813D-22
 453 C2H6CO+     1  6  0  3  0  1  0  0  0  0  0  0  0  0  0.91247543D-26
 454 C5H4N+      1  4  0  5  1  0  0  0  0  0  0  0  0  0  0.48848212D-20
 455 C6H4+       1  4  0  6  0  0  0  0  0  0  0  0  0  0  0.63190658D-17
 456 C9N+        1  0  0  9  1  0  0  0  0  0  0  0  0  0  0.19787234D-18
 457 HC8N+       1  1  0  8  1  0  0  0  0  0  0  0  0  0  0.19941786D-21
 458 C10H+       1  1  0 10  0  0  0  0  0  0  0  0  0  0  0.30906927D-14
 459 C10H-      -1  1  0 10  0  0  0  0  0  0  0  0  0  0  0.44032381D-13
 460 C8H3+       1  3  0  8  0  0  0  0  0  0  0  0  0  0  0.49288750D-17
 461 C9H2+       1  2  0  9  0  0  0  0  0  0  0  0  0  0  0.61618765D-16
 462 C3H6OH+     1  7  0  3  0  1  0  0  0  0  0  0  0  0  0.19381891D-25
 463 C4H7+       1  7  0  4  0  0  0  0  0  0  0  0  0  0  0.94926755D-23
 464 H3C6NH+     1  4  0  6  1  0  0  0  0  0  0  0  0  0  0.15258320D-18
 465 C6H5+       1  5  0  6  0  0  0  0  0  0  0  0  0  0  0.81072984D-20
 466 H3C7N+      1  3  0  7  1  0  0  0  0  0  0  0  0  0  0.22411755D-18
 467 C7H4+       1  4  0  7  0  0  0  0  0  0  0  0  0  0  0.19208811D-18
 468 C9HN+       1  1  0  9  1  0  0  0  0  0  0  0  0  0  0.13204349D-16
 469 C11+        1  0  0 11  0  0  0  0  0  0  0  0  0  0  0.77395277D-15
 470 HC9O+       1  1  0  9  0  1  0  0  0  0  0  0  0  0  0.95868791D-20
 471 C10N+       1  0  0 10  1  0  0  0  0  0  0  0  0  0  0.47704902D-18
 472 H2C8N+      1  2  0  8  1  0  0  0  0  0  0  0  0  0  0.47037370D-19
 473 C9H2N+      1  2  0  9  1  0  0  0  0  0  0  0  0  0  0.23276445D-17
 474 C9H3+       1  3  0  9  0  0  0  0  0  0  0  0  0  0  0.16937562D-17
 475 C10H2+      1  2  0 10  0  0  0  0  0  0  0  0  0  0  0.60916037D-17
 476 C7H5+       1  5  0  7  0  0  0  0  0  0  0  0  0  0  0.63537537D-18
 477 C8H4+       1  4  0  8  0  0  0  0  0  0  0  0  0  0  0.60310101D-18
 478 HC10N+      1  1  0 10  1  0  0  0  0  0  0  0  0  0  0.16284791D-22
 479 C6H7+       1  7  0  6  0  0  0  0  0  0  0  0  0  0  0.23196549D-19
 480 C9H4+       1  4  0  9  0  0  0  0  0  0  0  0  0  0  0.22055943D-19
 481 C8H4N+      1  4  0  8  1  0  0  0  0  0  0  0  0  0  0.17228988D-19
 482 C8H5+       1  5  0  8  0  0  0  0  0  0  0  0  0  0  0.66905512D-20
 483 C9H3N+      1  3  0  9  1  0  0  0  0  0  0  0  0  0  0.69105544D-20
 484 C10H3+      1  3  0 10  0  0  0  0  0  0  0  0  0  0  0.31966731D-19
 485 H2C10N+     1  2  0 10  1  0  0  0  0  0  0  0  0  0  0.57617235D-20
 486 C9H5+       1  5  0  9  0  0  0  0  0  0  0  0  0  0  0.56919342D-23
 487 GRAIN0      0  0  0  0  0  0  0  0  0  0  0  0  0  0  0.89157319D-14
 488 GRAIN-     -1  0  0  0  0  0  0  0  0  0  0  0  0  0  0.13125843D-11
 489 XH          0  1  0  0  0  0  0  0  0  0  0  0  0  0  0.31811900D-12
