0.11D+08                                              +-  H  He C  O  S  G    
 JSPACE =            1
   1 H           0  1  0  0  0  0  0  0  0  0  0  0  0  0  0.63316101D-04
   2 C           0  0  0  1  0  0  0  0  0  0  0  0  0  0  0.22387213D-04
   3 Fe          0  0  0  0  0  0  0  0  1  0  0  0  0  0  0.11880424D-10
   4 Mg          0  0  0  0  0  0  0  0  0  0  1  0  0  0  0.68358895D-10
   5 S           0  0  0  0  0  0  0  1  0  0  0  0  0  0  0.19287265D-08
   6 Si          0  0  0  0  0  0  1  0  0  0  0  0  0  0  0.40333575D-09
   7 O           0  0  0  0  0  1  0  0  0  0  0  0  0  0  0.96212420D-04
   8 N           0  0  0  0  1  0  0  0  0  0  0  0  0  0  0.55268185D-04
   9 He          0  0  1  0  0  0  0  0  0  0  0  0  0  0  0.90000000D-01
  10 Cl          0  0  0  0  0  0  0  0  0  0  0  1  0  0  0.99982578D-09
  11 Na          0  0  0  0  0  0  0  0  0  1  0  0  0  0  0.18127348D-10
  12 P           0  0  0  0  0  0  0  0  0  0  0  0  1  0  0.11160617D-11
  13 F           0  0  0  0  0  0  0  0  0  0  0  0  0  1  0.36536098D-10
  14 OH          0  1  0  0  0  1  0  0  0  0  0  0  0  0  0.64111140D-09
  15 CO          0  0  0  1  0  1  0  0  0  0  0  0  0  0  0.14378530D-03
  16 CS          0  0  0  1  0  0  0  1  0  0  0  0  0  0  0.17096213D-08
  17 HS          0  1  0  0  0  0  0  1  0  0  0  0  0  0  0.82939041D-11
  18 N2          0  0  0  0  2  0  0  0  0  0  0  0  0  0  0.33480376D-05
  19 NH          0  1  0  0  1  0  0  0  0  0  0  0  0  0  0.10518390D-10
  20 SiH         0  1  0  0  0  0  1  0  0  0  0  0  0  0  0.39187983D-10
  21 SiO         0  0  0  0  0  1  1  0  0  0  0  0  0  0  0.22985034D-10
  22 SO          0  0  0  0  0  1  0  1  0  0  0  0  0  0  0.44582376D-11
  23 CH          0  1  0  1  0  0  0  0  0  0  0  0  0  0  0.13963652D-07
  24 O2          0  0  0  0  0  2  0  0  0  0  0  0  0  0  0.42332617D-09
  25 H2          0  2  0  0  0  0  0  0  0  0  0  0  0  0  0.49996831D+00
  26 C2          0  0  0  2  0  0  0  0  0  0  0  0  0  0  0.64423388D-08
  27 CN          0  0  0  1  1  0  0  0  0  0  0  0  0  0  0.31930677D-07
  28 MgH         0  1  0  0  0  0  0  0  0  0  1  0  0  0  0.10567180D-16
  29 NaH         0  1  0  0  0  0  0  0  0  1  0  0  0  0  0.13426938D-14
  30 NO          0  0  0  0  1  1  0  0  0  0  0  0  0  0  0.13799136D-09
  31 NS          0  0  0  0  1  0  0  1  0  0  0  0  0  0  0.13517039D-11
  32 PH          0  1  0  0  0  0  0  0  0  0  0  0  1  0  0.53249942D-13
  33 PN          0  0  0  0  1  0  0  0  0  0  0  0  1  0  0.83987812D-11
  34 PO          0  0  0  0  0  1  0  0  0  0  0  0  1  0  0.27384501D-13
  35 S2          0  0  0  0  0  0  0  2  0  0  0  0  0  0  0.25547174D-15
  36 SiC         0  0  0  1  0  0  1  0  0  0  0  0  0  0  0.17342474D-10
  37 SiN         0  0  0  0  1  0  1  0  0  0  0  0  0  0  0.13484819D-10
  38 SiS         0  0  0  0  0  0  1  1  0  0  0  0  0  0  0.86320108D-13
  39 CCl         0  0  0  1  0  0  0  0  0  0  0  1  0  0  0.44050340D-17
  40 ClO         0  0  0  0  0  1  0  0  0  0  0  1  0  0  0.00000000D+00
  41 CP          0  0  0  1  0  0  0  0  0  0  0  0  1  0  0.34227030D-13
  42 HCl         0  1  0  0  0  0  0  0  0  0  0  1  0  0  0.16712187D-12
  43 HF          0  1  0  0  0  0  0  0  0  0  0  0  0  1  0.65522955D-08
  44 CCH         0  1  0  2  0  0  0  0  0  0  0  0  0  0  0.39390240D-08
  45 C3          0  0  0  3  0  0  0  0  0  0  0  0  0  0  0.10019565D-07
  46 CH2         0  2  0  1  0  0  0  0  0  0  0  0  0  0  0.13193303D-07
  47 SO2         0  0  0  0  0  2  0  1  0  0  0  0  0  0  0.44809130D-16
  48 H2O         0  2  0  0  0  1  0  0  0  0  0  0  0  0  0.33526543D-09
  49 HCN         0  1  0  1  1  0  0  0  0  0  0  0  0  0  0.17945290D-08
  50 HCSi        0  1  0  1  0  0  1  0  0  0  0  0  0  0  0.27043625D-10
  51 CCN         0  0  0  2  1  0  0  0  0  0  0  0  0  0  0.83984860D-09
  52 CCS         0  0  0  2  0  0  0  1  0  0  0  0  0  0  0.69038313D-11
  53 CCO         0  0  0  2  0  1  0  0  0  0  0  0  0  0  0.30588330D-11
  54 CCP         0  0  0  2  0  0  0  0  0  0  0  0  1  0  0.34849903D-14
  55 CO2         0  0  0  1  0  2  0  0  0  0  0  0  0  0  0.59606948D-10
  56 H2S         0  2  0  0  0  0  0  1  0  0  0  0  0  0  0.15590500D-13
  57 HCO         0  1  0  1  0  1  0  0  0  0  0  0  0  0  0.53233053D-10
  58 HCP         0  1  0  1  0  0  0  0  0  0  0  0  1  0  0.31410004D-13
  59 HCS         0  1  0  1  0  0  0  1  0  0  0  0  0  0  0.10328531D-12
  60 HNC         0  1  0  1  1  0  0  0  0  0  0  0  0  0  0.67189913D-09
  61 HNO         0  1  0  0  1  1  0  0  0  0  0  0  0  0  0.91154813D-11
  62 HNSi        0  1  0  0  1  0  1  0  0  0  0  0  0  0  0.38280208D-12
  63 HPO         0  1  0  0  0  1  0  0  0  0  0  0  1  0  0.26782011D-18
  64 HSS         0  1  0  0  0  0  0  2  0  0  0  0  0  0  0.26428878D-17
  65 N2O         0  0  0  0  2  1  0  0  0  0  0  0  0  0  0.67014617D-17
  66 NaOH        0  1  0  0  0  1  0  0  0  1  0  0  0  0  0.34654399D-20
  67 NH2         0  2  0  0  1  0  0  0  0  0  0  0  0  0  0.73536878D-11
  68 NO2         0  0  0  0  1  2  0  0  0  0  0  0  0  0  0.00000000D+00
  69 O2H         0  1  0  0  0  2  0  0  0  0  0  0  0  0  0.13603580D-16
  70 OCN         0  0  0  1  1  1  0  0  0  0  0  0  0  0  0.14820791D-10
  71 OCS         0  0  0  1  0  1  0  1  0  0  0  0  0  0  0.45836695D-13
  72 PH2         0  2  0  0  0  0  0  0  0  0  0  0  1  0  0.82911294D-18
  73 c-SiC2      0  0  0  2  0  0  1  0  0  0  0  0  0  0  0.82962138D-11
  74 SiH2        0  2  0  0  0  0  1  0  0  0  0  0  0  0  0.31884193D-16
  75 SiNC        0  0  0  1  1  0  1  0  0  0  0  0  0  0  0.14706005D-14
  76 SiO2        0  0  0  0  0  2  1  0  0  0  0  0  0  0  0.44669557D-17
  77 C4          0  0  0  4  0  0  0  0  0  0  0  0  0  0  0.13180950D-09
  78 c-C3H       0  1  0  3  0  0  0  0  0  0  0  0  0  0  0.34558969D-09
  79 l-C3H       0  1  0  3  0  0  0  0  0  0  0  0  0  0  0.23958463D-09
  80 CH3         0  3  0  1  0  0  0  0  0  0  0  0  0  0  0.21064037D-10
  81 C2H2        0  2  0  2  0  0  0  0  0  0  0  0  0  0  0.54456722D-09
  82 NH3         0  3  0  0  1  0  0  0  0  0  0  0  0  0  0.10657199D-11
  83 SiCH2       0  2  0  1  0  0  1  0  0  0  0  0  0  0  0.80181288D-16
  84 C3N         0  0  0  3  1  0  0  0  0  0  0  0  0  0  0.17681170D-09
  85 C3O         0  0  0  3  0  1  0  0  0  0  0  0  0  0  0.31184300D-10
  86 C3P         0  0  0  3  0  0  0  0  0  0  0  0  1  0  0.78028540D-19
  87 C3S         0  0  0  3  0  0  0  1  0  0  0  0  0  0  0.39386835D-11
  88 H2CO        0  2  0  1  0  1  0  0  0  0  0  0  0  0  0.12827393D-10
  89 H2CS        0  2  0  1  0  0  0  1  0  0  0  0  0  0  0.46781493D-14
  90 HOOH        0  2  0  0  0  2  0  0  0  0  0  0  0  0  0.20655710D-20
  91 HSSH        0  2  0  0  0  0  0  2  0  0  0  0  0  0  0.16443325D-17
  92 H2SiO       0  2  0  0  0  1  1  0  0  0  0  0  0  0  0.70909506D-23
  93 HCCP        0  1  0  2  0  0  0  0  0  0  0  0  1  0  0.12820062D-15
  94 HCCSi       0  1  0  2  0  0  1  0  0  0  0  0  0  0  0.17008003D-13
  95 l-SiC3      0  0  0  3  0  0  1  0  0  0  0  0  0  0  0.25265855D-12
  96 SiH3        0  3  0  0  0  0  1  0  0  0  0  0  0  0  0.16711897D-22
  97 H2CN        0  2  0  1  1  0  0  0  0  0  0  0  0  0  0.44114365D-11
  98 C5          0  0  0  5  0  0  0  0  0  0  0  0  0  0  0.18215296D-10
  99 c-C3H2      0  2  0  3  0  0  0  0  0  0  0  0  0  0  0.28892573D-09
 100 l-C3H2      0  2  0  3  0  0  0  0  0  0  0  0  0  0  0.20842987D-09
 101 C4H         0  1  0  4  0  0  0  0  0  0  0  0  0  0  0.23426479D-09
 102 CH4         0  4  0  1  0  0  0  0  0  0  0  0  0  0  0.14214427D-10
 103 HC3N        0  1  0  3  1  0  0  0  0  0  0  0  0  0  0.21518458D-10
 104 H2CCN       0  2  0  2  1  0  0  0  0  0  0  0  0  0  0.71657160D-12
 105 H2CCO       0  2  0  2  0  1  0  0  0  0  0  0  0  0  0.13321084D-10
 106 C2H3        0  3  0  2  0  0  0  0  0  0  0  0  0  0  0.13541369D-10
 107 C4N         0  0  0  4  1  0  0  0  0  0  0  0  0  0  0.39966214D-10
 108 C4P         0  0  0  4  0  0  0  0  0  0  0  0  1  0  0.38662285D-18
 109 C4S         0  0  0  4  0  0  0  1  0  0  0  0  0  0  0.23262998D-13
 110 HCOOH       0  2  0  1  0  2  0  0  0  0  0  0  0  0  0.23239518D-16
 111 CH2PH       0  3  0  1  0  0  0  0  0  0  0  0  1  0  0.69806625D-23
 112 CH2NH       0  3  0  1  1  0  0  0  0  0  0  0  0  0  0.16063436D-15
 113 c-HCCHSi    0  2  0  2  0  0  1  0  0  0  0  0  0  0  0.22008357D-14
 114 SiC3H       0  1  0  3  0  0  1  0  0  0  0  0  0  0  0.43350877D-16
 115 SiC4        0  0  0  4  0  0  1  0  0  0  0  0  0  0  0.90690978D-16
 116 SiCH3       0  3  0  1  0  0  1  0  0  0  0  0  0  0  0.46510645D-18
 117 SiH4        0  4  0  0  0  0  1  0  0  0  0  0  0  0  0.56751234D-22
 118 HCNCC       0  1  0  3  1  0  0  0  0  0  0  0  0  0  0.85861147D-14
 119 HCCNC       0  1  0  3  1  0  0  0  0  0  0  0  0  0  0.20940292D-13
 120 HNCCC       0  1  0  3  1  0  0  0  0  0  0  0  0  0  0.17400859D-13
 121 NH2CN       0  2  0  1  2  0  0  0  0  0  0  0  0  0  0.00000000D+00
 122 C6          0  0  0  6  0  0  0  0  0  0  0  0  0  0  0.58145369D-12
 123 CH3CN       0  3  0  2  1  0  0  0  0  0  0  0  0  0  0.89903511D-13
 124 CH2CCH      0  3  0  3  0  0  0  0  0  0  0  0  0  0  0.33935028D-14
 125 C2H4        0  4  0  2  0  0  0  0  0  0  0  0  0  0  0.23787308D-14
 126 NC4N        0  0  0  4  2  0  0  0  0  0  0  0  0  0  0.88402873D-11
 127 H2CSiCH     0  3  0  2  0  0  1  0  0  0  0  0  0  0  0.32003572D-17
 128 SiC4H       0  1  0  4  0  0  1  0  0  0  0  0  0  0  0.10862717D-12
 129 HC4N        0  1  0  4  1  0  0  0  0  0  0  0  0  0  0.18833464D-12
 130 C4H2        0  2  0  4  0  0  0  0  0  0  0  0  0  0  0.72399387D-10
 131 C5H         0  1  0  5  0  0  0  0  0  0  0  0  0  0  0.16805348D-10
 132 C5N         0  0  0  5  1  0  0  0  0  0  0  0  0  0  0.52470861D-11
 133 CH3OH       0  4  0  1  0  1  0  0  0  0  0  0  0  0  0.26276360D-18
 134 NH2CHO      0  3  0  1  1  1  0  0  0  0  0  0  0  0  0.29737745D-18
 135 C5O         0  0  0  5  0  1  0  0  0  0  0  0  0  0  0.24073219D-11
 136 C7          0  0  0  7  0  0  0  0  0  0  0  0  0  0  0.52861729D-13
 137 HC5N        0  1  0  5  1  0  0  0  0  0  0  0  0  0  0.27595138D-12
 138 SiC2CH3     0  3  0  3  0  0  1  0  0  0  0  0  0  0  0.20962642D-19
 139 CH3CHO      0  4  0  2  0  1  0  0  0  0  0  0  0  0  0.18312858D-19
 140 C2H5        0  5  0  2  0  0  0  0  0  0  0  0  0  0  0.45485767D-24
 141 CH2CHCN     0  3  0  3  1  0  0  0  0  0  0  0  0  0  0.10398122D-17
 142 CH3CCH      0  4  0  3  0  0  0  0  0  0  0  0  0  0  0.13971481D-16
 143 C5H2        0  2  0  5  0  0  0  0  0  0  0  0  0  0  0.12501936D-10
 144 C6H         0  1  0  6  0  0  0  0  0  0  0  0  0  0  0.25159095D-11
 145 CH3NH2      0  5  0  1  1  0  0  0  0  0  0  0  0  0  0.19807569D-16
 146 C4H3        0  3  0  4  0  0  0  0  0  0  0  0  0  0  0.58329271D-17
 147 C6N         0  0  0  6  1  0  0  0  0  0  0  0  0  0  0.63546851D-12
 148 C8          0  0  0  8  0  0  0  0  0  0  0  0  0  0  0.13167507D-13
 149 HC6N        0  1  0  6  1  0  0  0  0  0  0  0  0  0  0.24155338D-14
 150 NC6N        0  0  0  6  2  0  0  0  0  0  0  0  0  0  0.10357222D-12
 151 SiC6H       0  1  0  6  0  0  1  0  0  0  0  0  0  0  0.50221495D-14
 152 CH2CHC2H    0  4  0  4  0  0  0  0  0  0  0  0  0  0  0.10847399D-17
 153 C6H2        0  2  0  6  0  0  0  0  0  0  0  0  0  0  0.33472339D-11
 154 C7H         0  1  0  7  0  0  0  0  0  0  0  0  0  0  0.28394150D-12
 155 C7N         0  0  0  7  1  0  0  0  0  0  0  0  0  0  0.16106721D-12
 156 CH3C3N      0  3  0  4  1  0  0  0  0  0  0  0  0  0  0.19741412D-15
 157 HCOOCH3     0  4  0  2  0  2  0  0  0  0  0  0  0  0  0.48442225D-25
 158 C2H6        0  6  0  2  0  0  0  0  0  0  0  0  0  0  0.13979398D-40
 159 C7O         0  0  0  7  0  1  0  0  0  0  0  0  0  0  0.40673872D-13
 160 C9          0  0  0  9  0  0  0  0  0  0  0  0  0  0  0.34263057D-14
 161 HC7N        0  1  0  7  1  0  0  0  0  0  0  0  0  0  0.22285619D-13
 162 SiC3H5      0  5  0  3  0  0  1  0  0  0  0  0  0  0  0.00000000D+00
 163 CH3CH2OH    0  6  0  2  0  1  0  0  0  0  0  0  0  0  0.99961325D-24
 164 C7H2        0  2  0  7  0  0  0  0  0  0  0  0  0  0  0.73290780D-12
 165 C8H         0  1  0  8  0  0  0  0  0  0  0  0  0  0  0.20230538D-12
 166 CH3C4H      0  4  0  5  0  0  0  0  0  0  0  0  0  0  0.12117881D-16
 167 CH3OCH3     0  6  0  2  0  1  0  0  0  0  0  0  0  0  0.19225329D-25
 168 CH3CHCH2    0  6  0  3  0  0  0  0  0  0  0  0  0  0  0.00000000D+00
 169 C8N         0  0  0  8  1  0  0  0  0  0  0  0  0  0  0.34110390D-13
 170 C10         0  0  0 10  0  0  0  0  0  0  0  0  0  0  0.91178170D-14
 171 CH3COCH3    0  6  0  3  0  1  0  0  0  0  0  0  0  0  0.98432936D-26
 172 C8H2        0  2  0  8  0  0  0  0  0  0  0  0  0  0  0.49413604D-12
 173 C9H         0  1  0  9  0  0  0  0  0  0  0  0  0  0  0.27828550D-13
 174 C9N         0  0  0  9  1  0  0  0  0  0  0  0  0  0  0.16773536D-13
 175 CH3C5N      0  3  0  6  1  0  0  0  0  0  0  0  0  0  0.24465187D-18
 176 HC8N        0  1  0  8  1  0  0  0  0  0  0  0  0  0  0.19507663D-15
 177 NC8N        0  0  0  8  2  0  0  0  0  0  0  0  0  0  0.83644118D-14
 178 SiC8H       0  1  0  8  0  0  1  0  0  0  0  0  0  0  0.74139577D-15
 179 CH2CHCHCH2  0  6  0  4  0  0  0  0  0  0  0  0  0  0  0.00000000D+00
 180 C9O         0  0  0  9  0  1  0  0  0  0  0  0  0  0  0.39863665D-14
 181 HC9N        0  1  0  9  1  0  0  0  0  0  0  0  0  0  0.18314068D-14
 182 C10H        0  1  0 10  0  0  0  0  0  0  0  0  0  0  0.15472472D-13
 183 C9H2        0  2  0  9  0  0  0  0  0  0  0  0  0  0  0.84692945D-13
 184 CH3C6H      0  4  0  7  0  0  0  0  0  0  0  0  0  0  0.23365198D-18
 185 C11         0  0  0 11  0  0  0  0  0  0  0  0  0  0  0.47983749D-13
 186 C10N        0  0  0 10  1  0  0  0  0  0  0  0  0  0  0.21599132D-14
 187 CH3C7N      0  3  0  8  1  0  0  0  0  0  0  0  0  0  0.19167087D-19
 188 C10H2       0  2  0 10  0  0  0  0  0  0  0  0  0  0  0.24455503D-13
 189 C6H6        0  6  0  6  0  0  0  0  0  0  0  0  0  0  0.12546142D-15
 190 Si+         1  0  0  0  0  0  1  0  0  0  0  0  0  0  0.74653235D-08
 191 C+          1  0  0  1  0  0  0  0  0  0  0  0  0  0  0.37032228D-05
 192 C-         -1  0  0  1  0  0  0  0  0  0  0  0  0  0  0.10580265D-12
 193 H-         -1  1  0  0  0  0  0  0  0  0  0  0  0  0  0.19806729D-13
 194 O-         -1  0  0  0  0  1  0  0  0  0  0  0  0  0  0.14985249D-14
 195 S-         -1  0  0  0  0  0  0  1  0  0  0  0  0  0  0.15860927D-16
 196 He+         1  0  1  0  0  0  0  0  0  0  0  0  0  0  0.21217523D-10
 197 H+          1  1  0  0  0  0  0  0  0  0  0  0  0  0  0.12267742D-08
 198 Fe+         1  0  0  0  0  0  0  0  1  0  0  0  0  0  0.29881196D-08
 199 Mg+         1  0  0  0  0  0  0  0  0  0  1  0  0  0  0.69316411D-08
 200 N+          1  0  0  0  1  0  0  0  0  0  0  0  0  0  0.42643520D-14
 201 Na+         1  0  0  0  0  0  0  0  0  1  0  0  0  0  0.19818711D-08
 202 O+          1  0  0  0  0  1  0  0  0  0  0  0  0  0  0.17073837D-13
 203 S+          1  0  0  0  0  0  0  1  0  0  0  0  0  0  0.76334179D-07
 204 Cl+         1  0  0  0  0  0  0  0  0  0  0  1  0  0  0.22584685D-16
 205 F+          1  0  0  0  0  0  0  0  0  0  0  0  0  1  0.18489727D-17
 206 P+          1  0  0  0  0  0  0  0  0  0  0  0  1  0  0.19033166D-09
 207 e-         -1  0  0  0  0  0  0  0  0  0  0  0  0  0  0.38008272D-05
 208 CH+         1  1  0  1  0  0  0  0  0  0  0  0  0  0  0.20883684D-12
 209 H2+         1  2  0  0  0  0  0  0  0  0  0  0  0  0  0.57880568D-13
 210 OH+         1  1  0  0  0  1  0  0  0  0  0  0  0  0  0.35411897D-13
 211 SiH+        1  1  0  0  0  0  1  0  0  0  0  0  0  0  0.62139634D-13
 212 C2+         1  0  0  2  0  0  0  0  0  0  0  0  0  0  0.17388206D-12
 213 CN-        -1  0  0  1  1  0  0  0  0  0  0  0  0  0  0.10707337D-12
 214 OH-        -1  1  0  0  0  1  0  0  0  0  0  0  0  0  0.22409562D-13
 215 CF+         1  0  0  1  0  0  0  0  0  0  0  0  0  1  0.91020241D-10
 216 HS+         1  1  0  0  0  0  0  1  0  0  0  0  0  0  0.13961730D-13
 217 SO+         1  0  0  0  0  1  0  1  0  0  0  0  0  0  0.16266579D-12
 218 CCl+        1  0  0  1  0  0  0  0  0  0  0  1  0  0  0.10201385D-14
 219 ClO+        1  0  0  0  0  1  0  0  0  0  0  1  0  0  0.00000000D+00
 220 CN+         1  0  0  1  1  0  0  0  0  0  0  0  0  0  0.22165989D-15
 221 CO+         1  0  0  1  0  1  0  0  0  0  0  0  0  0  0.14851937D-13
 222 CP+         1  0  0  1  0  0  0  0  0  0  0  0  1  0  0.79942351D-18
 223 CS+         1  0  0  1  0  0  0  1  0  0  0  0  0  0  0.17598773D-13
 224 HCl+        1  1  0  0  0  0  0  0  0  0  0  1  0  0  0.17430975D-16
 225 HF+         1  1  0  0  0  0  0  0  0  0  0  0  0  1  0.14197143D-17
 226 HeH+        1  1  1  0  0  0  0  0  0  0  0  0  0  0  0.27137723D-20
 227 N2+         1  0  0  0  2  0  0  0  0  0  0  0  0  0  0.33480297D-16
 228 NH+         1  1  0  0  1  0  0  0  0  0  0  0  0  0  0.10442588D-14
 229 NO+         1  0  0  0  1  1  0  0  0  0  0  0  0  0  0.16360545D-12
 230 NS+         1  0  0  0  1  0  0  1  0  0  0  0  0  0  0.21655218D-13
 231 O2+         1  0  0  0  0  2  0  0  0  0  0  0  0  0  0.57097585D-14
 232 PH+         1  1  0  0  0  0  0  0  0  0  0  0  1  0  0.56694101D-15
 233 PN+         1  0  0  0  1  0  0  0  0  0  0  0  1  0  0.19079245D-15
 234 PO+         1  0  0  0  0  1  0  0  0  0  0  0  1  0  0.10527525D-14
 235 S2+         1  0  0  0  0  0  0  2  0  0  0  0  0  0  0.64810419D-17
 236 SiC+        1  0  0  1  0  0  1  0  0  0  0  0  0  0  0.12597330D-14
 237 SiN+        1  0  0  0  1  0  1  0  0  0  0  0  0  0  0.12074778D-12
 238 SiO+        1  0  0  0  0  1  1  0  0  0  0  0  0  0  0.20238674D-15
 239 SiS+        1  0  0  0  0  0  1  1  0  0  0  0  0  0  0.38626216D-17
 240 SiF+        1  0  0  0  0  0  1  0  0  0  0  0  0  1  0.14698288D-12
 241 CH2+        1  2  0  1  0  0  0  0  0  0  0  0  0  0  0.19070044D-11
 242 C2N+        1  0  0  2  1  0  0  0  0  0  0  0  0  0  0.36615268D-14
 243 CNC+        1  0  0  2  1  0  0  0  0  0  0  0  0  0  0.25834209D-10
 244 HSiO+       1  1  0  0  0  1  1  0  0  0  0  0  0  0  0.61427325D-13
 245 N2H+        1  1  0  0  2  0  0  0  0  0  0  0  0  0  0.19141668D-12
 246 C2H+        1  1  0  2  0  0  0  0  0  0  0  0  0  0  0.28313613D-12
 247 H3+         1  3  0  0  0  0  0  0  0  0  0  0  0  0  0.66772136D-10
 248 C3-        -1  0  0  3  0  0  0  0  0  0  0  0  0  0  0.91007665D-12
 249 HCO+        1  1  0  1  0  1  0  0  0  0  0  0  0  0  0.22281546D-10
 250 HSO+        1  1  0  0  0  1  0  1  0  0  0  0  0  0  0.21053268D-17
 251 H2S+        1  2  0  0  0  0  0  1  0  0  0  0  0  0  0.26905307D-12
 252 HCS+        1  1  0  1  0  0  0  1  0  0  0  0  0  0  0.98157022D-12
 253 HPO+        1  1  0  0  0  1  0  0  0  0  0  0  1  0  0.68541390D-16
 254 C2O+        1  0  0  2  0  1  0  0  0  0  0  0  0  0  0.39081197D-13
 255 C2S+        1  0  0  2  0  0  0  1  0  0  0  0  0  0  0.41344651D-12
 256 C3+         1  0  0  3  0  0  0  0  0  0  0  0  0  0  0.33526671D-12
 257 CCP+        1  0  0  2  0  0  0  0  0  0  0  0  1  0  0.85556490D-16
 258 CHSi+       1  1  0  1  0  0  1  0  0  0  0  0  0  0  0.15372529D-14
 259 CO2+        1  0  0  1  0  2  0  0  0  0  0  0  0  0  0.36321103D-21
 260 H2Cl+       1  2  0  0  0  0  0  0  0  0  0  1  0  0  0.59928550D-14
 261 H2F+        1  2  0  0  0  0  0  0  0  0  0  0  0  1  0.10159007D-14
 262 H2O+        1  2  0  0  0  1  0  0  0  0  0  0  0  0  0.71409870D-13
 263 HCN+        1  1  0  1  1  0  0  0  0  0  0  0  0  0  0.14716339D-14
 264 HCP+        1  1  0  1  0  0  0  0  0  0  0  0  1  0  0.10384222D-17
 265 HNC+        1  1  0  1  1  0  0  0  0  0  0  0  0  0  0.41978475D-15
 266 HNO+        1  1  0  0  1  1  0  0  0  0  0  0  0  0  0.56554589D-15
 267 HNS+        1  1  0  0  1  0  0  1  0  0  0  0  0  0  0.48017929D-18
 268 HNSi+       1  1  0  0  1  0  1  0  0  0  0  0  0  0  0.12093625D-16
 269 HOC+        1  1  0  1  0  1  0  0  0  0  0  0  0  0  0.23199541D-11
 270 HPN+        1  1  0  0  1  0  0  0  0  0  0  0  1  0  0.43769556D-17
 271 HSiS+       1  1  0  0  0  0  1  1  0  0  0  0  0  0  0.16412226D-14
 272 NaH2+       1  2  0  0  0  0  0  0  0  1  0  0  0  0  0.22437401D-15
 273 NCO+        1  0  0  1  1  1  0  0  0  0  0  0  0  0  0.23659711D-16
 274 NH2+        1  2  0  0  1  0  0  0  0  0  0  0  0  0  0.84655314D-14
 275 NO2+        1  0  0  0  1  2  0  0  0  0  0  0  0  0  0.71015440D-21
 276 HO2+        1  1  0  0  0  2  0  0  0  0  0  0  0  0  0.11198213D-18
 277 OCS+        1  0  0  1  0  1  0  1  0  0  0  0  0  0  0.20755599D-13
 278 PH2+        1  2  0  0  0  0  0  0  0  0  0  0  1  0  0.12609185D-14
 279 HS2+        1  1  0  0  0  0  0  2  0  0  0  0  0  0  0.31772927D-18
 280 SiC2+       1  0  0  2  0  0  1  0  0  0  0  0  0  0  0.51355293D-15
 281 SiH2+       1  2  0  0  0  0  1  0  0  0  0  0  0  0  0.10960774D-11
 282 SiNC+       1  0  0  1  1  0  1  0  0  0  0  0  0  0  0.59147539D-13
 283 SO2+        1  0  0  0  0  2  0  1  0  0  0  0  0  0  0.38290659D-24
 284 HCNH+       1  2  0  1  1  0  0  0  0  0  0  0  0  0  0.13759528D-11
 285 HC2N+       1  1  0  2  1  0  0  0  0  0  0  0  0  0  0.49419069D-15
 286 C3H+        1  1  0  3  0  0  0  0  0  0  0  0  0  0  0.68495363D-11
 287 C4+         1  0  0  4  0  0  0  0  0  0  0  0  0  0  0.20279520D-12
 288 H2CO+       1  2  0  1  0  1  0  0  0  0  0  0  0  0  0.24234436D-13
 289 CH3+        1  3  0  1  0  0  0  0  0  0  0  0  0  0  0.22674561D-09
 290 C3N-       -1  0  0  3  1  0  0  0  0  0  0  0  0  0  0.35827614D-12
 291 C4-        -1  0  0  4  0  0  0  0  0  0  0  0  0  0  0.16001337D-10
 292 H3O+        1  3  0  0  0  1  0  0  0  0  0  0  0  0  0.84906073D-11
 293 H2NO+       1  2  0  0  1  1  0  0  0  0  0  0  0  0  0.14807988D-15
 294 H3S+        1  3  0  0  0  0  0  1  0  0  0  0  0  0  0.12247002D-17
 295 HC2S+       1  1  0  2  0  0  0  1  0  0  0  0  0  0  0.23738993D-13
 296 HOCS+       1  1  0  1  0  1  0  1  0  0  0  0  0  0  0.15359693D-17
 297 PCH2+       1  2  0  1  0  0  0  0  0  0  0  0  1  0  0.29552613D-15
 298 H2S2+       1  2  0  0  0  0  0  2  0  0  0  0  0  0  0.12748149D-22
 299 C2H2+       1  2  0  2  0  0  0  0  0  0  0  0  0  0  0.44981152D-10
 300 C2HO+       1  1  0  2  0  1  0  0  0  0  0  0  0  0  0.14699779D-12
 301 C2N2+       1  0  0  2  2  0  0  0  0  0  0  0  0  0  0.14339213D-21
 302 C3N+        1  0  0  3  1  0  0  0  0  0  0  0  0  0  0.46310249D-18
 303 C3O+        1  0  0  3  0  1  0  0  0  0  0  0  0  0  0.12877435D-12
 304 C3S+        1  0  0  3  0  0  0  1  0  0  0  0  0  0  0.16588612D-12
 305 CH2Si+      1  2  0  1  0  0  1  0  0  0  0  0  0  0  0.33975942D-12
 306 H2CCl+      1  2  0  1  0  0  0  0  0  0  0  1  0  0  0.57926856D-19
 307 H2CS+       1  2  0  1  0  0  0  1  0  0  0  0  0  0  0.57652673D-17
 308 H2NC+       1  2  0  1  1  0  0  0  0  0  0  0  0  0  0.65901344D-12
 309 H2PO+       1  2  0  0  0  1  0  0  0  0  0  0  1  0  0.13555520D-21
 310 H2SiO+      1  2  0  0  0  1  1  0  0  0  0  0  0  0  0.13066902D-19
 311 HOCO+       1  1  0  1  0  2  0  0  0  0  0  0  0  0  0.40368803D-17
 312 HNCO+       1  1  0  1  1  1  0  0  0  0  0  0  0  0  0.36768139D-22
 313 HSiO2+      1  1  0  0  0  2  1  0  0  0  0  0  0  0  0.33643568D-24
 314 HSO2+       1  1  0  0  0  2  0  1  0  0  0  0  0  0  0.10030577D-22
 315 NaH2O+      1  2  0  0  0  1  0  0  0  1  0  0  0  0  0.22252627D-21
 316 NH3+        1  3  0  0  1  0  0  0  0  0  0  0  0  0  0.26648060D-12
 317 PC2H+       1  1  0  2  0  0  0  0  0  0  0  0  1  0  0.72788398D-16
 318 PH3+        1  3  0  0  0  0  0  0  0  0  0  0  1  0  0.13118581D-19
 319 PNH2+       1  2  0  0  1  0  0  0  0  0  0  0  1  0  0.19416579D-18
 320 SiC2H+      1  1  0  2  0  0  1  0  0  0  0  0  0  0  0.21822391D-12
 321 l-SiC3+     1  0  0  3  0  0  1  0  0  0  0  0  0  0  0.19007757D-13
 322 SiH3+       1  3  0  0  0  0  1  0  0  0  0  0  0  0  0.11995336D-17
 323 SiNCH+      1  1  0  1  1  0  1  0  0  0  0  0  0  0  0.44680353D-17
 324 HSiNH+      1  2  0  0  1  0  1  0  0  0  0  0  0  0  0.34298006D-14
 325 HN2O+       1  1  0  0  2  1  0  0  0  0  0  0  0  0  0.13396596D-24
 326 C2H3+       1  3  0  2  0  0  0  0  0  0  0  0  0  0  0.45176614D-13
 327 c-C3H2+     1  2  0  3  0  0  0  0  0  0  0  0  0  0  0.14013907D-11
 328 l-C3H2+     1  2  0  3  0  0  0  0  0  0  0  0  0  0  0.48101128D-13
 329 C4H+        1  1  0  4  0  0  0  0  0  0  0  0  0  0  0.25210886D-12
 330 C5+         1  0  0  5  0  0  0  0  0  0  0  0  0  0  0.10271372D-13
 331 HC3O+       1  1  0  3  0  1  0  0  0  0  0  0  0  0  0.12757044D-16
 332 C4H-       -1  1  0  4  0  0  0  0  0  0  0  0  0  0  0.26732428D-10
 333 C5-        -1  0  0  5  0  0  0  0  0  0  0  0  0  0  0.61271292D-11
 334 NH4+        1  4  0  0  1  0  0  0  0  0  0  0  0  0  0.29788993D-14
 335 H3CS+       1  3  0  1  0  0  0  1  0  0  0  0  0  0  0.43007260D-16
 336 H2COH+      1  3  0  1  0  1  0  0  0  0  0  0  0  0  0.21166873D-16
 337 H3S2+       1  3  0  0  0  0  0  2  0  0  0  0  0  0  0.21587120D-20
 338 HC3S+       1  1  0  3  0  0  0  1  0  0  0  0  0  0  0.13208056D-12
 339 PC3H+       1  1  0  3  0  0  0  0  0  0  0  0  1  0  0.91585424D-21
 340 PCH3+       1  3  0  1  0  0  0  0  0  0  0  0  1  0  0.25091621D-23
 341 PNH3+       1  3  0  0  1  0  0  0  0  0  0  0  1  0  0.38518813D-24
 342 SiC2H2+     1  2  0  2  0  0  1  0  0  0  0  0  0  0  0.13946021D-15
 343 SiC3H+      1  1  0  3  0  0  1  0  0  0  0  0  0  0  0.89532702D-14
 344 SiC4+       1  0  0  4  0  0  1  0  0  0  0  0  0  0  0.21632684D-14
 345 SiCH3+      1  3  0  1  0  0  1  0  0  0  0  0  0  0  0.76515228D-20
 346 SiH4+       1  4  0  0  0  0  1  0  0  0  0  0  0  0  0.21518048D-30
 347 CH2CN+      1  2  0  2  1  0  0  0  0  0  0  0  0  0  0.12471365D-12
 348 H2CCO+      1  2  0  2  0  1  0  0  0  0  0  0  0  0  0.55538225D-13
 349 HC3N+       1  1  0  3  1  0  0  0  0  0  0  0  0  0  0.36472017D-14
 350 C4N+        1  0  0  4  1  0  0  0  0  0  0  0  0  0  0.94088169D-15
 351 C4P+        1  0  0  4  0  0  0  0  0  0  0  0  1  0  0.80696462D-24
 352 C4S+        1  0  0  4  0  0  0  1  0  0  0  0  0  0  0.21245109D-13
 353 HCOOH+      1  2  0  1  0  2  0  0  0  0  0  0  0  0  0.20743951D-20
 354 CH4+        1  4  0  1  0  0  0  0  0  0  0  0  0  0  0.44321417D-17
 355 H3SiO+      1  3  0  0  0  1  1  0  0  0  0  0  0  0  0.36808970D-26
 356 PC2H2+      1  2  0  2  0  0  0  0  0  0  0  0  1  0  0.35216507D-17
 357 C6+         1  0  0  6  0  0  0  0  0  0  0  0  0  0  0.21189258D-13
 358 HC4N+       1  1  0  4  1  0  0  0  0  0  0  0  0  0  0.15904045D-19
 359 C5H-       -1  1  0  5  0  0  0  0  0  0  0  0  0  0  0.75974043D-11
 360 C6-        -1  0  0  6  0  0  0  0  0  0  0  0  0  0  0.10695864D-11
 361 CH3CO+      1  3  0  2  0  1  0  0  0  0  0  0  0  0  0.22751182D-13
 362 C2H4+       1  4  0  2  0  0  0  0  0  0  0  0  0  0  0.11172160D-11
 363 HC3NH+      1  2  0  3  1  0  0  0  0  0  0  0  0  0  0.58366776D-14
 364 HC4S+       1  1  0  4  0  0  0  1  0  0  0  0  0  0  0.15114773D-14
 365 CH5+        1  5  0  1  0  0  0  0  0  0  0  0  0  0  0.14362252D-12
 366 C4H2+       1  2  0  4  0  0  0  0  0  0  0  0  0  0  0.88995623D-11
 367 C5H+        1  1  0  5  0  0  0  0  0  0  0  0  0  0  0.37194337D-12
 368 CH3CN+      1  3  0  2  1  0  0  0  0  0  0  0  0  0  0.50747281D-14
 369 c-C3H3+     1  3  0  3  0  0  0  0  0  0  0  0  0  0  0.46570817D-11
 370 l-C3H3+     1  3  0  3  0  0  0  0  0  0  0  0  0  0  0.46570523D-11
 371 C5N+        1  0  0  5  1  0  0  0  0  0  0  0  0  0  0.54692343D-17
 372 CH3O2+      1  3  0  1  0  2  0  0  0  0  0  0  0  0  0.17375069D-19
 373 CH2NH2+     1  4  0  1  1  0  0  0  0  0  0  0  0  0  0.22631176D-17
 374 CH3OH+      1  4  0  1  0  1  0  0  0  0  0  0  0  0  0.46968122D-21
 375 H2C3O+      1  2  0  3  0  1  0  0  0  0  0  0  0  0  0.57995626D-16
 376 HC2NCH+     1  2  0  3  1  0  0  0  0  0  0  0  0  0  0.41309646D-15
 377 HC4O+       1  1  0  4  0  1  0  0  0  0  0  0  0  0  0.43772375D-13
 378 NH2CNH+     1  3  0  1  2  0  0  0  0  0  0  0  0  0  0.00000000D+00
 379 PC2H3+      1  3  0  2  0  0  0  0  0  0  0  0  1  0  0.29869344D-26
 380 PC4H+       1  1  0  4  0  0  0  0  0  0  0  0  1  0  0.44982561D-20
 381 PCH4+       1  4  0  1  0  0  0  0  0  0  0  0  1  0  0.12545784D-24
 382 SiC2H3+     1  3  0  2  0  0  1  0  0  0  0  0  0  0  0.44419863D-16
 383 SiC3H2+     1  2  0  3  0  0  1  0  0  0  0  0  0  0  0.55687346D-18
 384 SiC4H+      1  1  0  4  0  0  1  0  0  0  0  0  0  0  0.40926406D-18
 385 SiCH4+      1  4  0  1  0  0  1  0  0  0  0  0  0  0  0.66313105D-20
 386 SiH5+       1  5  0  0  0  0  1  0  0  0  0  0  0  0  0.52186405D-24
 387 C7+         1  0  0  7  0  0  0  0  0  0  0  0  0  0  0.21243604D-14
 388 H2C4N+      1  2  0  4  1  0  0  0  0  0  0  0  0  0  0.23613599D-19
 389 C6H-       -1  1  0  6  0  0  0  0  0  0  0  0  0  0  0.16260820D-11
 390 C7-        -1  0  0  7  0  0  0  0  0  0  0  0  0  0  0.27228809D-12
 391 C4H3+       1  3  0  4  0  0  0  0  0  0  0  0  0  0  0.18668814D-13
 392 C5H2+       1  2  0  5  0  0  0  0  0  0  0  0  0  0  0.47243102D-16
 393 CH3CNH+     1  4  0  2  1  0  0  0  0  0  0  0  0  0  0.40129538D-14
 394 C2H4O+      1  4  0  2  0  1  0  0  0  0  0  0  0  0  0.32358530D-21
 395 C2H5+       1  5  0  2  0  0  0  0  0  0  0  0  0  0  0.69820819D-18
 396 C3H3N+      1  3  0  3  1  0  0  0  0  0  0  0  0  0  0.17960534D-19
 397 C3H4+       1  4  0  3  0  0  0  0  0  0  0  0  0  0  0.25484943D-18
 398 HC5N+       1  1  0  5  1  0  0  0  0  0  0  0  0  0  0.80179057D-15
 399 C6H+        1  1  0  6  0  0  0  0  0  0  0  0  0  0  0.64477364D-13
 400 CH3NH2+     1  5  0  1  1  0  0  0  0  0  0  0  0  0  0.75020262D-19
 401 CH3OH2+     1  5  0  1  0  1  0  0  0  0  0  0  0  0  0.26017794D-19
 402 H3C3O+      1  3  0  3  0  1  0  0  0  0  0  0  0  0  0.43235454D-18
 403 NH2CH2O+    1  4  0  1  1  1  0  0  0  0  0  0  0  0  0.83944229D-25
 404 PC2H4+      1  4  0  2  0  0  0  0  0  0  0  0  1  0  0.18677554D-26
 405 PC4H2+      1  2  0  4  0  0  0  0  0  0  0  0  1  0  0.20419733D-22
 406 HC5O+       1  1  0  5  0  1  0  0  0  0  0  0  0  0  0.73375481D-18
 407 C6N+        1  0  0  6  1  0  0  0  0  0  0  0  0  0  0.15639002D-16
 408 H2C5N+      1  2  0  5  1  0  0  0  0  0  0  0  0  0  0.14293621D-15
 409 C8+         1  0  0  8  0  0  0  0  0  0  0  0  0  0  0.22484966D-14
 410 C7H-       -1  1  0  7  0  0  0  0  0  0  0  0  0  0  0.63653434D-12
 411 C8-        -1  0  0  8  0  0  0  0  0  0  0  0  0  0  0.24393600D-13
 412 C5H3+       1  3  0  5  0  0  0  0  0  0  0  0  0  0  0.27064186D-16
 413 C3H5+       1  5  0  3  0  0  0  0  0  0  0  0  0  0  0.27799107D-18
 414 C6H2+       1  2  0  6  0  0  0  0  0  0  0  0  0  0  0.38513246D-14
 415 C7H+        1  1  0  7  0  0  0  0  0  0  0  0  0  0  0.21900334D-13
 416 CH3CHOH+    1  5  0  2  0  1  0  0  0  0  0  0  0  0  0.49828500D-21
 417 C2H6+       1  6  0  2  0  0  0  0  0  0  0  0  0  0  0.71139720D-31
 418 C3H3NH+     1  4  0  3  1  0  0  0  0  0  0  0  0  0  0.92723651D-24
 419 C4H4+       1  4  0  4  0  0  0  0  0  0  0  0  0  0  0.17927927D-19
 420 C7N+        1  0  0  7  1  0  0  0  0  0  0  0  0  0  0.34942809D-18
 421 CH3NH3+     1  6  0  1  1  0  0  0  0  0  0  0  0  0  0.28274910D-18
 422 COOCH4+     1  4  0  2  0  2  0  0  0  0  0  0  0  0  0.34176022D-27
 423 H3C4N+      1  3  0  4  1  0  0  0  0  0  0  0  0  0  0.23530463D-19
 424 HC6N+       1  1  0  6  1  0  0  0  0  0  0  0  0  0  0.34924088D-21
 425 C9+         1  0  0  9  0  0  0  0  0  0  0  0  0  0  0.60714386D-15
 426 C8H-       -1  1  0  8  0  0  0  0  0  0  0  0  0  0  0.13460328D-12
 427 C9-        -1  0  0  9  0  0  0  0  0  0  0  0  0  0  0.18772217D-13
 428 C4H5+       1  5  0  4  0  0  0  0  0  0  0  0  0  0  0.42068728D-19
 429 C6H3+       1  3  0  6  0  0  0  0  0  0  0  0  0  0  0.22524258D-17
 430 C7H2+       1  2  0  7  0  0  0  0  0  0  0  0  0  0  0.10854763D-16
 431 C2H5OH+     1  6  0  2  0  1  0  0  0  0  0  0  0  0  0.13628323D-26
 432 H3C4NH+     1  4  0  4  1  0  0  0  0  0  0  0  0  0  0.13317832D-17
 433 C5H3N+      1  3  0  5  1  0  0  0  0  0  0  0  0  0  0.48726979D-20
 434 C5H4+       1  4  0  5  0  0  0  0  0  0  0  0  0  0  0.94853948D-19
 435 HC7N+       1  1  0  7  1  0  0  0  0  0  0  0  0  0  0.21568865D-16
 436 C8H+        1  1  0  8  0  0  0  0  0  0  0  0  0  0  0.22806150D-16
 437 CH3OCH3+    1  6  0  2  0  1  0  0  0  0  0  0  0  0  0.52016038D-28
 438 H5C2O2+     1  5  0  2  0  2  0  0  0  0  0  0  0  0  0.79643143D-27
 439 HC7O+       1  1  0  7  0  1  0  0  0  0  0  0  0  0  0.12397449D-19
 440 C8N+        1  0  0  8  1  0  0  0  0  0  0  0  0  0  0.13281772D-17
 441 H2C6N+      1  2  0  6  1  0  0  0  0  0  0  0  0  0  0.14728171D-18
 442 C2H7+       1  7  0  2  0  0  0  0  0  0  0  0  0  0  0.22523571D-49
 443 C10+        1  0  0 10  0  0  0  0  0  0  0  0  0  0  0.12424015D-15
 444 CH3OCH4+    1  7  0  2  0  1  0  0  0  0  0  0  0  0  0.27969911D-27
 445 C9H-       -1  1  0  9  0  0  0  0  0  0  0  0  0  0  0.60820494D-13
 446 C10-       -1  0  0 10  0  0  0  0  0  0  0  0  0  0  0.15734582D-13
 447 C7H2N+      1  2  0  7  1  0  0  0  0  0  0  0  0  0  0.22930210D-16
 448 C7H3+       1  3  0  7  0  0  0  0  0  0  0  0  0  0  0.22193811D-17
 449 C5H5+       1  5  0  5  0  0  0  0  0  0  0  0  0  0  0.99987619D-19
 450 C8H2+       1  2  0  8  0  0  0  0  0  0  0  0  0  0  0.86777223D-15
 451 C9H+        1  1  0  9  0  0  0  0  0  0  0  0  0  0  0.14841882D-14
 452 C2H5OH2+    1  7  0  2  0  1  0  0  0  0  0  0  0  0  0.21863483D-25
 453 C2H6CO+     1  6  0  3  0  1  0  0  0  0  0  0  0  0  0.11079918D-27
 454 C5H4N+      1  4  0  5  1  0  0  0  0  0  0  0  0  0  0.19792693D-20
 455 C6H4+       1  4  0  6  0  0  0  0  0  0  0  0  0  0  0.91139674D-18
 456 C9N+        1  0  0  9  1  0  0  0  0  0  0  0  0  0  0.24677136D-19
 457 HC8N+       1  1  0  8  1  0  0  0  0  0  0  0  0  0  0.27441139D-22
 458 C10H+       1  1  0 10  0  0  0  0  0  0  0  0  0  0  0.21374803D-15
 459 C10H-      -1  1  0 10  0  0  0  0  0  0  0  0  0  0  0.90664215D-14
 460 C8H3+       1  3  0  8  0  0  0  0  0  0  0  0  0  0  0.12585940D-18
 461 C9H2+       1  2  0  9  0  0  0  0  0  0  0  0  0  0  0.10500900D-17
 462 C3H6OH+     1  7  0  3  0  1  0  0  0  0  0  0  0  0  0.23878786D-27
 463 C4H7+       1  7  0  4  0  0  0  0  0  0  0  0  0  0  0.10832032D-24
 464 H3C6NH+     1  4  0  6  1  0  0  0  0  0  0  0  0  0  0.18503508D-20
 465 C6H5+       1  5  0  6  0  0  0  0  0  0  0  0  0  0  0.26265269D-21
 466 H3C7N+      1  3  0  7  1  0  0  0  0  0  0  0  0  0  0.37778041D-21
 467 C7H4+       1  4  0  7  0  0  0  0  0  0  0  0  0  0  0.66541088D-20
 468 C9HN+       1  1  0  9  1  0  0  0  0  0  0  0  0  0  0.15293957D-17
 469 C11+        1  0  0 11  0  0  0  0  0  0  0  0  0  0  0.69578080D-16
 470 HC9O+       1  1  0  9  0  1  0  0  0  0  0  0  0  0  0.12150497D-20
 471 C10N+       1  0  0 10  1  0  0  0  0  0  0  0  0  0  0.10329425D-18
 472 H2C8N+      1  2  0  8  1  0  0  0  0  0  0  0  0  0  0.11572465D-19
 473 C9H2N+      1  2  0  9  1  0  0  0  0  0  0  0  0  0  0.29051032D-18
 474 C9H3+       1  3  0  9  0  0  0  0  0  0  0  0  0  0  0.56731588D-19
 475 C10H2+      1  2  0 10  0  0  0  0  0  0  0  0  0  0  0.18111506D-18
 476 C7H5+       1  5  0  7  0  0  0  0  0  0  0  0  0  0  0.30504428D-20
 477 C8H4+       1  4  0  8  0  0  0  0  0  0  0  0  0  0  0.14791232D-19
 478 HC10N+      1  1  0 10  1  0  0  0  0  0  0  0  0  0  0.17376078D-23
 479 C6H7+       1  7  0  6  0  0  0  0  0  0  0  0  0  0  0.13447569D-20
 480 C9H4+       1  4  0  9  0  0  0  0  0  0  0  0  0  0  0.16327268D-21
 481 C8H4N+      1  4  0  8  1  0  0  0  0  0  0  0  0  0  0.14942108D-21
 482 C8H5+       1  5  0  8  0  0  0  0  0  0  0  0  0  0  0.68277047D-24
 483 C9H3N+      1  3  0  9  1  0  0  0  0  0  0  0  0  0  0.66734634D-23
 484 C10H3+      1  3  0 10  0  0  0  0  0  0  0  0  0  0  0.26493824D-20
 485 H2C10N+     1  2  0 10  1  0  0  0  0  0  0  0  0  0  0.10991748D-20
 486 C9H5+       1  5  0  9  0  0  0  0  0  0  0  0  0  0  0.98981256D-27
 487 GRAIN0      0  0  0  0  0  0  0  0  0  0  0  0  0  0  0.88000241D-14
 488 GRAIN-     -1  0  0  0  0  0  0  0  0  0  0  0  0  0  0.13127000D-11
 489 XH          0  1  0  0  0  0  0  0  0  0  0  0  0  0  0.12005638D-16
