0.11D+08                                              +-  H  He C  O  S  G    
 JSPACE =            1
   1 H           0  1  0  0  0  0  0  0  0  0  0  0  0  0  0.69996335D-05
   2 C           0  0  0  1  0  0  0  0  0  0  0  0  0  0  0.10495861D-04
   3 Fe          0  0  0  0  0  0  0  0  1  0  0  0  0  0  0.82906284D-10
   4 Mg          0  0  0  0  0  0  0  0  0  0  1  0  0  0  0.48255716D-09
   5 S           0  0  0  0  0  0  0  1  0  0  0  0  0  0  0.89955779D-08
   6 Si          0  0  0  0  0  0  1  0  0  0  0  0  0  0  0.18915960D-08
   7 O           0  0  0  0  0  1  0  0  0  0  0  0  0  0  0.80998182D-04
   8 N           0  0  0  0  1  0  0  0  0  0  0  0  0  0  0.53990252D-04
   9 He          0  0  1  0  0  0  0  0  0  0  0  0  0  0  0.90000000D-01
  10 Cl          0  0  0  0  0  0  0  0  0  0  0  1  0  0  0.87108270D-09
  11 Na          0  0  0  0  0  0  0  0  0  1  0  0  0  0  0.14202920D-09
  12 P           0  0  0  0  0  0  0  0  0  0  0  0  1  0  0.44516411D-11
  13 F           0  0  0  0  0  0  0  0  0  0  0  0  0  1  0.34525869D-11
  14 OH          0  1  0  0  0  1  0  0  0  0  0  0  0  0  0.31104701D-09
  15 CO          0  0  0  1  0  1  0  0  0  0  0  0  0  0  0.15899644D-03
  16 CS          0  0  0  1  0  0  0  1  0  0  0  0  0  0  0.21341215D-08
  17 HS          0  1  0  0  0  0  0  1  0  0  0  0  0  0  0.10541718D-10
  18 N2          0  0  0  0  2  0  0  0  0  0  0  0  0  0  0.39943935D-05
  19 NH          0  1  0  0  1  0  0  0  0  0  0  0  0  0  0.53518311D-11
  20 SiH         0  1  0  0  0  0  1  0  0  0  0  0  0  0  0.43207152D-10
  21 SiO         0  0  0  0  0  1  1  0  0  0  0  0  0  0  0.29221936D-09
  22 SO          0  0  0  0  0  1  0  1  0  0  0  0  0  0  0.42674160D-10
  23 CH          0  1  0  1  0  0  0  0  0  0  0  0  0  0  0.59628586D-09
  24 O2          0  0  0  0  0  2  0  0  0  0  0  0  0  0  0.10621162D-08
  25 H2          0  2  0  0  0  0  0  0  0  0  0  0  0  0  0.49999647D+00
  26 C2          0  0  0  2  0  0  0  0  0  0  0  0  0  0  0.12073468D-09
  27 CN          0  0  0  1  1  0  0  0  0  0  0  0  0  0  0.62537653D-08
  28 MgH         0  1  0  0  0  0  0  0  0  0  1  0  0  0  0.73375291D-15
  29 NaH         0  1  0  0  0  0  0  0  0  1  0  0  0  0  0.11833391D-13
  30 NO          0  0  0  0  1  1  0  0  0  0  0  0  0  0  0.25908102D-09
  31 NS          0  0  0  0  1  0  0  1  0  0  0  0  0  0  0.39987153D-11
  32 PH          0  1  0  0  0  0  0  0  0  0  0  0  1  0  0.20017250D-13
  33 PN          0  0  0  0  1  0  0  0  0  0  0  0  1  0  0.14043192D-09
  34 PO          0  0  0  0  0  1  0  0  0  0  0  0  1  0  0.50722699D-13
  35 S2          0  0  0  0  0  0  0  2  0  0  0  0  0  0  0.28925698D-14
  36 SiC         0  0  0  1  0  0  1  0  0  0  0  0  0  0  0.93223731D-11
  37 SiN         0  0  0  0  1  0  1  0  0  0  0  0  0  0  0.43385697D-10
  38 SiS         0  0  0  0  0  0  1  1  0  0  0  0  0  0  0.84794259D-12
  39 CCl         0  0  0  1  0  0  0  0  0  0  0  1  0  0  0.33649083D-14
  40 ClO         0  0  0  0  0  1  0  0  0  0  0  1  0  0  0.15386774D-48
  41 CP          0  0  0  1  0  0  0  0  0  0  0  0  1  0  0.44012115D-13
  42 HCl         0  1  0  0  0  0  0  0  0  0  0  1  0  0  0.12819348D-09
  43 HF          0  1  0  0  0  0  0  0  0  0  0  0  0  1  0.65953706D-08
  44 CCH         0  1  0  2  0  0  0  0  0  0  0  0  0  0  0.95511229D-09
  45 C3          0  0  0  3  0  0  0  0  0  0  0  0  0  0  0.20461436D-08
  46 CH2         0  2  0  1  0  0  0  0  0  0  0  0  0  0  0.54502419D-08
  47 SO2         0  0  0  0  0  2  0  1  0  0  0  0  0  0  0.13377755D-14
  48 H2O         0  2  0  0  0  1  0  0  0  0  0  0  0  0  0.88022274D-09
  49 HCN         0  1  0  1  1  0  0  0  0  0  0  0  0  0  0.10083731D-07
  50 HCSi        0  1  0  1  0  0  1  0  0  0  0  0  0  0  0.16488698D-10
  51 CCN         0  0  0  2  1  0  0  0  0  0  0  0  0  0  0.70147295D-09
  52 CCS         0  0  0  2  0  0  0  1  0  0  0  0  0  0  0.93495072D-10
  53 CCO         0  0  0  2  0  1  0  0  0  0  0  0  0  0  0.20488747D-11
  54 CCP         0  0  0  2  0  0  0  0  0  0  0  0  1  0  0.32739640D-13
  55 CO2         0  0  0  1  0  2  0  0  0  0  0  0  0  0  0.50302559D-09
  56 H2S         0  2  0  0  0  0  0  1  0  0  0  0  0  0  0.16792077D-12
  57 HCO         0  1  0  1  0  1  0  0  0  0  0  0  0  0  0.64234000D-10
  58 HCP         0  1  0  1  0  0  0  0  0  0  0  0  1  0  0.52424505D-13
  59 HCS         0  1  0  1  0  0  0  1  0  0  0  0  0  0  0.33804477D-12
  60 HNC         0  1  0  1  1  0  0  0  0  0  0  0  0  0  0.20949378D-08
  61 HNO         0  1  0  0  1  1  0  0  0  0  0  0  0  0  0.49445371D-11
  62 HNSi        0  1  0  0  1  0  1  0  0  0  0  0  0  0  0.18992573D-10
  63 HPO         0  1  0  0  0  1  0  0  0  0  0  0  1  0  0.15007199D-17
  64 HSS         0  1  0  0  0  0  0  2  0  0  0  0  0  0  0.63787451D-15
  65 N2O         0  0  0  0  2  1  0  0  0  0  0  0  0  0  0.18822347D-15
  66 NaOH        0  1  0  0  0  1  0  0  0  1  0  0  0  0  0.55536628D-18
  67 NH2         0  2  0  0  1  0  0  0  0  0  0  0  0  0  0.32022018D-11
  68 NO2         0  0  0  0  1  2  0  0  0  0  0  0  0  0  0.31016158D-48
  69 O2H         0  1  0  0  0  2  0  0  0  0  0  0  0  0  0.82059311D-16
  70 OCN         0  0  0  1  1  1  0  0  0  0  0  0  0  0  0.34218510D-10
  71 OCS         0  0  0  1  0  1  0  1  0  0  0  0  0  0  0.53600356D-12
  72 PH2         0  2  0  0  0  0  0  0  0  0  0  0  1  0  0.10401770D-18
  73 c-SiC2      0  0  0  2  0  0  1  0  0  0  0  0  0  0  0.10200445D-10
  74 SiH2        0  2  0  0  0  0  1  0  0  0  0  0  0  0  0.11484454D-15
  75 SiNC        0  0  0  1  1  0  1  0  0  0  0  0  0  0  0.80190976D-13
  76 SiO2        0  0  0  0  0  2  1  0  0  0  0  0  0  0  0.30099220D-15
  77 C4          0  0  0  4  0  0  0  0  0  0  0  0  0  0  0.73866780D-10
  78 c-C3H       0  1  0  3  0  0  0  0  0  0  0  0  0  0  0.19037840D-09
  79 l-C3H       0  1  0  3  0  0  0  0  0  0  0  0  0  0  0.16467660D-09
  80 CH3         0  3  0  1  0  0  0  0  0  0  0  0  0  0  0.33204231D-11
  81 C2H2        0  2  0  2  0  0  0  0  0  0  0  0  0  0  0.21683276D-08
  82 NH3         0  3  0  0  1  0  0  0  0  0  0  0  0  0  0.12785948D-10
  83 SiCH2       0  2  0  1  0  0  1  0  0  0  0  0  0  0  0.46542738D-15
  84 C3N         0  0  0  3  1  0  0  0  0  0  0  0  0  0  0.27351498D-09
  85 C3O         0  0  0  3  0  1  0  0  0  0  0  0  0  0  0.11705988D-09
  86 C3P         0  0  0  3  0  0  0  0  0  0  0  0  1  0  0.11445861D-16
  87 C3S         0  0  0  3  0  0  0  1  0  0  0  0  0  0  0.19352642D-09
  88 H2CO        0  2  0  1  0  1  0  0  0  0  0  0  0  0  0.24030870D-10
  89 H2CS        0  2  0  1  0  0  0  1  0  0  0  0  0  0  0.11637926D-12
  90 HOOH        0  2  0  0  0  2  0  0  0  0  0  0  0  0  0.94954533D-21
  91 HSSH        0  2  0  0  0  0  0  2  0  0  0  0  0  0  0.39522063D-15
  92 H2SiO       0  2  0  0  0  1  1  0  0  0  0  0  0  0  0.17147002D-20
  93 HCCP        0  1  0  2  0  0  0  0  0  0  0  0  1  0  0.53476310D-15
  94 HCCSi       0  1  0  2  0  0  1  0  0  0  0  0  0  0  0.80662568D-12
  95 l-SiC3      0  0  0  3  0  0  1  0  0  0  0  0  0  0  0.56590085D-11
  96 SiH3        0  3  0  0  0  0  1  0  0  0  0  0  0  0  0.44148739D-21
  97 H2CN        0  2  0  1  1  0  0  0  0  0  0  0  0  0  0.27944479D-11
  98 C5          0  0  0  5  0  0  0  0  0  0  0  0  0  0  0.51897823D-10
  99 c-C3H2      0  2  0  3  0  0  0  0  0  0  0  0  0  0  0.22531836D-08
 100 l-C3H2      0  2  0  3  0  0  0  0  0  0  0  0  0  0  0.14448050D-08
 101 C4H         0  1  0  4  0  0  0  0  0  0  0  0  0  0  0.28716986D-09
 102 CH4         0  4  0  1  0  0  0  0  0  0  0  0  0  0  0.42925568D-10
 103 HC3N        0  1  0  3  1  0  0  0  0  0  0  0  0  0  0.29104326D-09
 104 H2CCN       0  2  0  2  1  0  0  0  0  0  0  0  0  0  0.39367716D-11
 105 H2CCO       0  2  0  2  0  1  0  0  0  0  0  0  0  0  0.63188369D-10
 106 C2H3        0  3  0  2  0  0  0  0  0  0  0  0  0  0  0.88305082D-11
 107 C4N         0  0  0  4  1  0  0  0  0  0  0  0  0  0  0.16505743D-09
 108 C4P         0  0  0  4  0  0  0  0  0  0  0  0  1  0  0.33687925D-16
 109 C4S         0  0  0  4  0  0  0  1  0  0  0  0  0  0  0.11101904D-10
 110 HCOOH       0  2  0  1  0  2  0  0  0  0  0  0  0  0  0.91190568D-15
 111 CH2PH       0  3  0  1  0  0  0  0  0  0  0  0  1  0  0.14493831D-22
 112 CH2NH       0  3  0  1  1  0  0  0  0  0  0  0  0  0  0.71814678D-15
 113 c-HCCHSi    0  2  0  2  0  0  1  0  0  0  0  0  0  0  0.14695524D-13
 114 SiC3H       0  1  0  3  0  0  1  0  0  0  0  0  0  0  0.52611617D-13
 115 SiC4        0  0  0  4  0  0  1  0  0  0  0  0  0  0  0.29744574D-14
 116 SiCH3       0  3  0  1  0  0  1  0  0  0  0  0  0  0  0.17926305D-16
 117 SiH4        0  4  0  0  0  0  1  0  0  0  0  0  0  0  0.81001624D-20
 118 HCNCC       0  1  0  3  1  0  0  0  0  0  0  0  0  0  0.18395380D-12
 119 HCCNC       0  1  0  3  1  0  0  0  0  0  0  0  0  0  0.54450788D-12
 120 HNCCC       0  1  0  3  1  0  0  0  0  0  0  0  0  0  0.44178618D-12
 121 NH2CN       0  2  0  1  2  0  0  0  0  0  0  0  0  0  0.00000000D+00
 122 C6          0  0  0  6  0  0  0  0  0  0  0  0  0  0  0.91934460D-11
 123 CH3CN       0  3  0  2  1  0  0  0  0  0  0  0  0  0  0.17087191D-11
 124 CH2CCH      0  3  0  3  0  0  0  0  0  0  0  0  0  0  0.16460335D-10
 125 C2H4        0  4  0  2  0  0  0  0  0  0  0  0  0  0  0.11223049D-14
 126 NC4N        0  0  0  4  2  0  0  0  0  0  0  0  0  0  0.10711847D-09
 127 H2CSiCH     0  3  0  2  0  0  1  0  0  0  0  0  0  0  0.33465806D-16
 128 SiC4H       0  1  0  4  0  0  1  0  0  0  0  0  0  0  0.12114498D-09
 129 HC4N        0  1  0  4  1  0  0  0  0  0  0  0  0  0  0.20095930D-12
 130 C4H2        0  2  0  4  0  0  0  0  0  0  0  0  0  0  0.36259630D-08
 131 C5H         0  1  0  5  0  0  0  0  0  0  0  0  0  0  0.21326978D-09
 132 C5N         0  0  0  5  1  0  0  0  0  0  0  0  0  0  0.79865939D-10
 133 CH3OH       0  4  0  1  0  1  0  0  0  0  0  0  0  0  0.24431087D-17
 134 NH2CHO      0  3  0  1  1  1  0  0  0  0  0  0  0  0  0.26231849D-17
 135 C5O         0  0  0  5  0  1  0  0  0  0  0  0  0  0  0.54856439D-10
 136 C7          0  0  0  7  0  0  0  0  0  0  0  0  0  0  0.21346852D-11
 137 HC5N        0  1  0  5  1  0  0  0  0  0  0  0  0  0  0.42573083D-10
 138 SiC2CH3     0  3  0  3  0  0  1  0  0  0  0  0  0  0  0.29979075D-16
 139 CH3CHO      0  4  0  2  0  1  0  0  0  0  0  0  0  0  0.87684049D-18
 140 C2H5        0  5  0  2  0  0  0  0  0  0  0  0  0  0  0.73487339D-24
 141 CH2CHCN     0  3  0  3  1  0  0  0  0  0  0  0  0  0  0.85420062D-18
 142 CH3CCH      0  4  0  3  0  0  0  0  0  0  0  0  0  0  0.89729692D-15
 143 C5H2        0  2  0  5  0  0  0  0  0  0  0  0  0  0  0.59563659D-09
 144 C6H         0  1  0  6  0  0  0  0  0  0  0  0  0  0  0.47895179D-10
 145 CH3NH2      0  5  0  1  1  0  0  0  0  0  0  0  0  0  0.65172508D-15
 146 C4H3        0  3  0  4  0  0  0  0  0  0  0  0  0  0  0.65803594D-15
 147 C6N         0  0  0  6  1  0  0  0  0  0  0  0  0  0  0.32278518D-10
 148 C8          0  0  0  8  0  0  0  0  0  0  0  0  0  0  0.11469468D-11
 149 HC6N        0  1  0  6  1  0  0  0  0  0  0  0  0  0  0.29397313D-13
 150 NC6N        0  0  0  6  2  0  0  0  0  0  0  0  0  0  0.12974405D-10
 151 SiC6H       0  1  0  6  0  0  1  0  0  0  0  0  0  0  0.15272036D-10
 152 CH2CHC2H    0  4  0  4  0  0  0  0  0  0  0  0  0  0  0.51716243D-14
 153 C6H2        0  2  0  6  0  0  0  0  0  0  0  0  0  0  0.45710386D-09
 154 C7H         0  1  0  7  0  0  0  0  0  0  0  0  0  0  0.17245870D-10
 155 C7N         0  0  0  7  1  0  0  0  0  0  0  0  0  0  0.12260454D-10
 156 CH3C3N      0  3  0  4  1  0  0  0  0  0  0  0  0  0  0.64148738D-14
 157 HCOOCH3     0  4  0  2  0  2  0  0  0  0  0  0  0  0  0.90658445D-23
 158 C2H6        0  6  0  2  0  0  0  0  0  0  0  0  0  0  0.36110970D-33
 159 C7O         0  0  0  7  0  1  0  0  0  0  0  0  0  0  0.44359167D-11
 160 C9          0  0  0  9  0  0  0  0  0  0  0  0  0  0  0.41311830D-12
 161 HC7N        0  1  0  7  1  0  0  0  0  0  0  0  0  0  0.94581463D-11
 162 SiC3H5      0  5  0  3  0  0  1  0  0  0  0  0  0  0  0.00000000D+00
 163 CH3CH2OH    0  6  0  2  0  1  0  0  0  0  0  0  0  0  0.48317051D-23
 164 C7H2        0  2  0  7  0  0  0  0  0  0  0  0  0  0  0.60203698D-10
 165 C8H         0  1  0  8  0  0  0  0  0  0  0  0  0  0  0.94628990D-11
 166 CH3C4H      0  4  0  5  0  0  0  0  0  0  0  0  0  0  0.52077782D-15
 167 CH3OCH3     0  6  0  2  0  1  0  0  0  0  0  0  0  0  0.72933135D-24
 168 CH3CHCH2    0  6  0  3  0  0  0  0  0  0  0  0  0  0  0.00000000D+00
 169 C8N         0  0  0  8  1  0  0  0  0  0  0  0  0  0  0.53157232D-11
 170 C10         0  0  0 10  0  0  0  0  0  0  0  0  0  0  0.38683616D-12
 171 CH3COCH3    0  6  0  3  0  1  0  0  0  0  0  0  0  0  0.16716684D-23
 172 C8H2        0  2  0  8  0  0  0  0  0  0  0  0  0  0  0.90831119D-10
 173 C9H         0  1  0  9  0  0  0  0  0  0  0  0  0  0  0.35724969D-11
 174 C9N         0  0  0  9  1  0  0  0  0  0  0  0  0  0  0.25392775D-11
 175 CH3C5N      0  3  0  6  1  0  0  0  0  0  0  0  0  0  0.98143203D-16
 176 HC8N        0  1  0  8  1  0  0  0  0  0  0  0  0  0  0.65309830D-14
 177 NC8N        0  0  0  8  2  0  0  0  0  0  0  0  0  0  0.28824273D-11
 178 SiC8H       0  1  0  8  0  0  1  0  0  0  0  0  0  0  0.30347067D-11
 179 CH2CHCHCH2  0  6  0  4  0  0  0  0  0  0  0  0  0  0  0.00000000D+00
 180 C9O         0  0  0  9  0  1  0  0  0  0  0  0  0  0  0.91890400D-12
 181 HC9N        0  1  0  9  1  0  0  0  0  0  0  0  0  0  0.15338065D-11
 182 C10H        0  1  0 10  0  0  0  0  0  0  0  0  0  0  0.14439090D-11
 183 C9H2        0  2  0  9  0  0  0  0  0  0  0  0  0  0  0.10265356D-10
 184 CH3C6H      0  4  0  7  0  0  0  0  0  0  0  0  0  0  0.58605006D-16
 185 C11         0  0  0 11  0  0  0  0  0  0  0  0  0  0  0.12051419D-11
 186 C10N        0  0  0 10  1  0  0  0  0  0  0  0  0  0  0.53592053D-12
 187 CH3C7N      0  3  0  8  1  0  0  0  0  0  0  0  0  0  0.21135655D-16
 188 C10H2       0  2  0 10  0  0  0  0  0  0  0  0  0  0  0.13817463D-10
 189 C6H6        0  6  0  6  0  0  0  0  0  0  0  0  0  0  0.69715250D-12
 190 Si+         1  0  0  0  0  0  1  0  0  0  0  0  0  0  0.55144141D-08
 191 C+          1  0  0  1  0  0  0  0  0  0  0  0  0  0  0.42085539D-06
 192 C-         -1  0  0  1  0  0  0  0  0  0  0  0  0  0  0.35749208D-13
 193 H-         -1  1  0  0  0  0  0  0  0  0  0  0  0  0  0.96471901D-14
 194 O-         -1  0  0  0  0  1  0  0  0  0  0  0  0  0  0.16846984D-15
 195 S-         -1  0  0  0  0  0  0  1  0  0  0  0  0  0  0.59507650D-16
 196 He+         1  0  1  0  0  0  0  0  0  0  0  0  0  0  0.38916195D-11
 197 H+          1  1  0  0  0  0  0  0  0  0  0  0  0  0  0.27311446D-10
 198 Fe+         1  0  0  0  0  0  0  0  1  0  0  0  0  0  0.29170938D-08
 199 Mg+         1  0  0  0  0  0  0  0  0  0  1  0  0  0  0.65174421D-08
 200 N+          1  0  0  0  1  0  0  0  0  0  0  0  0  0  0.36112166D-15
 201 Na+         1  0  0  0  0  0  0  0  0  1  0  0  0  0  0.18579570D-08
 202 O+          1  0  0  0  0  1  0  0  0  0  0  0  0  0  0.86732622D-15
 203 S+          1  0  0  0  0  0  0  1  0  0  0  0  0  0  0.68496401D-07
 204 Cl+         1  0  0  0  0  0  0  0  0  0  0  1  0  0  0.39389936D-17
 205 F+          1  0  0  0  0  0  0  0  0  0  0  0  0  1  0.27751847D-18
 206 P+          1  0  0  0  0  0  0  0  0  0  0  0  1  0  0.54908769D-10
 207 e-         -1  0  0  0  0  0  0  0  0  0  0  0  0  0  0.50656199D-06
 208 CH+         1  1  0  1  0  0  0  0  0  0  0  0  0  0  0.34379510D-14
 209 H2+         1  2  0  0  0  0  0  0  0  0  0  0  0  0  0.11550588D-13
 210 OH+         1  1  0  0  0  1  0  0  0  0  0  0  0  0  0.42626915D-14
 211 SiH+        1  1  0  0  0  0  1  0  0  0  0  0  0  0  0.28844304D-12
 212 C2+         1  0  0  2  0  0  0  0  0  0  0  0  0  0  0.93223567D-15
 213 CN-        -1  0  0  1  1  0  0  0  0  0  0  0  0  0  0.10785066D-11
 214 OH-        -1  1  0  0  0  1  0  0  0  0  0  0  0  0  0.12553683D-13
 215 CF+         1  0  0  1  0  0  0  0  0  0  0  0  0  1  0.80330851D-10
 216 HS+         1  1  0  0  0  0  0  1  0  0  0  0  0  0  0.21849247D-12
 217 SO+         1  0  0  0  0  1  0  1  0  0  0  0  0  0  0.94992182D-12
 218 CCl+        1  0  0  1  0  0  0  0  0  0  0  1  0  0  0.71392570D-12
 219 ClO+        1  0  0  0  0  1  0  0  0  0  0  1  0  0  0.14257348D-50
 220 CN+         1  0  0  1  1  0  0  0  0  0  0  0  0  0  0.10736584D-16
 221 CO+         1  0  0  1  0  1  0  0  0  0  0  0  0  0  0.12015022D-14
 222 CP+         1  0  0  1  0  0  0  0  0  0  0  0  1  0  0.14454157D-18
 223 CS+         1  0  0  1  0  0  0  1  0  0  0  0  0  0  0.82402172D-15
 224 HCl+        1  1  0  0  0  0  0  0  0  0  0  1  0  0  0.31018930D-17
 225 HF+         1  1  0  0  0  0  0  0  0  0  0  0  0  1  0.21343501D-18
 226 HeH+        1  1  1  0  0  0  0  0  0  0  0  0  0  0  0.49880604D-21
 227 N2+         1  0  0  0  2  0  0  0  0  0  0  0  0  0  0.73301093D-17
 228 NH+         1  1  0  0  1  0  0  0  0  0  0  0  0  0  0.19458846D-15
 229 NO+         1  0  0  0  1  1  0  0  0  0  0  0  0  0  0.53237764D-12
 230 NS+         1  0  0  0  1  0  0  1  0  0  0  0  0  0  0.47866422D-12
 231 O2+         1  0  0  0  0  2  0  0  0  0  0  0  0  0  0.18323281D-13
 232 PH+         1  1  0  0  0  0  0  0  0  0  0  0  1  0  0.11241374D-15
 233 PN+         1  0  0  0  1  0  0  0  0  0  0  0  1  0  0.55451736D-15
 234 PO+         1  0  0  0  0  1  0  0  0  0  0  0  1  0  0.21949251D-14
 235 S2+         1  0  0  0  0  0  0  2  0  0  0  0  0  0  0.56661247D-15
 236 SiC+        1  0  0  1  0  0  1  0  0  0  0  0  0  0  0.13439165D-15
 237 SiN+        1  0  0  0  1  0  1  0  0  0  0  0  0  0  0.30369703D-12
 238 SiO+        1  0  0  0  0  1  1  0  0  0  0  0  0  0  0.27386553D-15
 239 SiS+        1  0  0  0  0  0  1  1  0  0  0  0  0  0  0.39490875D-17
 240 SiF+        1  0  0  0  0  0  1  0  0  0  0  0  0  1  0.84328273D-12
 241 CH2+        1  2  0  1  0  0  0  0  0  0  0  0  0  0  0.11451474D-12
 242 C2N+        1  0  0  2  1  0  0  0  0  0  0  0  0  0  0.42151430D-15
 243 CNC+        1  0  0  2  1  0  0  0  0  0  0  0  0  0  0.11481783D-09
 244 HSiO+       1  1  0  0  0  1  1  0  0  0  0  0  0  0  0.21288115D-11
 245 N2H+        1  1  0  0  2  0  0  0  0  0  0  0  0  0  0.51684709D-12
 246 C2H+        1  1  0  2  0  0  0  0  0  0  0  0  0  0  0.74624707D-14
 247 H3+         1  3  0  0  0  0  0  0  0  0  0  0  0  0  0.24136588D-10
 248 C3-        -1  0  0  3  0  0  0  0  0  0  0  0  0  0  0.33336573D-11
 249 HCO+        1  1  0  1  0  1  0  0  0  0  0  0  0  0  0.71717945D-10
 250 HSO+        1  1  0  0  0  1  0  1  0  0  0  0  0  0  0.10884491D-15
 251 H2S+        1  2  0  0  0  0  0  1  0  0  0  0  0  0  0.15841622D-11
 252 HCS+        1  1  0  1  0  0  0  1  0  0  0  0  0  0  0.11525647D-11
 253 HPO+        1  1  0  0  0  1  0  0  0  0  0  0  1  0  0.40361892D-15
 254 C2O+        1  0  0  2  0  1  0  0  0  0  0  0  0  0  0.22303501D-13
 255 C2S+        1  0  0  2  0  0  0  1  0  0  0  0  0  0  0.12801962D-11
 256 C3+         1  0  0  3  0  0  0  0  0  0  0  0  0  0  0.10754923D-13
 257 CCP+        1  0  0  2  0  0  0  0  0  0  0  0  1  0  0.25186056D-15
 258 CHSi+       1  1  0  1  0  0  1  0  0  0  0  0  0  0  0.30118119D-15
 259 CO2+        1  0  0  1  0  2  0  0  0  0  0  0  0  0  0.56484284D-21
 260 H2Cl+       1  2  0  0  0  0  0  0  0  0  0  1  0  0  0.63131412D-14
 261 H2F+        1  2  0  0  0  0  0  0  0  0  0  0  0  1  0.25424398D-14
 262 H2O+        1  2  0  0  0  1  0  0  0  0  0  0  0  0  0.99944280D-14
 263 HCN+        1  1  0  1  1  0  0  0  0  0  0  0  0  0  0.45289435D-15
 264 HCP+        1  1  0  1  0  0  0  0  0  0  0  0  1  0  0.18830882D-18
 265 HNC+        1  1  0  1  1  0  0  0  0  0  0  0  0  0  0.31671701D-16
 266 HNO+        1  1  0  0  1  1  0  0  0  0  0  0  0  0  0.12315579D-14
 267 HNS+        1  1  0  0  1  0  0  1  0  0  0  0  0  0  0.77972576D-17
 268 HNSi+       1  1  0  0  1  0  1  0  0  0  0  0  0  0  0.71270425D-16
 269 HOC+        1  1  0  1  0  1  0  0  0  0  0  0  0  0  0.69706683D-12
 270 HPN+        1  1  0  0  1  0  0  0  0  0  0  0  1  0  0.41585557D-15
 271 HSiS+       1  1  0  0  0  0  1  1  0  0  0  0  0  0  0.16265793D-13
 272 NaH2+       1  2  0  0  0  0  0  0  0  1  0  0  0  0  0.19964409D-14
 273 NCO+        1  0  0  1  1  1  0  0  0  0  0  0  0  0  0.45686409D-16
 274 NH2+        1  2  0  0  1  0  0  0  0  0  0  0  0  0  0.16173809D-14
 275 NO2+        1  0  0  0  1  2  0  0  0  0  0  0  0  0  0.13286538D-20
 276 HO2+        1  1  0  0  0  2  0  0  0  0  0  0  0  0  0.10245038D-18
 277 OCS+        1  0  0  1  0  1  0  1  0  0  0  0  0  0  0.20615114D-12
 278 PH2+        1  2  0  0  0  0  0  0  0  0  0  0  1  0  0.18740729D-14
 279 HS2+        1  1  0  0  0  0  0  2  0  0  0  0  0  0  0.24200713D-16
 280 SiC2+       1  0  0  2  0  0  1  0  0  0  0  0  0  0  0.47355229D-16
 281 SiH2+       1  2  0  0  0  0  1  0  0  0  0  0  0  0  0.66023580D-11
 282 SiNC+       1  0  0  1  1  0  1  0  0  0  0  0  0  0  0.16384945D-11
 283 SO2+        1  0  0  0  0  2  0  1  0  0  0  0  0  0  0.25940884D-23
 284 HCNH+       1  2  0  1  1  0  0  0  0  0  0  0  0  0  0.33006304D-11
 285 HC2N+       1  1  0  2  1  0  0  0  0  0  0  0  0  0  0.11929528D-15
 286 C3H+        1  1  0  3  0  0  0  0  0  0  0  0  0  0  0.71805133D-12
 287 C4+         1  0  0  4  0  0  0  0  0  0  0  0  0  0  0.93061124D-13
 288 H2CO+       1  2  0  1  0  1  0  0  0  0  0  0  0  0  0.44409097D-13
 289 CH3+        1  3  0  1  0  0  0  0  0  0  0  0  0  0  0.10788225D-09
 290 C3N-       -1  0  0  3  1  0  0  0  0  0  0  0  0  0  0.68531764D-12
 291 C4-        -1  0  0  4  0  0  0  0  0  0  0  0  0  0  0.10691050D-10
 292 H3O+        1  3  0  0  0  1  0  0  0  0  0  0  0  0  0.11277579D-10
 293 H2NO+       1  2  0  0  1  1  0  0  0  0  0  0  0  0  0.15747548D-14
 294 H3S+        1  3  0  0  0  0  0  1  0  0  0  0  0  0  0.63217361D-15
 295 HC2S+       1  1  0  2  0  0  0  1  0  0  0  0  0  0  0.76452037D-12
 296 HOCS+       1  1  0  1  0  1  0  1  0  0  0  0  0  0  0.55793196D-16
 297 PCH2+       1  2  0  1  0  0  0  0  0  0  0  0  1  0  0.52061311D-15
 298 H2S2+       1  2  0  0  0  0  0  2  0  0  0  0  0  0  0.17237460D-20
 299 C2H2+       1  2  0  2  0  0  0  0  0  0  0  0  0  0  0.10033227D-10
 300 C2HO+       1  1  0  2  0  1  0  0  0  0  0  0  0  0  0.26198313D-12
 301 C2N2+       1  0  0  2  2  0  0  0  0  0  0  0  0  0  0.30125349D-21
 302 C3N+        1  0  0  3  1  0  0  0  0  0  0  0  0  0  0.88927594D-18
 303 C3O+        1  0  0  3  0  1  0  0  0  0  0  0  0  0  0.43222639D-12
 304 C3S+        1  0  0  3  0  0  0  1  0  0  0  0  0  0  0.21467845D-11
 305 CH2Si+      1  2  0  1  0  0  1  0  0  0  0  0  0  0  0.48339459D-12
 306 H2CCl+      1  2  0  1  0  0  0  0  0  0  0  1  0  0  0.16971959D-15
 307 H2CS+       1  2  0  1  0  0  0  1  0  0  0  0  0  0  0.12219047D-16
 308 H2NC+       1  2  0  1  1  0  0  0  0  0  0  0  0  0  0.29070484D-11
 309 H2PO+       1  2  0  0  0  1  0  0  0  0  0  0  1  0  0.55136098D-21
 310 H2SiO+      1  2  0  0  0  1  1  0  0  0  0  0  0  0  0.23903114D-17
 311 HOCO+       1  1  0  1  0  2  0  0  0  0  0  0  0  0  0.55238263D-16
 312 HNCO+       1  1  0  1  1  1  0  0  0  0  0  0  0  0  0.36331779D-22
 313 HSiO2+      1  1  0  0  0  2  1  0  0  0  0  0  0  0  0.11671437D-21
 314 HSO2+       1  1  0  0  0  2  0  1  0  0  0  0  0  0  0.85104301D-21
 315 NaH2O+      1  2  0  0  0  1  0  0  0  1  0  0  0  0  0.31841132D-19
 316 NH3+        1  3  0  0  1  0  0  0  0  0  0  0  0  0  0.35971230D-12
 317 PC2H+       1  1  0  2  0  0  0  0  0  0  0  0  1  0  0.79351015D-15
 318 PH3+        1  3  0  0  0  0  0  0  0  0  0  0  1  0  0.12785763D-19
 319 PNH2+       1  2  0  0  1  0  0  0  0  0  0  0  1  0  0.52922051D-17
 320 SiC2H+      1  1  0  2  0  0  1  0  0  0  0  0  0  0  0.20851390D-12
 321 l-SiC3+     1  0  0  3  0  0  1  0  0  0  0  0  0  0  0.15179240D-12
 322 SiH3+       1  3  0  0  0  0  1  0  0  0  0  0  0  0  0.27462745D-16
 323 SiNCH+      1  1  0  1  1  0  1  0  0  0  0  0  0  0  0.99107790D-15
 324 HSiNH+      1  2  0  0  1  0  1  0  0  0  0  0  0  0  0.19041736D-12
 325 HN2O+       1  1  0  0  2  1  0  0  0  0  0  0  0  0  0.19558399D-22
 326 C2H3+       1  3  0  2  0  0  0  0  0  0  0  0  0  0  0.73283816D-12
 327 c-C3H2+     1  2  0  3  0  0  0  0  0  0  0  0  0  0  0.20641158D-11
 328 l-C3H2+     1  2  0  3  0  0  0  0  0  0  0  0  0  0  0.80917565D-12
 329 C4H+        1  1  0  4  0  0  0  0  0  0  0  0  0  0  0.14055587D-12
 330 C5+         1  0  0  5  0  0  0  0  0  0  0  0  0  0  0.11748876D-13
 331 HC3O+       1  1  0  3  0  1  0  0  0  0  0  0  0  0  0.25318959D-15
 332 C4H-       -1  1  0  4  0  0  0  0  0  0  0  0  0  0  0.24948171D-10
 333 C5-        -1  0  0  5  0  0  0  0  0  0  0  0  0  0  0.11852068D-10
 334 NH4+        1  4  0  0  1  0  0  0  0  0  0  0  0  0  0.38143815D-13
 335 H3CS+       1  3  0  1  0  0  0  1  0  0  0  0  0  0  0.11063038D-14
 336 H2COH+      1  3  0  1  0  1  0  0  0  0  0  0  0  0  0.15127182D-15
 337 H3S2+       1  3  0  0  0  0  0  2  0  0  0  0  0  0  0.97571665D-18
 338 HC3S+       1  1  0  3  0  0  0  1  0  0  0  0  0  0  0.67971826D-11
 339 PC3H+       1  1  0  3  0  0  0  0  0  0  0  0  1  0  0.68769973D-19
 340 PCH3+       1  3  0  1  0  0  0  0  0  0  0  0  1  0  0.14259323D-22
 341 PNH3+       1  3  0  0  1  0  0  0  0  0  0  0  1  0  0.72158584D-23
 342 SiC2H2+     1  2  0  2  0  0  1  0  0  0  0  0  0  0  0.51465178D-15
 343 SiC3H+      1  1  0  3  0  0  1  0  0  0  0  0  0  0  0.37661476D-12
 344 SiC4+       1  0  0  4  0  0  1  0  0  0  0  0  0  0  0.21256695D-13
 345 SiCH3+      1  3  0  1  0  0  1  0  0  0  0  0  0  0  0.28230674D-18
 346 SiH4+       1  4  0  0  0  0  1  0  0  0  0  0  0  0  0.73125111D-30
 347 CH2CN+      1  2  0  2  1  0  0  0  0  0  0  0  0  0  0.30517707D-12
 348 H2CCO+      1  2  0  2  0  1  0  0  0  0  0  0  0  0  0.26578347D-12
 349 HC3N+       1  1  0  3  1  0  0  0  0  0  0  0  0  0  0.10381770D-13
 350 C4N+        1  0  0  4  1  0  0  0  0  0  0  0  0  0  0.10360206D-14
 351 C4P+        1  0  0  4  0  0  0  0  0  0  0  0  1  0  0.11745374D-22
 352 C4S+        1  0  0  4  0  0  0  1  0  0  0  0  0  0  0.30399288D-12
 353 HCOOH+      1  2  0  1  0  2  0  0  0  0  0  0  0  0  0.14824722D-18
 354 CH4+        1  4  0  1  0  0  0  0  0  0  0  0  0  0  0.17762234D-17
 355 H3SiO+      1  3  0  0  0  1  1  0  0  0  0  0  0  0  0.41893081D-23
 356 PC2H2+      1  2  0  2  0  0  0  0  0  0  0  0  1  0  0.38414739D-16
 357 C6+         1  0  0  6  0  0  0  0  0  0  0  0  0  0  0.46561461D-13
 358 HC4N+       1  1  0  4  1  0  0  0  0  0  0  0  0  0  0.45621302D-19
 359 C5H-       -1  1  0  5  0  0  0  0  0  0  0  0  0  0  0.84637394D-10
 360 C6-        -1  0  0  6  0  0  0  0  0  0  0  0  0  0  0.11626127D-10
 361 CH3CO+      1  3  0  2  0  1  0  0  0  0  0  0  0  0  0.11368706D-12
 362 C2H4+       1  4  0  2  0  0  0  0  0  0  0  0  0  0  0.23971946D-11
 363 HC3NH+      1  2  0  3  1  0  0  0  0  0  0  0  0  0  0.15838066D-12
 364 HC4S+       1  1  0  4  0  0  0  1  0  0  0  0  0  0  0.64299798D-12
 365 CH5+        1  5  0  1  0  0  0  0  0  0  0  0  0  0  0.12051067D-12
 366 C4H2+       1  2  0  4  0  0  0  0  0  0  0  0  0  0  0.47327972D-10
 367 C5H+        1  1  0  5  0  0  0  0  0  0  0  0  0  0  0.53573542D-11
 368 CH3CN+      1  3  0  2  1  0  0  0  0  0  0  0  0  0  0.77048045D-13
 369 c-C3H3+     1  3  0  3  0  0  0  0  0  0  0  0  0  0  0.44704160D-11
 370 l-C3H3+     1  3  0  3  0  0  0  0  0  0  0  0  0  0  0.45093242D-11
 371 C5N+        1  0  0  5  1  0  0  0  0  0  0  0  0  0  0.77113383D-16
 372 CH3O2+      1  3  0  1  0  2  0  0  0  0  0  0  0  0  0.13942329D-17
 373 CH2NH2+     1  4  0  1  1  0  0  0  0  0  0  0  0  0  0.13727201D-16
 374 CH3OH+      1  4  0  1  0  1  0  0  0  0  0  0  0  0  0.42055122D-20
 375 H2C3O+      1  2  0  3  0  1  0  0  0  0  0  0  0  0  0.13576372D-15
 376 HC2NCH+     1  2  0  3  1  0  0  0  0  0  0  0  0  0  0.68969501D-14
 377 HC4O+       1  1  0  4  0  1  0  0  0  0  0  0  0  0  0.18538480D-11
 378 NH2CNH+     1  3  0  1  2  0  0  0  0  0  0  0  0  0  0.00000000D+00
 379 PC2H3+      1  3  0  2  0  0  0  0  0  0  0  0  1  0  0.86962689D-25
 380 PC4H+       1  1  0  4  0  0  0  0  0  0  0  0  1  0  0.90559482D-18
 381 PCH4+       1  4  0  1  0  0  0  0  0  0  0  0  1  0  0.71297635D-24
 382 SiC2H3+     1  3  0  2  0  0  1  0  0  0  0  0  0  0  0.25413759D-15
 383 SiC3H2+     1  2  0  3  0  0  1  0  0  0  0  0  0  0  0.69768339D-15
 384 SiC4H+      1  1  0  4  0  0  1  0  0  0  0  0  0  0  0.10413510D-15
 385 SiCH4+      1  4  0  1  0  0  1  0  0  0  0  0  0  0  0.24317721D-18
 386 SiH5+       1  5  0  0  0  0  1  0  0  0  0  0  0  0  0.85668791D-22
 387 C7+         1  0  0  7  0  0  0  0  0  0  0  0  0  0  0.62051951D-14
 388 H2C4N+      1  2  0  4  1  0  0  0  0  0  0  0  0  0  0.67950898D-19
 389 C6H-       -1  1  0  6  0  0  0  0  0  0  0  0  0  0  0.19283208D-10
 390 C7-        -1  0  0  7  0  0  0  0  0  0  0  0  0  0  0.61780136D-11
 391 C4H3+       1  3  0  4  0  0  0  0  0  0  0  0  0  0  0.41904249D-11
 392 C5H2+       1  2  0  5  0  0  0  0  0  0  0  0  0  0  0.14130266D-13
 393 CH3CNH+     1  4  0  2  1  0  0  0  0  0  0  0  0  0  0.70743190D-13
 394 C2H4O+      1  4  0  2  0  1  0  0  0  0  0  0  0  0  0.29507404D-19
 395 C2H5+       1  5  0  2  0  0  0  0  0  0  0  0  0  0  0.91407075D-17
 396 C3H3N+      1  3  0  3  1  0  0  0  0  0  0  0  0  0  0.12606566D-18
 397 C3H4+       1  4  0  3  0  0  0  0  0  0  0  0  0  0  0.24484600D-17
 398 HC5N+       1  1  0  5  1  0  0  0  0  0  0  0  0  0  0.20902943D-13
 399 C6H+        1  1  0  6  0  0  0  0  0  0  0  0  0  0  0.94847153D-12
 400 CH3NH2+     1  5  0  1  1  0  0  0  0  0  0  0  0  0  0.22480885D-17
 401 CH3OH2+     1  5  0  1  0  1  0  0  0  0  0  0  0  0  0.33411238D-18
 402 H3C3O+      1  3  0  3  0  1  0  0  0  0  0  0  0  0  0.73605939D-16
 403 NH2CH2O+    1  4  0  1  1  1  0  0  0  0  0  0  0  0  0.41859811D-23
 404 PC2H4+      1  4  0  2  0  0  0  0  0  0  0  0  1  0  0.12430555D-25
 405 PC4H2+      1  2  0  4  0  0  0  0  0  0  0  0  1  0  0.84123880D-20
 406 HC5O+       1  1  0  5  0  1  0  0  0  0  0  0  0  0  0.12071596D-15
 407 C6N+        1  0  0  6  1  0  0  0  0  0  0  0  0  0  0.18724292D-15
 408 H2C5N+      1  2  0  5  1  0  0  0  0  0  0  0  0  0  0.38888013D-13
 409 C8+         1  0  0  8  0  0  0  0  0  0  0  0  0  0  0.47847673D-13
 410 C7H-       -1  1  0  7  0  0  0  0  0  0  0  0  0  0  0.30323826D-10
 411 C8-        -1  0  0  8  0  0  0  0  0  0  0  0  0  0  0.14120459D-11
 412 C5H3+       1  3  0  5  0  0  0  0  0  0  0  0  0  0  0.10414400D-14
 413 C3H5+       1  5  0  3  0  0  0  0  0  0  0  0  0  0  0.15019276D-17
 414 C6H2+       1  2  0  6  0  0  0  0  0  0  0  0  0  0  0.47273251D-12
 415 C7H+        1  1  0  7  0  0  0  0  0  0  0  0  0  0  0.72390054D-12
 416 CH3CHOH+    1  5  0  2  0  1  0  0  0  0  0  0  0  0  0.25014787D-19
 417 C2H6+       1  6  0  2  0  0  0  0  0  0  0  0  0  0  0.62451144D-30
 418 C3H3NH+     1  4  0  3  1  0  0  0  0  0  0  0  0  0  0.69114639D-22
 419 C4H4+       1  4  0  4  0  0  0  0  0  0  0  0  0  0  0.30385533D-17
 420 C7N+        1  0  0  7  1  0  0  0  0  0  0  0  0  0  0.10837691D-16
 421 CH3NH3+     1  6  0  1  1  0  0  0  0  0  0  0  0  0  0.10035167D-16
 422 COOCH4+     1  4  0  2  0  2  0  0  0  0  0  0  0  0  0.54492489D-25
 423 H3C4N+      1  3  0  4  1  0  0  0  0  0  0  0  0  0  0.67925613D-19
 424 HC6N+       1  1  0  6  1  0  0  0  0  0  0  0  0  0  0.11986726D-19
 425 C9+         1  0  0  9  0  0  0  0  0  0  0  0  0  0  0.52980822D-14
 426 C8H-       -1  1  0  8  0  0  0  0  0  0  0  0  0  0  0.55677126D-11
 427 C9-        -1  0  0  9  0  0  0  0  0  0  0  0  0  0  0.11661537D-11
 428 C4H5+       1  5  0  4  0  0  0  0  0  0  0  0  0  0  0.13761080D-16
 429 C6H3+       1  3  0  6  0  0  0  0  0  0  0  0  0  0  0.76491731D-14
 430 C7H2+       1  2  0  7  0  0  0  0  0  0  0  0  0  0  0.11275904D-14
 431 C2H5OH+     1  6  0  2  0  1  0  0  0  0  0  0  0  0  0.66897070D-26
 432 H3C4NH+     1  4  0  4  1  0  0  0  0  0  0  0  0  0  0.33607005D-16
 433 C5H3N+      1  3  0  5  1  0  0  0  0  0  0  0  0  0  0.39628153D-18
 434 C5H4+       1  4  0  5  0  0  0  0  0  0  0  0  0  0  0.41389678D-17
 435 HC7N+       1  1  0  7  1  0  0  0  0  0  0  0  0  0  0.23072017D-14
 436 C8H+        1  1  0  8  0  0  0  0  0  0  0  0  0  0  0.31778941D-15
 437 CH3OCH3+    1  6  0  2  0  1  0  0  0  0  0  0  0  0  0.17628263D-26
 438 H5C2O2+     1  5  0  2  0  2  0  0  0  0  0  0  0  0  0.14911234D-24
 439 HC7O+       1  1  0  7  0  1  0  0  0  0  0  0  0  0  0.97615876D-17
 440 C8N+        1  0  0  8  1  0  0  0  0  0  0  0  0  0  0.46002658D-16
 441 H2C6N+      1  2  0  6  1  0  0  0  0  0  0  0  0  0  0.47979345D-16
 442 C2H7+       1  7  0  2  0  0  0  0  0  0  0  0  0  0  0.16975736D-40
 443 C10+        1  0  0 10  0  0  0  0  0  0  0  0  0  0  0.25451985D-14
 444 CH3OCH4+    1  7  0  2  0  1  0  0  0  0  0  0  0  0  0.12900690D-25
 445 C9H-       -1  1  0  9  0  0  0  0  0  0  0  0  0  0  0.61329046D-11
 446 C10-       -1  0  0 10  0  0  0  0  0  0  0  0  0  0  0.33604456D-12
 447 C7H2N+      1  2  0  7  1  0  0  0  0  0  0  0  0  0  0.23324906D-13
 448 C7H3+       1  3  0  7  0  0  0  0  0  0  0  0  0  0  0.60227158D-15
 449 C5H5+       1  5  0  5  0  0  0  0  0  0  0  0  0  0  0.11527686D-16
 450 C8H2+       1  2  0  8  0  0  0  0  0  0  0  0  0  0  0.10251474D-12
 451 C9H+        1  1  0  9  0  0  0  0  0  0  0  0  0  0  0.13608596D-12
 452 C2H5OH2+    1  7  0  2  0  1  0  0  0  0  0  0  0  0  0.13089428D-24
 453 C2H6CO+     1  6  0  3  0  1  0  0  0  0  0  0  0  0  0.16158243D-25
 454 C5H4N+      1  4  0  5  1  0  0  0  0  0  0  0  0  0  0.20296458D-17
 455 C6H4+       1  4  0  6  0  0  0  0  0  0  0  0  0  0  0.97204267D-16
 456 C9N+        1  0  0  9  1  0  0  0  0  0  0  0  0  0  0.20453673D-17
 457 HC8N+       1  1  0  8  1  0  0  0  0  0  0  0  0  0  0.28309425D-20
 458 C10H+       1  1  0 10  0  0  0  0  0  0  0  0  0  0  0.33638698D-13
 459 C10H-      -1  1  0 10  0  0  0  0  0  0  0  0  0  0  0.67158436D-12
 460 C8H3+       1  3  0  8  0  0  0  0  0  0  0  0  0  0  0.15336233D-14
 461 C9H2+       1  2  0  9  0  0  0  0  0  0  0  0  0  0  0.22370081D-15
 462 C3H6OH+     1  7  0  3  0  1  0  0  0  0  0  0  0  0  0.37862749D-25
 463 C4H7+       1  7  0  4  0  0  0  0  0  0  0  0  0  0  0.10407518D-23
 464 H3C6NH+     1  4  0  6  1  0  0  0  0  0  0  0  0  0  0.60491513D-18
 465 C6H5+       1  5  0  6  0  0  0  0  0  0  0  0  0  0  0.29577636D-18
 466 H3C7N+      1  3  0  7  1  0  0  0  0  0  0  0  0  0  0.30418249D-18
 467 C7H4+       1  4  0  7  0  0  0  0  0  0  0  0  0  0  0.46442883D-16
 468 C9HN+       1  1  0  9  1  0  0  0  0  0  0  0  0  0  0.43374897D-15
 469 C11+        1  0  0 11  0  0  0  0  0  0  0  0  0  0  0.15595833D-13
 470 HC9O+       1  1  0  9  0  1  0  0  0  0  0  0  0  0  0.20221213D-17
 471 C10N+       1  0  0 10  1  0  0  0  0  0  0  0  0  0  0.71301268D-17
 472 H2C8N+      1  2  0  8  1  0  0  0  0  0  0  0  0  0  0.11331431D-16
 473 C9H2N+      1  2  0  9  1  0  0  0  0  0  0  0  0  0  0.71275046D-15
 474 C9H3+       1  3  0  9  0  0  0  0  0  0  0  0  0  0  0.66405718D-16
 475 C10H2+      1  2  0 10  0  0  0  0  0  0  0  0  0  0  0.16640331D-15
 476 C7H5+       1  5  0  7  0  0  0  0  0  0  0  0  0  0  0.23467976D-17
 477 C8H4+       1  4  0  8  0  0  0  0  0  0  0  0  0  0  0.10592682D-16
 478 HC10N+      1  1  0 10  1  0  0  0  0  0  0  0  0  0  0.28540993D-21
 479 C6H7+       1  7  0  6  0  0  0  0  0  0  0  0  0  0  0.14561822D-16
 480 C9H4+       1  4  0  9  0  0  0  0  0  0  0  0  0  0  0.19956858D-17
 481 C8H4N+      1  4  0  8  1  0  0  0  0  0  0  0  0  0  0.13408223D-18
 482 C8H5+       1  5  0  8  0  0  0  0  0  0  0  0  0  0  0.22496248D-19
 483 C9H3N+      1  3  0  9  1  0  0  0  0  0  0  0  0  0  0.20809768D-19
 484 C10H3+      1  3  0 10  0  0  0  0  0  0  0  0  0  0  0.57698987D-17
 485 H2C10N+     1  2  0 10  1  0  0  0  0  0  0  0  0  0  0.17136182D-17
 486 C9H5+       1  5  0  9  0  0  0  0  0  0  0  0  0  0  0.55909588D-23
 487 GRAIN0      0  0  0  0  0  0  0  0  0  0  0  0  0  0  0.83046749D-14
 488 GRAIN-     -1  0  0  0  0  0  0  0  0  0  0  0  0  0  0.13131953D-11
 489 XH          0  1  0  0  0  0  0  0  0  0  0  0  0  0  0.71631893D-17
