0.11D+08                                              +-  H  He C  O  S  G    
 JSPACE =            1
   1 H           0  1  0  0  0  0  0  0  0  0  0  0  0  0  0.11589950D-04
   2 C           0  0  0  1  0  0  0  0  0  0  0  0  0  0  0.77576672D-05
   3 Fe          0  0  0  0  0  0  0  0  1  0  0  0  0  0  0.11261847D-09
   4 Mg          0  0  0  0  0  0  0  0  0  0  1  0  0  0  0.73026678D-09
   5 S           0  0  0  0  0  0  0  1  0  0  0  0  0  0  0.32855043D-07
   6 Si          0  0  0  0  0  0  1  0  0  0  0  0  0  0  0.44343367D-08
   7 O           0  0  0  0  0  1  0  0  0  0  0  0  0  0  0.77865558D-04
   8 N           0  0  0  0  1  0  0  0  0  0  0  0  0  0  0.58770088D-04
   9 He          0  0  1  0  0  0  0  0  0  0  0  0  0  0  0.90000000D-01
  10 Cl          0  0  0  0  0  0  0  0  0  0  0  1  0  0  0.21975679D-10
  11 Na          0  0  0  0  0  0  0  0  0  1  0  0  0  0  0.17920872D-09
  12 P           0  0  0  0  0  0  0  0  0  0  0  0  1  0  0.66831532D-10
  13 F           0  0  0  0  0  0  0  0  0  0  0  0  0  1  0.16774565D-10
  14 OH          0  1  0  0  0  1  0  0  0  0  0  0  0  0  0.19070211D-09
  15 CO          0  0  0  1  0  1  0  0  0  0  0  0  0  0  0.16212751D-03
  16 CS          0  0  0  1  0  0  0  1  0  0  0  0  0  0  0.70055660D-08
  17 HS          0  1  0  0  0  0  0  1  0  0  0  0  0  0  0.49195723D-10
  18 N2          0  0  0  0  2  0  0  0  0  0  0  0  0  0  0.16090447D-05
  19 NH          0  1  0  0  1  0  0  0  0  0  0  0  0  0  0.23030372D-11
  20 SiH         0  1  0  0  0  0  1  0  0  0  0  0  0  0  0.20275786D-10
  21 SiO         0  0  0  0  0  1  1  0  0  0  0  0  0  0  0.37440430D-09
  22 SO          0  0  0  0  0  1  0  1  0  0  0  0  0  0  0.86957271D-10
  23 CH          0  1  0  1  0  0  0  0  0  0  0  0  0  0  0.14051608D-08
  24 O2          0  0  0  0  0  2  0  0  0  0  0  0  0  0  0.55358943D-09
  25 H2          0  2  0  0  0  0  0  0  0  0  0  0  0  0  0.49999414D+00
  26 C2          0  0  0  2  0  0  0  0  0  0  0  0  0  0  0.23883535D-09
  27 CN          0  0  0  1  1  0  0  0  0  0  0  0  0  0  0.38135189D-08
  28 MgH         0  1  0  0  0  0  0  0  0  0  1  0  0  0  0.10995527D-13
  29 NaH         0  1  0  0  0  0  0  0  0  1  0  0  0  0  0.21220574D-13
  30 NO          0  0  0  0  1  1  0  0  0  0  0  0  0  0  0.22517728D-09
  31 NS          0  0  0  0  1  0  0  1  0  0  0  0  0  0  0.11658616D-10
  32 PH          0  1  0  0  0  0  0  0  0  0  0  0  1  0  0.13163558D-12
  33 PN          0  0  0  0  1  0  0  0  0  0  0  0  1  0  0.12299513D-09
  34 PO          0  0  0  0  0  1  0  0  0  0  0  0  1  0  0.72024538D-13
  35 S2          0  0  0  0  0  0  0  2  0  0  0  0  0  0  0.41925159D-13
  36 SiC         0  0  0  1  0  0  1  0  0  0  0  0  0  0  0.38620048D-11
  37 SiN         0  0  0  0  1  0  1  0  0  0  0  0  0  0  0.33707678D-10
  38 SiS         0  0  0  0  0  0  1  1  0  0  0  0  0  0  0.64422158D-12
  39 CCl         0  0  0  1  0  0  0  0  0  0  0  1  0  0  0.97216991D-13
  40 ClO         0  0  0  0  0  1  0  0  0  0  0  1  0  0  0.00000000D+00
  41 CP          0  0  0  1  0  0  0  0  0  0  0  0  1  0  0.83769372D-13
  42 HCl         0  1  0  0  0  0  0  0  0  0  0  1  0  0  0.97558412D-09
  43 HF          0  1  0  0  0  0  0  0  0  0  0  0  0  1  0.66202563D-08
  44 CCH         0  1  0  2  0  0  0  0  0  0  0  0  0  0  0.30750981D-09
  45 C3          0  0  0  3  0  0  0  0  0  0  0  0  0  0  0.48054980D-08
  46 CH2         0  2  0  1  0  0  0  0  0  0  0  0  0  0  0.30071784D-08
  47 SO2         0  0  0  0  0  2  0  1  0  0  0  0  0  0  0.39827894D-12
  48 H2O         0  2  0  0  0  1  0  0  0  0  0  0  0  0  0.56000696D-09
  49 HCN         0  1  0  1  1  0  0  0  0  0  0  0  0  0  0.59562654D-08
  50 HCSi        0  1  0  1  0  0  1  0  0  0  0  0  0  0  0.16224656D-10
  51 CCN         0  0  0  2  1  0  0  0  0  0  0  0  0  0  0.13147532D-09
  52 CCS         0  0  0  2  0  0  0  1  0  0  0  0  0  0  0.51182928D-11
  53 CCO         0  0  0  2  0  1  0  0  0  0  0  0  0  0  0.64396456D-12
  54 CCP         0  0  0  2  0  0  0  0  0  0  0  0  1  0  0.28066728D-14
  55 CO2         0  0  0  1  0  2  0  0  0  0  0  0  0  0  0.14603285D-08
  56 H2S         0  2  0  0  0  0  0  1  0  0  0  0  0  0  0.61470857D-12
  57 HCO         0  1  0  1  0  1  0  0  0  0  0  0  0  0  0.32332238D-10
  58 HCP         0  1  0  1  0  0  0  0  0  0  0  0  1  0  0.58302662D-12
  59 HCS         0  1  0  1  0  0  0  1  0  0  0  0  0  0  0.66154836D-12
  60 HNC         0  1  0  1  1  0  0  0  0  0  0  0  0  0  0.13102436D-08
  61 HNO         0  1  0  0  1  1  0  0  0  0  0  0  0  0  0.58645302D-12
  62 HNSi        0  1  0  0  1  0  1  0  0  0  0  0  0  0  0.57519033D-10
  63 HPO         0  1  0  0  0  1  0  0  0  0  0  0  1  0  0.20482616D-16
  64 HSS         0  1  0  0  0  0  0  2  0  0  0  0  0  0  0.10071090D-12
  65 N2O         0  0  0  0  2  1  0  0  0  0  0  0  0  0  0.38054507D-16
  66 NaOH        0  1  0  0  0  1  0  0  0  1  0  0  0  0  0.31618647D-17
  67 NH2         0  2  0  0  1  0  0  0  0  0  0  0  0  0  0.33542576D-12
  68 NO2         0  0  0  0  1  2  0  0  0  0  0  0  0  0  0.00000000D+00
  69 O2H         0  1  0  0  0  2  0  0  0  0  0  0  0  0  0.24765529D-16
  70 OCN         0  0  0  1  1  1  0  0  0  0  0  0  0  0  0.20443376D-10
  71 OCS         0  0  0  1  0  1  0  1  0  0  0  0  0  0  0.18114374D-11
  72 PH2         0  2  0  0  0  0  0  0  0  0  0  0  1  0  0.13690278D-16
  73 c-SiC2      0  0  0  2  0  0  1  0  0  0  0  0  0  0  0.13175645D-11
  74 SiH2        0  2  0  0  0  0  1  0  0  0  0  0  0  0  0.25465992D-14
  75 SiNC        0  0  0  1  1  0  1  0  0  0  0  0  0  0  0.59611939D-13
  76 SiO2        0  0  0  0  0  2  1  0  0  0  0  0  0  0  0.35383579D-15
  77 C4          0  0  0  4  0  0  0  0  0  0  0  0  0  0  0.14086492D-10
  78 c-C3H       0  1  0  3  0  0  0  0  0  0  0  0  0  0  0.53337475D-10
  79 l-C3H       0  1  0  3  0  0  0  0  0  0  0  0  0  0  0.63721401D-11
  80 CH3         0  3  0  1  0  0  0  0  0  0  0  0  0  0  0.14922504D-09
  81 C2H2        0  2  0  2  0  0  0  0  0  0  0  0  0  0  0.65819281D-09
  82 NH3         0  3  0  0  1  0  0  0  0  0  0  0  0  0  0.65621197D-11
  83 SiCH2       0  2  0  1  0  0  1  0  0  0  0  0  0  0  0.19878828D-12
  84 C3N         0  0  0  3  1  0  0  0  0  0  0  0  0  0  0.18635200D-10
  85 C3O         0  0  0  3  0  1  0  0  0  0  0  0  0  0  0.26011089D-10
  86 C3P         0  0  0  3  0  0  0  0  0  0  0  0  1  0  0.29292991D-17
  87 C3S         0  0  0  3  0  0  0  1  0  0  0  0  0  0  0.11701448D-10
  88 H2CO        0  2  0  1  0  1  0  0  0  0  0  0  0  0  0.99046560D-09
  89 H2CS        0  2  0  1  0  0  0  1  0  0  0  0  0  0  0.83337824D-10
  90 HOOH        0  2  0  0  0  2  0  0  0  0  0  0  0  0  0.28556474D-18
  91 HSSH        0  2  0  0  0  0  0  2  0  0  0  0  0  0  0.63654710D-13
  92 H2SiO       0  2  0  0  0  1  1  0  0  0  0  0  0  0  0.37287871D-18
  93 HCCP        0  1  0  2  0  0  0  0  0  0  0  0  1  0  0.38234839D-16
  94 HCCSi       0  1  0  2  0  0  1  0  0  0  0  0  0  0  0.26719505D-11
  95 l-SiC3      0  0  0  3  0  0  1  0  0  0  0  0  0  0  0.19278915D-12
  96 SiH3        0  3  0  0  0  0  1  0  0  0  0  0  0  0  0.46367894D-19
  97 H2CN        0  2  0  1  1  0  0  0  0  0  0  0  0  0  0.37464968D-10
  98 C5          0  0  0  5  0  0  0  0  0  0  0  0  0  0  0.12751549D-11
  99 c-C3H2      0  2  0  3  0  0  0  0  0  0  0  0  0  0  0.22346621D-10
 100 l-C3H2      0  2  0  3  0  0  0  0  0  0  0  0  0  0  0.16776421D-10
 101 C4H         0  1  0  4  0  0  0  0  0  0  0  0  0  0  0.44750159D-11
 102 CH4         0  4  0  1  0  0  0  0  0  0  0  0  0  0  0.22693597D-07
 103 HC3N        0  1  0  3  1  0  0  0  0  0  0  0  0  0  0.78734754D-11
 104 H2CCN       0  2  0  2  1  0  0  0  0  0  0  0  0  0  0.91892152D-11
 105 H2CCO       0  2  0  2  0  1  0  0  0  0  0  0  0  0  0.33889850D-09
 106 C2H3        0  3  0  2  0  0  0  0  0  0  0  0  0  0  0.16056176D-10
 107 C4N         0  0  0  4  1  0  0  0  0  0  0  0  0  0  0.27691233D-11
 108 C4P         0  0  0  4  0  0  0  0  0  0  0  0  1  0  0.51964386D-17
 109 C4S         0  0  0  4  0  0  0  1  0  0  0  0  0  0  0.80004173D-14
 110 HCOOH       0  2  0  1  0  2  0  0  0  0  0  0  0  0  0.59366388D-14
 111 CH2PH       0  3  0  1  0  0  0  0  0  0  0  0  1  0  0.18529889D-19
 112 CH2NH       0  3  0  1  1  0  0  0  0  0  0  0  0  0  0.43653402D-14
 113 c-HCCHSi    0  2  0  2  0  0  1  0  0  0  0  0  0  0  0.75315116D-13
 114 SiC3H       0  1  0  3  0  0  1  0  0  0  0  0  0  0  0.38422525D-14
 115 SiC4        0  0  0  4  0  0  1  0  0  0  0  0  0  0  0.58867843D-16
 116 SiCH3       0  3  0  1  0  0  1  0  0  0  0  0  0  0  0.19585247D-13
 117 SiH4        0  4  0  0  0  0  1  0  0  0  0  0  0  0  0.44973596D-17
 118 HCNCC       0  1  0  3  1  0  0  0  0  0  0  0  0  0  0.17235009D-12
 119 HCCNC       0  1  0  3  1  0  0  0  0  0  0  0  0  0  0.65570582D-12
 120 HNCCC       0  1  0  3  1  0  0  0  0  0  0  0  0  0  0.50492972D-13
 121 NH2CN       0  2  0  1  2  0  0  0  0  0  0  0  0  0  0.00000000D+00
 122 C6          0  0  0  6  0  0  0  0  0  0  0  0  0  0  0.31420925D-13
 123 CH3CN       0  3  0  2  1  0  0  0  0  0  0  0  0  0  0.96915195D-11
 124 CH2CCH      0  3  0  3  0  0  0  0  0  0  0  0  0  0  0.10939588D-12
 125 C2H4        0  4  0  2  0  0  0  0  0  0  0  0  0  0  0.10416870D-11
 126 NC4N        0  0  0  4  2  0  0  0  0  0  0  0  0  0  0.38559057D-11
 127 H2CSiCH     0  3  0  2  0  0  1  0  0  0  0  0  0  0  0.20863231D-12
 128 SiC4H       0  1  0  4  0  0  1  0  0  0  0  0  0  0  0.28194232D-12
 129 HC4N        0  1  0  4  1  0  0  0  0  0  0  0  0  0  0.54433074D-14
 130 C4H2        0  2  0  4  0  0  0  0  0  0  0  0  0  0  0.12945972D-11
 131 C5H         0  1  0  5  0  0  0  0  0  0  0  0  0  0  0.32539656D-12
 132 C5N         0  0  0  5  1  0  0  0  0  0  0  0  0  0  0.23727761D-12
 133 CH3OH       0  4  0  1  0  1  0  0  0  0  0  0  0  0  0.17543304D-17
 134 NH2CHO      0  3  0  1  1  1  0  0  0  0  0  0  0  0  0.24518762D-16
 135 C5O         0  0  0  5  0  1  0  0  0  0  0  0  0  0  0.10884623D-12
 136 C7          0  0  0  7  0  0  0  0  0  0  0  0  0  0  0.19391131D-14
 137 HC5N        0  1  0  5  1  0  0  0  0  0  0  0  0  0  0.66891818D-13
 138 SiC2CH3     0  3  0  3  0  0  1  0  0  0  0  0  0  0  0.57517497D-15
 139 CH3CHO      0  4  0  2  0  1  0  0  0  0  0  0  0  0  0.31803714D-16
 140 C2H5        0  5  0  2  0  0  0  0  0  0  0  0  0  0  0.10099858D-19
 141 CH2CHCN     0  3  0  3  1  0  0  0  0  0  0  0  0  0  0.38237847D-15
 142 CH3CCH      0  4  0  3  0  0  0  0  0  0  0  0  0  0  0.26410362D-14
 143 C5H2        0  2  0  5  0  0  0  0  0  0  0  0  0  0  0.78666623D-13
 144 C6H         0  1  0  6  0  0  0  0  0  0  0  0  0  0  0.43968054D-13
 145 CH3NH2      0  5  0  1  1  0  0  0  0  0  0  0  0  0  0.95996244D-14
 146 C4H3        0  3  0  4  0  0  0  0  0  0  0  0  0  0  0.20548369D-14
 147 C6N         0  0  0  6  1  0  0  0  0  0  0  0  0  0  0.36623900D-13
 148 C8          0  0  0  8  0  0  0  0  0  0  0  0  0  0  0.67767832D-15
 149 HC6N        0  1  0  6  1  0  0  0  0  0  0  0  0  0  0.46248777D-16
 150 NC6N        0  0  0  6  2  0  0  0  0  0  0  0  0  0  0.19419331D-13
 151 SiC6H       0  1  0  6  0  0  1  0  0  0  0  0  0  0  0.21270657D-14
 152 CH2CHC2H    0  4  0  4  0  0  0  0  0  0  0  0  0  0  0.68439304D-17
 153 C6H2        0  2  0  6  0  0  0  0  0  0  0  0  0  0  0.97668671D-14
 154 C7H         0  1  0  7  0  0  0  0  0  0  0  0  0  0  0.36557758D-14
 155 C7N         0  0  0  7  1  0  0  0  0  0  0  0  0  0  0.45826867D-14
 156 CH3C3N      0  3  0  4  1  0  0  0  0  0  0  0  0  0  0.27849843D-14
 157 HCOOCH3     0  4  0  2  0  2  0  0  0  0  0  0  0  0  0.11817842D-20
 158 C2H6        0  6  0  2  0  0  0  0  0  0  0  0  0  0  0.00000000D+00
 159 C7O         0  0  0  7  0  1  0  0  0  0  0  0  0  0  0.12228692D-14
 160 C9          0  0  0  9  0  0  0  0  0  0  0  0  0  0  0.70624040D-16
 161 HC7N        0  1  0  7  1  0  0  0  0  0  0  0  0  0  0.36596598D-14
 162 SiC3H5      0  5  0  3  0  0  1  0  0  0  0  0  0  0  0.00000000D+00
 163 CH3CH2OH    0  6  0  2  0  1  0  0  0  0  0  0  0  0  0.44624035D-18
 164 C7H2        0  2  0  7  0  0  0  0  0  0  0  0  0  0  0.36804642D-14
 165 C8H         0  1  0  8  0  0  0  0  0  0  0  0  0  0  0.25537258D-14
 166 CH3C4H      0  4  0  5  0  0  0  0  0  0  0  0  0  0  0.43336122D-15
 167 CH3OCH3     0  6  0  2  0  1  0  0  0  0  0  0  0  0  0.59596944D-23
 168 CH3CHCH2    0  6  0  3  0  0  0  0  0  0  0  0  0  0  0.00000000D+00
 169 C8N         0  0  0  8  1  0  0  0  0  0  0  0  0  0  0.14014284D-14
 170 C10         0  0  0 10  0  0  0  0  0  0  0  0  0  0  0.40799562D-16
 171 CH3COCH3    0  6  0  3  0  1  0  0  0  0  0  0  0  0  0.84154467D-21
 172 C8H2        0  2  0  8  0  0  0  0  0  0  0  0  0  0  0.12376086D-14
 173 C9H         0  1  0  9  0  0  0  0  0  0  0  0  0  0  0.26267792D-15
 174 C9N         0  0  0  9  1  0  0  0  0  0  0  0  0  0  0.30103126D-15
 175 CH3C5N      0  3  0  6  1  0  0  0  0  0  0  0  0  0  0.19463872D-16
 176 HC8N        0  1  0  8  1  0  0  0  0  0  0  0  0  0  0.25302764D-17
 177 NC8N        0  0  0  8  2  0  0  0  0  0  0  0  0  0  0.10624340D-14
 178 SiC8H       0  1  0  8  0  0  1  0  0  0  0  0  0  0  0.26953112D-15
 179 CH2CHCHCH2  0  6  0  4  0  0  0  0  0  0  0  0  0  0  0.00000000D+00
 180 C9O         0  0  0  9  0  1  0  0  0  0  0  0  0  0  0.87866640D-16
 181 HC9N        0  1  0  9  1  0  0  0  0  0  0  0  0  0  0.20319713D-15
 182 C10H        0  1  0 10  0  0  0  0  0  0  0  0  0  0  0.13360525D-15
 183 C9H2        0  2  0  9  0  0  0  0  0  0  0  0  0  0  0.26229459D-15
 184 CH3C6H      0  4  0  7  0  0  0  0  0  0  0  0  0  0  0.78809658D-18
 185 C11         0  0  0 11  0  0  0  0  0  0  0  0  0  0  0.19206927D-15
 186 C10N        0  0  0 10  1  0  0  0  0  0  0  0  0  0  0.62444506D-16
 187 CH3C7N      0  3  0  8  1  0  0  0  0  0  0  0  0  0  0.10343948D-17
 188 C10H2       0  2  0 10  0  0  0  0  0  0  0  0  0  0  0.23267788D-15
 189 C6H6        0  6  0  6  0  0  0  0  0  0  0  0  0  0  0.37921658D-15
 190 Si+         1  0  0  0  0  0  1  0  0  0  0  0  0  0  0.30431311D-08
 191 C+          1  0  0  1  0  0  0  0  0  0  0  0  0  0  0.48065026D-07
 192 C-         -1  0  0  1  0  0  0  0  0  0  0  0  0  0  0.69430097D-14
 193 H-         -1  1  0  0  0  0  0  0  0  0  0  0  0  0  0.51887403D-14
 194 O-         -1  0  0  0  0  1  0  0  0  0  0  0  0  0  0.32750614D-16
 195 S-         -1  0  0  0  0  0  0  1  0  0  0  0  0  0  0.60185605D-16
 196 He+         1  0  1  0  0  0  0  0  0  0  0  0  0  0  0.15328912D-11
 197 H+          1  1  0  0  0  0  0  0  0  0  0  0  0  0  0.16748551D-09
 198 Fe+         1  0  0  0  0  0  0  0  1  0  0  0  0  0  0.28873816D-08
 199 Mg+         1  0  0  0  0  0  0  0  0  0  1  0  0  0  0.62697222D-08
 200 N+          1  0  0  0  1  0  0  0  0  0  0  0  0  0  0.39704370D-14
 201 Na+         1  0  0  0  0  0  0  0  0  1  0  0  0  0  0.18207679D-08
 202 O+          1  0  0  0  0  1  0  0  0  0  0  0  0  0  0.18640941D-16
 203 S+          1  0  0  0  0  0  0  1  0  0  0  0  0  0  0.39878542D-07
 204 Cl+         1  0  0  0  0  0  0  0  0  0  0  1  0  0  0.89290318D-19
 205 F+          1  0  0  0  0  0  0  0  0  0  0  0  0  1  0.44046395D-18
 206 P+          1  0  0  0  0  0  0  0  0  0  0  0  1  0  0.92657090D-11
 207 e-         -1  0  0  0  0  0  0  0  0  0  0  0  0  0  0.10241721D-06
 208 CH+         1  1  0  1  0  0  0  0  0  0  0  0  0  0  0.18646304D-14
 209 H2+         1  2  0  0  0  0  0  0  0  0  0  0  0  0  0.57646083D-14
 210 OH+         1  1  0  0  0  1  0  0  0  0  0  0  0  0  0.16648200D-14
 211 SiH+        1  1  0  0  0  0  1  0  0  0  0  0  0  0  0.28533904D-12
 212 C2+         1  0  0  2  0  0  0  0  0  0  0  0  0  0  0.68862873D-15
 213 CN-        -1  0  0  1  1  0  0  0  0  0  0  0  0  0  0.53701106D-13
 214 OH-        -1  1  0  0  0  1  0  0  0  0  0  0  0  0  0.37334957D-14
 215 CF+         1  0  0  1  0  0  0  0  0  0  0  0  0  1  0.40890639D-10
 216 HS+         1  1  0  0  0  0  0  1  0  0  0  0  0  0  0.34215860D-12
 217 SO+         1  0  0  0  0  1  0  1  0  0  0  0  0  0  0.14097362D-11
 218 CCl+        1  0  0  1  0  0  0  0  0  0  0  1  0  0  0.23254812D-11
 219 ClO+        1  0  0  0  0  1  0  0  0  0  0  1  0  0  0.00000000D+00
 220 CN+         1  0  0  1  1  0  0  0  0  0  0  0  0  0  0.22104544D-17
 221 CO+         1  0  0  1  0  1  0  0  0  0  0  0  0  0  0.31686830D-15
 222 CP+         1  0  0  1  0  0  0  0  0  0  0  0  1  0  0.63352478D-19
 223 CS+         1  0  0  1  0  0  0  1  0  0  0  0  0  0  0.28265832D-14
 224 HCl+        1  1  0  0  0  0  0  0  0  0  0  1  0  0  0.64620816D-17
 225 HF+         1  1  0  0  0  0  0  0  0  0  0  0  0  1  0.33875995D-18
 226 HeH+        1  1  1  0  0  0  0  0  0  0  0  0  0  0  0.36372555D-21
 227 N2+         1  0  0  0  2  0  0  0  0  0  0  0  0  0  0.11625191D-17
 228 NH+         1  1  0  0  1  0  0  0  0  0  0  0  0  0  0.21522862D-16
 229 NO+         1  0  0  0  1  1  0  0  0  0  0  0  0  0  0.58831254D-13
 230 NS+         1  0  0  0  1  0  0  1  0  0  0  0  0  0  0.85230461D-12
 231 O2+         1  0  0  0  0  2  0  0  0  0  0  0  0  0  0.35759645D-14
 232 PH+         1  1  0  0  0  0  0  0  0  0  0  0  1  0  0.21363950D-15
 233 PN+         1  0  0  0  1  0  0  0  0  0  0  0  1  0  0.12600857D-13
 234 PO+         1  0  0  0  0  1  0  0  0  0  0  0  1  0  0.11930245D-14
 235 S2+         1  0  0  0  0  0  0  2  0  0  0  0  0  0  0.34927978D-14
 236 SiC+        1  0  0  1  0  0  1  0  0  0  0  0  0  0  0.88156320D-16
 237 SiN+        1  0  0  0  1  0  1  0  0  0  0  0  0  0  0.19566364D-12
 238 SiO+        1  0  0  0  0  1  1  0  0  0  0  0  0  0  0.24720180D-15
 239 SiS+        1  0  0  0  0  0  1  1  0  0  0  0  0  0  0.14665422D-17
 240 SiF+        1  0  0  0  0  0  1  0  0  0  0  0  0  1  0.20738371D-11
 241 CH2+        1  2  0  1  0  0  0  0  0  0  0  0  0  0  0.70547189D-13
 242 C2N+        1  0  0  2  1  0  0  0  0  0  0  0  0  0  0.25538166D-16
 243 CNC+        1  0  0  2  1  0  0  0  0  0  0  0  0  0  0.25377135D-10
 244 HSiO+       1  1  0  0  0  1  1  0  0  0  0  0  0  0  0.15118145D-11
 245 N2H+        1  1  0  0  2  0  0  0  0  0  0  0  0  0  0.44441277D-13
 246 C2H+        1  1  0  2  0  0  0  0  0  0  0  0  0  0  0.32635561D-14
 247 H3+         1  3  0  0  0  0  0  0  0  0  0  0  0  0  0.98040880D-11
 248 C3-        -1  0  0  3  0  0  0  0  0  0  0  0  0  0  0.30619863D-12
 249 HCO+        1  1  0  1  0  1  0  0  0  0  0  0  0  0  0.37882451D-10
 250 HSO+        1  1  0  0  0  1  0  1  0  0  0  0  0  0  0.41035891D-15
 251 H2S+        1  2  0  0  0  0  0  1  0  0  0  0  0  0  0.24170841D-11
 252 HCS+        1  1  0  1  0  0  0  1  0  0  0  0  0  0  0.16526228D-11
 253 HPO+        1  1  0  0  0  1  0  0  0  0  0  0  1  0  0.18974234D-15
 254 C2O+        1  0  0  2  0  1  0  0  0  0  0  0  0  0  0.40011601D-14
 255 C2S+        1  0  0  2  0  0  0  1  0  0  0  0  0  0  0.41274458D-12
 256 C3+         1  0  0  3  0  0  0  0  0  0  0  0  0  0  0.10345412D-14
 257 CCP+        1  0  0  2  0  0  0  0  0  0  0  0  1  0  0.34079303D-15
 258 CHSi+       1  1  0  1  0  0  1  0  0  0  0  0  0  0  0.19252740D-15
 259 CO2+        1  0  0  1  0  2  0  0  0  0  0  0  0  0  0.66491150D-21
 260 H2Cl+       1  2  0  0  0  0  0  0  0  0  0  1  0  0  0.12674092D-13
 261 H2F+        1  2  0  0  0  0  0  0  0  0  0  0  0  1  0.45847043D-14
 262 H2O+        1  2  0  0  0  1  0  0  0  0  0  0  0  0  0.42734001D-14
 263 HCN+        1  1  0  1  1  0  0  0  0  0  0  0  0  0  0.46507406D-15
 264 HCP+        1  1  0  1  0  0  0  0  0  0  0  0  1  0  0.17827065D-18
 265 HNC+        1  1  0  1  1  0  0  0  0  0  0  0  0  0  0.23851889D-15
 266 HNO+        1  1  0  0  1  1  0  0  0  0  0  0  0  0  0.19723373D-15
 267 HNS+        1  1  0  0  1  0  0  1  0  0  0  0  0  0  0.42828714D-16
 268 HNSi+       1  1  0  0  1  0  1  0  0  0  0  0  0  0  0.46425493D-16
 269 HOC+        1  1  0  1  0  1  0  0  0  0  0  0  0  0  0.42703181D-12
 270 HPN+        1  1  0  0  1  0  0  0  0  0  0  0  1  0  0.73984877D-15
 271 HSiS+       1  1  0  0  0  0  1  1  0  0  0  0  0  0  0.73845937D-14
 272 NaH2+       1  2  0  0  0  0  0  0  0  1  0  0  0  0  0.21637467D-14
 273 NCO+        1  0  0  1  1  1  0  0  0  0  0  0  0  0  0.72009759D-17
 274 NH2+        1  2  0  0  1  0  0  0  0  0  0  0  0  0  0.17894893D-15
 275 NO2+        1  0  0  0  1  2  0  0  0  0  0  0  0  0  0.20490948D-21
 276 HO2+        1  1  0  0  0  2  0  0  0  0  0  0  0  0  0.21696437D-19
 277 OCS+        1  0  0  1  0  1  0  1  0  0  0  0  0  0  0.21927726D-12
 278 PH2+        1  2  0  0  0  0  0  0  0  0  0  0  1  0  0.17183394D-13
 279 HS2+        1  1  0  0  0  0  0  2  0  0  0  0  0  0  0.10135931D-15
 280 SiC2+       1  0  0  2  0  0  1  0  0  0  0  0  0  0  0.43344827D-17
 281 SiH2+       1  2  0  0  0  0  1  0  0  0  0  0  0  0  0.39424751D-11
 282 SiNC+       1  0  0  1  1  0  1  0  0  0  0  0  0  0  0.23050261D-11
 283 SO2+        1  0  0  0  0  2  0  1  0  0  0  0  0  0  0.10729404D-20
 284 HCNH+       1  2  0  1  1  0  0  0  0  0  0  0  0  0  0.12094833D-11
 285 HC2N+       1  1  0  2  1  0  0  0  0  0  0  0  0  0  0.36126323D-16
 286 C3H+        1  1  0  3  0  0  0  0  0  0  0  0  0  0  0.48090630D-14
 287 C4+         1  0  0  4  0  0  0  0  0  0  0  0  0  0  0.95177720D-15
 288 H2CO+       1  2  0  1  0  1  0  0  0  0  0  0  0  0  0.49705770D-12
 289 CH3+        1  3  0  1  0  0  0  0  0  0  0  0  0  0  0.10654033D-09
 290 C3N-       -1  0  0  3  1  0  0  0  0  0  0  0  0  0  0.20497899D-13
 291 C4-        -1  0  0  4  0  0  0  0  0  0  0  0  0  0  0.10864881D-11
 292 H3O+        1  3  0  0  0  1  0  0  0  0  0  0  0  0  0.63083715D-11
 293 H2NO+       1  2  0  0  1  1  0  0  0  0  0  0  0  0  0.91372698D-16
 294 H3S+        1  3  0  0  0  0  0  1  0  0  0  0  0  0  0.81960522D-15
 295 HC2S+       1  1  0  2  0  0  0  1  0  0  0  0  0  0  0.18083113D-12
 296 HOCS+       1  1  0  1  0  1  0  1  0  0  0  0  0  0  0.43920747D-15
 297 PCH2+       1  2  0  1  0  0  0  0  0  0  0  0  1  0  0.17721652D-14
 298 H2S2+       1  2  0  0  0  0  0  2  0  0  0  0  0  0  0.20552474D-17
 299 C2H2+       1  2  0  2  0  0  0  0  0  0  0  0  0  0  0.11684723D-11
 300 C2HO+       1  1  0  2  0  1  0  0  0  0  0  0  0  0  0.32441013D-13
 301 C2N2+       1  0  0  2  2  0  0  0  0  0  0  0  0  0  0.15872125D-21
 302 C3N+        1  0  0  3  1  0  0  0  0  0  0  0  0  0  0.15476652D-18
 303 C3O+        1  0  0  3  0  1  0  0  0  0  0  0  0  0  0.45887545D-13
 304 C3S+        1  0  0  3  0  0  0  1  0  0  0  0  0  0  0.25438351D-12
 305 CH2Si+      1  2  0  1  0  0  1  0  0  0  0  0  0  0  0.33592029D-12
 306 H2CCl+      1  2  0  1  0  0  0  0  0  0  0  1  0  0  0.47799028D-14
 307 H2CS+       1  2  0  1  0  0  0  1  0  0  0  0  0  0  0.19005025D-14
 308 H2NC+       1  2  0  1  1  0  0  0  0  0  0  0  0  0  0.34561524D-11
 309 H2PO+       1  2  0  0  0  1  0  0  0  0  0  0  1  0  0.29521047D-20
 310 H2SiO+      1  2  0  0  0  1  1  0  0  0  0  0  0  0  0.53802672D-16
 311 HOCO+       1  1  0  1  0  2  0  0  0  0  0  0  0  0  0.51041508D-16
 312 HNCO+       1  1  0  1  1  1  0  0  0  0  0  0  0  0  0.20539076D-22
 313 HSiO2+      1  1  0  0  0  2  1  0  0  0  0  0  0  0  0.31979415D-21
 314 HSO2+       1  1  0  0  0  2  0  1  0  0  0  0  0  0  0.40420414D-18
 315 NaH2O+      1  2  0  0  0  1  0  0  0  1  0  0  0  0  0.98091112D-19
 316 NH3+        1  3  0  0  1  0  0  0  0  0  0  0  0  0  0.19223345D-13
 317 PC2H+       1  1  0  2  0  0  0  0  0  0  0  0  1  0  0.45414944D-16
 318 PH3+        1  3  0  0  0  0  0  0  0  0  0  0  1  0  0.17814603D-17
 319 PNH2+       1  2  0  0  1  0  0  0  0  0  0  0  1  0  0.18703215D-17
 320 SiC2H+      1  1  0  2  0  0  1  0  0  0  0  0  0  0  0.25879307D-13
 321 l-SiC3+     1  0  0  3  0  0  1  0  0  0  0  0  0  0  0.21399478D-13
 322 SiH3+       1  3  0  0  0  0  1  0  0  0  0  0  0  0  0.58138013D-15
 323 SiNCH+      1  1  0  1  1  0  1  0  0  0  0  0  0  0  0.67970488D-15
 324 HSiNH+      1  2  0  0  1  0  1  0  0  0  0  0  0  0  0.13798395D-12
 325 HN2O+       1  1  0  0  2  1  0  0  0  0  0  0  0  0  0.12550030D-23
 326 C2H3+       1  3  0  2  0  0  0  0  0  0  0  0  0  0  0.13113946D-11
 327 c-C3H2+     1  2  0  3  0  0  0  0  0  0  0  0  0  0  0.91385156D-13
 328 l-C3H2+     1  2  0  3  0  0  0  0  0  0  0  0  0  0  0.82272494D-13
 329 C4H+        1  1  0  4  0  0  0  0  0  0  0  0  0  0  0.11391440D-14
 330 C5+         1  0  0  5  0  0  0  0  0  0  0  0  0  0  0.10390658D-16
 331 HC3O+       1  1  0  3  0  1  0  0  0  0  0  0  0  0  0.10767925D-15
 332 C4H-       -1  1  0  4  0  0  0  0  0  0  0  0  0  0  0.28191200D-12
 333 C5-        -1  0  0  5  0  0  0  0  0  0  0  0  0  0  0.20138084D-12
 334 NH4+        1  4  0  0  1  0  0  0  0  0  0  0  0  0  0.13459408D-13
 335 H3CS+       1  3  0  1  0  0  0  1  0  0  0  0  0  0  0.37659075D-12
 336 H2COH+      1  3  0  1  0  1  0  0  0  0  0  0  0  0  0.17770979D-13
 337 H3S2+       1  3  0  0  0  0  0  2  0  0  0  0  0  0  0.90505535D-16
 338 HC3S+       1  1  0  3  0  0  0  1  0  0  0  0  0  0  0.18374509D-12
 339 PC3H+       1  1  0  3  0  0  0  0  0  0  0  0  1  0  0.68987804D-19
 340 PCH3+       1  3  0  1  0  0  0  0  0  0  0  0  1  0  0.15845228D-19
 341 PNH3+       1  3  0  0  1  0  0  0  0  0  0  0  1  0  0.28720150D-22
 342 SiC2H2+     1  2  0  2  0  0  1  0  0  0  0  0  0  0  0.25597527D-14
 343 SiC3H+      1  1  0  3  0  0  1  0  0  0  0  0  0  0  0.99067648D-14
 344 SiC4+       1  0  0  4  0  0  1  0  0  0  0  0  0  0  0.52752596D-15
 345 SiCH3+      1  3  0  1  0  0  1  0  0  0  0  0  0  0  0.89616082D-16
 346 SiH4+       1  4  0  0  0  0  1  0  0  0  0  0  0  0  0.22610697D-26
 347 CH2CN+      1  2  0  2  1  0  0  0  0  0  0  0  0  0  0.16135502D-12
 348 H2CCO+      1  2  0  2  0  1  0  0  0  0  0  0  0  0  0.62816040D-12
 349 HC3N+       1  1  0  3  1  0  0  0  0  0  0  0  0  0  0.77526586D-15
 350 C4N+        1  0  0  4  1  0  0  0  0  0  0  0  0  0  0.12061073D-16
 351 C4P+        1  0  0  4  0  0  0  0  0  0  0  0  1  0  0.54952894D-22
 352 C4S+        1  0  0  4  0  0  0  1  0  0  0  0  0  0  0.54139047D-14
 353 HCOOH+      1  2  0  1  0  2  0  0  0  0  0  0  0  0  0.63135158D-18
 354 CH4+        1  4  0  1  0  0  0  0  0  0  0  0  0  0  0.42746675D-15
 355 H3SiO+      1  3  0  0  0  1  1  0  0  0  0  0  0  0  0.42367362D-21
 356 PC2H2+      1  2  0  2  0  0  0  0  0  0  0  0  1  0  0.23384420D-17
 357 C6+         1  0  0  6  0  0  0  0  0  0  0  0  0  0  0.22652437D-16
 358 HC4N+       1  1  0  4  1  0  0  0  0  0  0  0  0  0  0.38275022D-21
 359 C5H-       -1  1  0  5  0  0  0  0  0  0  0  0  0  0  0.11543669D-12
 360 C6-        -1  0  0  6  0  0  0  0  0  0  0  0  0  0  0.31457547D-13
 361 CH3CO+      1  3  0  2  0  1  0  0  0  0  0  0  0  0  0.10261853D-11
 362 C2H4+       1  4  0  2  0  0  0  0  0  0  0  0  0  0  0.35590521D-11
 363 HC3NH+      1  2  0  3  1  0  0  0  0  0  0  0  0  0  0.13068063D-13
 364 HC4S+       1  1  0  4  0  0  0  1  0  0  0  0  0  0  0.22470261D-15
 365 CH5+        1  5  0  1  0  0  0  0  0  0  0  0  0  0  0.14018535D-10
 366 C4H2+       1  2  0  4  0  0  0  0  0  0  0  0  0  0  0.39392705D-12
 367 C5H+        1  1  0  5  0  0  0  0  0  0  0  0  0  0  0.81900662D-14
 368 CH3CN+      1  3  0  2  1  0  0  0  0  0  0  0  0  0  0.12419295D-12
 369 c-C3H3+     1  3  0  3  0  0  0  0  0  0  0  0  0  0  0.33613833D-12
 370 l-C3H3+     1  3  0  3  0  0  0  0  0  0  0  0  0  0  0.33590481D-12
 371 C5N+        1  0  0  5  1  0  0  0  0  0  0  0  0  0  0.12832762D-18
 372 CH3O2+      1  3  0  1  0  2  0  0  0  0  0  0  0  0  0.50424690D-17
 373 CH2NH2+     1  4  0  1  1  0  0  0  0  0  0  0  0  0  0.26452067D-16
 374 CH3OH+      1  4  0  1  0  1  0  0  0  0  0  0  0  0  0.14384453D-20
 375 H2C3O+      1  2  0  3  0  1  0  0  0  0  0  0  0  0  0.44577479D-15
 376 HC2NCH+     1  2  0  3  1  0  0  0  0  0  0  0  0  0  0.19712051D-13
 377 HC4O+       1  1  0  4  0  1  0  0  0  0  0  0  0  0  0.16434545D-13
 378 NH2CNH+     1  3  0  1  2  0  0  0  0  0  0  0  0  0  0.00000000D+00
 379 PC2H3+      1  3  0  2  0  0  0  0  0  0  0  0  1  0  0.51519454D-23
 380 PC4H+       1  1  0  4  0  0  0  0  0  0  0  0  1  0  0.12515453D-18
 381 PCH4+       1  4  0  1  0  0  0  0  0  0  0  0  1  0  0.79227139D-21
 382 SiC2H3+     1  3  0  2  0  0  1  0  0  0  0  0  0  0  0.72418113D-15
 383 SiC3H2+     1  2  0  3  0  0  1  0  0  0  0  0  0  0  0.13472585D-16
 384 SiC4H+      1  1  0  4  0  0  1  0  0  0  0  0  0  0  0.22028971D-17
 385 SiCH4+      1  4  0  1  0  0  1  0  0  0  0  0  0  0  0.99978385D-16
 386 SiH5+       1  5  0  0  0  0  1  0  0  0  0  0  0  0  0.89713590D-20
 387 C7+         1  0  0  7  0  0  0  0  0  0  0  0  0  0  0.18005225D-17
 388 H2C4N+      1  2  0  4  1  0  0  0  0  0  0  0  0  0  0.57010622D-21
 389 C6H-       -1  1  0  6  0  0  0  0  0  0  0  0  0  0  0.15530800D-13
 390 C7-        -1  0  0  7  0  0  0  0  0  0  0  0  0  0  0.50795551D-14
 391 C4H3+       1  3  0  4  0  0  0  0  0  0  0  0  0  0  0.23973271D-14
 392 C5H2+       1  2  0  5  0  0  0  0  0  0  0  0  0  0  0.19396580D-16
 393 CH3CNH+     1  4  0  2  1  0  0  0  0  0  0  0  0  0  0.20623194D-12
 394 C2H4O+      1  4  0  2  0  1  0  0  0  0  0  0  0  0  0.16411271D-16
 395 C2H5+       1  5  0  2  0  0  0  0  0  0  0  0  0  0  0.53003854D-14
 396 C3H3N+      1  3  0  3  1  0  0  0  0  0  0  0  0  0  0.81545455D-17
 397 C3H4+       1  4  0  3  0  0  0  0  0  0  0  0  0  0  0.18233119D-16
 398 HC5N+       1  1  0  5  1  0  0  0  0  0  0  0  0  0  0.36033568D-16
 399 C6H+        1  1  0  6  0  0  0  0  0  0  0  0  0  0  0.51896688D-15
 400 CH3NH2+     1  5  0  1  1  0  0  0  0  0  0  0  0  0  0.18792924D-16
 401 CH3OH2+     1  5  0  1  0  1  0  0  0  0  0  0  0  0  0.13951537D-18
 402 H3C3O+      1  3  0  3  0  1  0  0  0  0  0  0  0  0  0.83038056D-14
 403 NH2CH2O+    1  4  0  1  1  1  0  0  0  0  0  0  0  0  0.82726099D-22
 404 PC2H4+      1  4  0  2  0  0  0  0  0  0  0  0  1  0  0.11699952D-21
 405 PC4H2+      1  2  0  4  0  0  0  0  0  0  0  0  1  0  0.16163614D-21
 406 HC5O+       1  1  0  5  0  1  0  0  0  0  0  0  0  0  0.48121390D-18
 407 C6N+        1  0  0  6  1  0  0  0  0  0  0  0  0  0  0.11660208D-18
 408 H2C5N+      1  2  0  5  1  0  0  0  0  0  0  0  0  0  0.40781623D-16
 409 C8+         1  0  0  8  0  0  0  0  0  0  0  0  0  0  0.55001943D-17
 410 C7H-       -1  1  0  7  0  0  0  0  0  0  0  0  0  0  0.62389894D-14
 411 C8-        -1  0  0  8  0  0  0  0  0  0  0  0  0  0  0.61454306D-15
 412 C5H3+       1  3  0  5  0  0  0  0  0  0  0  0  0  0  0.40818456D-17
 413 C3H5+       1  5  0  3  0  0  0  0  0  0  0  0  0  0  0.13177524D-15
 414 C6H2+       1  2  0  6  0  0  0  0  0  0  0  0  0  0  0.47765929D-15
 415 C7H+        1  1  0  7  0  0  0  0  0  0  0  0  0  0  0.29638022D-15
 416 CH3CHOH+    1  5  0  2  0  1  0  0  0  0  0  0  0  0  0.50417873D-18
 417 C2H6+       1  6  0  2  0  0  0  0  0  0  0  0  0  0  0.20104430D-25
 418 C3H3NH+     1  4  0  3  1  0  0  0  0  0  0  0  0  0  0.10681750D-20
 419 C4H4+       1  4  0  4  0  0  0  0  0  0  0  0  0  0  0.26936883D-19
 420 C7N+        1  0  0  7  1  0  0  0  0  0  0  0  0  0  0.47219966D-20
 421 CH3NH3+     1  6  0  1  1  0  0  0  0  0  0  0  0  0  0.83400745D-16
 422 COOCH4+     1  4  0  2  0  2  0  0  0  0  0  0  0  0  0.40561907D-23
 423 H3C4N+      1  3  0  4  1  0  0  0  0  0  0  0  0  0  0.56991440D-21
 424 HC6N+       1  1  0  6  1  0  0  0  0  0  0  0  0  0  0.80209066D-23
 425 C9+         1  0  0  9  0  0  0  0  0  0  0  0  0  0  0.45357472D-18
 426 C8H-       -1  1  0  8  0  0  0  0  0  0  0  0  0  0  0.12856984D-14
 427 C9-        -1  0  0  9  0  0  0  0  0  0  0  0  0  0  0.17877228D-15
 428 C4H5+       1  5  0  4  0  0  0  0  0  0  0  0  0  0  0.30161404D-17
 429 C6H3+       1  3  0  6  0  0  0  0  0  0  0  0  0  0  0.64199428D-18
 430 C7H2+       1  2  0  7  0  0  0  0  0  0  0  0  0  0  0.94114357D-18
 431 C2H5OH+     1  6  0  2  0  1  0  0  0  0  0  0  0  0  0.35079284D-21
 432 H3C4NH+     1  4  0  4  1  0  0  0  0  0  0  0  0  0  0.15178458D-16
 433 C5H3N+      1  3  0  5  1  0  0  0  0  0  0  0  0  0  0.55040639D-18
 434 C5H4+       1  4  0  5  0  0  0  0  0  0  0  0  0  0  0.39960345D-17
 435 HC7N+       1  1  0  7  1  0  0  0  0  0  0  0  0  0  0.12226913D-17
 436 C8H+        1  1  0  8  0  0  0  0  0  0  0  0  0  0  0.28913249D-19
 437 CH3OCH3+    1  6  0  2  0  1  0  0  0  0  0  0  0  0  0.81625867D-26
 438 H5C2O2+     1  5  0  2  0  2  0  0  0  0  0  0  0  0  0.11011737D-22
 439 HC7O+       1  1  0  7  0  1  0  0  0  0  0  0  0  0  0.54063575D-20
 440 C8N+        1  0  0  8  1  0  0  0  0  0  0  0  0  0  0.71035961D-20
 441 H2C6N+      1  2  0  6  1  0  0  0  0  0  0  0  0  0  0.35507477D-19
 442 C2H7+       1  7  0  2  0  0  0  0  0  0  0  0  0  0  0.00000000D+00
 443 C10+        1  0  0 10  0  0  0  0  0  0  0  0  0  0  0.60024140D-19
 444 CH3OCH4+    1  7  0  2  0  1  0  0  0  0  0  0  0  0  0.32641186D-25
 445 C9H-       -1  1  0  9  0  0  0  0  0  0  0  0  0  0  0.42712203D-15
 446 C10-       -1  0  0 10  0  0  0  0  0  0  0  0  0  0  0.33103149D-16
 447 C7H2N+      1  2  0  7  1  0  0  0  0  0  0  0  0  0  0.13693849D-16
 448 C7H3+       1  3  0  7  0  0  0  0  0  0  0  0  0  0  0.36876524D-18
 449 C5H5+       1  5  0  5  0  0  0  0  0  0  0  0  0  0  0.13753926D-16
 450 C8H2+       1  2  0  8  0  0  0  0  0  0  0  0  0  0  0.18592783D-16
 451 C9H+        1  1  0  9  0  0  0  0  0  0  0  0  0  0  0.16188968D-16
 452 C2H5OH2+    1  7  0  2  0  1  0  0  0  0  0  0  0  0  0.67814260D-20
 453 C2H6CO+     1  6  0  3  0  1  0  0  0  0  0  0  0  0  0.46426066D-23
 454 C5H4N+      1  4  0  5  1  0  0  0  0  0  0  0  0  0  0.56221470D-19
 455 C6H4+       1  4  0  6  0  0  0  0  0  0  0  0  0  0  0.58841198D-18
 456 C9N+        1  0  0  9  1  0  0  0  0  0  0  0  0  0  0.25879066D-21
 457 HC8N+       1  1  0  8  1  0  0  0  0  0  0  0  0  0  0.52688725D-24
 458 C10H+       1  1  0 10  0  0  0  0  0  0  0  0  0  0  0.16312254D-17
 459 C10H-      -1  1  0 10  0  0  0  0  0  0  0  0  0  0  0.55157927D-16
 460 C8H3+       1  3  0  8  0  0  0  0  0  0  0  0  0  0  0.14988996D-19
 461 C9H2+       1  2  0  9  0  0  0  0  0  0  0  0  0  0  0.35957044D-19
 462 C3H6OH+     1  7  0  3  0  1  0  0  0  0  0  0  0  0  0.10836862D-22
 463 C4H7+       1  7  0  4  0  0  0  0  0  0  0  0  0  0  0.15861683D-20
 464 H3C6NH+     1  4  0  6  1  0  0  0  0  0  0  0  0  0  0.12448342D-18
 465 C6H5+       1  5  0  6  0  0  0  0  0  0  0  0  0  0  0.80744300D-22
 466 H3C7N+      1  3  0  7  1  0  0  0  0  0  0  0  0  0  0.57279528D-19
 467 C7H4+       1  4  0  7  0  0  0  0  0  0  0  0  0  0  0.14905619D-19
 468 C9HN+       1  1  0  9  1  0  0  0  0  0  0  0  0  0  0.67160495D-19
 469 C11+        1  0  0 11  0  0  0  0  0  0  0  0  0  0  0.35534254D-18
 470 HC9O+       1  1  0  9  0  1  0  0  0  0  0  0  0  0  0.38846221D-21
 471 C10N+       1  0  0 10  1  0  0  0  0  0  0  0  0  0  0.39154362D-21
 472 H2C8N+      1  2  0  8  1  0  0  0  0  0  0  0  0  0  0.23324592D-20
 473 C9H2N+      1  2  0  9  1  0  0  0  0  0  0  0  0  0  0.22248997D-18
 474 C9H3+       1  3  0  9  0  0  0  0  0  0  0  0  0  0  0.21971909D-20
 475 C10H2+      1  2  0 10  0  0  0  0  0  0  0  0  0  0  0.32186992D-20
 476 C7H5+       1  5  0  7  0  0  0  0  0  0  0  0  0  0  0.24969003D-19
 477 C8H4+       1  4  0  8  0  0  0  0  0  0  0  0  0  0  0.38215266D-20
 478 HC10N+      1  1  0 10  1  0  0  0  0  0  0  0  0  0  0.23476914D-25
 479 C6H7+       1  7  0  6  0  0  0  0  0  0  0  0  0  0  0.44130335D-20
 480 C9H4+       1  4  0  9  0  0  0  0  0  0  0  0  0  0  0.83687014D-21
 481 C8H4N+      1  4  0  8  1  0  0  0  0  0  0  0  0  0  0.68104550D-20
 482 C8H5+       1  5  0  8  0  0  0  0  0  0  0  0  0  0  0.90909707D-23
 483 C9H3N+      1  3  0  9  1  0  0  0  0  0  0  0  0  0  0.63299698D-21
 484 C10H3+      1  3  0 10  0  0  0  0  0  0  0  0  0  0  0.31009699D-22
 485 H2C10N+     1  2  0 10  1  0  0  0  0  0  0  0  0  0  0.15589372D-21
 486 C9H5+       1  5  0  9  0  0  0  0  0  0  0  0  0  0  0.15478880D-25
 487 GRAIN0      0  0  0  0  0  0  0  0  0  0  0  0  0  0  0.71149729D-14
 488 GRAIN-     -1  0  0  0  0  0  0  0  0  0  0  0  0  0  0.13143850D-11
 489 XH          0  1  0  0  0  0  0  0  0  0  0  0  0  0  0.27001589D-12
