1.000E+04 3.000E+00 0.36231650445331604
1.000E+04 2.00E+00 0.263704990377378
1.000E+04 0.000E+00 0.7600490051728206
1.000E+04 -1.00E+00 0.7988256735504606
1.000E+04 -2.00E+00 0.820226290217772
1.000E+04 -3.00E+00 0.8550607675984989
5.000E+04 3.000E+00 0.4731574067092862
5.000E+04 2.00E+00 0.13643923053684895
5.000E+04 0.000E+00 0.6060319382131205
5.000E+04 -1.00E+00 0.6510398537050548
5.000E+04 -2.00E+00 0.7407618711768394
5.000E+04 -3.00E+00 0.7864375733340924
1.000E+05 3.000E+00 0.5334642336464376
1.000E+05 2.00E+00 0.13643923053684895
1.000E+05 0.000E+00 0.4941665912944365
1.000E+05 -1.00E+00 0.5191619938182005
1.000E+05 -2.00E+00 0.6281634589276022
1.000E+05 -3.00E+00 0.7325384552727796
5.000E+05 3.000E+00 0.6537797930939542
5.000E+05 0.000E+00 0.20633422563582737
5.000E+05 -1.00E+00 0.22121682841664175
5.000E+05 -2.00E+00 0.2011242371692608
5.000E+05 -3.00E+00 0.4277135731834031
1.000E+06 3.000E+00 0.6601378871453716
1.000E+06 0.000E+00 0.12694828600718988
1.000E+06 -1.00E+00 0.1411047315230113
1.000E+06 -2.00E+00 0.10154127739568451
1.000E+06 -3.00E+00 0.23313964864226025
